868120167790341
868120167790358
868120167790366
868120167790374
868120167790382
868120167790390
868120167790408
868120167790416
868120167790424
868120167790432
868120167790440
868120167790457
868120167790465
868120167790473
868120167790481
868120167790499
868120167790507
868120167790515
868120167790523
868120167790531
868120167790549
868120167790556
868120167790564
868120167790572
868120167790580
868120167790598
868120167790606
868120167790614
868120167790622
868120167790630
868120167790648
868120167790655
868120167790663
868120167790671
868120167790689
868120167790697
868120167790705
868120167790713
868120167790721
868120167790739
868120167790747
868120167790754
868120167790762
868120167790770
868120167790788
868120167790796
868120167790804
868120167790812
868120167790820
868120167790838
868120167790846
868120167790853
868120167790861
868120167790879
868120167790887
868120167790895
868120167790903
868120167790911
868120167790929
868120167790937
868120167790945
868120167790952
868120167790960
868120167790978
868120167790986
868120167790994
868120167791000
868120167791018
868120167791026
868120167791034
868120167791042
868120167791059
868120167791067
868120167791075
868120167791083
868120167791091
868120167791109
868120167791117
868120167791125
868120167791133
868120167791141
868120167791158
868120167791166
868120167791174
868120167791182
868120167791190
868120167791208
868120167791216
868120167791224
868120167791232
868120167791240
868120167791257
868120167791265
868120167791273
868120167791281
868120167791299
868120167791307
868120167791315
868120167791323
868120167791331
868120167791349
868120167791356
868120167791364
868120167791372
868120167791380
868120167791398
868120167791406
868120167791414
868120167791422
868120167791430
868120167791448
868120167791455
868120167791463
868120167791471
868120167791489
868120167791497
868120167791505
868120167791513
868120167791521
868120167791539
868120167791547
868120167791554
868120167791562
868120167791570
868120167791588
868120167791596
868120167791604
868120167791612
868120167791620
868120167791638
868120167791646
868120167791653
868120167791661
868120167791679
868120167791687
868120167791695
868120167791703
868120167791711
868120167791729
868120167791737
868120167791745
868120167791752
868120167791760
868120167791778
868120167791786
868120167791794
868120167791802
868120167791810
868120167791828
868120167791836
868120167791844
868120167791851
868120167791869
868120167791877
868120167791885
868120167791893
868120167791901
868120167791919
868120167791927
868120167791935
868120167791943
868120167791950
868120167791968
868120167791976
868120167791984
868120167791992
868120167792008
868120167792016
868120167792024
868120167792032
868120167792040
868120167792057
868120167792065
868120167792073
868120167792081
868120167792099
868120167792107
868120167792115
868120167792123
868120167792131
868120167792149
868120167792156
868120167792164
868120167792172
868120167792180
868120167792198
868120167792206
868120167792214
868120167792222
868120167792230
868120167792248
868120167792255
868120167792263
868120167792271
868120167792289
868120167792297
868120167792305
868120167792313
868120167792321
868120167792339
868120167792347
868120167792354
868120167792362
868120167792370
868120167792388
868120167792396
868120167792404
868120167792412
868120167792420
868120167792438
868120167792446
868120167792453
868120167792461
868120167792479
868120167792487
868120167792495
868120167792503
868120167792511
868120167792529
868120167792537
868120167792545
868120167792552
868120167792560
868120167792578
868120167792586
868120167792594
868120167792602
868120167792610
868120167792628
868120167792636
868120167792644
868120167792651
868120167792669
868120167792677
868120167792685
868120167792693
868120167792701
868120167792719
868120167792727
868120167792735
868120167792743
868120167792750
868120167792768
868120167792776
868120167792784
868120167792792
868120167792800
868120167792818
868120167792826
868120167792834
868120167792842
868120167792859
868120167792867
868120167792875
868120167792883
868120167792891
868120167792909
868120167792917
868120167792925
868120167792933
868120167792941
868120167792958
868120167792966
868120167792974
868120167792982
868120167792990
868120167793006
868120167793014
868120167793022
868120167793030
868120167793048
868120167793055
868120167793063
868120167793071
868120167793089
868120167793097
868120167793105
868120167793113
868120167793121
868120167793139
868120167793147
868120167793154
868120167793162
868120167793170
868120167793188
868120167793196
868120167793204
868120167793212
868120167793220
868120167793238
868120167793246
868120167793253
868120167793261
868120167793279
868120167793287
868120167793295
868120167793303
868120167793311
868120167793329
868120167793337
868120167793345
868120167793352
868120167793360
868120167793378
868120167793386
868120167793394
868120167793402
868120167793410
868120167793428
868120167793436
868120167793444
868120167793451
868120167793469
868120167793477
868120167793485
868120167793493
868120167793501
868120167793519
868120167793527
868120167793535
868120167793543
868120167793550
868120167793568
868120167793576
868120167793584
868120167793592
868120167793600
868120167793618
868120167793626
868120167793634
868120167793642
868120167793659
868120167793667
868120167793675
868120167793683
868120167793691
868120167793709
868120167793717
868120167793725
868120167793733
868120167793741
868120167793758
868120167793766
868120167793774
868120167793782
868120167793790
868120167793808
868120167793816
868120167793824
868120167793832
868120167793840
868120167793857
868120167793865
868120167793873
868120167793881
868120167793899
868120167793907
868120167793915
868120167793923
868120167793931
868120167793949
868120167793956
868120167793964
868120167793972
868120167793980
868120167793998
868120167794004
868120167794012
868120167794020
868120167794038
868120167794046
868120167794053
868120167794061
868120167794079
868120167794087
868120167794095
868120167794103
868120167794111
868120167794129
868120167794137
868120167794145
868120167794152
868120167794160
868120167794178
868120167794186
868120167794194
868120167794202
868120167794210
868120167794228
868120167794236
868120167794244
868120167794251
868120167794269
868120167794277
868120167794285
868120167794293
868120167794301
868120167794319
868120167794327
868120167794335
868120167794343
868120167794350
868120167794368
868120167794376
868120167794384
868120167794392
868120167794400
868120167794418
868120167794426
868120167794434
868120167794442
868120167794459
868120167794467
868120167794475
868120167794483
868120167794491
868120167794509
868120167794517
868120167794525
868120167794533
868120167794541
868120167794558
868120167794566
868120167794574
868120167794582
868120167794590
868120167794608
868120167794616
868120167794624
868120167794632
868120167794640
868120167794657
868120167794665
868120167794673
868120167794681
868120167794699
868120167794707
868120167794715
868120167794723
868120167794731
868120167794749
868120167794756
868120167794764
868120167794772
868120167794780
868120167794798
868120167794806
868120167794814
868120167794822
868120167794830
868120167794848
868120167794855
868120167794863
868120167794871
868120167794889
868120167794897
868120167794905
868120167794913
868120167794921
868120167794939
868120167794947
868120167794954
868120167794962
868120167794970
868120167794988
868120167794996
868120167795001
868120167795019
868120167795027
868120167795035
868120167795043
868120167795050
868120167795068
868120167795076
868120167795084
868120167795092
868120167795100
868120167795118
868120167795126
868120167795134
868120167795142
868120167795159
868120167795167
868120167795175
868120167795183
868120167795191
868120167795209
868120167795217
868120167795225
868120167795233
868120167795241
868120167795258
868120167795266
868120167795274
868120167795282
868120167795290
868120167795308
868120167795316
868120167795324
868120167795332
868120167795340
868120167795357
868120167795365
868120167795373
868120167795381
868120167795399
868120167795407
868120167795415
868120167795423
868120167795431
868120167795449
868120167795456
868120167795464
868120167795472
868120167795480
868120167795498
868120167795506
868120167795514
868120167795522
868120167795530
868120167795548
868120167795555
868120167795563
868120167795571
868120167795589
868120167795597
868120167795605
868120167795613
868120167795621
868120167795639
868120167795647
868120167795654
868120167795662
868120167795670
868120167795688
868120167795696
868120167795704
868120167795712
868120167795720
868120167795738
868120167795746
868120167795753
868120167795761
868120167795779
868120167795787
868120167795795
868120167795803
868120167795811
868120167795829
868120167795837
868120167795845
868120167795852
868120167795860
868120167795878
868120167795886
868120167795894
868120167795902
868120167795910
868120167795928
868120167795936
868120167795944
868120167795951
868120167795969
868120167795977
868120167795985
868120167795993
868120167796009
868120167796017
868120167796025
868120167796033
868120167796041
868120167796058
868120167796066
868120167796074
868120167796082
868120167796090
868120167796108
868120167796116
868120167796124
868120167796132
868120167796140
868120167796157
868120167796165
868120167796173
868120167796181
868120167796199
868120167796207
868120167796215
868120167796223
868120167796231
868120167796249
868120167796256
868120167796264
868120167796272
868120167796280
868120167796298
868120167796306
868120167796314
868120167796322
868120167796330
868120167796348
868120167796355
868120167796363
868120167796371
868120167796389
868120167796397
868120167796405
868120167796413
868120167796421
868120167796439
868120167796447
868120167796454
868120167796462
868120167796470
868120167796488
868120167796496
868120167796504
868120167796512
868120167796520
868120167796538
868120167796546
868120167796553
868120167796561
868120167796579
868120167796587
868120167796595
868120167796603
868120167796611
868120167796629
868120167796637
868120167796645
868120167796652
868120167796660
868120167796678
868120167796686
868120167796694
868120167796702
868120167796710
868120167796728
868120167796736
868120167796744
868120167796751
868120167796769
868120167796777
868120167796785
868120167796793
868120167796801
868120167796819
868120167796827
868120167796835
868120167796843
868120167796850
868120167796868
868120167796876
868120167796884
868120167796892
868120167796900
868120167796918
868120167796926
868120167796934
868120167796942
868120167796959
868120167796967
868120167796975
868120167796983
868120167796991
868120167797007
868120167797015
868120167797023
868120167797031
868120167797049
868120167797056
868120167797064
868120167797072
868120167797080
868120167797098
868120167797106
868120167797114
868120167797122
868120167797130
868120167797148
868120167797155
868120167797163
868120167797171
868120167797189
868120167797197
868120167797205
868120167797213
868120167797221
868120167797239
868120167797247
868120167797254
868120167797262
868120167797270
868120167797288
868120167797296
868120167797304
868120167797312
868120167797320
868120167797338
868120167797346
868120167797353
868120167797361
868120167797379
868120167797387
868120167797395
868120167797403
868120167797411
868120167797429
868120167797437
868120167797445
868120167797452
868120167797460
868120167797478
868120167797486
868120167797494
868120167797502
868120167797510
868120167797528
868120167797536
868120167797544
868120167797551
868120167797569
868120167797577
868120167797585
868120167797593
868120167797601
868120167797619
868120167797627
868120167797635
868120167797643
868120167797650
868120167797668
868120167797676
868120167797684
868120167797692
868120167797700
868120167797718
868120167797726
868120167797734
868120167797742
868120167797759
868120167797767
868120167797775
868120167797783
868120167797791
868120167797809
868120167797817
868120167797825
868120167797833
868120167797841
868120167797858
868120167797866
868120167797874
868120167797882
868120167797890
868120167797908
868120167797916
868120167797924
868120167797932
868120167797940
868120167797957
868120167797965
868120167797973
868120167797981
868120167797999
868120167798005
868120167798013
868120167798021
868120167798039
868120167798047
868120167798054
868120167798062
868120167798070
868120167798088
868120167798096
868120167798104
868120167798112
868120167798120
868120167798138
868120167798146
868120167798153
868120167798161
868120167798179
868120167798187
868120167798195
868120167798203
868120167798211
868120167798229
868120167798237
868120167798245
868120167798252
868120167798260
868120167798278
868120167798286
868120167798294
868120167798302
868120167798310
868120167798328
868120167798336
868120167798344
868120167798351
868120167798369
868120167798377
868120167798385
868120167798393
868120167798401
868120167798419
868120167798427
868120167798435
868120167798443
868120167798450
868120167798468
868120167798476
868120167798484
868120167798492
868120167798500
868120167798518
868120167798526
868120167798534
868120167798542
868120167798559
868120167798567
868120167798575
868120167798583
868120167798591
868120167798609
868120167798617
868120167798625
868120167798633
868120167798641
868120167798658
868120167798666
868120167798674
868120167798682
868120167798690
868120167798708
868120167798716
868120167798724
868120167798732
868120167798740
868120167798757
868120167798765
868120167798773
868120167798781
868120167798799
868120167798807
868120167798815
868120167798823
868120167798831
868120167798849
868120167798856
868120167798864
868120167798872
868120167798880
868120167798898
868120167798906
868120167798914
868120167798922
868120167798930
868120167798948
868120167798955
868120167798963
868120167798971
868120167798989
868120167798997
868120167799003
868120167799011
868120167799029
868120167799037
868120167799045
868120167799052
868120167799060
868120167799078
868120167799086
868120167799094
868120167799102
868120167799110
868120167799128
868120167799136
868120167799144
868120167799151
868120167799169
868120167799177
868120167799185
868120167799193
868120167799201
868120167799219
868120167799227
868120167799235
868120167799243
868120167799250
868120167799268
868120167799276
868120167799284
868120167799292
868120167799300
868120167799318
868120167799326
868120167799334
868120167799342
868120167799359
868120167799367
868120167799375
868120167799383
868120167799391
868120167799409
868120167799417
868120167799425
868120167799433
868120167799441
868120167799458
868120167799466
868120167799474
868120167799482
868120167799490
868120167799508
868120167799516
868120167799524
868120167799532
868120167799540
868120167799557
868120167799565
868120167799573
868120167799581
868120167799599
868120167799607
868120167799615
868120167799623
868120167799631
868120167799649
868120167799656
868120167799664
868120167799672
868120167799680
868120167799698
868120167799706
868120167799714
868120167799722
868120167799730
868120167799748
868120167799755
868120167799763
868120167799771
868120167799789
868120167799797
868120167799805
868120167799813
868120167799821
868120167799839
868120167799847
868120167799854
868120167799862
868120167799870
868120167799888
868120167799896
868120167799904
868120167799912
868120167799920
868120167799938
868120167799946
868120167799953
868120167799961
868120167799979
868120167799987
868120167799995
868120167800009
868120167800017
868120167800025
868120167800033
868120167800041
868120167800058
868120167800066
868120167800074
868120167800082
868120167800090
868120167800108
868120167800116
868120167800124
868120167800132
868120167800140
868120167800157
868120167800165
868120167800173
868120167800181
868120167800199
868120167800207
868120167800215
868120167800223
868120167800231
868120167800249
868120167800256
868120167800264
868120167800272
868120167800280
868120167800298
868120167800306
868120167800314
868120167800322
868120167800330
868120167800348
868120167800355
868120167800363
868120167800371
868120167800389
868120167800397
868120167800405
868120167800413
868120167800421
868120167800439
868120167800447
868120167800454
868120167800462
868120167800470
868120167800488
868120167800496
868120167800504
868120167800512
868120167800520
868120167800538
868120167800546
868120167800553
868120167800561
868120167800579
868120167800587
868120167800595
868120167800603
868120167800611
868120167800629
868120167800637
868120167800645
868120167800652
868120167800660
868120167800678
868120167800686
868120167800694
868120167800702
868120167800710
868120167800728
868120167800736
868120167800744
868120167800751
868120167800769
868120167800777
868120167800785
868120167800793
868120167800801
868120167800819
868120167800827
868120167800835
868120167800843
868120167800850
868120167800868
868120167800876
868120167800884
868120167800892
868120167800900
868120167800918
868120167800926
868120167800934
868120167800942
868120167800959
868120167800967
868120167800975
868120167800983
868120167800991
868120167801007
868120167801015
868120167801023
868120167801031
868120167801049
868120167801056
868120167801064
868120167801072
868120167801080
868120167801098
868120167801106
868120167801114
868120167801122
868120167801130
868120167801148
868120167801155
868120167801163
868120167801171
868120167801189
868120167801197
868120167801205
868120167801213
868120167801221
868120167801239
868120167801247
868120167801254
868120167801262
868120167801270
868120167801288
868120167801296
868120167801304
868120167801312
868120167801320
868120167801338
868120167801346
868120167801353
868120167801361
868120167801379
868120167801387
868120167801395
868120167801403
868120167801411
868120167801429
868120167801437
868120167801445
868120167801452
868120167801460
868120167801478
868120167801486
868120167801494
868120167801502
868120167801510
868120167801528
868120167801536
868120167801544
868120167801551
868120167801569
868120167801577
868120167801585
868120167801593
868120167801601
868120167801619
868120167801627
868120167801635
868120167801643
868120167801650
868120167801668
868120167801676
868120167801684
868120167801692
868120167801700
868120167801718
868120167801726
868120167801734
868120167801742
868120167801759
868120167801767
868120167801775
868120167801783
868120167801791
868120167801809
868120167801817
868120167801825
868120167801833
868120167801841
868120167801858
868120167801866
868120167801874
868120167801882
868120167801890
868120167801908
868120167801916
868120167801924
868120167801932
868120167801940
868120167801957
868120167801965
868120167801973
868120167801981
868120167801999
868120167802005
868120167802013
868120167802021
868120167802039
868120167802047
868120167802054
868120167802062
868120167802070
868120167802088
868120167802096
868120167802104
868120167802112
868120167802120
868120167802138
868120167802146
868120167802153
868120167802161
868120167802179
868120167802187
868120167802195
868120167802203
868120167802211
868120167802229
868120167802237
868120167802245
868120167802252
868120167802260
868120167802278
868120167802286
868120167802294
868120167802302
868120167802310
868120167802328
868120167802336
868120167802344
868120167802351
868120167802369
868120167802377
868120167802385
868120167802393
868120167802401
868120167802419
868120167802427
868120167802435
868120167802443
868120167802450
868120167802468
868120167802476
868120167802484
868120167802492
868120167802500
868120167802518
868120167802526
868120167802534
868120167802542
868120167802559
868120167802567
868120167802575
868120167802583
868120167802591
868120167802609
868120167802617
868120167802625
868120167802633
868120167802641
868120167802658
868120167802666
868120167802674
868120167802682
868120167802690
868120167802708
868120167802716
868120167802724
868120167802732
868120167802740
868120167802757
868120167802765
868120167802773
868120167802781
868120167802799
868120167802807
868120167802815
868120167802823
868120167802831
868120167802849
868120167802856
868120167802864
868120167802872
868120167802880
868120167802898
868120167802906
868120167802914
868120167802922
868120167802930
868120167802948
868120167802955
868120167802963
868120167802971
868120167802989
868120167802997
868120167803003
868120167803011
868120167803029
868120167803037
868120167803045
868120167803052
868120167803060
868120167803078
868120167803086
868120167803094
868120167803102
868120167803110
868120167803128
868120167803136
868120167803144
868120167803151
868120167803169
868120167803177
868120167803185
868120167803193
868120167803201
868120167803219
868120167803227
868120167803235
868120167803243
868120167803250
868120167803268
868120167803276
868120167803284
868120167803292
868120167803300
868120167803318
868120167803326
868120167803334
868120167803342
868120167803359
868120167803367
868120167803375
868120167803383
868120167803391
868120167803409
868120167803417
868120167803425
868120167803433
868120167803441
868120167803458
868120167803466
868120167803474
868120167803482
868120167803490
868120167803508
868120167803516
868120167803524
868120167803532
868120167803540
868120167803557
868120167803565
868120167803573
868120167803581
868120167803599
868120167803607
868120167803615
868120167803623
868120167803631
868120167803649
868120167803656
868120167803664
868120167803672
868120167803680
868120167803698
868120167803706
868120167803714
868120167803722
868120167803730
868120167803748
868120167803755
868120167803763
868120167803771
868120167803789
868120167803797
868120167803805
868120167803813
868120167803821
868120167803839
868120167803847
868120167803854
868120167803862
868120167803870
868120167803888
868120167803896
868120167803904
868120167803912
868120167803920
868120167803938
868120167803946
868120167803953
868120167803961
868120167803979
868120167803987
868120167803995
868120167804001
868120167804019
868120167804027
868120167804035
868120167804043
868120167804050
868120167804068
868120167804076
868120167804084
868120167804092
868120167804100
868120167804118
868120167804126
868120167804134
868120167804142
868120167804159
868120167804167
868120167804175
868120167804183
868120167804191
868120167804209
868120167804217
868120167804225
868120167804233
868120167804241
868120167804258
868120167804266
868120167804274
868120167804282
868120167804290
868120167804308
868120167804316
868120167804324
868120167804332
868120167804340
868120167804357
868120167804365
868120167804373
868120167804381
868120167804399
868120167804407
868120167804415
868120167804423
868120167804431
868120167804449
868120167804456
868120167804464
868120167804472
868120167804480
868120167804498
868120167804506
868120167804514
868120167804522
868120167804530
868120167804548
868120167804555
868120167804563
868120167804571
868120167804589
868120167804597
868120167804605
868120167804613
868120167804621
868120167804639
868120167804647
868120167804654
868120167804662
868120167804670
868120167804688
868120167804696
868120167804704
868120167804712
868120167804720
868120167804738
868120167804746
868120167804753
868120167804761
868120167804779
868120167804787
868120167804795
868120167804803
868120167804811
868120167804829
868120167804837
868120167804845
868120167804852
868120167804860
868120167804878
868120167804886
868120167804894
868120167804902
868120167804910
868120167804928
868120167804936
868120167804944
868120167804951
868120167804969
868120167804977
868120167804985
868120167804993
868120167805008
868120167805016
868120167805024
868120167805032
868120167805040
868120167805057
868120167805065
868120167805073
868120167805081
868120167805099
868120167805107
868120167805115
868120167805123
868120167805131
868120167805149
868120167805156
868120167805164
868120167805172
868120167805180
868120167805198
868120167805206
868120167805214
868120167805222
868120167805230
868120167805248
868120167805255
868120167805263
868120167805271
868120167805289
868120167805297
868120167805305
868120167805313
868120167805321
868120167805339
868120167805347
868120167805354
868120167805362
868120167805370
868120167805388
868120167805396
868120167805404
868120167805412
868120167805420
868120167805438
868120167805446
868120167805453
868120167805461
868120167805479
868120167805487
868120167805495
868120167805503
868120167805511
868120167805529
868120167805537
868120167805545
868120167805552
868120167805560
868120167805578
868120167805586
868120167805594
868120167805602
868120167805610
868120167805628
868120167805636
868120167805644
868120167805651
868120167805669
868120167805677
868120167805685
868120167805693
868120167805701
868120167805719
868120167805727
868120167805735
868120167805743
868120167805750
868120167805768
868120167805776
868120167805784
868120167805792
868120167805800
868120167805818
868120167805826
868120167805834
868120167805842
868120167805859
868120167805867
868120167805875
868120167805883
868120167805891
868120167805909
868120167805917
868120167805925
868120167805933
868120167805941
868120167805958
868120167805966
868120167805974
868120167805982
868120167805990
868120167806006
868120167806014
868120167806022
868120167806030
868120167806048
868120167806055
868120167806063
868120167806071
868120167806089
868120167806097
868120167806105
868120167806113
868120167806121
868120167806139
868120167806147
868120167806154
868120167806162
868120167806170
868120167806188
868120167806196
868120167806204
868120167806212
868120167806220
868120167806238
868120167806246
868120167806253
868120167806261
868120167806279
868120167806287
868120167806295
868120167806303
868120167806311
868120167806329
868120167806337
868120167806345
868120167806352
868120167806360
868120167806378
868120167806386
868120167806394
868120167806402
868120167806410
868120167806428
868120167806436
868120167806444
868120167806451
868120167806469
868120167806477
868120167806485
868120167806493
868120167806501
868120167806519
868120167806527
868120167806535
868120167806543
868120167806550
868120167806568
868120167806576
868120167806584
868120167806592
868120167806600
868120167806618
868120167806626
868120167806634
868120167806642
868120167806659
868120167806667
868120167806675
868120167806683
868120167806691
868120167806709
868120167806717
868120167806725
868120167806733
868120167806741
868120167806758
868120167806766
868120167806774
868120167806782
868120167806790
868120167806808
868120167806816
868120167806824
868120167806832
868120167806840
868120167806857
868120167806865
868120167806873
868120167806881
868120167806899
868120167806907
868120167806915
868120167806923
868120167806931
868120167806949
868120167806956
868120167806964
868120167806972
868120167806980
868120167806998
868120167807004
868120167807012
868120167807020
868120167807038
868120167807046
868120167807053
868120167807061
868120167807079
868120167807087
868120167807095
868120167807103
868120167807111
868120167807129
868120167807137
868120167807145
868120167807152
868120167807160
868120167807178
868120167807186
868120167807194
868120167807202
868120167807210
868120167807228
868120167807236
868120167807244
868120167807251
868120167807269
868120167807277
868120167807285
868120167807293
868120167807301
868120167807319
868120167807327
868120167807335
868120167807343
868120167807350
868120167807368
868120167807376
868120167807384
868120167807392
868120167807400
868120167807418
868120167807426
868120167807434
868120167807442
868120167807459
868120167807467
868120167807475
868120167807483
868120167807491
868120167807509
868120167807517
868120167807525
868120167807533
868120167807541
868120167807558
868120167807566
868120167807574
868120167807582
868120167807590
868120167807608
868120167807616
868120167807624
868120167807632
868120167807640
868120167807657
868120167807665
868120167807673
868120167807681
868120167807699
868120167807707
868120167807715
868120167807723
868120167807731
868120167807749
868120167807756
868120167807764
868120167807772
868120167807780
868120167807798
868120167807806
868120167807814
868120167807822
868120167807830
868120167807848
868120167807855
868120167807863
868120167807871
868120167807889
868120167807897
868120167807905
868120167807913
868120167807921
868120167807939
868120167807947
868120167807954
868120167807962
868120167807970
868120167807988
868120167807996
868120167808002
868120167808010
868120167808028
868120167808036
868120167808044
868120167808051
868120167808069
868120167808077
868120167808085
868120167808093
868120167808101
868120167808119
868120167808127
868120167808135
868120167808143
868120167808150
868120167808168
868120167808176
868120167808184
868120167808192
868120167808200
868120167808218
868120167808226
868120167808234
868120167808242
868120167808259
868120167808267
868120167808275
868120167808283
868120167808291
868120167808309
868120167808317
868120167808325
868120167808333
868120167808341
868120167808358
868120167808366
868120167808374
868120167808382
868120167808390
868120167808408
868120167808416
868120167808424
868120167808432
868120167808440
868120167808457
868120167808465
868120167808473
868120167808481
868120167808499
868120167808507
868120167808515
868120167808523
868120167808531
868120167808549
868120167808556
868120167808564
868120167808572
868120167808580
868120167808598
868120167808606
868120167808614
868120167808622
868120167808630
868120167808648
868120167808655
868120167808663
868120167808671
868120167808689
868120167808697
868120167808705
868120167808713
868120167808721
868120167808739
868120167808747
868120167808754
868120167808762
868120167808770
868120167808788
868120167808796
868120167808804
868120167808812
868120167808820
868120167808838
868120167808846
868120167808853
868120167808861
868120167808879
868120167808887
868120167808895
868120167808903
868120167808911
868120167808929
868120167808937
868120167808945
868120167808952
868120167808960
868120167808978
868120167808986
868120167808994
868120167809000
868120167809018
868120167809026
868120167809034
868120167809042
868120167809059
868120167809067
868120167809075
868120167809083
868120167809091
868120167809109
868120167809117
868120167809125
868120167809133
868120167809141
868120167809158
868120167809166
868120167809174
868120167809182
868120167809190
868120167809208
868120167809216
868120167809224
868120167809232
868120167809240
868120167809257
868120167809265
868120167809273
868120167809281
868120167809299
868120167809307
868120167809315
868120167809323
868120167809331
868120167809349
868120167809356
868120167809364
868120167809372
868120167809380
868120167809398
868120167809406
868120167809414
868120167809422
868120167809430
868120167809448
868120167809455
868120167809463
868120167809471
868120167809489
868120167809497
868120167809505
868120167809513
868120167809521
868120167809539
868120167809547
868120167809554
868120167809562
868120167809570
868120167809588
868120167809596
868120167809604
868120167809612
868120167809620
868120167809638
868120167809646
868120167809653
868120167809661
868120167809679
868120167809687
868120167809695
868120167809703
868120167809711
868120167809729
868120167809737
868120167809745
868120167809752
868120167809760
868120167809778
868120167809786
868120167809794
868120167809802
868120167809810
868120167809828
868120167809836
868120167809844
868120167809851
868120167809869
868120167809877
868120167809885
868120167809893
868120167809901
868120167809919
868120167809927
868120167809935
868120167809943
868120167809950
868120167809968
868120167809976
868120167809984
868120167809992
868120167810008
868120167810016
868120167810024
868120167810032
868120167810040
868120167810057
868120167810065
868120167810073
868120167810081
868120167810099
868120167810107
868120167810115
868120167810123
868120167810131
868120167810149
868120167810156
868120167810164
868120167810172
868120167810180
868120167810198
868120167810206
868120167810214
868120167810222
868120167810230
868120167810248
868120167810255
868120167810263
868120167810271
868120167810289
868120167810297
868120167810305
868120167810313
868120167810321
868120167810339
868120167810347
868120167810354
868120167810362
868120167810370
868120167810388
868120167810396
868120167810404
868120167810412
868120167810420
868120167810438
868120167810446
868120167810453
868120167810461
868120167810479
868120167810487
868120167810495
868120167810503
868120167810511
868120167810529
868120167810537
868120167810545
868120167810552
868120167810560
868120167810578
868120167810586
868120167810594
868120167810602
868120167810610
868120167810628
868120167810636
868120167810644
868120167810651
868120167810669
868120167810677
868120167810685
868120167810693
868120167810701
868120167810719
868120167810727
868120167810735
868120167810743
868120167810750
868120167810768
868120167810776
868120167810784
868120167810792
868120167810800
868120167810818
868120167810826
868120167810834
868120167810842
868120167810859
868120167810867
868120167810875
868120167810883
868120167810891
868120167810909
868120167810917
868120167810925
868120167810933
868120167810941
868120167810958
868120167810966
868120167810974
868120167810982
868120167810990
868120167811006
868120167811014
868120167811022
868120167811030
868120167811048
868120167811055
868120167811063
868120167811071
868120167811089
868120167811097
868120167811105
868120167811113
868120167811121
868120167811139
868120167811147
868120167811154
868120167811162
868120167811170
868120167811188
868120167811196
868120167811204
868120167811212
868120167811220
868120167811238
868120167811246
868120167811253
868120167811261
868120167811279
868120167811287
868120167811295
868120167811303
868120167811311
868120167811329
868120167811337
868120167811345
868120167811352
868120167811360
868120167811378
868120167811386
868120167811394
868120167811402
868120167811410
868120167811428
868120167811436
868120167811444
868120167811451
868120167811469
868120167811477
868120167811485
868120167811493
868120167811501
868120167811519
868120167811527
868120167811535
868120167811543
868120167811550
868120167811568
868120167811576
868120167811584
868120167811592
868120167811600
868120167811618
868120167811626
868120167811634
868120167811642
868120167811659
868120167811667
868120167811675
868120167811683
868120167811691
868120167811709
868120167811717
868120167811725
868120167811733
868120167811741
868120167811758
868120167811766
868120167811774
868120167811782
868120167811790
868120167811808
868120167811816
868120167811824
868120167811832
868120167811840
868120167811857
868120167811865
868120167811873
868120167811881
868120167811899
868120167811907
868120167811915
868120167811923
868120167811931
868120167811949
868120167811956
868120167811964
868120167811972
868120167811980
868120167811998
868120167812004
868120167812012
868120167812020
868120167812038
868120167812046
868120167812053
868120167812061
868120167812079
868120167812087
868120167812095
868120167812103
868120167812111
868120167812129
868120167812137
868120167812145
868120167812152
868120167812160
868120167812178
868120167812186
868120167812194
868120167812202
868120167812210
868120167812228
868120167812236
868120167812244
868120167812251
868120167812269
868120167812277
868120167812285
868120167812293
868120167812301
868120167812319
868120167812327
868120167812335
868120167812343
868120167812350
868120167812368
868120167812376
868120167812384
868120167812392
868120167812400
868120167812418
868120167812426
868120167812434
868120167812442
868120167812459
868120167812467
868120167812475
868120167812483
868120167812491
868120167812509
868120167812517
868120167812525
868120167812533
868120167812541
868120167812558
868120167812566
868120167812574
868120167812582
868120167812590
868120167812608
868120167812616
868120167812624
868120167812632
868120167812640
868120167812657
868120167812665
868120167812673
868120167812681
868120167812699
868120167812707
868120167812715
868120167812723
868120167812731
868120167812749
868120167812756
868120167812764
868120167812772
868120167812780
868120167812798
868120167812806
868120167812814
868120167812822
868120167812830
868120167812848
868120167812855
868120167812863
868120167812871
868120167812889
868120167812897
868120167812905
868120167812913
868120167812921
868120167812939
868120167812947
868120167812954
868120167812962
868120167812970
868120167812988
868120167812996
868120167813002
868120167813010
868120167813028
868120167813036
868120167813044
868120167813051
868120167813069
868120167813077
868120167813085
868120167813093
868120167813101
868120167813119
868120167813127
868120167813135
868120167813143
868120167813150
868120167813168
868120167813176
868120167813184
868120167813192
868120167813200
868120167813218
868120167813226
868120167813234
868120167813242
868120167813259
868120167813267
868120167813275
868120167813283
868120167813291
868120167813309
868120167813317
868120167813325
868120167813333
868120167813341
868120167813358
868120167813366
868120167813374
868120167813382
868120167813390
868120167813408
868120167813416
868120167813424
868120167813432
868120167813440
868120167813457
868120167813465
868120167813473
868120167813481
868120167813499
868120167813507
868120167813515
868120167813523
868120167813531
868120167813549
868120167813556
868120167813564
868120167813572
868120167813580
868120167813598
868120167813606
868120167813614
868120167813622
868120167813630
868120167813648
868120167813655
868120167813663
868120167813671
868120167813689
868120167813697
868120167813705
868120167813713
868120167813721
868120167813739
868120167813747
868120167813754
868120167813762
868120167813770
868120167813788
868120167813796
868120167813804
868120167813812
868120167813820
868120167813838
868120167813846
868120167813853
868120167813861
868120167813879
868120167813887
868120167813895
868120167813903
868120167813911
868120167813929
868120167813937
868120167813945
868120167813952
868120167813960
868120167813978
868120167813986
868120167813994
868120167814000
868120167814018
868120167814026
868120167814034
868120167814042
868120167814059
868120167814067
868120167814075
868120167814083
868120167814091
868120167814109
868120167814117
868120167814125
868120167814133
868120167814141
868120167814158
868120167814166
868120167814174
868120167814182
868120167814190
868120167814208
868120167814216
868120167814224
868120167814232
868120167814240
868120167814257
868120167814265
868120167814273
868120167814281
868120167814299
868120167814307
868120167814315
868120167814323
868120167814331
868120167814349
868120167814356
868120167814364
868120167814372
868120167814380
868120167814398
868120167814406
868120167814414
868120167814422
868120167814430
868120167814448
868120167814455
868120167814463
868120167814471
868120167814489
868120167814497
868120167814505
868120167814513
868120167814521
868120167814539
868120167814547
868120167814554
868120167814562
868120167814570
868120167814588
868120167814596
868120167814604
868120167814612
868120167814620
868120167814638
868120167814646
868120167814653
868120167814661
868120167814679
868120167814687
868120167814695
868120167814703
868120167814711
868120167814729
868120167814737
868120167814745
868120167814752
868120167814760
868120167814778
868120167814786
868120167814794
868120167814802
868120167814810
868120167814828
868120167814836
868120167814844
868120167814851
868120167814869
868120167814877
868120167814885
868120167814893
868120167814901
868120167814919
868120167814927
868120167814935
868120167814943
868120167814950
868120167814968
868120167814976
868120167814984
868120167814992
868120167815007
868120167815015
868120167815023
868120167815031
868120167815049
868120167815056
868120167815064
868120167815072
868120167815080
868120167815098
868120167815106
868120167815114
868120167815122
868120167815130
868120167815148
868120167815155
868120167815163
868120167815171
868120167815189
868120167815197
868120167815205
868120167815213
868120167815221
868120167815239
868120167815247
868120167815254
868120167815262
868120167815270
868120167815288
868120167815296
868120167815304
868120167815312
868120167815320
868120167815338
868120167815346
868120167815353
868120167815361
868120167815379
868120167815387
868120167815395
868120167815403
868120167815411
868120167815429
868120167815437
868120167815445
868120167815452
868120167815460
868120167815478
868120167815486
868120167815494
868120167815502
868120167815510
868120167815528
868120167815536
868120167815544
868120167815551
868120167815569
868120167815577
868120167815585
868120167815593
868120167815601
868120167815619
868120167815627
868120167815635
868120167815643
868120167815650
868120167815668
868120167815676
868120167815684
868120167815692
868120167815700
868120167815718
868120167815726
868120167815734
868120167815742
868120167815759
868120167815767
868120167815775
868120167815783
868120167815791
868120167815809
868120167815817
868120167815825
868120167815833
868120167815841
868120167815858
868120167815866
868120167815874
868120167815882
868120167815890
868120167815908
868120167815916
868120167815924
868120167815932
868120167815940
868120167815957
868120167815965
868120167815973
868120167815981
868120167815999
868120167816005
868120167816013
868120167816021
868120167816039
868120167816047
868120167816054
868120167816062
868120167816070
868120167816088
868120167816096
868120167816104
868120167816112
868120167816120
868120167816138
868120167816146
868120167816153
868120167816161
868120167816179
868120167816187
868120167816195
868120167816203
868120167816211
868120167816229
868120167816237
868120167816245
868120167816252
868120167816260
868120167816278
868120167816286
868120167816294
868120167816302
868120167816310
868120167816328
868120167816336
868120167816344
868120167816351
868120167816369
868120167816377
868120167816385
868120167816393
868120167816401
868120167816419
868120167816427
868120167816435
868120167816443
868120167816450
868120167816468
868120167816476
868120167816484
868120167816492
868120167816500
868120167816518
868120167816526
868120167816534
868120167816542
868120167816559
868120167816567
868120167816575
868120167816583
868120167816591
868120167816609
868120167816617
868120167816625
868120167816633
868120167816641
868120167816658
868120167816666
868120167816674
868120167816682
868120167816690
868120167816708
868120167816716
868120167816724
868120167816732
868120167816740
868120167816757
868120167816765
868120167816773
868120167816781
868120167816799
868120167816807
868120167816815
868120167816823
868120167816831
868120167816849
868120167816856
868120167816864
868120167816872
868120167816880
868120167816898
868120167816906
868120167816914
868120167816922
868120167816930
868120167816948
868120167816955
868120167816963
868120167816971
868120167816989
868120167816997
868120167817003
868120167817011
868120167817029
868120167817037
868120167817045
868120167817052
868120167817060
868120167817078
868120167817086
868120167817094
868120167817102
868120167817110
868120167817128
868120167817136
868120167817144
868120167817151
868120167817169
868120167817177
868120167817185
868120167817193
868120167817201
868120167817219
868120167817227
868120167817235
868120167817243
868120167817250
868120167817268
868120167817276
868120167817284
868120167817292
868120167817300
868120167817318
868120167817326
868120167817334
868120167817342
868120167817359
868120167817367
868120167817375
868120167817383
868120167817391
868120167817409
868120167817417
868120167817425
868120167817433
868120167817441
868120167817458
868120167817466
868120167817474
868120167817482
868120167817490
868120167817508
868120167817516
868120167817524
868120167817532
868120167817540
868120167817557
868120167817565
868120167817573
868120167817581
868120167817599
868120167817607
868120167817615
868120167817623
868120167817631
868120167817649
868120167817656
868120167817664
868120167817672
868120167817680
868120167817698
868120167817706
868120167817714
868120167817722
868120167817730
868120167817748
868120167817755
868120167817763
868120167817771
868120167817789
868120167817797
868120167817805
868120167817813
868120167817821
868120167817839
868120167817847
868120167817854
868120167817862
868120167817870
868120167817888
868120167817896
868120167817904
868120167817912
868120167817920
868120167817938
868120167817946
868120167817953
868120167817961
868120167817979
868120167817987
868120167817995
868120167818001
868120167818019
868120167818027
868120167818035
868120167818043
868120167818050
868120167818068
868120167818076
868120167818084
868120167818092
868120167818100
868120167818118
868120167818126
868120167818134
868120167818142
868120167818159
868120167818167
868120167818175
868120167818183
868120167818191
868120167818209
868120167818217
868120167818225
868120167818233
868120167818241
868120167818258
868120167818266
868120167818274
868120167818282
868120167818290
868120167818308
868120167818316
868120167818324
868120167818332
868120167818340
868120167818357
868120167818365
868120167818373
868120167818381
868120167818399
868120167818407
868120167818415
868120167818423
868120167818431
868120167818449
868120167818456
868120167818464
868120167818472
868120167818480
868120167818498
868120167818506
868120167818514
868120167818522
868120167818530
868120167818548
868120167818555
868120167818563
868120167818571
868120167818589
868120167818597
868120167818605
868120167818613
868120167818621
868120167818639
868120167818647
868120167818654
868120167818662
868120167818670
868120167818688
868120167818696
868120167818704
868120167818712
868120167818720
868120167818738
868120167818746
868120167818753
868120167818761
868120167818779
868120167818787
868120167818795
868120167818803
868120167818811
868120167818829
868120167818837
868120167818845
868120167818852
868120167818860
868120167818878
868120167818886
868120167818894
868120167818902
868120167818910
868120167818928
868120167818936
868120167818944
868120167818951
868120167818969
868120167818977
868120167818985
868120167818993
868120167819009
868120167819017
868120167819025
868120167819033
868120167819041
868120167819058
868120167819066
868120167819074
868120167819082
868120167819090
868120167819108
868120167819116
868120167819124
868120167819132
868120167819140
868120167819157
868120167819165
868120167819173
868120167819181
868120167819199
868120167819207
868120167819215
868120167819223
868120167819231
868120167819249
868120167819256
868120167819264
868120167819272
868120167819280
868120167819298
868120167819306
868120167819314
868120167819322
868120167819330
868120167819348
868120167819355
868120167819363
868120167819371
868120167819389
868120167819397
868120167819405
868120167819413
868120167819421
868120167819439
868120167819447
868120167819454
868120167819462
868120167819470
868120167819488
868120167819496
868120167819504
868120167819512
868120167819520
868120167819538
868120167819546
868120167819553
868120167819561
868120167819579
868120167819587
868120167819595
868120167819603
868120167819611
868120167819629
868120167819637
868120167819645
868120167819652
868120167819660
868120167819678
868120167819686
868120167819694
868120167819702
868120167819710
868120167819728
868120167819736
868120167819744
868120167819751
868120167819769
868120167819777
868120167819785
868120167819793
868120167819801
868120167819819
868120167819827
868120167819835
868120167819843
868120167819850
868120167819868
868120167819876
868120167819884
868120167819892
868120167819900
868120167819918
868120167819926
868120167819934
868120167819942
868120167819959
868120167819967
868120167819975
868120167819983
868120167819991
868120167820007
868120167820015
868120167820023
868120167820031
868120167820049
868120167820056
868120167820064
868120167820072
868120167820080
868120167820098
868120167820106
868120167820114
868120167820122
868120167820130
868120167820148
868120167820155
868120167820163
868120167820171
868120167820189
868120167820197
868120167820205
868120167820213
868120167820221
868120167820239
868120167820247
868120167820254
868120167820262
868120167820270
868120167820288
868120167820296
868120167820304
868120167820312
868120167820320
868120167820338
