3613050012118601
3613050012118602
3613050012118603
3613050012118604
3613050012118605
3613050012118606
3613050012118607
3613050012118608
3613050012118609
3613050012118610
3613050012118611
3613050012118612
3613050012118613
3613050012118614
3613050012118615
3613050012118616
3613050012118617
3613050012118618
3613050012118619
3613050012118620
3613050012118621
3613050012118622
3613050012118623
3613050012118624
3613050012118625
3613050012118626
3613050012118627
3613050012118628
3613050012118629
3613050012118630
3613050012118631
3613050012118632
3613050012118633
3613050012118634
3613050012118635
3613050012118636
3613050012118637
3613050012118638
3613050012118639
3613050012118640
3613050012118641
3613050012118642
3613050012118643
3613050012118644
3613050012118645
3613050012118646
3613050012118647
3613050012118648
3613050012118649
3613050012118650
3613050012118651
3613050012118652
3613050012118653
3613050012118654
3613050012118655
3613050012118656
3613050012118657
3613050012118658
3613050012118659
3613050012118660
3613050012118661
3613050012118662
3613050012118663
3613050012118664
3613050012118665
3613050012118666
3613050012118667
3613050012118668
3613050012118669
3613050012118670
3613050012118671
3613050012118672
3613050012118673
3613050012118674
3613050012118675
3613050012118676
3613050012118677
3613050012118678
3613050012118679
3613050012118680
3613050012118681
3613050012118682
3613050012118683
3613050012118684
3613050012118685
3613050012118686
3613050012118687
3613050012118688
3613050012118689
3613050012118690
3613050012118691
3613050012118692
3613050012118693
3613050012118694
3613050012118695
3613050012118696
3613050012118697
3613050012118698
3613050012118699
3613050012118700
3613050012118701
3613050012118702
3613050012118703
3613050012118704
3613050012118705
3613050012118706
3613050012118707
3613050012118708
3613050012118709
3613050012118710
3613050012118711
3613050012118712
3613050012118713
3613050012118714
3613050012118715
3613050012118716
3613050012118717
3613050012118718
3613050012118719
3613050012118720
3613050012118721
3613050012118722
3613050012118723
3613050012118724
3613050012118725
3613050012118726
3613050012118727
3613050012118728
3613050012118729
3613050012118730
3613050012118731
3613050012118732
3613050012118733
3613050012118734
3613050012118735
3613050012118736
3613050012118737
3613050012118738
3613050012118739
3613050012118740
3613050012118741
3613050012118742
3613050012118743
3613050012118744
3613050012118745
3613050012118746
3613050012118747
3613050012118748
3613050012118749
3613050012118750
3613050012118751
3613050012118752
3613050012118753
3613050012118754
3613050012118755
3613050012118756
3613050012118757
3613050012118758
3613050012118759
3613050012118760
3613050012118761
3613050012118762
3613050012118763
3613050012118764
3613050012118765
3613050012118766
3613050012118767
3613050012118768
3613050012118769
3613050012118770
3613050012118771
3613050012118772
3613050012118773
3613050012118774
3613050012118775
3613050012118776
3613050012118777
3613050012118778
3613050012118779
3613050012118780
3613050012118781
3613050012118782
3613050012118783
3613050012118784
3613050012118785
3613050012118786
3613050012118787
3613050012118788
3613050012118789
3613050012118790
3613050012118791
3613050012118792
3613050012118793
3613050012118794
3613050012118795
3613050012118796
3613050012118797
3613050012118798
3613050012118799
3613050012118800
3613050012118801
3613050012118802
3613050012118803
3613050012118804
3613050012118805
3613050012118806
3613050012118807
3613050012118808
3613050012118809
3613050012118810
3613050012118811
3613050012118812
3613050012118813
3613050012118814
3613050012118815
3613050012118816
3613050012118817
3613050012118818
3613050012118819
3613050012118820
3613050012118821
3613050012118822
3613050012118823
3613050012118824
3613050012118825
3613050012118826
3613050012118827
3613050012118828
3613050012118829
3613050012118830
3613050012118831
3613050012118832
3613050012118833
3613050012118834
3613050012118835
3613050012118836
3613050012118837
3613050012118838
3613050012118839
3613050012118840
3613050012118841
3613050012118842
3613050012118843
3613050012118844
3613050012118845
3613050012118846
3613050012118847
3613050012118848
3613050012118849
3613050012118850
3613050012118851
3613050012118852
3613050012118853
3613050012118854
3613050012118855
3613050012118856
3613050012118857
3613050012118858
3613050012118859
3613050012118860
3613050012118861
3613050012118862
3613050012118863
3613050012118864
3613050012118865
3613050012118866
3613050012118867
3613050012118868
3613050012118869
3613050012118870
3613050012118871
3613050012118872
3613050012118873
3613050012118874
3613050012118875
3613050012118876
3613050012118877
3613050012118878
3613050012118879
3613050012118880
3613050012118881
3613050012118882
3613050012118883
3613050012118884
3613050012118885
3613050012118886
3613050012118887
3613050012118888
3613050012118889
3613050012118890
3613050012118891
3613050012118892
3613050012118893
3613050012118894
3613050012118895
3613050012118896
3613050012118897
3613050012118898
3613050012118899
3613050012118900
3613050012118901
3613050012118902
3613050012118903
3613050012118904
3613050012118905
3613050012118906
3613050012118907
3613050012118908
3613050012118909
3613050012118910
3613050012118911
3613050012118912
3613050012118913
3613050012118914
3613050012118915
3613050012118916
3613050012118917
3613050012118918
3613050012118919
3613050012118920
3613050012118921
3613050012118922
3613050012118923
3613050012118924
3613050012118925
3613050012118926
3613050012118927
3613050012118928
3613050012118929
3613050012118930
3613050012118931
3613050012118932
3613050012118933
3613050012118934
3613050012118935
3613050012118936
3613050012118937
3613050012118938
3613050012118939
3613050012118940
3613050012118941
3613050012118942
3613050012118943
3613050012118944
3613050012118945
3613050012118946
3613050012118947
3613050012118948
3613050012118949
3613050012118950
3613050012118951
3613050012118952
3613050012118953
3613050012118954
3613050012118955
3613050012118956
3613050012118957
3613050012118958
3613050012118959
3613050012118960
3613050012118961
3613050012118962
3613050012118963
3613050012118964
3613050012118965
3613050012118966
3613050012118967
3613050012118968
3613050012118969
3613050012118970
3613050012118971
3613050012118972
3613050012118973
3613050012118974
3613050012118975
3613050012118976
3613050012118977
3613050012118978
3613050012118979
3613050012118980
3613050012118981
3613050012118982
3613050012118983
3613050012118984
3613050012118985
3613050012118986
3613050012118987
3613050012118988
3613050012118989
3613050012118990
3613050012118991
3613050012118992
3613050012118993
3613050012118994
3613050012118995
3613050012118996
3613050012118997
3613050012118998
3613050012118999
3613050012119000
3613050012119001
3613050012119002
3613050012119003
3613050012119004
3613050012119005
3613050012119006
3613050012119007
3613050012119008
3613050012119009
3613050012119010
3613050012119011
3613050012119012
3613050012119013
3613050012119014
3613050012119015
3613050012119016
3613050012119017
3613050012119018
3613050012119019
3613050012119020
3613050012119021
3613050012119022
3613050012119023
3613050012119024
3613050012119025
3613050012119026
3613050012119027
3613050012119028
3613050012119029
3613050012119030
3613050012119031
3613050012119032
3613050012119033
3613050012119034
3613050012119035
3613050012119036
3613050012119037
3613050012119038
3613050012119039
3613050012119040
3613050012119041
3613050012119042
3613050012119043
3613050012119044
3613050012119045
3613050012119046
3613050012119047
3613050012119048
3613050012119049
3613050012119050
3613050012119051
3613050012119052
3613050012119053
3613050012119054
3613050012119055
3613050012119056
3613050012119057
3613050012119058
3613050012119059
3613050012119060
3613050012119061
3613050012119062
3613050012119063
3613050012119064
3613050012119065
3613050012119066
3613050012119067
3613050012119068
3613050012119069
3613050012119070
3613050012119071
3613050012119072
3613050012119073
3613050012119074
3613050012119075
3613050012119076
3613050012119077
3613050012119078
3613050012119079
3613050012119080
3613050012119081
3613050012119082
3613050012119083
3613050012119084
3613050012119085
3613050012119086
3613050012119087
3613050012119088
3613050012119089
3613050012119090
3613050012119091
3613050012119092
3613050012119093
3613050012119094
3613050012119095
3613050012119096
3613050012119097
3613050012119098
3613050012119099
3613050012119100
3613050012119101
3613050012119102
3613050012119103
3613050012119104
3613050012119105
3613050012119106
3613050012119107
3613050012119108
3613050012119109
3613050012119110
3613050012119111
3613050012119112
3613050012119113
3613050012119114
3613050012119115
3613050012119116
3613050012119117
3613050012119118
3613050012119119
3613050012119120
3613050012119121
3613050012119122
3613050012119123
3613050012119124
3613050012119125
3613050012119126
3613050012119127
3613050012119128
3613050012119129
3613050012119130
3613050012119131
3613050012119132
3613050012119133
3613050012119134
3613050012119135
3613050012119136
3613050012119137
3613050012119138
3613050012119139
3613050012119140
3613050012119141
3613050012119142
3613050012119143
3613050012119144
3613050012119145
3613050012119146
3613050012119147
3613050012119148
3613050012119149
3613050012119150
3613050012119151
3613050012119152
3613050012119153
3613050012119154
3613050012119155
3613050012119156
3613050012119157
3613050012119158
3613050012119159
3613050012119160
3613050012119161
3613050012119162
3613050012119163
3613050012119164
3613050012119165
3613050012119166
3613050012119167
3613050012119168
3613050012119169
3613050012119170
3613050012119171
3613050012119172
3613050012119173
3613050012119174
3613050012119175
3613050012119176
3613050012119177
3613050012119178
3613050012119179
3613050012119180
3613050012119181
3613050012119182
3613050012119183
3613050012119184
3613050012119185
3613050012119186
3613050012119187
3613050012119188
3613050012119189
3613050012119190
3613050012119191
3613050012119192
3613050012119193
3613050012119194
3613050012119195
3613050012119196
3613050012119197
3613050012119198
3613050012119199
3613050012119200
3613050012119201
3613050012119202
3613050012119203
3613050012119204
3613050012119205
3613050012119206
3613050012119207
3613050012119208
3613050012119209
3613050012119210
3613050012119211
3613050012119212
3613050012119213
3613050012119214
3613050012119215
3613050012119216
3613050012119217
3613050012119218
3613050012119219
3613050012119220
3613050012119221
3613050012119222
3613050012119223
3613050012119224
3613050012119225
3613050012119226
3613050012119227
3613050012119228
3613050012119229
3613050012119230
3613050012119231
3613050012119232
3613050012119233
3613050012119234
3613050012119235
3613050012119236
3613050012119237
3613050012119238
3613050012119239
3613050012119240
3613050012119241
3613050012119242
3613050012119243
3613050012119244
3613050012119245
3613050012119246
3613050012119247
3613050012119248
3613050012119249
3613050012119250
3613050012119251
3613050012119252
3613050012119253
3613050012119254
3613050012119255
3613050012119256
3613050012119257
3613050012119258
3613050012119259
3613050012119260
3613050012119261
3613050012119262
3613050012119263
3613050012119264
3613050012119265
3613050012119266
3613050012119267
3613050012119268
3613050012119269
3613050012119270
3613050012119271
3613050012119272
3613050012119273
3613050012119274
3613050012119275
3613050012119276
3613050012119277
3613050012119278
3613050012119279
3613050012119280
3613050012119281
3613050012119282
3613050012119283
3613050012119284
3613050012119285
3613050012119286
3613050012119287
3613050012119288
3613050012119289
3613050012119290
3613050012119291
3613050012119292
3613050012119293
3613050012119294
3613050012119295
3613050012119296
3613050012119297
3613050012119298
3613050012119299
3613050012119300
3613050012119301
3613050012119302
3613050012119303
3613050012119304
3613050012119305
3613050012119306
3613050012119307
3613050012119308
3613050012119309
3613050012119310
3613050012119311
3613050012119312
3613050012119313
3613050012119314
3613050012119315
3613050012119316
3613050012119317
3613050012119318
3613050012119319
3613050012119320
3613050012119321
3613050012119322
3613050012119323
3613050012119324
3613050012119325
3613050012119326
3613050012119327
3613050012119328
3613050012119329
3613050012119330
3613050012119331
3613050012119332
3613050012119333
3613050012119334
3613050012119335
3613050012119336
3613050012119337
3613050012119338
3613050012119339
3613050012119340
3613050012119341
3613050012119342
3613050012119343
3613050012119344
3613050012119345
3613050012119346
3613050012119347
3613050012119348
3613050012119349
3613050012119350
3613050012119351
3613050012119352
3613050012119353
3613050012119354
3613050012119355
3613050012119356
3613050012119357
3613050012119358
3613050012119359
3613050012119360
3613050012119361
3613050012119362
3613050012119363
3613050012119364
3613050012119365
3613050012119366
3613050012119367
3613050012119368
3613050012119369
3613050012119370
3613050012119371
3613050012119372
3613050012119373
3613050012119374
3613050012119375
3613050012119376
3613050012119377
3613050012119378
3613050012119379
3613050012119380
3613050012119381
3613050012119382
3613050012119383
3613050012119384
3613050012119385
3613050012119386
3613050012119387
3613050012119388
3613050012119389
3613050012119390
3613050012119391
3613050012119392
3613050012119393
3613050012119394
3613050012119395
3613050012119396
3613050012119397
3613050012119398
3613050012119399
3613050012119400
3613050012119401
3613050012119402
3613050012119403
3613050012119404
3613050012119405
3613050012119406
3613050012119407
3613050012119408
3613050012119409
3613050012119410
3613050012119411
3613050012119412
3613050012119413
3613050012119414
3613050012119415
3613050012119416
3613050012119417
3613050012119418
3613050012119419
3613050012119420
3613050012119421
3613050012119422
3613050012119423
3613050012119424
3613050012119425
3613050012119426
3613050012119427
3613050012119428
3613050012119429
3613050012119430
3613050012119431
3613050012119432
3613050012119433
3613050012119434
3613050012119435
3613050012119436
3613050012119437
3613050012119438
3613050012119439
3613050012119440
3613050012119441
3613050012119442
3613050012119443
3613050012119444
3613050012119445
3613050012119446
3613050012119447
3613050012119448
3613050012119449
3613050012119450
3613050012119451
3613050012119452
3613050012119453
3613050012119454
3613050012119455
3613050012119456
3613050012119457
3613050012119458
3613050012119459
3613050012119460
3613050012119461
3613050012119462
3613050012119463
3613050012119464
3613050012119465
3613050012119466
3613050012119467
3613050012119468
3613050012119469
3613050012119470
3613050012119471
3613050012119472
3613050012119473
3613050012119474
3613050012119475
3613050012119476
3613050012119477
3613050012119478
3613050012119479
3613050012119480
3613050012119481
3613050012119482
3613050012119483
3613050012119484
3613050012119485
3613050012119486
3613050012119487
3613050012119488
3613050012119489
3613050012119490
3613050012119491
3613050012119492
3613050012119493
3613050012119494
3613050012119495
3613050012119496
3613050012119497
3613050012119498
3613050012119499
3613050012119500
3613050012119501
3613050012119502
3613050012119503
3613050012119504
3613050012119505
3613050012119506
3613050012119507
3613050012119508
3613050012119509
3613050012119510
3613050012119511
3613050012119512
3613050012119513
3613050012119514
3613050012119515
3613050012119516
3613050012119517
3613050012119518
3613050012119519
3613050012119520
3613050012119521
3613050012119522
3613050012119523
3613050012119524
3613050012119525
3613050012119526
3613050012119527
3613050012119528
3613050012119529
3613050012119530
3613050012119531
3613050012119532
3613050012119533
3613050012119534
3613050012119535
3613050012119536
3613050012119537
3613050012119538
3613050012119539
3613050012119540
3613050012119541
3613050012119542
3613050012119543
3613050012119544
3613050012119545
3613050012119546
3613050012119547
3613050012119548
3613050012119549
3613050012119550
3613050012119551
3613050012119552
3613050012119553
3613050012119554
3613050012119555
3613050012119556
3613050012119557
3613050012119558
3613050012119559
3613050012119560
3613050012119561
3613050012119562
3613050012119563
3613050012119564
3613050012119565
3613050012119566
3613050012119567
3613050012119568
3613050012119569
3613050012119570
3613050012119571
3613050012119572
3613050012119573
3613050012119574
3613050012119575
3613050012119576
3613050012119577
3613050012119578
3613050012119579
3613050012119580
3613050012119581
3613050012119582
3613050012119583
3613050012119584
3613050012119585
3613050012119586
3613050012119587
3613050012119588
3613050012119589
3613050012119590
3613050012119591
3613050012119592
3613050012119593
3613050012119594
3613050012119595
3613050012119596
3613050012119597
3613050012119598
3613050012119599
3613050012119600
3613050012119601
3613050012119602
3613050012119603
3613050012119604
3613050012119605
3613050012119606
3613050012119607
3613050012119608
3613050012119609
3613050012119610
3613050012119611
3613050012119612
3613050012119613
3613050012119614
3613050012119615
3613050012119616
3613050012119617
3613050012119618
3613050012119619
3613050012119620
3613050012119621
3613050012119622
3613050012119623
3613050012119624
3613050012119625
3613050012119626
3613050012119627
3613050012119628
3613050012119629
3613050012119630
3613050012119631
3613050012119632
3613050012119633
3613050012119634
3613050012119635
3613050012119636
3613050012119637
3613050012119638
3613050012119639
3613050012119640
3613050012119641
3613050012119642
3613050012119643
3613050012119644
3613050012119645
3613050012119646
3613050012119647
3613050012119648
3613050012119649
3613050012119650
3613050012119651
3613050012119652
3613050012119653
3613050012119654
3613050012119655
3613050012119656
3613050012119657
3613050012119658
3613050012119659
3613050012119660
3613050012119661
3613050012119662
3613050012119663
3613050012119664
3613050012119665
3613050012119666
3613050012119667
3613050012119668
3613050012119669
3613050012119670
3613050012119671
3613050012119672
3613050012119673
3613050012119674
3613050012119675
3613050012119676
3613050012119677
3613050012119678
3613050012119679
3613050012119680
3613050012119681
3613050012119682
3613050012119683
3613050012119684
3613050012119685
3613050012119686
3613050012119687
3613050012119688
3613050012119689
3613050012119690
3613050012119691
3613050012119692
3613050012119693
3613050012119694
3613050012119695
3613050012119696
3613050012119697
3613050012119698
3613050012119699
3613050012119700
3613050012119701
3613050012119702
3613050012119703
3613050012119704
3613050012119705
3613050012119706
3613050012119707
3613050012119708
3613050012119709
3613050012119710
3613050012119711
3613050012119712
3613050012119713
3613050012119714
3613050012119715
3613050012119716
3613050012119717
3613050012119718
3613050012119719
3613050012119720
3613050012119721
3613050012119722
3613050012119723
3613050012119724
3613050012119725
3613050012119726
3613050012119727
3613050012119728
3613050012119729
3613050012119730
3613050012119731
3613050012119732
3613050012119733
3613050012119734
3613050012119735
3613050012119736
3613050012119737
3613050012119738
3613050012119739
3613050012119740
3613050012119741
3613050012119742
3613050012119743
3613050012119744
3613050012119745
3613050012119746
3613050012119747
3613050012119748
3613050012119749
3613050012119750
3613050012119751
3613050012119752
3613050012119753
3613050012119754
3613050012119755
3613050012119756
3613050012119757
3613050012119758
3613050012119759
3613050012119760
3613050012119761
3613050012119762
3613050012119763
3613050012119764
3613050012119765
3613050012119766
3613050012119767
3613050012119768
3613050012119769
3613050012119770
3613050012119771
3613050012119772
3613050012119773
3613050012119774
3613050012119775
3613050012119776
3613050012119777
3613050012119778
3613050012119779
3613050012119780
3613050012119781
3613050012119782
3613050012119783
3613050012119784
3613050012119785
3613050012119786
3613050012119787
3613050012119788
3613050012119789
3613050012119790
3613050012119791
3613050012119792
3613050012119793
3613050012119794
3613050012119795
3613050012119796
3613050012119797
3613050012119798
3613050012119799
3613050012119800
3613050012119801
3613050012119802
3613050012119803
3613050012119804
3613050012119805
3613050012119806
3613050012119807
3613050012119808
3613050012119809
3613050012119810
3613050012119811
3613050012119812
3613050012119813
3613050012119814
3613050012119815
3613050012119816
3613050012119817
3613050012119818
3613050012119819
3613050012119820
3613050012119821
3613050012119822
3613050012119823
3613050012119824
3613050012119825
3613050012119826
3613050012119827
3613050012119828
3613050012119829
3613050012119830
3613050012119831
3613050012119832
3613050012119833
3613050012119834
3613050012119835
3613050012119836
3613050012119837
3613050012119838
3613050012119839
3613050012119840
3613050012119841
3613050012119842
3613050012119843
3613050012119844
3613050012119845
3613050012119846
3613050012119847
3613050012119848
3613050012119849
3613050012119850
3613050012119851
3613050012119852
3613050012119853
3613050012119854
3613050012119855
3613050012119856
3613050012119857
3613050012119858
3613050012119859
3613050012119860
3613050012119861
3613050012119862
3613050012119863
3613050012119864
3613050012119865
3613050012119866
3613050012119867
3613050012119868
3613050012119869
3613050012119870
3613050012119871
3613050012119872
3613050012119873
3613050012119874
3613050012119875
3613050012119876
3613050012119877
3613050012119878
3613050012119879
3613050012119880
3613050012119881
3613050012119882
3613050012119883
3613050012119884
3613050012119885
3613050012119886
3613050012119887
3613050012119888
3613050012119889
3613050012119890
3613050012119891
3613050012119892
3613050012119893
3613050012119894
3613050012119895
3613050012119896
3613050012119897
3613050012119898
3613050012119899
3613050012119900
3613050012119901
3613050012119902
3613050012119903
3613050012119904
3613050012119905
3613050012119906
3613050012119907
3613050012119908
3613050012119909
3613050012119910
3613050012119911
3613050012119912
3613050012119913
3613050012119914
3613050012119915
3613050012119916
3613050012119917
3613050012119918
3613050012119919
3613050012119920
3613050012119921
3613050012119922
3613050012119923
3613050012119924
3613050012119925
3613050012119926
3613050012119927
3613050012119928
3613050012119929
3613050012119930
3613050012119931
3613050012119932
3613050012119933
3613050012119934
3613050012119935
3613050012119936
3613050012119937
3613050012119938
3613050012119939
3613050012119940
3613050012119941
3613050012119942
3613050012119943
3613050012119944
3613050012119945
3613050012119946
3613050012119947
3613050012119948
3613050012119949
3613050012119950
3613050012119951
3613050012119952
3613050012119953
3613050012119954
3613050012119955
3613050012119956
3613050012119957
3613050012119958
3613050012119959
3613050012119960
3613050012119961
3613050012119962
3613050012119963
3613050012119964
3613050012119965
3613050012119966
3613050012119967
3613050012119968
3613050012119969
3613050012119970
3613050012119971
3613050012119972
3613050012119973
3613050012119974
3613050012119975
3613050012119976
3613050012119977
3613050012119978
3613050012119979
3613050012119980
3613050012119981
3613050012119982
3613050012119983
3613050012119984
3613050012119985
3613050012119986
3613050012119987
3613050012119988
3613050012119989
3613050012119990
3613050012119991
3613050012119992
3613050012119993
3613050012119994
3613050012119995
3613050012119996
3613050012119997
3613050012119998
3613050012119999
3613050012120000
3613050012120001
3613050012120002
3613050012120003
3613050012120004
3613050012120005
3613050012120006
3613050012120007
3613050012120008
3613050012120009
3613050012120010
3613050012120011
3613050012120012
3613050012120013
3613050012120014
3613050012120015
3613050012120016
3613050012120017
3613050012120018
3613050012120019
3613050012120020
3613050012120021
3613050012120022
3613050012120023
3613050012120024
3613050012120025
3613050012120026
3613050012120027
3613050012120028
3613050012120029
3613050012120030
3613050012120031
3613050012120032
3613050012120033
3613050012120034
3613050012120035
3613050012120036
3613050012120037
3613050012120038
3613050012120039
3613050012120040
3613050012120041
3613050012120042
3613050012120043
3613050012120044
3613050012120045
3613050012120046
3613050012120047
3613050012120048
3613050012120049
3613050012120050
3613050012120051
3613050012120052
3613050012120053
3613050012120054
3613050012120055
3613050012120056
3613050012120057
3613050012120058
3613050012120059
3613050012120060
3613050012120061
3613050012120062
3613050012120063
3613050012120064
3613050012120065
3613050012120066
3613050012120067
3613050012120068
3613050012120069
3613050012120070
3613050012120071
3613050012120072
3613050012120073
3613050012120074
3613050012120075
3613050012120076
3613050012120077
3613050012120078
3613050012120079
3613050012120080
3613050012120081
3613050012120082
3613050012120083
3613050012120084
3613050012120085
3613050012120086
3613050012120087
3613050012120088
3613050012120089
3613050012120090
3613050012120091
3613050012120092
3613050012120093
3613050012120094
3613050012120095
3613050012120096
3613050012120097
3613050012120098
3613050012120099
3613050012120100
3613050012120101
3613050012120102
3613050012120103
3613050012120104
3613050012120105
3613050012120106
3613050012120107
3613050012120108
3613050012120109
3613050012120110
3613050012120111
3613050012120112
3613050012120113
3613050012120114
3613050012120115
3613050012120116
3613050012120117
3613050012120118
3613050012120119
3613050012120120
3613050012120121
3613050012120122
3613050012120123
3613050012120124
3613050012120125
3613050012120126
3613050012120127
3613050012120128
3613050012120129
3613050012120130
3613050012120131
3613050012120132
3613050012120133
3613050012120134
3613050012120135
3613050012120136
3613050012120137
3613050012120138
3613050012120139
3613050012120140
3613050012120141
3613050012120142
3613050012120143
3613050012120144
3613050012120145
3613050012120146
3613050012120147
3613050012120148
3613050012120149
3613050012120150
3613050012120151
3613050012120152
3613050012120153
3613050012120154
3613050012120155
3613050012120156
3613050012120157
3613050012120158
3613050012120159
3613050012120160
3613050012120161
3613050012120162
3613050012120163
3613050012120164
3613050012120165
3613050012120166
3613050012120167
3613050012120168
3613050012120169
3613050012120170
3613050012120171
3613050012120172
3613050012120173
3613050012120174
3613050012120175
3613050012120176
3613050012120177
3613050012120178
3613050012120179
3613050012120180
3613050012120181
3613050012120182
3613050012120183
3613050012120184
3613050012120185
3613050012120186
3613050012120187
3613050012120188
3613050012120189
3613050012120190
3613050012120191
3613050012120192
3613050012120193
3613050012120194
3613050012120195
3613050012120196
3613050012120197
3613050012120198
3613050012120199
3613050012120200
3613050012120201
3613050012120202
3613050012120203
3613050012120204
3613050012120205
3613050012120206
3613050012120207
3613050012120208
3613050012120209
3613050012120210
3613050012120211
3613050012120212
3613050012120213
3613050012120214
3613050012120215
3613050012120216
3613050012120217
3613050012120218
3613050012120219
3613050012120220
3613050012120221
3613050012120222
3613050012120223
3613050012120224
3613050012120225
3613050012120226
3613050012120227
3613050012120228
3613050012120229
3613050012120230
3613050012120231
3613050012120232
3613050012120233
3613050012120234
3613050012120235
3613050012120236
3613050012120237
3613050012120238
3613050012120239
3613050012120240
3613050012120241
3613050012120242
3613050012120243
3613050012120244
3613050012120245
3613050012120246
3613050012120247
3613050012120248
3613050012120249
3613050012120250
3613050012120251
3613050012120252
3613050012120253
3613050012120254
3613050012120255
3613050012120256
3613050012120257
3613050012120258
3613050012120259
3613050012120260
3613050012120261
3613050012120262
3613050012120263
3613050012120264
3613050012120265
3613050012120266
3613050012120267
3613050012120268
3613050012120269
3613050012120270
3613050012120271
3613050012120272
3613050012120273
3613050012120274
3613050012120275
3613050012120276
3613050012120277
3613050012120278
3613050012120279
3613050012120280
