868120169039440
868120169039457
868120169039465
868120169039473
868120169039481
868120169039499
868120169039507
868120169039515
868120169039523
868120169039531
868120169039549
868120169039556
868120169039564
868120169039572
868120169039580
868120169039598
868120169039606
868120169039614
868120169039622
868120169039630
868120169039648
868120169039655
868120169039663
868120169039671
868120169039689
868120169039697
868120169039705
868120169039713
868120169039721
868120169039739
868120169039747
868120169039754
868120169039762
868120169039770
868120169039788
868120169039796
868120169039804
868120169039812
868120169039820
868120169039838
868120169039846
868120169039853
868120169039861
868120169039879
868120169039887
868120169039895
868120169039903
868120169039911
868120169039929
868120169039937
868120169039945
868120169039952
868120169039960
868120169039978
868120169039986
868120169039994
868120169040000
868120169040018
868120169040026
868120169040034
868120169040042
868120169040059
868120169040067
868120169040075
868120169040083
868120169040091
868120169040109
868120169040117
868120169040125
868120169040133
868120169040141
868120169040158
868120169040166
868120169040174
868120169040182
868120169040190
868120169040208
868120169040216
868120169040224
868120169040232
868120169040240
868120169040257
868120169040265
868120169040273
868120169040281
868120169040299
868120169040307
868120169040315
868120169040323
868120169040331
868120169040349
868120169040356
868120169040364
868120169040372
868120169040380
868120169040398
868120169040406
868120169040414
868120169040422
868120169040430
868120169040448
868120169040455
868120169040463
868120169040471
868120169040489
868120169040497
868120169040505
868120169040513
868120169040521
868120169040539
868120169040547
868120169040554
868120169040562
868120169040570
868120169040588
868120169040596
868120169040604
868120169040612
868120169040620
868120169040638
868120169040646
868120169040653
868120169040661
868120169040679
868120169040687
868120169040695
868120169040703
868120169040711
868120169040729
868120169040737
868120169040745
868120169040752
868120169040760
868120169040778
868120169040786
868120169040794
868120169040802
868120169040810
868120169040828
868120169040836
868120169040844
868120169040851
868120169040869
868120169040877
868120169040885
868120169040893
868120169040901
868120169040919
868120169040927
868120169040935
868120169040943
868120169040950
868120169040968
868120169040976
868120169040984
868120169040992
868120169041008
868120169041016
868120169041024
868120169041032
868120169041040
868120169041057
868120169041065
868120169041073
868120169041081
868120169041099
868120169041107
868120169041115
868120169041123
868120169041131
868120169041149
868120169041156
868120169041164
868120169041172
868120169041180
868120169041198
868120169041206
868120169041214
868120169041222
868120169041230
868120169041248
868120169041255
868120169041263
868120169041271
868120169041289
868120169041297
868120169041305
868120169041313
868120169041321
868120169041339
868120169041347
868120169041354
868120169041362
868120169041370
868120169041388
868120169041396
868120169041404
868120169041412
868120169041420
868120169041438
868120169041446
868120169041453
868120169041461
868120169041479
868120169041487
868120169041495
868120169041503
868120169041511
868120169041529
868120169041537
868120169041545
868120169041552
868120169041560
868120169041578
868120169041586
868120169041594
868120169041602
868120169041610
868120169041628
868120169041636
868120169041644
868120169041651
868120169041669
868120169041677
868120169041685
868120169041693
868120169041701
868120169041719
868120169041727
868120169041735
868120169041743
868120169041750
868120169041768
868120169041776
868120169041784
868120169041792
868120169041800
868120169041818
868120169041826
868120169041834
868120169041842
868120169041859
868120169041867
868120169041875
868120169041883
868120169041891
868120169041909
868120169041917
868120169041925
868120169041933
868120169041941
868120169041958
868120169041966
868120169041974
868120169041982
868120169041990
868120169042006
868120169042014
868120169042022
868120169042030
868120169042048
868120169042055
868120169042063
868120169042071
868120169042089
868120169042097
868120169042105
868120169042113
868120169042121
868120169042139
868120169042147
868120169042154
868120169042162
868120169042170
868120169042188
868120169042196
868120169042204
868120169042212
868120169042220
868120169042238
868120169042246
868120169042253
868120169042261
868120169042279
868120169042287
868120169042295
868120169042303
868120169042311
868120169042329
868120169042337
868120169042345
868120169042352
868120169042360
868120169042378
868120169042386
868120169042394
868120169042402
868120169042410
868120169042428
868120169042436
868120169042444
868120169042451
868120169042469
868120169042477
868120169042485
868120169042493
868120169042501
868120169042519
868120169042527
868120169042535
868120169042543
868120169042550
868120169042568
868120169042576
868120169042584
868120169042592
868120169042600
868120169042618
868120169042626
868120169042634
868120169042642
868120169042659
868120169042667
868120169042675
868120169042683
868120169042691
868120169042709
868120169042717
868120169042725
868120169042733
868120169042741
868120169042758
868120169042766
868120169042774
868120169042782
868120169042790
868120169042808
868120169042816
868120169042824
868120169042832
868120169042840
868120169042857
868120169042865
868120169042873
868120169042881
868120169042899
868120169042907
868120169042915
868120169042923
868120169042931
868120169042949
868120169042956
868120169042964
868120169042972
868120169042980
868120169042998
868120169043004
868120169043012
868120169043020
868120169043038
868120169043046
868120169043053
868120169043061
868120169043079
868120169043087
868120169043095
868120169043103
868120169043111
868120169043129
868120169043137
868120169043145
868120169043152
868120169043160
868120169043178
868120169043186
868120169043194
868120169043202
868120169043210
868120169043228
868120169043236
868120169043244
868120169043251
868120169043269
868120169043277
868120169043285
868120169043293
868120169043301
868120169043319
868120169043327
868120169043335
868120169043343
868120169043350
868120169043368
868120169043376
868120169043384
868120169043392
868120169043400
868120169043418
868120169043426
868120169043434
868120169043442
868120169043459
868120169043467
868120169043475
868120169043483
868120169043491
868120169043509
868120169043517
868120169043525
868120169043533
868120169043541
868120169043558
868120169043566
868120169043574
868120169043582
868120169043590
868120169043608
868120169043616
868120169043624
868120169043632
868120169043640
868120169043657
868120169043665
868120169043673
868120169043681
868120169043699
868120169043707
868120169043715
868120169043723
868120169043731
868120169043749
868120169043756
868120169043764
868120169043772
868120169043780
868120169043798
868120169043806
868120169043814
868120169043822
868120169043830
868120169043848
868120169043855
868120169043863
868120169043871
868120169043889
868120169043897
868120169043905
868120169043913
868120169043921
868120169043939
868120169043947
868120169043954
868120169043962
868120169043970
868120169043988
868120169043996
868120169044002
868120169044010
868120169044028
868120169044036
868120169044044
868120169044051
868120169044069
868120169044077
868120169044085
868120169044093
868120169044101
868120169044119
868120169044127
868120169044135
868120169044143
868120169044150
868120169044168
868120169044176
868120169044184
868120169044192
868120169044200
868120169044218
868120169044226
868120169044234
868120169044242
868120169044259
868120169044267
868120169044275
868120169044283
868120169044291
868120169044309
868120169044317
868120169044325
868120169044333
868120169044341
868120169044358
868120169044366
868120169044374
868120169044382
868120169044390
868120169044408
868120169044416
868120169044424
868120169044432
868120169044440
868120169044457
868120169044465
868120169044473
868120169044481
868120169044499
868120169044507
868120169044515
868120169044523
868120169044531
868120169044549
868120169044556
868120169044564
868120169044572
868120169044580
868120169044598
868120169044606
868120169044614
868120169044622
868120169044630
868120169044648
868120169044655
868120169044663
868120169044671
868120169044689
868120169044697
868120169044705
868120169044713
868120169044721
868120169044739
868120169044747
868120169044754
868120169044762
868120169044770
868120169044788
868120169044796
868120169044804
868120169044812
868120169044820
868120169044838
868120169044846
868120169044853
868120169044861
868120169044879
868120169044887
868120169044895
868120169044903
868120169044911
868120169044929
868120169044937
868120169044945
868120169044952
868120169044960
868120169044978
868120169044986
868120169044994
868120169045009
868120169045017
868120169045025
868120169045033
868120169045041
868120169045058
868120169045066
868120169045074
868120169045082
868120169045090
868120169045108
868120169045116
868120169045124
868120169045132
868120169045140
868120169045157
868120169045165
868120169045173
868120169045181
868120169045199
868120169045207
868120169045215
868120169045223
868120169045231
868120169045249
868120169045256
868120169045264
868120169045272
868120169045280
868120169045298
868120169045306
868120169045314
868120169045322
868120169045330
868120169045348
868120169045355
868120169045363
868120169045371
868120169045389
868120169045397
868120169045405
868120169045413
868120169045421
868120169045439
868120169045447
868120169045454
868120169045462
868120169045470
868120169045488
868120169045496
868120169045504
868120169045512
868120169045520
868120169045538
868120169045546
868120169045553
868120169045561
868120169045579
868120169045587
868120169045595
868120169045603
868120169045611
868120169045629
868120169045637
868120169045645
868120169045652
868120169045660
868120169045678
868120169045686
868120169045694
868120169045702
868120169045710
868120169045728
868120169045736
868120169045744
868120169045751
868120169045769
868120169045777
868120169045785
868120169045793
868120169045801
868120169045819
868120169045827
868120169045835
868120169045843
868120169045850
868120169045868
868120169045876
868120169045884
868120169045892
868120169045900
868120169045918
868120169045926
868120169045934
868120169045942
868120169045959
868120169045967
868120169045975
868120169045983
868120169045991
868120169046007
868120169046015
868120169046023
868120169046031
868120169046049
868120169046056
868120169046064
868120169046072
868120169046080
868120169046098
868120169046106
868120169046114
868120169046122
868120169046130
868120169046148
868120169046155
868120169046163
868120169046171
868120169046189
868120169046197
868120169046205
868120169046213
868120169046221
868120169046239
868120169046247
868120169046254
868120169046262
868120169046270
868120169046288
868120169046296
868120169046304
868120169046312
868120169046320
868120169046338
868120169046346
868120169046353
868120169046361
868120169046379
868120169046387
868120169046395
868120169046403
868120169046411
868120169046429
868120169046437
868120169046445
868120169046452
868120169046460
868120169046478
868120169046486
868120169046494
868120169046502
868120169046510
868120169046528
868120169046536
868120169046544
868120169046551
868120169046569
868120169046577
868120169046585
868120169046593
868120169046601
868120169046619
868120169046627
868120169046635
868120169046643
868120169046650
868120169046668
868120169046676
868120169046684
868120169046692
868120169046700
868120169046718
868120169046726
868120169046734
868120169046742
868120169046759
868120169046767
868120169046775
868120169046783
868120169046791
868120169046809
868120169046817
868120169046825
868120169046833
868120169046841
868120169046858
868120169046866
868120169046874
868120169046882
868120169046890
868120169046908
868120169046916
868120169046924
868120169046932
868120169046940
868120169046957
868120169046965
868120169046973
868120169046981
868120169046999
868120169047005
868120169047013
868120169047021
868120169047039
868120169047047
868120169047054
868120169047062
868120169047070
868120169047088
868120169047096
868120169047104
868120169047112
868120169047120
868120169047138
868120169047146
868120169047153
868120169047161
868120169047179
868120169047187
868120169047195
868120169047203
868120169047211
868120169047229
868120169047237
868120169047245
868120169047252
868120169047260
868120169047278
868120169047286
868120169047294
868120169047302
868120169047310
868120169047328
868120169047336
868120169047344
868120169047351
868120169047369
868120169047377
868120169047385
868120169047393
868120169047401
868120169047419
868120169047427
868120169047435
868120169047443
868120169047450
868120169047468
868120169047476
868120169047484
868120169047492
868120169047500
868120169047518
868120169047526
868120169047534
868120169047542
868120169047559
868120169047567
868120169047575
868120169047583
868120169047591
868120169047609
868120169047617
868120169047625
868120169047633
868120169047641
868120169047658
868120169047666
868120169047674
868120169047682
868120169047690
868120169047708
868120169047716
868120169047724
868120169047732
868120169047740
868120169047757
868120169047765
868120169047773
868120169047781
868120169047799
868120169047807
868120169047815
868120169047823
868120169047831
868120169047849
868120169047856
868120169047864
868120169047872
868120169047880
868120169047898
868120169047906
868120169047914
868120169047922
868120169047930
868120169047948
868120169047955
868120169047963
868120169047971
868120169047989
868120169047997
868120169048003
868120169048011
868120169048029
868120169048037
868120169048045
868120169048052
868120169048060
868120169048078
868120169048086
868120169048094
868120169048102
868120169048110
868120169048128
868120169048136
868120169048144
868120169048151
868120169048169
868120169048177
868120169048185
868120169048193
868120169048201
868120169048219
868120169048227
868120169048235
868120169048243
868120169048250
868120169048268
868120169048276
868120169048284
868120169048292
868120169048300
868120169048318
868120169048326
868120169048334
868120169048342
868120169048359
868120169048367
868120169048375
868120169048383
868120169048391
868120169048409
868120169048417
868120169048425
868120169048433
868120169048441
868120169048458
868120169048466
868120169048474
868120169048482
868120169048490
868120169048508
868120169048516
868120169048524
868120169048532
868120169048540
868120169048557
868120169048565
868120169048573
868120169048581
868120169048599
868120169048607
868120169048615
868120169048623
868120169048631
868120169048649
868120169048656
868120169048664
868120169048672
868120169048680
868120169048698
868120169048706
868120169048714
868120169048722
868120169048730
868120169048748
868120169048755
868120169048763
868120169048771
868120169048789
868120169048797
868120169048805
868120169048813
868120169048821
868120169048839
868120169048847
868120169048854
868120169048862
868120169048870
868120169048888
868120169048896
868120169048904
868120169048912
868120169048920
868120169048938
868120169048946
868120169048953
868120169048961
868120169048979
868120169048987
868120169048995
868120169049001
868120169049019
868120169049027
868120169049035
868120169049043
868120169049050
868120169049068
868120169049076
868120169049084
868120169049092
868120169049100
868120169049118
868120169049126
868120169049134
868120169049142
868120169049159
868120169049167
868120169049175
868120169049183
868120169049191
868120169049209
868120169049217
868120169049225
868120169049233
868120169049241
868120169049258
868120169049266
868120169049274
868120169049282
868120169049290
868120169049308
868120169049316
868120169049324
868120169049332
868120169049340
868120169049357
868120169049365
868120169049373
868120169049381
868120169049399
868120169049407
868120169049415
868120169049423
868120169049431
868120169049449
868120169049456
868120169049464
868120169049472
868120169049480
868120169049498
868120169049506
868120169049514
868120169049522
868120169049530
868120169049548
868120169049555
868120169049563
868120169049571
868120169049589
868120169049597
868120169049605
868120169049613
868120169049621
868120169049639
868120169049647
868120169049654
868120169049662
868120169049670
868120169049688
868120169049696
868120169049704
868120169049712
868120169049720
868120169049738
868120169049746
868120169049753
868120169049761
868120169049779
868120169049787
868120169049795
868120169049803
868120169049811
868120169049829
868120169049837
868120169049845
868120169049852
868120169049860
868120169049878
868120169049886
868120169049894
868120169049902
868120169049910
868120169049928
868120169049936
868120169049944
868120169049951
868120169049969
868120169049977
868120169049985
868120169049993
868120169050009
868120169050017
868120169050025
868120169050033
868120169050041
868120169050058
868120169050066
868120169050074
868120169050082
868120169050090
868120169050108
868120169050116
868120169050124
868120169050132
868120169050140
868120169050157
868120169050165
868120169050173
868120169050181
868120169050199
868120169050207
868120169050215
868120169050223
868120169050231
868120169050249
868120169050256
868120169050264
868120169050272
868120169050280
868120169050298
868120169050306
868120169050314
868120169050322
868120169050330
868120169050348
868120169050355
868120169050363
868120169050371
868120169050389
868120169050397
868120169050405
868120169050413
868120169050421
868120169050439
868120169050447
868120169050454
868120169050462
868120169050470
868120169050488
868120169050496
868120169050504
868120169050512
868120169050520
868120169050538
868120169050546
868120169050553
868120169050561
868120169050579
868120169050587
868120169050595
868120169050603
868120169050611
868120169050629
868120169050637
868120169050645
868120169050652
868120169050660
868120169050678
868120169050686
868120169050694
868120169050702
868120169050710
868120169050728
868120169050736
868120169050744
868120169050751
868120169050769
868120169050777
868120169050785
868120169050793
868120169050801
868120169050819
868120169050827
868120169050835
868120169050843
868120169050850
868120169050868
868120169050876
868120169050884
868120169050892
868120169050900
868120169050918
868120169050926
868120169050934
868120169050942
868120169050959
868120169050967
868120169050975
868120169050983
868120169050991
868120169051007
868120169051015
868120169051023
868120169051031
868120169051049
868120169051056
868120169051064
868120169051072
868120169051080
868120169051098
868120169051106
868120169051114
868120169051122
868120169051130
868120169051148
868120169051155
868120169051163
868120169051171
868120169051189
868120169051197
868120169051205
868120169051213
868120169051221
868120169051239
868120169051247
868120169051254
868120169051262
868120169051270
868120169051288
868120169051296
868120169051304
868120169051312
868120169051320
868120169051338
868120169051346
868120169051353
868120169051361
868120169051379
868120169051387
868120169051395
868120169051403
868120169051411
868120169051429
868120169051437
868120169051445
868120169051452
868120169051460
868120169051478
868120169051486
868120169051494
868120169051502
868120169051510
868120169051528
868120169051536
868120169051544
868120169051551
868120169051569
868120169051577
868120169051585
868120169051593
868120169051601
868120169051619
868120169051627
868120169051635
868120169051643
868120169051650
868120169051668
868120169051676
868120169051684
868120169051692
868120169051700
868120169051718
868120169051726
868120169051734
868120169051742
868120169051759
868120169051767
868120169051775
868120169051783
868120169051791
868120169051809
868120169051817
868120169051825
868120169051833
868120169051841
868120169051858
868120169051866
868120169051874
868120169051882
868120169051890
868120169051908
868120169051916
868120169051924
868120169051932
868120169051940
868120169051957
868120169051965
868120169051973
868120169051981
868120169051999
868120169052005
868120169052013
868120169052021
868120169052039
868120169052047
868120169052054
868120169052062
868120169052070
868120169052088
868120169052096
868120169052104
868120169052112
868120169052120
868120169052138
868120169052146
868120169052153
868120169052161
868120169052179
868120169052187
868120169052195
868120169052203
868120169052211
868120169052229
868120169052237
868120169052245
868120169052252
868120169052260
868120169052278
868120169052286
868120169052294
868120169052302
868120169052310
868120169052328
868120169052336
868120169052344
868120169052351
868120169052369
868120169052377
868120169052385
868120169052393
868120169052401
868120169052419
868120169052427
868120169052435
868120169052443
868120169052450
868120169052468
868120169052476
868120169052484
868120169052492
868120169052500
868120169052518
868120169052526
868120169052534
868120169052542
868120169052559
868120169052567
868120169052575
868120169052583
868120169052591
868120169052609
868120169052617
868120169052625
868120169052633
868120169052641
868120169052658
868120169052666
868120169052674
868120169052682
868120169052690
868120169052708
868120169052716
868120169052724
868120169052732
868120169052740
868120169052757
868120169052765
868120169052773
868120169052781
868120169052799
868120169052807
868120169052815
868120169052823
868120169052831
868120169052849
868120169052856
868120169052864
868120169052872
868120169052880
868120169052898
868120169052906
868120169052914
868120169052922
868120169052930
868120169052948
868120169052955
868120169052963
868120169052971
868120169052989
868120169052997
868120169053003
868120169053011
868120169053029
868120169053037
868120169053045
868120169053052
868120169053060
868120169053078
868120169053086
868120169053094
868120169053102
868120169053110
868120169053128
868120169053136
868120169053144
868120169053151
868120169053169
868120169053177
868120169053185
868120169053193
868120169053201
868120169053219
868120169053227
868120169053235
868120169053243
868120169053250
868120169053268
868120169053276
868120169053284
868120169053292
868120169053300
868120169053318
868120169053326
868120169053334
868120169053342
868120169053359
868120169053367
868120169053375
868120169053383
868120169053391
868120169053409
868120169053417
868120169053425
868120169053433
868120169053441
868120169053458
868120169053466
868120169053474
868120169053482
868120169053490
868120169053508
868120169053516
868120169053524
868120169053532
868120169053540
868120169053557
868120169053565
868120169053573
868120169053581
868120169053599
868120169053607
868120169053615
868120169053623
868120169053631
868120169053649
868120169053656
868120169053664
868120169053672
868120169053680
868120169053698
868120169053706
868120169053714
868120169053722
868120169053730
868120169053748
868120169053755
868120169053763
868120169053771
868120169053789
868120169053797
868120169053805
868120169053813
868120169053821
868120169053839
868120169053847
868120169053854
868120169053862
868120169053870
868120169053888
868120169053896
868120169053904
868120169053912
868120169053920
868120169053938
868120169053946
868120169053953
868120169053961
868120169053979
868120169053987
868120169053995
868120169054001
868120169054019
868120169054027
868120169054035
868120169054043
868120169054050
868120169054068
868120169054076
868120169054084
868120169054092
868120169054100
868120169054118
868120169054126
868120169054134
868120169054142
868120169054159
868120169054167
868120169054175
868120169054183
868120169054191
868120169054209
868120169054217
868120169054225
868120169054233
868120169054241
868120169054258
868120169054266
868120169054274
868120169054282
868120169054290
868120169054308
868120169054316
868120169054324
868120169054332
868120169054340
868120169054357
868120169054365
868120169054373
868120169054381
868120169054399
868120169054407
868120169054415
868120169054423
868120169054431
868120169054449
868120169054456
868120169054464
868120169054472
868120169054480
868120169054498
868120169054506
868120169054514
868120169054522
868120169054530
868120169054548
868120169054555
868120169054563
868120169054571
868120169054589
868120169054597
868120169054605
868120169054613
868120169054621
868120169054639
868120169054647
868120169054654
868120169054662
868120169054670
868120169054688
868120169054696
868120169054704
868120169054712
868120169054720
868120169054738
868120169054746
868120169054753
868120169054761
868120169054779
868120169054787
868120169054795
868120169054803
868120169054811
868120169054829
868120169054837
868120169054845
868120169054852
868120169054860
868120169054878
868120169054886
868120169054894
868120169054902
868120169054910
868120169054928
868120169054936
868120169054944
868120169054951
868120169054969
868120169054977
868120169054985
868120169054993
868120169055008
868120169055016
868120169055024
868120169055032
868120169055040
868120169055057
868120169055065
868120169055073
868120169055081
868120169055099
868120169055107
868120169055115
868120169055123
868120169055131
868120169055149
868120169055156
868120169055164
868120169055172
868120169055180
868120169055198
868120169055206
868120169055214
868120169055222
868120169055230
868120169055248
868120169055255
868120169055263
868120169055271
868120169055289
868120169055297
868120169055305
868120169055313
868120169055321
868120169055339
868120169055347
868120169055354
868120169055362
868120169055370
868120169055388
868120169055396
868120169055404
868120169055412
868120169055420
868120169055438
868120169055446
868120169055453
868120169055461
868120169055479
868120169055487
868120169055495
868120169055503
868120169055511
868120169055529
868120169055537
868120169055545
868120169055552
868120169055560
868120169055578
868120169055586
868120169055594
868120169055602
868120169055610
868120169055628
868120169055636
868120169055644
868120169055651
868120169055669
868120169055677
868120169055685
868120169055693
868120169055701
868120169055719
868120169055727
868120169055735
868120169055743
868120169055750
868120169055768
868120169055776
868120169055784
868120169055792
868120169055800
868120169055818
868120169055826
868120169055834
868120169055842
868120169055859
868120169055867
868120169055875
868120169055883
868120169055891
868120169055909
868120169055917
868120169055925
868120169055933
868120169055941
868120169055958
868120169055966
868120169055974
868120169055982
868120169055990
868120169056006
868120169056014
868120169056022
868120169056030
868120169056048
868120169056055
868120169056063
868120169056071
868120169056089
868120169056097
868120169056105
868120169056113
868120169056121
868120169056139
868120169056147
868120169056154
868120169056162
868120169056170
868120169056188
868120169056196
868120169056204
868120169056212
868120169056220
868120169056238
868120169056246
868120169056253
868120169056261
868120169056279
868120169056287
868120169056295
868120169056303
868120169056311
868120169056329
868120169056337
868120169056345
868120169056352
868120169056360
868120169056378
868120169056386
868120169056394
868120169056402
868120169056410
868120169056428
868120169056436
868120169056444
868120169056451
868120169056469
868120169056477
868120169056485
868120169056493
868120169056501
868120169056519
868120169056527
868120169056535
868120169056543
868120169056550
868120169056568
868120169056576
868120169056584
868120169056592
868120169056600
868120169056618
868120169056626
868120169056634
868120169056642
868120169056659
868120169056667
868120169056675
868120169056683
868120169056691
868120169056709
868120169056717
868120169056725
868120169056733
868120169056741
868120169056758
868120169056766
868120169056774
868120169056782
868120169056790
868120169056808
868120169056816
868120169056824
868120169056832
868120169056840
868120169056857
868120169056865
868120169056873
868120169056881
868120169056899
868120169056907
868120169056915
868120169056923
868120169056931
868120169056949
868120169056956
868120169056964
868120169056972
868120169056980
868120169056998
868120169057004
868120169057012
868120169057020
868120169057038
868120169057046
868120169057053
868120169057061
868120169057079
868120169057087
868120169057095
868120169057103
868120169057111
868120169057129
868120169057137
868120169057145
868120169057152
868120169057160
868120169057178
868120169057186
868120169057194
868120169057202
868120169057210
868120169057228
868120169057236
868120169057244
868120169057251
868120169057269
868120169057277
868120169057285
868120169057293
868120169057301
868120169057319
868120169057327
868120169057335
868120169057343
868120169057350
868120169057368
868120169057376
868120169057384
868120169057392
868120169057400
868120169057418
868120169057426
868120169057434
868120169057442
868120169057459
868120169057467
868120169057475
868120169057483
868120169057491
868120169057509
868120169057517
868120169057525
868120169057533
868120169057541
868120169057558
868120169057566
868120169057574
868120169057582
868120169057590
868120169057608
868120169057616
868120169057624
868120169057632
868120169057640
868120169057657
868120169057665
868120169057673
868120169057681
868120169057699
868120169057707
868120169057715
868120169057723
868120169057731
868120169057749
868120169057756
868120169057764
868120169057772
868120169057780
868120169057798
868120169057806
868120169057814
868120169057822
868120169057830
868120169057848
868120169057855
868120169057863
868120169057871
868120169057889
868120169057897
868120169057905
868120169057913
868120169057921
868120169057939
868120169057947
868120169057954
868120169057962
868120169057970
868120169057988
868120169057996
868120169058002
868120169058010
868120169058028
868120169058036
868120169058044
868120169058051
868120169058069
868120169058077
868120169058085
868120169058093
868120169058101
868120169058119
868120169058127
868120169058135
868120169058143
868120169058150
868120169058168
868120169058176
868120169058184
868120169058192
868120169058200
868120169058218
868120169058226
868120169058234
868120169058242
868120169058259
868120169058267
868120169058275
868120169058283
868120169058291
868120169058309
868120169058317
868120169058325
868120169058333
868120169058341
868120169058358
868120169058366
868120169058374
868120169058382
868120169058390
868120169058408
868120169058416
868120169058424
868120169058432
868120169058440
868120169058457
868120169058465
868120169058473
868120169058481
868120169058499
868120169058507
868120169058515
868120169058523
868120169058531
868120169058549
868120169058556
868120169058564
868120169058572
868120169058580
868120169058598
868120169058606
868120169058614
868120169058622
868120169058630
868120169058648
868120169058655
868120169058663
868120169058671
868120169058689
868120169058697
868120169058705
868120169058713
868120169058721
868120169058739
868120169058747
868120169058754
868120169058762
868120169058770
868120169058788
868120169058796
868120169058804
868120169058812
868120169058820
868120169058838
868120169058846
868120169058853
868120169058861
868120169058879
868120169058887
868120169058895
868120169058903
868120169058911
868120169058929
868120169058937
868120169058945
868120169058952
868120169058960
868120169058978
868120169058986
868120169058994
868120169059000
868120169059018
868120169059026
868120169059034
868120169059042
868120169059059
868120169059067
868120169059075
868120169059083
868120169059091
868120169059109
868120169059117
868120169059125
868120169059133
868120169059141
868120169059158
868120169059166
868120169059174
868120169059182
868120169059190
868120169059208
868120169059216
868120169059224
868120169059232
868120169059240
868120169059257
868120169059265
868120169059273
868120169059281
868120169059299
868120169059307
868120169059315
868120169059323
868120169059331
868120169059349
868120169059356
868120169059364
868120169059372
868120169059380
868120169059398
868120169059406
868120169059414
868120169059422
868120169059430
868120169059448
868120169059455
868120169059463
868120169059471
868120169059489
868120169059497
868120169059505
868120169059513
868120169059521
868120169059539
868120169059547
868120169059554
868120169059562
868120169059570
868120169059588
868120169059596
868120169059604
868120169059612
868120169059620
868120169059638
868120169059646
868120169059653
868120169059661
868120169059679
868120169059687
868120169059695
868120169059703
868120169059711
868120169059729
868120169059737
868120169059745
868120169059752
868120169059760
868120169059778
868120169059786
868120169059794
868120169059802
868120169059810
868120169059828
868120169059836
868120169059844
868120169059851
868120169059869
868120169059877
868120169059885
868120169059893
868120169059901
868120169059919
868120169059927
868120169059935
868120169059943
868120169059950
868120169059968
868120169059976
868120169059984
868120169059992
868120169060008
868120169060016
868120169060024
868120169060032
868120169060040
868120169060057
868120169060065
868120169060073
868120169060081
868120169060099
868120169060107
868120169060115
868120169060123
868120169060131
868120169060149
868120169060156
868120169060164
868120169060172
868120169060180
868120169060198
868120169060206
868120169060214
868120169060222
868120169060230
868120169060248
868120169060255
868120169060263
868120169060271
868120169060289
868120169060297
868120169060305
868120169060313
868120169060321
868120169060339
868120169060347
868120169060354
868120169060362
868120169060370
868120169060388
868120169060396
868120169060404
868120169060412
868120169060420
868120169060438
868120169060446
868120169060453
868120169060461
868120169060479
868120169060487
868120169060495
868120169060503
868120169060511
868120169060529
868120169060537
868120169060545
868120169060552
868120169060560
868120169060578
868120169060586
868120169060594
868120169060602
868120169060610
868120169060628
868120169060636
868120169060644
868120169060651
868120169060669
868120169060677
868120169060685
868120169060693
868120169060701
868120169060719
868120169060727
868120169060735
868120169060743
868120169060750
868120169060768
868120169060776
868120169060784
868120169060792
868120169060800
868120169060818
868120169060826
868120169060834
868120169060842
868120169060859
868120169060867
868120169060875
868120169060883
868120169060891
868120169060909
868120169060917
868120169060925
868120169060933
868120169060941
868120169060958
868120169060966
868120169060974
868120169060982
868120169060990
868120169061006
868120169061014
868120169061022
868120169061030
868120169061048
868120169061055
868120169061063
868120169061071
868120169061089
868120169061097
868120169061105
868120169061113
868120169061121
868120169061139
868120169061147
868120169061154
868120169061162
868120169061170
868120169061188
868120169061196
868120169061204
868120169061212
868120169061220
868120169061238
868120169061246
868120169061253
868120169061261
868120169061279
868120169061287
868120169061295
868120169061303
868120169061311
868120169061329
868120169061337
868120169061345
868120169061352
868120169061360
868120169061378
868120169061386
868120169061394
868120169061402
868120169061410
868120169061428
868120169061436
868120169061444
868120169061451
868120169061469
868120169061477
868120169061485
868120169061493
868120169061501
868120169061519
868120169061527
868120169061535
868120169061543
868120169061550
868120169061568
868120169061576
868120169061584
868120169061592
868120169061600
868120169061618
868120169061626
868120169061634
868120169061642
868120169061659
868120169061667
868120169061675
868120169061683
868120169061691
868120169061709
868120169061717
868120169061725
868120169061733
868120169061741
868120169061758
868120169061766
868120169061774
868120169061782
868120169061790
868120169061808
868120169061816
868120169061824
868120169061832
868120169061840
868120169061857
868120169061865
868120169061873
868120169061881
868120169061899
868120169061907
868120169061915
868120169061923
868120169061931
868120169061949
868120169061956
868120169061964
868120169061972
868120169061980
868120169061998
868120169062004
868120169062012
868120169062020
868120169062038
868120169062046
868120169062053
868120169062061
868120169062079
868120169062087
868120169062095
868120169062103
868120169062111
868120169062129
868120169062137
868120169062145
868120169062152
868120169062160
868120169062178
868120169062186
868120169062194
868120169062202
868120169062210
868120169062228
868120169062236
868120169062244
868120169062251
868120169062269
868120169062277
868120169062285
868120169062293
868120169062301
868120169062319
868120169062327
868120169062335
868120169062343
868120169062350
868120169062368
868120169062376
868120169062384
868120169062392
868120169062400
868120169062418
868120169062426
868120169062434
868120169062442
868120169062459
868120169062467
868120169062475
868120169062483
868120169062491
868120169062509
868120169062517
868120169062525
868120169062533
868120169062541
868120169062558
868120169062566
868120169062574
868120169062582
868120169062590
868120169062608
868120169062616
868120169062624
868120169062632
868120169062640
868120169062657
868120169062665
868120169062673
868120169062681
868120169062699
868120169062707
868120169062715
868120169062723
868120169062731
868120169062749
868120169062756
868120169062764
868120169062772
868120169062780
868120169062798
868120169062806
868120169062814
868120169062822
868120169062830
868120169062848
868120169062855
868120169062863
868120169062871
868120169062889
868120169062897
868120169062905
868120169062913
868120169062921
868120169062939
868120169062947
868120169062954
868120169062962
868120169062970
868120169062988
868120169062996
868120169063002
868120169063010
868120169063028
868120169063036
868120169063044
868120169063051
868120169063069
868120169063077
868120169063085
868120169063093
868120169063101
868120169063119
868120169063127
868120169063135
868120169063143
868120169063150
868120169063168
868120169063176
868120169063184
868120169063192
868120169063200
868120169063218
868120169063226
868120169063234
868120169063242
868120169063259
868120169063267
868120169063275
868120169063283
868120169063291
868120169063309
868120169063317
868120169063325
868120169063333
868120169063341
868120169063358
868120169063366
868120169063374
868120169063382
868120169063390
868120169063408
868120169063416
868120169063424
868120169063432
868120169063440
868120169063457
868120169063465
868120169063473
868120169063481
868120169063499
868120169063507
868120169063515
868120169063523
868120169063531
868120169063549
868120169063556
868120169063564
868120169063572
868120169063580
868120169063598
868120169063606
868120169063614
868120169063622
868120169063630
868120169063648
868120169063655
868120169063663
868120169063671
868120169063689
868120169063697
868120169063705
868120169063713
868120169063721
868120169063739
868120169063747
868120169063754
868120169063762
868120169063770
868120169063788
868120169063796
868120169063804
868120169063812
868120169063820
868120169063838
868120169063846
868120169063853
868120169063861
868120169063879
868120169063887
868120169063895
868120169063903
868120169063911
868120169063929
868120169063937
868120169063945
868120169063952
868120169063960
868120169063978
868120169063986
868120169063994
868120169064000
868120169064018
868120169064026
868120169064034
868120169064042
868120169064059
868120169064067
868120169064075
868120169064083
868120169064091
868120169064109
868120169064117
868120169064125
868120169064133
868120169064141
868120169064158
868120169064166
868120169064174
868120169064182
868120169064190
868120169064208
868120169064216
868120169064224
868120169064232
868120169064240
868120169064257
868120169064265
868120169064273
868120169064281
868120169064299
868120169064307
868120169064315
868120169064323
868120169064331
868120169064349
868120169064356
868120169064364
868120169064372
868120169064380
868120169064398
868120169064406
868120169064414
868120169064422
868120169064430