862304027212235
862304027212243
862304027212250
862304027212268
862304027212276
862304027212284
862304027212292
862304027212300
862304027212318
862304027212326
862304027212334
862304027212342
862304027212359
862304027212367
862304027212375
862304027212383
862304027212391
862304027212409
862304027212417
862304027212425
862304027212433
862304027212441
862304027212458
862304027212466
862304027212474
862304027212482
862304027212490
862304027212508
862304027212516
862304027212524
862304027212532
862304027212540
862304027212557
862304027212565
862304027212573
862304027212581
862304027212599
862304027212607
862304027212615
862304027212623
862304027212631
862304027212649
862304027212656
862304027212664
862304027212672
862304027212680
862304027212698
862304027212706
862304027212714
862304027212722
862304027212730
862304027212748
862304027212755
862304027212763
862304027212771
862304027212789
862304027212797
862304027212805
862304027212813
862304027212821
862304027212839
862304027212847
862304027212854
862304027212862
862304027212870
862304027212888
862304027212896
862304027212904
862304027212912
862304027212920
862304027212938
862304027212946
862304027212953
862304027212961
862304027212979
862304027212987
862304027212995
862304027213001
862304027213019
862304027213027
862304027213035
862304027213043
862304027213050
862304027213068
862304027213076
862304027213084
862304027213092
862304027213100
862304027213118
862304027213126
862304027213134
862304027213142
862304027213159
862304027213167
862304027213175
862304027213183
862304027213191
862304027213209
862304027213217
862304027213225
862304027213233
862304027213241
862304027213258
862304027213266
862304027213274
862304027213282
862304027213290
862304027213308
862304027213316
862304027213324
862304027213332
862304027213340
862304027213357
862304027213365
862304027213373
862304027213381
862304027213399
862304027213407
862304027213415
862304027213423
862304027213431
862304027213449
862304027213456
862304027213464
862304027213472
862304027213480
862304027213498
862304027213506
862304027213514
862304027213522
862304027213530
862304027213548
862304027213555
862304027213563
862304027213571
862304027213589
862304027213597
862304027213605
862304027213613
862304027213621
862304027213639
862304027213647
862304027213654
862304027213662
862304027213670
862304027213688
862304027213696
862304027213704
862304027213712
862304027213720
862304027213738
862304027213746
862304027213753
862304027213761
862304027213779
862304027213787
862304027213795
862304027213803
862304027213811
862304027213829
862304027213837
862304027213845
862304027213852
862304027213860
862304027213878
862304027213886
862304027213894
862304027213902
862304027213910
862304027213928
862304027213936
862304027213944
862304027213951
862304027213969
862304027213977
862304027213985
862304027213993
862304027214009
862304027214017
862304027214025
862304027214033
862304027214041
862304027214058
862304027214066
862304027214074
862304027214082
862304027214090
862304027214108
862304027214116
862304027214124
862304027214132
862304027214140
862304027214157
862304027214165
862304027214173
862304027214181
862304027214199
862304027214207
862304027214215
862304027214223
862304027214231
862304027214249
862304027214256
862304027214264
862304027214272
862304027214280
862304027214298
862304027214306
862304027214314
862304027214322
862304027214330
862304027214348
862304027214355
862304027214363
862304027214371
862304027214389
862304027214397
862304027214405
862304027214413
862304027214421
862304027214439
862304027214447
862304027214454
862304027214462
862304027214470
862304027214488
862304027214496
862304027214504
862304027214512
862304027214520
862304027214538
862304027214546
862304027214553
862304027214561
862304027214579
862304027214587
862304027214595
862304027214603
862304027214611
862304027214629
862304027214637
862304027214645
862304027214652
862304027214660
862304027214678
862304027214686
862304027214694
862304027214702
862304027214710
862304027214728
862304027214736
862304027214744
862304027214751
862304027214769
862304027214777
862304027214785
862304027214793
862304027214801
862304027214819
862304027214827
862304027214835
862304027214843
862304027214850
862304027214868
862304027214876
862304027214884
862304027214892
862304027214900
862304027214918
862304027214926
862304027214934
862304027214942
862304027214959
862304027214967
862304027214975
862304027214983
862304027214991
862304027215006
862304027215014
862304027215022
862304027215030
862304027215048
862304027215055
862304027215063
862304027215071
862304027215089
862304027215097
862304027215105
862304027215113
862304027215121
862304027215139
862304027215147
862304027215154
862304027215162
862304027215170
862304027215188
862304027215196
862304027215204
862304027215212
862304027215220
862304027215238
862304027215246
862304027215253
862304027215261
862304027215279
862304027215287
862304027215295
862304027215303
862304027215311
862304027215329
862304027215337
862304027215345
862304027215352
862304027215360
862304027215378
862304027215386
862304027215394
862304027215402
862304027215410
862304027215428
862304027215436
862304027215444
862304027215451
862304027215469
862304027215477
862304027215485
862304027215493
862304027215501
862304027215519
862304027215527
862304027215535
862304027215543
862304027215550
862304027215568
862304027215576
862304027215584
862304027215592
862304027215600
862304027215618
862304027215626
862304027215634
862304027215642
862304027215659
862304027215667
862304027215675
862304027215683
862304027215691
862304027215709
862304027215717
862304027215725
862304027215733
862304027215741
862304027215758
862304027215766
862304027215774
862304027215782
862304027215790
862304027215808
862304027215816
862304027215824
862304027215832
862304027215840
862304027215857
862304027215865
862304027215873
862304027215881
862304027215899
862304027215907
862304027215915
862304027215923
862304027215931
862304027215949
862304027215956
862304027215964
862304027215972
862304027215980
862304027215998
862304027216004
862304027216012
862304027216020
862304027216038
862304027216046
862304027216053
862304027216061
862304027216079
862304027216087
862304027216095
862304027216103
862304027216111
862304027216129
862304027216137
862304027216145
862304027216152
862304027216160
862304027216178
862304027216186
862304027216194
862304027216202
862304027216210
862304027216228
862304027216236
862304027216244
862304027216251
862304027216269
862304027216277
862304027216285
862304027216293
862304027216301
862304027216319
862304027216327
862304027216335
862304027216343
862304027216350
862304027216368
862304027216376
862304027216384
862304027216392
862304027216400
862304027216418
862304027216426
862304027216434
862304027216442
862304027216459
862304027216467
862304027216475
862304027216483
862304027216491
862304027216509
862304027216517
862304027216525
862304027216533
862304027216541
862304027216558
862304027216566
862304027216574
862304027216582
862304027216590
862304027216608
862304027216616
862304027216624
862304027216632
862304027216640
862304027216657
862304027216665
862304027216673
862304027216681
862304027216699
862304027216707
862304027216715
862304027216723
862304027216731
862304027216749
862304027216756
862304027216764
862304027216772
862304027216780
862304027216798
862304027216806
862304027216814
862304027216822
862304027216830
862304027216848
862304027216855
862304027216863
862304027216871
862304027216889
862304027216897
862304027216905
862304027216913
862304027216921
862304027216939
862304027216947
862304027216954
862304027216962
862304027216970
862304027216988
862304027216996
862304027217002
862304027217010
862304027217028
862304027217036
862304027217044
862304027217051
862304027217069
862304027217077
862304027217085
862304027217093
862304027217101
862304027217119
862304027217127
862304027217135
862304027217143
862304027217150
862304027217168
862304027217176
862304027217184
862304027217192
862304027217200
862304027217218
862304027217226
862304027217234
862304027217242
862304027217259
862304027217267
862304027217275
862304027217283
862304027217291
862304027217309
862304027217317
862304027217325
862304027217333
862304027217341
862304027217358
862304027217366
862304027217374
862304027217382
862304027217390
862304027217408
862304027217416
862304027217424
862304027217432
862304027217440
862304027217457
862304027217465
862304027217473
862304027217481
862304027217499
862304027217507
862304027217515
862304027217523
862304027217531
862304027217549
862304027217556
862304027217564
862304027217572
862304027217580
862304027217598
862304027217606
862304027217614
862304027217622
862304027217630
862304027217648
862304027217655
862304027217663
862304027217671
862304027217689
862304027217697
862304027217705
862304027217713
862304027217721
862304027217739
862304027217747
862304027217754
862304027217762
862304027217770
862304027217788
862304027217796
862304027217804
862304027217812
862304027217820
862304027217838
862304027217846
862304027217853
862304027217861
862304027217879
862304027217887
862304027217895
862304027217903
862304027217911
862304027217929
862304027217937
862304027217945
862304027217952
862304027217960
862304027217978
862304027217986
862304027217994
862304027218000
862304027218018
862304027218026
862304027218034
862304027218042
862304027218059
862304027218067
862304027218075
862304027218083
862304027218091
862304027218109
862304027218117
862304027218125
862304027218133
862304027218141
862304027218158
862304027218166
862304027218174
862304027218182
862304027218190
862304027218208
862304027218216
862304027218224
862304027218232
862304027218240
862304027218257
862304027218265
862304027218273
862304027218281
862304027218299
862304027218307
862304027218315
862304027218323
862304027218331
862304027218349
862304027218356
862304027218364
862304027218372
862304027218380
862304027218398
862304027218406
862304027218414
862304027218422
862304027218430
862304027218448
862304027218455
862304027218463
862304027218471
862304027218489
862304027218497
862304027218505
862304027218513
862304027218521
862304027218539
862304027218547
862304027218554
862304027218562
862304027218570
862304027218588
862304027218596
862304027218604
862304027218612
862304027218620
862304027218638
862304027218646
862304027218653
862304027218661
862304027218679
862304027218687
862304027218695
862304027218703
862304027218711
862304027218729
862304027218737
862304027218745
862304027218752
862304027218760
862304027218778
862304027218786
862304027218794
862304027218802
862304027218810
862304027218828
862304027218836
862304027218844
862304027218851
862304027218869
862304027218877
862304027218885
862304027218893
862304027218901
862304027218919
862304027218927
862304027218935
862304027218943
862304027218950
862304027218968
862304027218976
862304027218984
862304027218992
862304027219008
862304027219016
862304027219024
862304027219032
862304027219040
862304027219057
862304027219065
862304027219073
862304027219081
862304027219099
862304027219107
862304027219115
862304027219123
862304027219131
862304027219149
862304027219156
862304027219164
862304027219172
862304027219180
862304027219198
862304027219206
862304027219214
862304027219222
862304027219230
862304027219248
862304027219255
862304027219263
862304027219271
862304027219289
862304027219297
862304027219305
862304027219313
862304027219321
862304027219339
862304027219347
862304027219354
862304027219362
862304027219370
862304027219388
862304027219396
862304027219404
862304027219412
862304027219420
862304027219438
862304027219446
862304027219453
862304027219461
862304027219479
862304027219487
862304027219495
862304027219503
862304027219511
862304027219529
862304027219537
862304027219545
862304027219552
862304027219560
862304027219578
862304027219586
862304027219594
862304027219602
862304027219610
862304027219628
862304027219636
862304027219644
862304027219651
862304027219669
862304027219677
862304027219685
862304027219693
862304027219701
862304027219719
862304027219727
862304027219735
862304027219743
862304027219750
862304027219768
862304027219776
862304027219784
862304027219792
862304027219800
862304027219818
862304027219826
862304027219834
862304027219842
862304027219859
862304027219867
862304027219875
862304027219883
862304027219891
862304027219909
862304027219917
862304027219925
862304027219933
862304027219941
862304027219958
862304027219966
862304027219974
862304027219982
862304027219990
862304027220006
862304027220014
862304027220022
862304027220030
862304027220048
862304027220055
862304027220063
862304027220071
862304027220089
862304027220097
862304027220105
862304027220113
862304027220121
862304027220139
862304027220147
862304027220154
862304027220162
862304027220170
862304027220188
862304027220196
862304027220204
862304027220212
862304027220220
862304027220238
862304027220246
862304027220253
862304027220261
862304027220279
862304027220287
862304027220295
862304027220303
862304027220311
862304027220329
862304027220337
862304027220345
862304027220352
862304027220360
862304027220378
862304027220386
862304027220394
862304027220402
862304027220410
862304027220428
862304027220436
862304027220444
862304027220451
862304027220469
862304027220477
862304027220485
862304027220493
862304027220501
862304027220519
862304027220527
862304027220535
862304027220543
862304027220550
862304027220568
862304027220576
862304027220584
862304027220592
862304027220600
862304027220618
862304027220626
862304027220634
862304027220642
862304027220659
862304027220667
862304027220675
862304027220683
862304027220691
862304027220709
862304027220717
862304027220725
862304027220733
862304027220741
862304027220758
862304027220766
862304027220774
862304027220782
862304027220790
862304027220808
862304027220816
862304027220824
862304027220832
862304027220840
862304027220857
862304027220865
862304027220873
862304027220881
862304027220899
862304027220907
862304027220915
862304027220923
862304027220931
862304027220949
862304027220956
862304027220964
862304027220972
862304027220980
862304027220998
862304027221004
862304027221012
862304027221020
862304027221038
862304027221046
862304027221053
862304027221061
862304027221079
862304027221087
862304027221095
862304027221103
862304027221111
862304027221129
862304027221137
862304027221145
862304027221152
862304027221160
862304027221178
862304027221186
862304027221194
862304027221202
862304027221210
862304027221228
862304027221236
862304027221244
862304027221251
862304027221269
862304027221277
862304027221285
862304027221293
862304027221301
862304027221319
862304027221327
862304027221335
862304027221343
862304027221350
862304027221368
862304027221376
862304027221384
862304027221392
862304027221400
862304027221418
862304027221426
862304027221434
862304027221442
862304027221459
862304027221467
862304027221475
862304027221483
862304027221491
862304027221509
862304027221517
862304027221525
862304027221533
862304027221541
862304027221558
862304027221566
862304027221574
862304027221582
862304027221590
862304027221608
862304027221616
862304027221624
862304027221632
862304027221640
862304027221657
862304027221665
862304027221673
862304027221681
862304027221699
862304027221707
862304027221715
862304027221723
862304027221731
862304027221749
862304027221756
862304027221764
862304027221772
862304027221780
862304027221798
862304027221806
862304027221814
862304027221822
862304027221830
862304027221848
862304027221855
862304027221863
862304027221871
862304027221889
862304027221897
862304027221905
862304027221913
862304027221921
862304027221939
862304027221947
862304027221954
862304027221962
862304027221970
862304027221988
862304027221996
862304027222002
862304027222010
862304027222028
862304027222036
862304027222044
862304027222051
862304027222069
862304027222077
862304027222085
862304027222093
862304027222101
862304027222119
862304027222127
862304027222135
862304027222143
862304027222150
862304027222168
862304027222176
862304027222184
862304027222192
862304027222200
862304027222218
862304027222226
862304027222234
862304027222242
862304027222259
862304027222267
862304027222275
862304027222283
862304027222291
862304027222309
862304027222317
862304027222325
862304027222333
862304027222341
862304027222358
862304027222366
862304027222374
862304027222382
862304027222390
862304027222408
862304027222416
862304027222424
862304027222432
862304027222440
862304027222457
862304027222465
862304027222473
862304027222481
862304027222499
862304027222507
862304027222515
862304027222523
862304027222531
862304027222549
862304027222556
862304027222564
862304027222572
862304027222580
862304027222598
862304027222606
862304027222614
862304027222622
862304027222630
862304027222648
862304027222655
862304027222663
862304027222671
862304027222689
862304027222697
862304027222705
862304027222713
862304027222721
862304027222739
862304027222747
862304027222754
862304027222762
862304027222770
862304027222788
862304027222796
862304027222804
862304027222812
862304027222820
862304027222838
862304027222846
862304027222853
862304027222861
862304027222879
862304027222887
862304027222895
862304027222903
862304027222911
862304027222929
862304027222937
862304027222945
862304027222952
862304027222960
862304027222978
862304027222986
862304027222994
862304027223000
862304027223018
862304027223026
862304027223034
862304027223042
862304027223059
862304027223067
862304027223075
862304027223083
862304027223091
862304027223109
862304027223117
862304027223125
862304027223133
862304027223141
862304027223158
862304027223166
862304027223174
862304027223182
862304027223190
862304027223208
862304027223216
862304027223224
862304027223232
862304027223240
862304027223257
862304027223265
862304027223273
862304027223281
862304027223299
862304027223307
862304027223315
862304027223323
862304027223331
862304027223349
862304027223356
862304027223364
862304027223372
862304027223380
862304027223398
862304027223406
862304027223414
862304027223422
862304027223430
862304027223448
862304027223455
862304027223463
862304027223471
862304027223489
862304027223497
862304027223505
862304027223513
862304027223521
862304027223539
862304027223547
862304027223554
862304027223562
862304027223570
862304027223588
862304027223596
862304027223604
862304027223612
862304027223620
862304027223638
862304027223646
862304027223653
862304027223661
862304027223679
862304027223687
862304027223695
862304027223703
862304027223711
862304027223729
862304027223737
862304027223745
862304027223752
862304027223760
862304027223778
862304027223786
862304027223794
862304027223802
862304027223810
862304027223828
862304027223836
862304027223844
862304027223851
862304027223869
862304027223877
862304027223885
862304027223893
862304027223901
862304027223919
862304027223927
862304027223935
862304027223943
862304027223950
862304027223968
862304027223976
862304027223984
862304027223992
862304027224008
862304027224016
862304027224024
862304027224032
862304027224040
862304027224057
862304027224065
862304027224073
862304027224081
862304027224099
862304027224107
862304027224115
862304027224123
862304027224131
862304027224149
862304027224156
862304027224164
862304027224172
862304027224180
862304027224198
862304027224206
862304027224214
862304027224222
862304027224230
862304027224248
862304027224255
862304027224263
862304027224271
862304027224289
862304027224297
862304027224305
862304027224313
862304027224321
862304027224339
862304027224347
862304027224354
862304027224362
862304027224370
862304027224388
862304027224396
862304027224404
862304027224412
862304027224420
862304027224438
862304027224446
862304027224453
862304027224461
862304027224479
862304027224487
862304027224495
862304027224503
862304027224511
862304027224529
862304027224537
862304027224545
862304027224552
862304027224560
862304027224578
862304027224586
862304027224594
862304027224602
862304027224610
862304027224628
862304027224636
862304027224644
862304027224651
862304027224669
862304027224677
862304027224685
862304027224693
862304027224701
862304027224719
862304027224727
862304027224735
862304027224743
862304027224750
862304027224768
862304027224776
862304027224784
862304027224792
862304027224800
862304027224818
862304027224826
862304027224834
862304027224842
862304027224859
862304027224867
862304027224875
862304027224883
862304027224891
862304027224909
862304027224917
862304027224925
862304027224933
862304027224941
862304027224958
862304027224966
862304027224974
862304027224982
862304027224990
862304027225005
862304027225013
862304027225021
862304027225039
862304027225047
862304027225054
862304027225062
862304027225070
862304027225088
862304027225096
862304027225104
862304027225112
862304027225120
862304027225138
862304027225146
862304027225153
862304027225161
862304027225179
862304027225187
862304027225195
862304027225203
862304027225211
862304027225229
862304027225237
862304027225245
862304027225252
862304027225260
862304027225278
862304027225286
862304027225294
862304027225302
862304027225310
862304027225328
862304027225336
862304027225344
862304027225351
862304027225369
862304027225377
862304027225385
862304027225393
862304027225401
862304027225419
862304027225427
862304027225435
862304027225443
862304027225450
862304027225468
862304027225476
862304027225484
862304027225492
862304027225500
862304027225518
862304027225526
862304027225534
862304027225542
862304027225559
862304027225567
862304027225575
862304027225583
862304027225591
862304027225609
862304027225617
862304027225625
862304027225633
862304027225641
862304027225658
862304027225666
862304027225674
862304027225682
862304027225690
862304027225708
862304027225716
862304027225724
862304027225732
862304027225740
862304027225757
862304027225765
862304027225773
862304027225781
862304027225799
862304027225807
862304027225815
862304027225823
862304027225831
862304027225849
862304027225856
862304027225864
862304027225872
862304027225880
862304027225898
862304027225906
862304027225914
862304027225922
862304027225930
862304027225948
862304027225955
862304027225963
862304027225971
862304027225989
862304027225997
862304027226003
862304027226011
862304027226029
862304027226037
862304027226045
862304027226052
862304027226060
862304027226078
862304027226086
862304027226094
862304027226102
862304027226110
862304027226128
862304027226136
862304027226144
862304027226151
862304027226169
862304027226177
862304027226185
862304027226193
862304027226201
862304027226219
862304027226227
862304027226235
862304027226243
862304027226250
862304027226268
862304027226276
862304027226284
862304027226292
862304027226300
862304027226318
862304027226326
862304027226334
862304027226342
862304027226359
862304027226367
862304027226375
862304027226383
862304027226391
862304027226409
862304027226417
862304027226425
862304027226433
862304027226441
862304027226458
862304027226466
862304027226474
862304027226482
862304027226490
862304027226508
862304027226516
862304027226524
862304027226532
862304027226540
862304027226557
862304027226565
862304027226573
862304027226581
862304027226599
862304027226607
862304027226615
862304027226623
862304027226631
862304027226649
862304027226656
862304027226664
862304027226672
862304027226680
862304027226698
862304027226706
862304027226714
862304027226722
862304027226730
862304027226748
862304027226755
862304027226763
862304027226771
862304027226789
862304027226797
862304027226805
862304027226813
862304027226821
862304027226839
862304027226847
862304027226854
862304027226862
862304027226870
862304027226888
862304027226896
862304027226904
862304027226912
862304027226920
862304027226938
862304027226946
862304027226953
862304027226961
862304027226979
862304027226987
862304027226995
862304027227001
862304027227019
862304027227027
862304027227035
862304027227043
862304027227050
862304027227068
862304027227076
862304027227084
862304027227092
862304027227100
862304027227118
862304027227126
862304027227134
862304027227142
862304027227159
862304027227167
862304027227175
862304027227183
862304027227191
862304027227209
862304027227217
862304027227225
862304027227233
862304027227241
862304027227258
862304027227266
862304027227274
862304027227282
862304027227290
862304027227308
862304027227316
862304027227324
862304027227332
862304027227340
862304027227357
862304027227365
862304027227373
862304027227381
862304027227399
862304027227407
862304027227415
862304027227423
862304027227431
862304027227449
862304027227456
862304027227464
862304027227472
862304027227480
862304027227498
862304027227506
862304027227514
862304027227522
862304027227530
862304027227548
862304027227555
862304027227563
862304027227571
862304027227589
862304027227597
862304027227605
862304027227613
862304027227621
862304027227639
862304027227647
862304027227654
862304027227662
862304027227670
862304027227688
862304027227696
862304027227704
862304027227712
862304027227720
862304027227738
862304027227746
862304027227753
862304027227761
862304027227779
862304027227787
862304027227795
862304027227803
862304027227811
862304027227829
862304027227837
862304027227845
862304027227852
862304027227860
862304027227878
862304027227886
862304027227894
862304027227902
862304027227910
862304027227928
862304027227936
862304027227944
862304027227951
862304027227969
862304027227977
862304027227985
862304027227993
862304027228009
862304027228017
862304027228025
862304027228033
862304027228041
862304027228058
862304027228066
862304027228074
862304027228082
862304027228090
862304027228108
862304027228116
862304027228124
862304027228132
862304027228140
862304027228157
862304027228165
862304027228173
862304027228181
862304027228199
862304027228207
862304027228215
862304027228223
862304027228231
862304027228249
862304027228256
862304027228264
862304027228272
862304027228280
862304027228298
862304027228306
862304027228314
862304027228322
862304027228330
862304027228348
862304027228355
862304027228363
862304027228371
862304027228389
862304027228397
862304027228405
862304027228413
862304027228421
862304027228439
862304027228447
862304027228454
862304027228462
862304027228470
862304027228488
862304027228496
862304027228504
862304027228512
862304027228520
862304027228538
862304027228546
862304027228553
862304027228561
862304027228579
862304027228587
862304027228595
862304027228603
862304027228611
862304027228629
862304027228637
862304027228645
862304027228652
862304027228660
862304027228678
862304027228686
862304027228694
862304027228702
862304027228710
862304027228728
862304027228736
862304027228744
862304027228751
862304027228769
862304027228777
862304027228785
862304027228793
862304027228801
862304027228819
862304027228827
862304027228835
862304027228843
862304027228850
862304027228868
862304027228876
862304027228884
862304027228892
862304027228900
862304027228918
862304027228926
862304027228934
862304027228942
862304027228959
862304027228967
862304027228975
862304027228983
862304027228991
862304027229007
862304027229015
862304027229023
862304027229031
862304027229049
862304027229056
862304027229064
862304027229072
862304027229080
862304027229098
862304027229106
862304027229114
862304027229122
862304027229130
862304027229148
862304027229155
862304027229163
862304027229171
862304027229189
862304027229197
862304027229205
862304027229213
862304027229221
862304027229239
862304027229247
862304027229254
862304027229262
862304027229270
862304027229288
862304027229296
862304027229304
862304027229312
862304027229320
862304027229338
862304027229346
862304027229353
862304027229361
862304027229379
862304027229387
862304027229395
862304027229403
862304027229411
862304027229429
862304027229437
862304027229445
862304027229452
862304027229460
862304027229478
862304027229486
862304027229494
862304027229502
862304027229510
862304027229528
862304027229536
862304027229544
862304027229551
862304027229569
862304027229577
862304027229585
862304027229593
862304027229601
862304027229619
862304027229627
862304027229635
862304027229643
862304027229650
862304027229668
862304027229676
862304027229684
862304027229692
862304027229700
862304027229718
862304027229726
862304027229734
862304027229742
862304027229759
862304027229767
862304027229775
862304027229783
862304027229791
862304027229809
862304027229817
862304027229825
862304027229833
862304027229841
862304027229858
862304027229866
862304027229874
862304027229882
862304027229890
862304027229908
862304027229916
862304027229924
862304027229932
862304027229940
862304027229957
862304027229965
862304027229973
862304027229981
862304027229999
862304027230005
862304027230013
862304027230021
862304027230039
862304027230047
862304027230054
862304027230062
862304027230070
862304027230088
862304027230096
862304027230104
862304027230112
862304027230120
862304027230138
862304027230146
862304027230153
862304027230161
862304027230179
862304027230187
862304027230195
862304027230203
862304027230211
862304027230229
862304027230237
862304027230245
862304027230252
862304027230260
862304027230278
862304027230286
862304027230294
862304027230302
862304027230310
862304027230328
862304027230336
862304027230344
862304027230351
862304027230369
862304027230377
862304027230385
862304027230393
862304027230401
862304027230419
862304027230427
862304027230435
862304027230443
862304027230450
862304027230468
862304027230476
862304027230484
862304027230492
862304027230500
862304027230518
862304027230526
862304027230534
862304027230542
862304027230559
862304027230567
862304027230575
862304027230583
862304027230591
862304027230609
862304027230617
862304027230625
862304027230633
862304027230641
862304027230658
862304027230666
862304027230674
862304027230682
862304027230690
862304027230708
862304027230716
862304027230724
862304027230732
862304027230740
862304027230757
862304027230765
862304027230773
862304027230781
862304027230799
862304027230807
862304027230815
862304027230823
862304027230831
862304027230849
862304027230856
862304027230864
862304027230872
862304027230880
862304027230898
862304027230906
862304027230914
862304027230922
862304027230930
862304027230948
862304027230955
862304027230963
862304027230971
862304027230989
862304027230997
862304027231003
862304027231011
862304027231029
862304027231037
862304027231045
862304027231052
862304027231060
862304027231078
862304027231086
862304027231094
862304027231102
862304027231110
862304027231128
862304027231136
862304027231144
862304027231151
862304027231169
862304027231177
862304027231185
862304027231193
862304027231201
862304027231219
862304027231227
862304027231235
862304027231243
862304027231250
862304027231268
862304027231276
862304027231284
862304027231292
862304027231300
862304027231318
862304027231326
862304027231334
862304027231342
862304027231359
862304027231367
862304027231375
862304027231383
862304027231391
862304027231409
862304027231417
862304027231425
862304027231433
862304027231441
862304027231458
862304027231466
862304027231474
862304027231482
862304027231490
862304027231508
862304027231516
862304027231524
862304027231532
862304027231540
862304027231557
862304027231565
862304027231573
862304027231581
862304027231599
862304027231607
862304027231615
862304027231623
862304027231631
862304027231649
862304027231656
862304027231664
862304027231672
862304027231680
862304027231698
862304027231706
862304027231714
862304027231722
862304027231730
862304027231748
862304027231755
862304027231763
862304027231771
862304027231789
862304027231797
862304027231805
862304027231813
862304027231821
862304027231839
862304027231847
862304027231854
862304027231862
862304027231870
862304027231888
862304027231896
862304027231904
862304027231912
862304027231920
862304027231938
862304027231946
862304027231953
862304027231961
862304027231979
862304027231987
862304027231995
862304027232001
862304027232019
862304027232027
862304027232035
862304027232043
862304027232050
862304027232068
862304027232076
862304027232084
862304027232092
862304027232100
862304027232118
862304027232126
862304027232134
862304027232142
862304027232159
862304027232167
862304027232175
862304027232183
862304027232191
862304027232209
862304027232217
862304027232225
862304027232233
862304027232241
862304027232258
862304027232266
862304027232274
862304027232282
862304027232290
862304027232308
862304027232316
862304027232324
862304027232332
862304027232340
862304027232357
862304027232365
862304027232373
862304027232381
862304027232399
862304027232407
862304027232415
862304027232423
862304027232431
862304027232449
862304027232456
862304027232464
862304027232472
862304027232480
862304027232498
862304027232506
862304027232514
862304027232522
862304027232530
862304027232548
862304027232555
862304027232563
862304027232571
862304027232589
862304027232597
862304027232605
862304027232613
862304027232621
862304027232639
862304027232647
862304027232654
862304027232662
862304027232670
862304027232688
862304027232696
862304027232704
862304027232712
862304027232720
862304027232738
862304027232746
862304027232753
862304027232761
862304027232779
862304027232787
862304027232795
862304027232803
862304027232811
862304027232829
862304027232837
862304027232845
862304027232852
862304027232860
862304027232878
862304027232886
862304027232894
862304027232902
862304027232910
862304027232928
862304027232936
862304027232944
862304027232951
862304027232969
862304027232977
862304027232985
862304027232993
862304027233009
862304027233017
862304027233025
862304027233033
862304027233041
862304027233058
862304027233066
862304027233074
862304027233082
862304027233090
862304027233108
862304027233116
862304027233124
862304027233132
862304027233140
862304027233157
862304027233165
862304027233173
862304027233181
862304027233199
862304027233207
862304027233215
862304027233223
862304027233231
862304027233249
862304027233256
862304027233264
862304027233272
862304027233280
862304027233298
862304027233306
862304027233314
862304027233322
862304027233330
862304027233348
862304027233355
862304027233363
862304027233371
862304027233389
862304027233397
862304027233405
862304027233413
862304027233421
862304027233439
862304027233447
862304027233454
862304027233462
862304027233470
862304027233488
862304027233496
862304027233504
862304027233512
862304027233520
862304027233538
862304027233546
862304027233553
862304027233561
862304027233579
862304027233587
862304027233595
862304027233603
862304027233611
862304027233629
862304027233637
862304027233645
862304027233652
862304027233660
862304027233678
862304027233686
862304027233694
862304027233702
862304027233710
862304027233728
862304027233736
862304027233744
862304027233751
862304027233769
862304027233777
862304027233785
862304027233793
862304027233801
862304027233819
862304027233827
862304027233835
862304027233843
862304027233850
862304027233868
862304027233876
862304027233884
862304027233892
862304027233900
862304027233918
862304027233926
862304027233934
862304027233942
862304027233959
862304027233967
862304027233975
862304027233983
862304027233991
862304027234007
862304027234015
862304027234023
862304027234031
862304027234049
862304027234056
862304027234064
862304027234072
862304027234080
862304027234098
862304027234106
862304027234114
862304027234122
862304027234130
862304027234148
862304027234155
862304027234163
862304027234171
862304027234189
862304027234197
862304027234205
862304027234213
862304027234221
862304027234239
862304027234247
862304027234254
862304027234262
862304027234270
862304027234288
862304027234296
862304027234304
862304027234312
862304027234320
862304027234338
862304027234346
862304027234353
862304027234361
862304027234379
862304027234387
862304027234395
862304027234403
862304027234411
862304027234429
862304027234437
862304027234445
862304027234452
862304027234460
862304027234478
862304027234486
862304027234494
862304027234502
862304027234510
862304027234528
862304027234536
862304027234544
862304027234551
862304027234569
862304027234577
862304027234585
862304027234593
862304027234601
862304027234619
862304027234627
862304027234635
862304027234643
862304027234650
862304027234668
862304027234676
862304027234684
862304027234692
862304027234700
862304027234718
862304027234726
862304027234734
862304027234742
862304027234759
862304027234767
862304027234775
862304027234783
862304027234791
862304027234809
862304027234817
862304027234825
862304027234833
862304027234841
862304027234858
862304027234866
862304027234874
862304027234882
862304027234890
862304027234908
862304027234916
862304027234924
862304027234932
862304027234940
862304027234957
862304027234965
862304027234973
862304027234981
862304027234999
862304027235004
862304027235012
862304027235020
862304027235038
862304027235046
862304027235053
862304027235061
862304027235079
862304027235087
862304027235095
862304027235103
862304027235111
862304027235129
862304027235137
862304027235145
862304027235152
862304027235160
862304027235178
862304027235186
862304027235194
862304027235202
862304027235210
862304027235228
862304027235236
862304027235244
862304027235251
862304027235269
862304027235277
862304027235285
862304027235293
862304027235301
862304027235319
862304027235327
862304027235335
862304027235343
862304027235350
862304027235368
862304027235376
862304027235384
862304027235392
862304027235400
862304027235418
862304027235426
862304027235434
862304027235442
862304027235459
862304027235467
862304027235475
862304027235483
862304027235491
862304027235509
862304027235517
862304027235525
862304027235533
862304027235541
862304027235558
862304027235566
862304027235574
862304027235582
862304027235590
862304027235608
862304027235616
862304027235624
862304027235632
862304027235640
862304027235657
862304027235665
862304027235673
862304027235681
862304027235699
862304027235707
862304027235715
862304027235723
862304027235731
862304027235749
862304027235756
862304027235764
862304027235772
862304027235780
862304027235798
862304027235806
862304027235814
862304027235822
862304027235830
862304027235848
862304027235855
862304027235863
862304027235871
862304027235889
862304027235897
862304027235905
862304027235913
862304027235921
862304027235939
862304027235947
862304027235954
862304027235962
862304027235970
862304027235988
862304027235996
862304027236002
862304027236010
862304027236028
862304027236036
862304027236044
862304027236051
862304027236069
862304027236077
862304027236085
862304027236093
862304027236101
862304027236119
862304027236127
862304027236135
862304027236143
862304027236150
862304027236168
862304027236176
862304027236184
862304027236192
862304027236200
862304027236218
862304027236226
862304027236234
862304027236242
862304027236259
862304027236267
862304027236275
862304027236283
862304027236291
862304027236309
862304027236317
862304027236325
862304027236333
862304027236341
862304027236358
862304027236366
862304027236374
862304027236382
862304027236390
862304027236408
862304027236416
862304027236424
862304027236432
862304027236440
862304027236457
862304027236465
862304027236473
862304027236481
862304027236499
862304027236507
862304027236515
862304027236523
862304027236531
862304027236549
862304027236556
862304027236564
862304027236572
862304027236580
862304027236598
862304027236606
862304027236614
862304027236622
862304027236630
862304027236648
862304027236655
862304027236663
862304027236671
862304027236689
862304027236697
862304027236705
862304027236713
862304027236721
862304027236739
862304027236747
862304027236754
862304027236762
862304027236770
862304027236788
862304027236796
862304027236804
862304027236812
862304027236820
862304027236838
862304027236846
862304027236853
862304027236861
862304027236879
862304027236887
862304027236895
862304027236903
862304027236911
862304027236929
862304027236937
862304027236945
862304027236952
862304027236960
862304027236978
862304027236986
862304027236994
862304027237000
862304027237018
862304027237026
862304027237034
862304027237042
862304027237059
862304027237067
862304027237075
862304027237083
862304027237091
862304027237109
862304027237117
862304027237125
862304027237133
862304027237141
862304027237158
862304027237166
862304027237174
862304027237182
862304027237190
862304027237208
862304027237216
862304027237224
862304027237232
862304027237240
862304027237257
862304027237265
862304027237273
862304027237281
862304027237299
862304027237307
862304027237315
862304027237323
862304027237331
862304027237349
862304027237356
862304027237364
862304027237372
862304027237380
862304027237398
862304027237406
862304027237414
862304027237422
862304027237430
862304027237448
862304027237455
862304027237463
862304027237471
862304027237489
862304027237497
862304027237505
862304027237513
862304027237521
862304027237539
862304027237547
862304027237554
862304027237562
862304027237570
862304027237588
862304027237596
862304027237604
862304027237612
862304027237620
862304027237638
862304027237646
862304027237653
862304027237661
862304027237679
862304027237687
862304027237695
862304027237703
862304027237711
862304027237729
862304027237737
862304027237745
862304027237752
862304027237760
862304027237778
862304027237786
862304027237794
862304027237802
862304027237810
862304027237828
862304027237836
862304027237844
862304027237851
862304027237869
862304027237877
862304027237885
862304027237893
862304027237901
862304027237919
862304027237927
862304027237935
862304027237943
862304027237950
862304027237968
862304027237976
862304027237984
862304027237992
862304027238008
862304027238016
862304027238024
862304027238032
862304027238040
862304027238057
862304027238065
862304027238073
862304027238081
862304027238099
862304027238107
862304027238115
862304027238123
862304027238131
862304027238149
862304027238156
862304027238164
862304027238172
862304027238180
862304027238198
862304027238206
862304027238214
862304027238222
862304027238230
862304027238248
862304027238255
862304027238263
862304027238271
862304027238289
862304027238297
862304027238305
862304027238313
862304027238321
862304027238339
862304027238347
862304027238354
862304027238362
862304027238370
862304027238388
862304027238396
862304027238404
862304027238412
862304027238420
862304027238438
862304027238446
862304027238453
862304027238461
862304027238479
862304027238487
862304027238495
862304027238503
862304027238511
862304027238529
862304027238537
862304027238545
862304027238552
862304027238560
862304027238578
862304027238586
862304027238594
862304027238602
862304027238610
862304027238628
862304027238636
862304027238644
862304027238651
862304027238669
862304027238677
862304027238685
862304027238693
862304027238701
862304027238719
862304027238727
862304027238735
862304027238743
862304027238750
862304027238768
862304027238776
862304027238784
862304027238792
862304027238800
862304027238818
862304027238826
862304027238834
862304027238842
862304027238859
862304027238867
862304027238875
862304027238883
862304027238891
862304027238909
862304027238917
862304027238925
862304027238933
862304027238941
862304027238958
862304027238966
862304027238974
862304027238982
862304027238990
862304027239006
862304027239014
862304027239022
862304027239030
862304027239048
862304027239055
862304027239063
862304027239071
862304027239089
862304027239097
862304027239105
862304027239113
862304027239121
862304027239139
862304027239147
862304027239154
862304027239162
862304027239170
862304027239188
862304027239196
862304027239204
862304027239212
862304027239220
862304027239238
862304027239246
862304027239253
862304027239261
862304027239279
862304027239287
862304027239295
862304027239303
862304027239311
862304027239329
862304027239337
862304027239345
862304027239352
862304027239360
862304027239378
862304027239386
862304027239394
862304027239402
862304027239410
862304027239428
862304027239436
862304027239444
862304027239451
862304027239469
862304027239477
862304027239485
862304027239493
862304027239501
862304027239519
862304027239527
862304027239535
862304027239543
862304027239550
862304027239568
862304027239576
862304027239584
862304027239592
862304027239600
862304027239618
862304027239626
862304027239634
862304027239642
862304027239659
862304027239667
862304027239675
862304027239683
862304027239691
862304027239709
862304027239717
862304027239725
862304027239733
862304027239741
862304027239758
862304027239766
862304027239774
862304027239782
862304027239790
862304027239808
862304027239816
862304027239824
862304027239832
862304027239840
862304027239857
862304027239865
862304027239873
862304027239881
862304027239899
862304027239907
862304027239915
862304027239923
862304027239931
862304027239949
862304027239956
862304027239964
862304027239972
862304027239980
862304027239998
862304027240004
862304027240012
862304027240020
862304027240038
862304027240046
862304027240053
862304027240061
862304027240079
862304027240087
862304027240095
862304027240103
862304027240111
862304027240129
862304027240137
862304027240145
862304027240152
862304027240160
862304027240178
862304027240186
862304027240194
862304027240202
862304027240210
862304027240228
862304027240236
862304027240244
862304027240251
862304027240269
862304027240277
862304027240285
862304027240293
862304027240301
862304027240319
862304027240327
862304027240335
862304027240343
862304027240350
862304027240368
862304027240376
862304027240384
862304027240392
862304027240400
862304027240418
862304027240426
862304027240434
862304027240442
862304027240459
862304027240467
862304027240475
862304027240483
862304027240491
862304027240509
862304027240517
862304027240525
862304027240533
862304027240541
862304027240558
862304027240566
862304027240574
862304027240582
862304027240590
862304027240608
862304027240616
862304027240624
862304027240632
862304027240640
862304027240657
862304027240665
862304027240673
862304027240681
862304027240699
862304027240707
862304027240715
862304027240723
862304027240731
862304027240749
862304027240756
862304027240764
862304027240772
862304027240780
862304027240798
862304027240806
862304027240814
862304027240822
862304027240830
862304027240848
862304027240855
862304027240863
862304027240871
862304027240889
862304027240897
862304027240905
862304027240913
862304027240921
862304027240939
862304027240947
862304027240954
862304027240962
862304027240970
862304027240988
862304027240996
862304027241002
862304027241010
862304027241028
862304027241036
862304027241044
862304027241051
862304027241069
862304027241077
862304027241085
862304027241093
862304027241101
862304027241119
862304027241127
862304027241135
862304027241143
862304027241150
862304027241168
862304027241176
862304027241184
862304027241192
862304027241200
862304027241218
862304027241226
862304027241234
862304027241242
862304027241259
862304027241267
862304027241275
862304027241283
862304027241291
862304027241309
862304027241317
862304027241325
862304027241333
862304027241341
862304027241358
862304027241366
862304027241374
862304027241382
862304027241390
862304027241408
862304027241416
862304027241424
862304027241432
862304027241440
862304027241457
862304027241465
862304027241473
862304027241481
862304027241499
862304027241507
862304027241515
862304027241523
862304027241531
862304027241549
862304027241556
862304027241564
862304027241572
862304027241580
862304027241598
862304027241606
862304027241614
862304027241622
862304027241630
862304027241648
862304027241655
862304027241663
862304027241671
862304027241689
862304027241697
862304027241705
862304027241713
862304027241721
862304027241739
862304027241747
862304027241754
862304027241762
862304027241770
862304027241788
862304027241796
862304027241804
862304027241812
862304027241820
862304027241838
862304027241846
862304027241853
862304027241861
862304027241879
862304027241887
862304027241895
862304027241903
862304027241911
862304027241929
862304027241937
862304027241945
862304027241952
862304027241960
862304027241978
862304027241986
862304027241994
862304027242000
862304027242018
862304027242026
862304027242034
862304027242042
862304027242059
862304027242067
862304027242075
862304027242083
862304027242091
862304027242109
862304027242117
862304027242125
862304027242133
862304027242141
862304027242158
862304027242166
862304027242174
862304027242182
862304027242190
862304027242208
862304027242216
862304027242224
862304027242232
862304027242240
862304027242257
862304027242265
862304027242273
862304027242281
862304027242299
862304027242307
862304027242315
862304027242323
862304027242331
862304027242349
862304027242356
862304027242364
862304027242372
862304027242380
862304027242398
862304027242406
862304027242414
862304027242422
862304027242430
862304027242448
862304027242455
862304027242463
862304027242471
862304027242489
862304027242497
862304027242505
862304027242513
862304027242521
862304027242539
862304027242547
862304027242554
862304027242562
862304027242570
862304027242588
862304027242596
862304027242604
862304027242612
862304027242620
862304027242638
862304027242646
862304027242653
862304027242661
862304027242679
862304027242687
862304027242695
862304027242703
862304027242711
862304027242729
862304027242737
862304027242745
862304027242752
862304027242760
862304027242778
862304027242786
862304027242794
862304027242802
862304027242810
862304027242828
862304027242836
862304027242844
862304027242851
862304027242869
862304027242877
862304027242885
862304027242893
862304027242901
862304027242919
862304027242927
862304027242935
862304027242943
862304027242950
862304027242968
862304027242976
862304027242984
862304027242992
862304027243008
862304027243016
862304027243024
862304027243032
862304027243040
862304027243057
862304027243065
862304027243073
862304027243081
862304027243099
862304027243107
862304027243115
862304027243123
862304027243131
862304027243149
862304027243156
862304027243164
862304027243172
862304027243180
862304027243198
862304027243206
862304027243214
862304027243222
862304027243230
862304027243248
862304027243255
862304027243263
862304027243271
862304027243289
862304027243297
862304027243305
862304027243313
862304027243321
862304027243339
862304027243347
862304027243354
862304027243362
862304027243370
862304027243388
862304027243396
862304027243404
862304027243412
862304027243420
862304027243438
862304027243446
862304027243453
862304027243461
862304027243479
862304027243487
862304027243495
862304027243503
862304027243511
862304027243529
862304027243537
862304027243545
862304027243552
862304027243560
862304027243578
862304027243586
862304027243594
862304027243602
862304027243610
862304027243628
862304027243636
862304027243644
862304027243651
862304027243669
862304027243677
862304027243685
862304027243693
862304027243701
862304027243719
862304027243727
862304027243735
862304027243743
862304027243750
862304027243768
862304027243776
862304027243784
862304027243792
862304027243800
862304027243818
862304027243826
862304027243834
862304027243842
862304027243859
862304027243867
862304027243875
862304027243883
862304027243891
862304027243909
862304027243917
862304027243925
862304027243933
862304027243941
862304027243958
862304027243966
862304027243974
862304027243982
862304027243990
862304027244006
862304027244014
862304027244022
862304027244030
862304027244048
862304027244055
862304027244063
862304027244071
862304027244089
862304027244097
862304027244105
862304027244113
862304027244121
862304027244139
862304027244147
862304027244154
862304027244162
862304027244170
862304027244188
862304027244196
862304027244204
862304027244212
862304027244220
862304027244238
862304027244246
862304027244253
862304027244261
862304027244279
862304027244287
862304027244295
862304027244303
862304027244311
862304027244329
862304027244337
862304027244345
862304027244352
862304027244360
862304027244378
862304027244386
862304027244394
862304027244402
862304027244410
862304027244428
862304027244436
862304027244444
862304027244451
862304027244469
862304027244477
862304027244485
862304027244493
862304027244501
862304027244519
862304027244527
862304027244535
862304027244543
862304027244550
862304027244568
862304027244576
862304027244584
862304027244592
862304027244600
862304027244618
862304027244626
862304027244634
862304027244642
862304027244659
862304027244667
862304027244675
862304027244683
862304027244691
862304027244709
862304027244717
862304027244725
862304027244733
862304027244741
862304027244758
862304027244766
862304027244774
862304027244782
862304027244790
862304027244808
862304027244816
862304027244824
862304027244832
862304027244840
862304027244857
862304027244865
862304027244873
862304027244881
862304027244899
862304027244907
862304027244915
862304027244923
862304027244931
862304027244949
862304027244956
862304027244964
862304027244972
862304027244980
862304027244998
862304027245003
862304027245011
862304027245029
862304027245037
862304027245045
862304027245052
862304027245060
862304027245078
862304027245086
862304027245094
862304027245102
862304027245110
862304027245128
862304027245136
862304027245144
862304027245151
862304027245169
862304027245177
862304027245185
862304027245193
862304027245201
862304027245219
862304027245227
862304027245235
862304027245243
862304027245250
862304027245268
862304027245276
862304027245284
862304027245292
862304027245300
862304027245318
862304027245326
862304027245334
862304027245342
862304027245359
862304027245367
862304027245375
862304027245383
862304027245391
862304027245409
862304027245417
862304027245425
862304027245433
862304027245441
862304027245458
862304027245466
862304027245474
862304027245482
862304027245490
862304027245508
862304027245516
862304027245524
862304027245532
862304027245540
862304027245557
862304027245565
862304027245573
862304027245581
862304027245599
862304027245607
862304027245615
862304027245623
862304027245631
862304027245649
862304027245656
862304027245664
862304027245672
862304027245680
862304027245698
862304027245706
862304027245714
862304027245722
862304027245730
862304027245748
862304027245755
862304027245763
862304027245771
862304027245789
862304027245797
862304027245805
862304027245813
862304027245821
862304027245839
862304027245847
862304027245854
862304027245862
862304027245870
862304027245888
862304027245896
862304027245904
862304027245912
862304027245920
862304027245938
862304027245946
862304027245953
862304027245961
862304027245979
862304027245987
862304027245995
862304027246001
862304027246019
862304027246027
862304027246035
862304027246043
862304027246050
862304027246068
862304027246076
862304027246084
862304027246092
862304027246100
862304027246118
862304027246126
862304027246134
862304027246142
862304027246159
862304027246167
862304027246175
862304027246183
862304027246191
862304027246209
862304027246217
862304027246225
862304027246233
862304027246241
862304027246258
862304027246266
862304027246274
862304027246282
862304027246290
862304027246308
862304027246316
862304027246324
862304027246332
862304027246340
862304027246357
862304027246365
862304027246373
862304027246381
862304027246399
862304027246407
862304027246415
862304027246423
862304027246431
862304027246449
862304027246456
862304027246464
862304027246472
862304027246480
862304027246498
862304027246506
862304027246514
862304027246522
862304027246530
862304027246548
862304027246555
862304027246563
862304027246571
862304027246589
862304027246597
862304027246605
862304027246613
862304027246621
862304027246639
862304027246647
862304027246654
862304027246662
862304027246670
862304027246688
862304027246696
862304027246704
862304027246712
862304027246720
862304027246738
862304027246746
862304027246753
862304027246761
862304027246779
862304027246787
862304027246795
862304027246803
862304027246811
862304027246829
862304027246837
862304027246845
862304027246852
862304027246860
862304027246878
862304027246886
862304027246894
862304027246902
862304027246910
862304027246928
862304027246936
862304027246944
862304027246951
862304027246969
862304027246977
862304027246985
862304027246993
862304027247009
862304027247017
862304027247025
862304027247033
862304027247041
862304027247058
862304027247066
862304027247074
862304027247082
862304027247090
862304027247108
862304027247116
862304027247124
862304027247132
862304027247140
862304027247157
862304027247165
862304027247173
862304027247181
862304027247199
862304027247207
862304027247215
862304027247223
862304027247231
862304027247249
862304027247256
862304027247264
862304027247272
862304027247280
862304027247298
862304027247306
862304027247314
862304027247322
862304027247330
862304027247348
862304027247355
862304027247363
862304027247371
862304027247389
862304027247397
862304027247405
862304027247413
862304027247421
862304027247439
862304027247447
862304027247454
862304027247462
862304027247470
862304027247488
862304027247496
862304027247504
862304027247512
862304027247520
862304027247538
862304027247546
862304027247553
862304027247561
862304027247579
862304027247587
862304027247595
862304027247603
862304027247611
862304027247629
862304027247637
862304027247645
862304027247652
862304027247660
862304027247678
862304027247686
862304027247694
862304027247702
862304027247710
862304027247728
862304027247736
862304027247744
862304027247751
862304027247769
862304027247777
862304027247785
862304027247793
862304027247801
862304027247819
862304027247827
862304027247835
862304027247843
862304027247850
862304027247868
862304027247876
862304027247884
862304027247892
862304027247900
862304027247918
862304027247926
862304027247934
862304027247942
862304027247959
862304027247967
862304027247975
862304027247983
862304027247991
862304027248007
862304027248015
862304027248023
862304027248031
862304027248049
862304027248056
862304027248064
862304027248072
862304027248080
862304027248098
862304027248106
862304027248114
862304027248122
862304027248130
862304027248148
862304027248155
862304027248163
862304027248171
862304027248189
862304027248197
862304027248205
862304027248213
862304027248221
862304027248239
862304027248247
862304027248254
862304027248262
862304027248270
862304027248288
862304027248296
862304027248304
862304027248312
862304027248320
862304027248338
862304027248346
862304027248353
862304027248361
862304027248379
862304027248387
862304027248395
862304027248403
862304027248411
862304027248429
862304027248437
862304027248445
862304027248452
862304027248460
862304027248478
862304027248486
862304027248494
862304027248502
862304027248510
862304027248528
862304027248536
862304027248544
862304027248551
862304027248569
862304027248577
862304027248585
862304027248593
862304027248601
862304027248619
862304027248627
862304027248635
862304027248643
862304027248650
862304027248668
862304027248676
862304027248684
862304027248692
862304027248700
862304027248718
862304027248726
862304027248734
862304027248742
862304027248759
862304027248767
862304027248775
862304027248783
862304027248791
862304027248809
862304027248817
862304027248825
862304027248833
862304027248841
862304027248858
862304027248866
862304027248874
862304027248882
862304027248890
862304027248908
862304027248916
862304027248924
862304027248932
862304027248940
862304027248957
862304027248965
862304027248973
862304027248981
862304027248999
862304027249005
862304027249013
862304027249021
862304027249039
862304027249047
862304027249054
862304027249062
862304027249070
862304027249088
862304027249096
862304027249104
862304027249112
862304027249120
862304027249138
862304027249146
862304027249153
862304027249161
862304027249179
862304027249187
862304027249195
862304027249203
862304027249211
862304027249229
862304027249237
862304027249245
862304027249252
862304027249260
862304027249278
862304027249286
862304027249294
862304027249302
862304027249310
862304027249328
862304027249336
862304027249344
862304027249351
862304027249369
862304027249377
862304027249385
862304027249393
862304027249401
862304027249419
862304027249427
862304027249435
862304027249443
862304027249450
862304027249468
862304027249476
862304027249484
862304027249492
862304027249500
862304027249518
862304027249526
862304027249534
862304027249542
862304027249559
862304027249567
862304027249575
862304027249583
862304027249591
862304027249609
862304027249617
862304027249625
862304027249633
862304027249641
862304027249658
862304027249666
862304027249674
862304027249682
862304027249690
862304027249708
862304027249716
862304027249724
862304027249732
862304027249740
862304027249757
862304027249765
862304027249773
862304027249781
862304027249799
862304027249807
862304027249815
862304027249823
862304027249831
862304027249849
862304027249856
862304027249864
862304027249872
862304027249880
862304027249898
862304027249906
862304027249914
862304027249922
862304027249930
862304027249948
862304027249955
862304027249963
862304027249971
862304027249989
862304027249997
862304027250003
862304027250011
862304027250029
862304027250037
862304027250045
862304027250052
862304027250060
862304027250078
862304027250086
862304027250094
862304027250102
862304027250110
862304027250128
862304027250136
862304027250144
862304027250151
862304027250169
862304027250177
862304027250185
862304027250193
862304027250201
862304027250219
862304027250227
862304027250235
862304027250243
862304027250250
862304027250268
862304027250276
862304027250284
862304027250292
862304027250300
862304027250318
862304027250326
862304027250334
862304027250342
862304027250359
862304027250367
862304027250375
862304027250383
862304027250391
862304027250409
862304027250417
862304027250425
862304027250433
862304027250441
862304027250458
862304027250466
862304027250474
862304027250482
862304027250490
862304027250508
862304027250516
862304027250524
862304027250532
862304027250540
862304027250557
862304027250565
862304027250573
862304027250581
862304027250599
862304027250607
862304027250615
862304027250623
862304027250631
862304027250649
862304027250656
862304027250664
862304027250672
862304027250680
862304027250698
862304027250706
862304027250714
862304027250722
862304027250730
862304027250748
862304027250755
862304027250763
862304027250771
862304027250789
862304027250797
862304027250805
862304027250813
862304027250821
862304027250839
862304027250847
862304027250854
862304027250862
862304027250870
862304027250888
862304027250896
862304027250904
862304027250912
862304027250920
862304027250938
862304027250946
862304027250953
862304027250961
862304027250979
862304027250987
862304027250995
862304027251001
862304027251019
862304027251027
862304027251035
862304027251043
862304027251050
862304027251068
862304027251076
862304027251084
862304027251092
862304027251100
862304027251118
862304027251126
862304027251134
862304027251142
862304027251159
862304027251167
862304027251175
862304027251183
862304027251191
862304027251209
862304027251217
862304027251225
862304027251233
862304027251241
862304027251258
862304027251266
862304027251274
862304027251282
862304027251290
862304027251308
862304027251316
862304027251324
862304027251332
862304027251340
862304027251357
862304027251365
862304027251373
862304027251381
862304027251399
862304027251407
862304027251415
862304027251423
862304027251431
862304027251449
862304027251456
862304027251464
862304027251472
862304027251480
862304027251498
862304027251506
862304027251514
862304027251522
862304027251530
862304027251548
862304027251555
862304027251563
862304027251571
862304027251589
862304027251597
862304027251605
862304027251613
862304027251621
862304027251639
862304027251647
862304027251654
862304027251662
862304027251670
862304027251688
862304027251696
862304027251704
862304027251712
862304027251720
862304027251738
862304027251746
862304027251753
862304027251761
862304027251779
862304027251787
862304027251795
862304027251803
862304027251811
862304027251829
862304027251837
862304027251845
862304027251852
862304027251860
862304027251878
862304027251886
862304027251894
862304027251902
862304027251910
862304027251928
862304027251936
862304027251944
862304027251951
862304027251969
862304027251977
862304027251985
862304027251993
862304027252009
862304027252017
862304027252025
862304027252033
862304027252041
862304027252058
862304027252066
862304027252074
862304027252082
862304027252090
862304027252108
862304027252116
862304027252124
862304027252132
862304027252140
862304027252157
862304027252165
862304027252173
862304027252181
862304027252199
862304027252207
862304027252215
862304027252223
862304027252231
862304027252249
862304027252256
862304027252264
862304027252272
862304027252280
862304027252298
862304027252306
862304027252314
862304027252322
862304027252330
862304027252348
862304027252355
862304027252363
862304027252371
862304027252389
862304027252397
862304027252405
862304027252413
862304027252421
862304027252439
862304027252447
862304027252454
862304027252462
862304027252470
862304027252488
862304027252496
862304027252504
862304027252512
862304027252520
862304027252538
862304027252546
862304027252553
862304027252561
862304027252579
862304027252587
862304027252595
862304027252603
862304027252611
862304027252629
862304027252637
862304027252645
862304027252652
862304027252660
862304027252678
862304027252686
862304027252694
862304027252702
862304027252710
862304027252728
862304027252736
862304027252744
862304027252751
862304027252769
862304027252777
862304027252785
862304027252793
862304027252801
862304027252819
862304027252827
862304027252835
862304027252843
862304027252850
862304027252868
862304027252876
862304027252884
862304027252892
862304027252900
862304027252918
862304027252926
862304027252934
862304027252942
862304027252959
862304027252967
862304027252975
862304027252983
862304027252991
862304027253007
862304027253015
862304027253023
862304027253031
862304027253049
862304027253056
862304027253064
862304027253072
862304027253080
862304027253098
862304027253106
862304027253114
862304027253122
862304027253130
862304027253148
862304027253155
862304027253163
862304027253171
862304027253189
862304027253197
862304027253205
862304027253213
862304027253221
862304027253239
862304027253247
862304027253254
862304027253262
862304027253270
862304027253288
862304027253296
862304027253304
862304027253312
862304027253320
862304027253338
862304027253346
862304027253353
862304027253361
862304027253379
862304027253387
862304027253395
862304027253403
862304027253411
862304027253429
862304027253437
862304027253445
862304027253452
862304027253460
862304027253478
862304027253486
862304027253494
862304027253502
862304027253510
862304027253528
862304027253536
862304027253544
862304027253551
862304027253569
862304027253577
862304027253585
862304027253593
862304027253601
862304027253619
862304027253627
862304027253635
862304027253643
862304027253650
862304027253668
862304027253676
862304027253684
862304027253692
862304027253700
862304027253718
862304027253726
862304027253734
862304027253742
862304027253759
862304027253767
862304027253775
862304027253783
862304027253791
862304027253809
862304027253817
862304027253825
862304027253833
862304027253841
862304027253858
862304027253866
862304027253874
862304027253882
862304027253890
862304027253908
862304027253916
862304027253924
862304027253932
862304027253940
862304027253957
862304027253965
862304027253973
862304027253981
862304027253999
862304027254005
862304027254013
862304027254021
862304027254039
862304027254047
862304027254054
862304027254062
862304027254070
862304027254088
862304027254096
862304027254104
862304027254112
862304027254120
862304027254138
862304027254146
862304027254153
862304027254161
862304027254179
862304027254187
862304027254195
862304027254203
862304027254211
862304027254229
862304027254237
862304027254245
862304027254252
862304027254260
862304027254278
862304027254286
862304027254294
862304027254302
862304027254310
862304027254328
862304027254336
862304027254344
862304027254351
862304027254369
862304027254377
862304027254385
862304027254393
862304027254401
862304027254419
862304027254427
862304027254435
862304027254443
862304027254450
862304027254468
862304027254476
862304027254484
862304027254492
862304027254500
862304027254518
862304027254526
862304027254534
862304027254542
862304027254559
862304027254567
862304027254575
862304027254583
862304027254591
862304027254609
862304027254617
862304027254625
862304027254633
862304027254641
862304027254658
862304027254666
862304027254674
862304027254682
862304027254690
862304027254708
862304027254716
862304027254724
862304027254732
862304027254740
862304027254757
862304027254765
862304027254773
862304027254781
862304027254799
862304027254807
862304027254815
862304027254823
862304027254831
862304027254849
862304027254856
862304027254864
862304027254872
862304027254880
862304027254898
862304027254906
862304027254914
862304027254922
862304027254930
862304027254948
862304027254955
862304027254963
862304027254971
862304027254989
862304027254997
862304027255002
862304027255010
862304027255028
862304027255036
862304027255044
862304027255051
862304027255069
862304027255077
862304027255085
862304027255093
862304027255101
862304027255119
862304027255127
862304027255135
862304027255143
862304027255150
862304027255168
862304027255176
862304027255184
862304027255192
862304027255200
862304027255218
862304027255226
862304027255234
862304027255242
862304027255259
862304027255267
862304027255275
862304027255283
862304027255291
862304027255309
862304027255317
862304027255325
862304027255333
862304027255341
862304027255358
862304027255366
862304027255374
862304027255382
862304027255390
862304027255408
862304027255416
862304027255424
862304027255432
862304027255440
862304027255457
862304027255465
862304027255473
862304027255481
862304027255499
862304027255507
862304027255515
862304027255523
862304027255531
862304027255549
862304027255556
862304027255564
862304027255572
862304027255580
862304027255598
862304027255606
862304027255614
862304027255622
862304027255630
862304027255648
862304027255655
862304027255663
862304027255671
862304027255689
862304027255697
862304027255705
862304027255713
862304027255721
862304027255739
862304027255747
862304027255754
862304027255762
862304027255770
862304027255788
862304027255796
862304027255804
862304027255812
862304027255820
862304027255838
862304027255846
862304027255853
862304027255861
862304027255879
862304027255887
862304027255895
862304027255903
862304027255911
862304027255929
862304027255937
862304027255945
862304027255952
862304027255960
862304027255978
862304027255986
862304027255994
862304027256000
862304027256018
862304027256026
862304027256034
862304027256042
862304027256059
862304027256067
862304027256075
862304027256083
862304027256091
862304027256109
862304027256117
862304027256125
862304027256133
862304027256141
862304027256158
862304027256166
862304027256174
862304027256182
862304027256190
862304027256208
862304027256216
862304027256224
862304027256232
862304027256240
862304027256257
862304027256265
862304027256273
862304027256281
862304027256299
862304027256307
862304027256315
862304027256323
862304027256331
862304027256349
862304027256356
862304027256364
862304027256372
862304027256380
862304027256398
862304027256406
862304027256414
862304027256422
862304027256430
862304027256448
862304027256455
862304027256463
862304027256471
862304027256489
862304027256497
862304027256505
862304027256513
862304027256521
862304027256539
862304027256547
862304027256554
862304027256562
862304027256570
862304027256588
862304027256596
862304027256604
862304027256612
862304027256620
862304027256638
862304027256646
862304027256653
862304027256661
862304027256679
862304027256687
862304027256695
862304027256703
862304027256711
862304027256729
862304027256737
862304027256745
862304027256752
862304027256760
862304027256778
862304027256786
862304027256794
862304027256802
862304027256810
862304027256828
862304027256836
862304027256844
862304027256851
862304027256869
862304027256877
862304027256885
862304027256893
862304027256901
862304027256919
862304027256927
862304027256935
862304027256943
862304027256950
862304027256968
862304027256976
862304027256984
862304027256992
862304027257008
862304027257016
862304027257024
862304027257032
862304027257040
862304027257057
862304027257065
862304027257073
862304027257081
862304027257099
862304027257107
862304027257115
862304027257123
862304027257131
862304027257149
862304027257156
862304027257164
862304027257172
862304027257180
862304027257198
862304027257206
862304027257214
862304027257222
862304027257230
862304027257248
862304027257255
862304027257263
862304027257271
862304027257289
862304027257297
862304027257305
862304027257313
862304027257321
862304027257339
862304027257347
862304027257354
862304027257362
862304027257370
862304027257388
862304027257396
862304027257404
862304027257412
862304027257420
862304027257438
862304027257446
862304027257453
862304027257461
862304027257479
862304027257487
862304027257495
862304027257503
862304027257511
862304027257529
862304027257537
862304027257545
862304027257552
862304027257560
862304027257578
862304027257586
862304027257594
862304027257602
862304027257610
862304027257628
862304027257636
862304027257644
862304027257651
862304027257669
862304027257677
862304027257685
862304027257693
862304027257701
862304027257719
862304027257727
862304027257735
862304027257743
862304027257750
862304027257768
862304027257776
862304027257784
862304027257792
862304027257800
862304027257818
862304027257826
862304027257834
862304027257842
862304027257859
862304027257867
862304027257875
862304027257883
862304027257891
862304027257909
862304027257917
862304027257925
862304027257933
862304027257941
862304027257958
862304027257966
862304027257974
862304027257982
862304027257990
862304027258006
862304027258014
862304027258022
862304027258030
862304027258048
862304027258055
862304027258063
862304027258071
862304027258089
862304027258097
862304027258105
862304027258113
862304027258121
862304027258139
862304027258147
862304027258154
862304027258162
862304027258170
862304027258188
862304027258196
862304027258204
862304027258212
862304027258220
862304027258238
862304027258246
862304027258253
862304027258261
862304027258279
862304027258287
862304027258295
862304027258303
862304027258311
862304027258329
862304027258337
862304027258345
862304027258352
862304027258360
862304027258378
862304027258386
862304027258394
862304027258402
862304027258410
862304027258428
862304027258436
862304027258444
862304027258451
862304027258469
862304027258477
862304027258485
862304027258493
862304027258501
862304027258519
862304027258527
862304027258535
862304027258543
862304027258550
862304027258568
862304027258576
862304027258584
862304027258592
862304027258600
862304027258618
862304027258626
862304027258634
862304027258642
862304027258659
862304027258667
862304027258675
862304027258683
862304027258691
862304027258709
862304027258717
862304027258725
862304027258733
862304027258741
862304027258758
862304027258766
862304027258774
862304027258782
862304027258790
862304027258808
862304027258816
862304027258824
862304027258832
862304027258840
862304027258857
862304027258865
862304027258873
862304027258881
862304027258899
862304027258907
862304027258915
862304027258923
862304027258931
862304027258949
862304027258956
862304027258964
862304027258972
862304027258980
862304027258998
862304027259004
862304027259012
862304027259020
862304027259038
862304027259046
862304027259053
862304027259061
862304027259079
862304027259087
862304027259095
862304027259103
862304027259111
862304027259129
862304027259137
862304027259145
862304027259152
862304027259160
862304027259178
862304027259186
862304027259194
862304027259202
862304027259210
862304027259228
862304027259236
862304027259244
862304027259251
862304027259269
862304027259277
862304027259285
862304027259293
862304027259301
862304027259319
862304027259327
862304027259335
862304027259343
862304027259350
862304027259368
862304027259376
862304027259384
862304027259392
862304027259400
862304027259418
862304027259426
862304027259434
862304027259442
862304027259459
862304027259467
862304027259475
862304027259483
862304027259491
862304027259509
862304027259517
862304027259525
862304027259533
862304027259541
862304027259558
862304027259566
862304027259574
862304027259582
862304027259590
862304027259608
862304027259616
862304027259624
862304027259632
862304027259640
862304027259657
862304027259665
862304027259673
862304027259681
862304027259699
862304027259707
862304027259715
862304027259723
862304027259731
862304027259749
862304027259756
862304027259764
862304027259772
862304027259780
862304027259798
862304027259806
862304027259814
862304027259822
862304027259830
862304027259848
862304027259855
862304027259863
862304027259871
862304027259889
862304027259897
862304027259905
862304027259913
862304027259921
862304027259939
862304027259947
862304027259954
862304027259962
862304027259970
862304027259988
862304027259996
862304027260002
862304027260010
862304027260028
862304027260036
862304027260044
862304027260051
862304027260069
862304027260077
862304027260085
862304027260093
862304027260101
862304027260119
862304027260127
862304027260135
862304027260143
862304027260150
862304027260168
862304027260176
862304027260184
862304027260192
862304027260200
862304027260218
862304027260226
862304027260234
862304027260242
862304027260259
862304027260267
862304027260275
862304027260283
862304027260291
862304027260309
862304027260317
862304027260325
862304027260333
862304027260341
862304027260358
862304027260366
862304027260374
862304027260382
862304027260390
862304027260408
862304027260416
862304027260424
862304027260432
862304027260440
862304027260457
862304027260465
862304027260473
862304027260481
862304027260499
862304027260507
862304027260515
862304027260523
862304027260531
862304027260549
862304027260556
862304027260564
862304027260572
862304027260580
862304027260598
862304027260606
862304027260614
862304027260622
862304027260630
862304027260648
862304027260655
862304027260663
862304027260671
862304027260689
862304027260697
862304027260705
862304027260713
862304027260721
862304027260739
862304027260747
862304027260754
862304027260762
862304027260770
862304027260788
862304027260796
862304027260804
862304027260812
862304027260820
862304027260838
862304027260846
862304027260853
862304027260861
862304027260879
862304027260887
862304027260895
862304027260903
862304027260911
862304027260929
862304027260937
862304027260945
862304027260952
862304027260960
862304027260978
862304027260986
862304027260994
862304027261000
862304027261018
862304027261026
862304027261034
862304027261042
862304027261059
862304027261067
862304027261075
862304027261083
862304027261091
862304027261109
862304027261117
862304027261125
862304027261133
862304027261141
862304027261158
862304027261166
862304027261174
862304027261182
862304027261190
862304027261208
862304027261216
862304027261224
862304027261232
862304027261240
862304027261257
862304027261265
862304027261273
862304027261281
862304027261299
862304027261307
862304027261315
862304027261323
862304027261331
862304027261349
862304027261356
862304027261364
862304027261372
862304027261380
862304027261398
862304027261406
862304027261414
862304027261422
862304027261430
862304027261448
862304027261455
862304027261463
862304027261471
862304027261489
862304027261497
862304027261505
862304027261513
862304027261521
862304027261539
862304027261547
862304027261554
862304027261562
862304027261570
862304027261588
862304027261596
862304027261604
862304027261612
862304027261620
862304027261638
862304027261646
862304027261653
862304027261661
862304027261679
862304027261687
862304027261695
862304027261703
862304027261711
862304027261729
862304027261737
862304027261745
862304027261752
862304027261760
862304027261778
862304027261786
862304027261794
862304027261802
862304027261810
862304027261828
862304027261836
862304027261844
862304027261851
862304027261869
862304027261877
862304027261885
862304027261893
862304027261901
862304027261919
862304027261927
862304027261935
862304027261943
862304027261950
862304027261968
862304027261976
862304027261984
862304027261992
862304027262008
862304027262016
862304027262024
862304027262032
862304027262040
862304027262057
862304027262065
862304027262073
862304027262081
862304027262099
862304027262107
862304027262115
862304027262123
862304027262131
862304027262149
862304027262156
862304027262164
862304027262172
862304027262180
862304027262198
862304027262206
862304027262214
862304027262222
