862304027512238
862304027512246
862304027512253
862304027512261
862304027512279
862304027512287
862304027512295
862304027512303
862304027512311
862304027512329
862304027512337
862304027512345
862304027512352
862304027512360
862304027512378
862304027512386
862304027512394
862304027512402
862304027512410
862304027512428
862304027512436
862304027512444
862304027512451
862304027512469
862304027512477
862304027512485
862304027512493
862304027512501
862304027512519
862304027512527
862304027512535
862304027512543
862304027512550
862304027512568
862304027512576
862304027512584
862304027512592
862304027512600
862304027512618
862304027512626
862304027512634
862304027512642
862304027512659
862304027512667
862304027512675
862304027512683
862304027512691
862304027512709
862304027512717
862304027512725
862304027512733
862304027512741
862304027512758
862304027512766
862304027512774
862304027512782
862304027512790
862304027512808
862304027512816
862304027512824
862304027512832
862304027512840
862304027512857
862304027512865
862304027512873
862304027512881
862304027512899
862304027512907
862304027512915
862304027512923
862304027512931
862304027512949
862304027512956
862304027512964
862304027512972
862304027512980
862304027512998
862304027513004
862304027513012
862304027513020
862304027513038
862304027513046
862304027513053
862304027513061
862304027513079
862304027513087
862304027513095
862304027513103
862304027513111
862304027513129
862304027513137
862304027513145
862304027513152
862304027513160
862304027513178
862304027513186
862304027513194
862304027513202
862304027513210
862304027513228
862304027513236
862304027513244
862304027513251
862304027513269
862304027513277
862304027513285
862304027513293
862304027513301
862304027513319
862304027513327
862304027513335
862304027513343
862304027513350
862304027513368
862304027513376
862304027513384
862304027513392
862304027513400
862304027513418
862304027513426
862304027513434
862304027513442
862304027513459
862304027513467
862304027513475
862304027513483
862304027513491
862304027513509
862304027513517
862304027513525
862304027513533
862304027513541
862304027513558
862304027513566
862304027513574
862304027513582
862304027513590
862304027513608
862304027513616
862304027513624
862304027513632
862304027513640
862304027513657
862304027513665
862304027513673
862304027513681
862304027513699
862304027513707
862304027513715
862304027513723
862304027513731
862304027513749
862304027513756
862304027513764
862304027513772
862304027513780
862304027513798
862304027513806
862304027513814
862304027513822
862304027513830
862304027513848
862304027513855
862304027513863
862304027513871
862304027513889
862304027513897
862304027513905
862304027513913
862304027513921
862304027513939
862304027513947
862304027513954
862304027513962
862304027513970
862304027513988
862304027513996
862304027514002
862304027514010
862304027514028
862304027514036
862304027514044
862304027514051
862304027514069
862304027514077
862304027514085
862304027514093
862304027514101
862304027514119
862304027514127
862304027514135
862304027514143
862304027514150
862304027514168
862304027514176
862304027514184
862304027514192
862304027514200
862304027514218
862304027514226
862304027514234
862304027514242
862304027514259
862304027514267
862304027514275
862304027514283
862304027514291
862304027514309
862304027514317
862304027514325
862304027514333
862304027514341
862304027514358
862304027514366
862304027514374
862304027514382
862304027514390
862304027514408
862304027514416
862304027514424
862304027514432
862304027514440
862304027514457
862304027514465
862304027514473
862304027514481
862304027514499
862304027514507
862304027514515
862304027514523
862304027514531
862304027514549
862304027514556
862304027514564
862304027514572
862304027514580
862304027514598
862304027514606
862304027514614
862304027514622
862304027514630
862304027514648
862304027514655
862304027514663
862304027514671
862304027514689
862304027514697
862304027514705
862304027514713
862304027514721
862304027514739
862304027514747
862304027514754
862304027514762
862304027514770
862304027514788
862304027514796
862304027514804
862304027514812
862304027514820
862304027514838
862304027514846
862304027514853
862304027514861
862304027514879
862304027514887
862304027514895
862304027514903
862304027514911
862304027514929
862304027514937
862304027514945
862304027514952
862304027514960
862304027514978
862304027514986
862304027514994
862304027515009
862304027515017
862304027515025
862304027515033
862304027515041
862304027515058
862304027515066
862304027515074
862304027515082
862304027515090
862304027515108
862304027515116
862304027515124
862304027515132
862304027515140
862304027515157
862304027515165
862304027515173
862304027515181
862304027515199
862304027515207
862304027515215
862304027515223
862304027515231
862304027515249
862304027515256
862304027515264
862304027515272
862304027515280
862304027515298
862304027515306
862304027515314
862304027515322
862304027515330
862304027515348
862304027515355
862304027515363
862304027515371
862304027515389
862304027515397
862304027515405
862304027515413
862304027515421
862304027515439
862304027515447
862304027515454
862304027515462
862304027515470
862304027515488
862304027515496
862304027515504
862304027515512
862304027515520
862304027515538
862304027515546
862304027515553
862304027515561
862304027515579
862304027515587
862304027515595
862304027515603
862304027515611
862304027515629
862304027515637
862304027515645
862304027515652
862304027515660
862304027515678
862304027515686
862304027515694
862304027515702
862304027515710
862304027515728
862304027515736
862304027515744
862304027515751
862304027515769
862304027515777
862304027515785
862304027515793
862304027515801
862304027515819
862304027515827
862304027515835
862304027515843
862304027515850
862304027515868
862304027515876
862304027515884
862304027515892
862304027515900
862304027515918
862304027515926
862304027515934
862304027515942
862304027515959
862304027515967
862304027515975
862304027515983
862304027515991
862304027516007
862304027516015
862304027516023
862304027516031
862304027516049
862304027516056
862304027516064
862304027516072
862304027516080
862304027516098
862304027516106
862304027516114
862304027516122
862304027516130
862304027516148
862304027516155
862304027516163
862304027516171
862304027516189
862304027516197
862304027516205
862304027516213
862304027516221
862304027516239
862304027516247
862304027516254
862304027516262
862304027516270
862304027516288
862304027516296
862304027516304
862304027516312
862304027516320
862304027516338
862304027516346
862304027516353
862304027516361
862304027516379
862304027516387
862304027516395
862304027516403
862304027516411
862304027516429
862304027516437
862304027516445
862304027516452
862304027516460
862304027516478
862304027516486
862304027516494
862304027516502
862304027516510
862304027516528
862304027516536
862304027516544
862304027516551
862304027516569
862304027516577
862304027516585
862304027516593
862304027516601
862304027516619
862304027516627
862304027516635
862304027516643
862304027516650
862304027516668
862304027516676
862304027516684
862304027516692
862304027516700
862304027516718
862304027516726
862304027516734
862304027516742
862304027516759
862304027516767
862304027516775
862304027516783
862304027516791
862304027516809
862304027516817
862304027516825
862304027516833
862304027516841
862304027516858
862304027516866
862304027516874
862304027516882
862304027516890
862304027516908
862304027516916
862304027516924
862304027516932
862304027516940
862304027516957
862304027516965
862304027516973
862304027516981
862304027516999
862304027517005
862304027517013
862304027517021
862304027517039
862304027517047
862304027517054
862304027517062
862304027517070
862304027517088
862304027517096
862304027517104
862304027517112
862304027517120
862304027517138
862304027517146
862304027517153
862304027517161
862304027517179
862304027517187
862304027517195
862304027517203
862304027517211
862304027517229
862304027517237
862304027517245
862304027517252
862304027517260
862304027517278
862304027517286
862304027517294
862304027517302
862304027517310
862304027517328
862304027517336
862304027517344
862304027517351
862304027517369
862304027517377
862304027517385
862304027517393
862304027517401
862304027517419
862304027517427
862304027517435
862304027517443
862304027517450
862304027517468
862304027517476
862304027517484
862304027517492
862304027517500
862304027517518
862304027517526
862304027517534
862304027517542
862304027517559
862304027517567
862304027517575
862304027517583
862304027517591
862304027517609
862304027517617
862304027517625
862304027517633
862304027517641
862304027517658
862304027517666
862304027517674
862304027517682
862304027517690
862304027517708
862304027517716
862304027517724
862304027517732
862304027517740
862304027517757
862304027517765
862304027517773
862304027517781
862304027517799
862304027517807
862304027517815
862304027517823
862304027517831
862304027517849
862304027517856
862304027517864
862304027517872
862304027517880
862304027517898
862304027517906
862304027517914
862304027517922
862304027517930
862304027517948
862304027517955
862304027517963
862304027517971
862304027517989
862304027517997
862304027518003
862304027518011
862304027518029
862304027518037
862304027518045
862304027518052
862304027518060
862304027518078
862304027518086
862304027518094
862304027518102
862304027518110
862304027518128
862304027518136
862304027518144
862304027518151
862304027518169
862304027518177
862304027518185
862304027518193
862304027518201
862304027518219
862304027518227
862304027518235
862304027518243
862304027518250
862304027518268
862304027518276
862304027518284
862304027518292
862304027518300
862304027518318
862304027518326
862304027518334
862304027518342
862304027518359
862304027518367
862304027518375
862304027518383
862304027518391
862304027518409
862304027518417
862304027518425
862304027518433
862304027518441
862304027518458
862304027518466
862304027518474
862304027518482
862304027518490
862304027518508
862304027518516
862304027518524
862304027518532
862304027518540
862304027518557
862304027518565
862304027518573
862304027518581
862304027518599
862304027518607
862304027518615
862304027518623
862304027518631
862304027518649
862304027518656
862304027518664
862304027518672
862304027518680
862304027518698
862304027518706
862304027518714
862304027518722
862304027518730
862304027518748
862304027518755
862304027518763
862304027518771
862304027518789
862304027518797
862304027518805
862304027518813
862304027518821
862304027518839
862304027518847
862304027518854
862304027518862
862304027518870
862304027518888
862304027518896
862304027518904
862304027518912
862304027518920
862304027518938
862304027518946
862304027518953
862304027518961
862304027518979
862304027518987
862304027518995
862304027519001
862304027519019
862304027519027
862304027519035
862304027519043
862304027519050
862304027519068
862304027519076
862304027519084
862304027519092
862304027519100
862304027519118
862304027519126
862304027519134
862304027519142
862304027519159
862304027519167
862304027519175
862304027519183
862304027519191
862304027519209
862304027519217
862304027519225
862304027519233
862304027519241
862304027519258
862304027519266
862304027519274
862304027519282
862304027519290
862304027519308
862304027519316
862304027519324
862304027519332
862304027519340
862304027519357
862304027519365
862304027519373
862304027519381
862304027519399
862304027519407
862304027519415
862304027519423
862304027519431
862304027519449
862304027519456
862304027519464
862304027519472
862304027519480
862304027519498
862304027519506
862304027519514
862304027519522
862304027519530
862304027519548
862304027519555
862304027519563
862304027519571
862304027519589
862304027519597
862304027519605
862304027519613
862304027519621
862304027519639
862304027519647
862304027519654
862304027519662
862304027519670
862304027519688
862304027519696
862304027519704
862304027519712
862304027519720
862304027519738
862304027519746
862304027519753
862304027519761
862304027519779
862304027519787
862304027519795
862304027519803
862304027519811
862304027519829
862304027519837
862304027519845
862304027519852
862304027519860
862304027519878
862304027519886
862304027519894
862304027519902
862304027519910
862304027519928
862304027519936
862304027519944
862304027519951
862304027519969
862304027519977
862304027519985
862304027519993
862304027520009
862304027520017
862304027520025
862304027520033
862304027520041
862304027520058
862304027520066
862304027520074
862304027520082
862304027520090
862304027520108
862304027520116
862304027520124
862304027520132
862304027520140
862304027520157
862304027520165
862304027520173
862304027520181
862304027520199
862304027520207
862304027520215
862304027520223
862304027520231
862304027520249
862304027520256
862304027520264
862304027520272
862304027520280
862304027520298
862304027520306
862304027520314
862304027520322
862304027520330
862304027520348
862304027520355
862304027520363
862304027520371
862304027520389
862304027520397
862304027520405
862304027520413
862304027520421
862304027520439
862304027520447
862304027520454
862304027520462
862304027520470
862304027520488
862304027520496
862304027520504
862304027520512
862304027520520
862304027520538
862304027520546
862304027520553
862304027520561
862304027520579
862304027520587
862304027520595
862304027520603
862304027520611
862304027520629
862304027520637
862304027520645
862304027520652
862304027520660
862304027520678
862304027520686
862304027520694
862304027520702
862304027520710
862304027520728
862304027520736
862304027520744
862304027520751
862304027520769
862304027520777
862304027520785
862304027520793
862304027520801
862304027520819
862304027520827
862304027520835
862304027520843
862304027520850
862304027520868
862304027520876
862304027520884
862304027520892
862304027520900
862304027520918
862304027520926
862304027520934
862304027520942
862304027520959
862304027520967
862304027520975
862304027520983
862304027520991
862304027521007
862304027521015
862304027521023
862304027521031
862304027521049
862304027521056
862304027521064
862304027521072
862304027521080
862304027521098
862304027521106
862304027521114
862304027521122
862304027521130
862304027521148
862304027521155
862304027521163
862304027521171
862304027521189
862304027521197
862304027521205
862304027521213
862304027521221
862304027521239
862304027521247
862304027521254
862304027521262
862304027521270
862304027521288
862304027521296
862304027521304
862304027521312
862304027521320
862304027521338
862304027521346
862304027521353
862304027521361
862304027521379
862304027521387
862304027521395
862304027521403
862304027521411
862304027521429
862304027521437
862304027521445
862304027521452
862304027521460
862304027521478
862304027521486
862304027521494
862304027521502
862304027521510
862304027521528
862304027521536
862304027521544
862304027521551
862304027521569
862304027521577
862304027521585
862304027521593
862304027521601
862304027521619
862304027521627
862304027521635
862304027521643
862304027521650
862304027521668
862304027521676
862304027521684
862304027521692
862304027521700
862304027521718
862304027521726
862304027521734
862304027521742
862304027521759
862304027521767
862304027521775
862304027521783
862304027521791
862304027521809
862304027521817
862304027521825
862304027521833
862304027521841
862304027521858
862304027521866
862304027521874
862304027521882
862304027521890
862304027521908
862304027521916
862304027521924
862304027521932
862304027521940
862304027521957
862304027521965
862304027521973
862304027521981
862304027521999
862304027522005
862304027522013
862304027522021
862304027522039
862304027522047
862304027522054
862304027522062
862304027522070
862304027522088
862304027522096
862304027522104
862304027522112
862304027522120
862304027522138
862304027522146
862304027522153
862304027522161
862304027522179
862304027522187
862304027522195
862304027522203
862304027522211
862304027522229
862304027522237
862304027522245
862304027522252
862304027522260
862304027522278
862304027522286
862304027522294
862304027522302
862304027522310
862304027522328
862304027522336
862304027522344
862304027522351
862304027522369
862304027522377
862304027522385
862304027522393
862304027522401
862304027522419
862304027522427
862304027522435
862304027522443
862304027522450
862304027522468
862304027522476
862304027522484
862304027522492
862304027522500
862304027522518
862304027522526
862304027522534
862304027522542
862304027522559
862304027522567
862304027522575
862304027522583
862304027522591
862304027522609
862304027522617
862304027522625
862304027522633
862304027522641
862304027522658
862304027522666
862304027522674
862304027522682
862304027522690
862304027522708
862304027522716
862304027522724
862304027522732
862304027522740
862304027522757
862304027522765
862304027522773
862304027522781
862304027522799
862304027522807
862304027522815
862304027522823
862304027522831
862304027522849
862304027522856
862304027522864
862304027522872
862304027522880
862304027522898
862304027522906
862304027522914
862304027522922
862304027522930
862304027522948
862304027522955
862304027522963
862304027522971
862304027522989
862304027522997
862304027523003
862304027523011
862304027523029
862304027523037
862304027523045
862304027523052
862304027523060
862304027523078
862304027523086
862304027523094
862304027523102
862304027523110
862304027523128
862304027523136
862304027523144
862304027523151
862304027523169
862304027523177
862304027523185
862304027523193
862304027523201
862304027523219
862304027523227
862304027523235
862304027523243
862304027523250
862304027523268
862304027523276
862304027523284
862304027523292
862304027523300
862304027523318
862304027523326
862304027523334
862304027523342
862304027523359
862304027523367
862304027523375
862304027523383
862304027523391
862304027523409
862304027523417
862304027523425
862304027523433
862304027523441
862304027523458
862304027523466
862304027523474
862304027523482
862304027523490
862304027523508
862304027523516
862304027523524
862304027523532
862304027523540
862304027523557
862304027523565
862304027523573
862304027523581
862304027523599
862304027523607
862304027523615
862304027523623
862304027523631
862304027523649
862304027523656
862304027523664
862304027523672
862304027523680
862304027523698
862304027523706
862304027523714
862304027523722
862304027523730
862304027523748
862304027523755
862304027523763
862304027523771
862304027523789
862304027523797
862304027523805
862304027523813
862304027523821
862304027523839
862304027523847
862304027523854
862304027523862
862304027523870
862304027523888
862304027523896
862304027523904
862304027523912
862304027523920
862304027523938
862304027523946
862304027523953
862304027523961
862304027523979
862304027523987
862304027523995
862304027524001
862304027524019
862304027524027
862304027524035
862304027524043
862304027524050
862304027524068
862304027524076
862304027524084
862304027524092
862304027524100
862304027524118
862304027524126
862304027524134
862304027524142
862304027524159
862304027524167
862304027524175
862304027524183
862304027524191
862304027524209
862304027524217
862304027524225
862304027524233
862304027524241
862304027524258
862304027524266
862304027524274
862304027524282
862304027524290
862304027524308
862304027524316
862304027524324
862304027524332
862304027524340
862304027524357
862304027524365
862304027524373
862304027524381
862304027524399
862304027524407
862304027524415
862304027524423
862304027524431
862304027524449
862304027524456
862304027524464
862304027524472
862304027524480
862304027524498
862304027524506
862304027524514
862304027524522
862304027524530
862304027524548
862304027524555
862304027524563
862304027524571
862304027524589
862304027524597
862304027524605
862304027524613
862304027524621
862304027524639
862304027524647
862304027524654
862304027524662
862304027524670
862304027524688
862304027524696
862304027524704
862304027524712
862304027524720
862304027524738
862304027524746
862304027524753
862304027524761
862304027524779
862304027524787
862304027524795
862304027524803
862304027524811
862304027524829
862304027524837
862304027524845
862304027524852
862304027524860
862304027524878
862304027524886
862304027524894
862304027524902
862304027524910
862304027524928
862304027524936
862304027524944
862304027524951
862304027524969
862304027524977
862304027524985
862304027524993
862304027525008
862304027525016
862304027525024
862304027525032
862304027525040
862304027525057
862304027525065
862304027525073
862304027525081
862304027525099
862304027525107
862304027525115
862304027525123
862304027525131
862304027525149
862304027525156
862304027525164
862304027525172
862304027525180
862304027525198
862304027525206
862304027525214
862304027525222
862304027525230
862304027525248
862304027525255
862304027525263
862304027525271
862304027525289
862304027525297
862304027525305
862304027525313
862304027525321
862304027525339
862304027525347
862304027525354
862304027525362
862304027525370
862304027525388
862304027525396
862304027525404
862304027525412
862304027525420
862304027525438
862304027525446
862304027525453
862304027525461
862304027525479
862304027525487
862304027525495
862304027525503
862304027525511
862304027525529
862304027525537
862304027525545
862304027525552
862304027525560
862304027525578
862304027525586
862304027525594
862304027525602
862304027525610
862304027525628
862304027525636
862304027525644
862304027525651
862304027525669
862304027525677
862304027525685
862304027525693
862304027525701
862304027525719
862304027525727
862304027525735
862304027525743
862304027525750
862304027525768
862304027525776
862304027525784
862304027525792
862304027525800
862304027525818
862304027525826
862304027525834
862304027525842
862304027525859
862304027525867
862304027525875
862304027525883
862304027525891
862304027525909
862304027525917
862304027525925
862304027525933
862304027525941
862304027525958
862304027525966
862304027525974
862304027525982
862304027525990
862304027526006
862304027526014
862304027526022
862304027526030
862304027526048
862304027526055
862304027526063
862304027526071
862304027526089
862304027526097
862304027526105
862304027526113
862304027526121
862304027526139
862304027526147
862304027526154
862304027526162
862304027526170
862304027526188
862304027526196
862304027526204
862304027526212
862304027526220
862304027526238
862304027526246
862304027526253
862304027526261
862304027526279
862304027526287
862304027526295
862304027526303
862304027526311
862304027526329
862304027526337
862304027526345
862304027526352
862304027526360
862304027526378
862304027526386
862304027526394
862304027526402
862304027526410
862304027526428
862304027526436
862304027526444
862304027526451
862304027526469
862304027526477
862304027526485
862304027526493
862304027526501
862304027526519
862304027526527
862304027526535
862304027526543
862304027526550
862304027526568
862304027526576
862304027526584
862304027526592
862304027526600
862304027526618
862304027526626
862304027526634
862304027526642
862304027526659
862304027526667
862304027526675
862304027526683
862304027526691
862304027526709
862304027526717
862304027526725
862304027526733
862304027526741
862304027526758
862304027526766
862304027526774
862304027526782
862304027526790
862304027526808
862304027526816
862304027526824
862304027526832
862304027526840
862304027526857
862304027526865
862304027526873
862304027526881
862304027526899
862304027526907
862304027526915
862304027526923
862304027526931
862304027526949
862304027526956
862304027526964
862304027526972
862304027526980
862304027526998
862304027527004
862304027527012
862304027527020
862304027527038
862304027527046
862304027527053
862304027527061
862304027527079
862304027527087
862304027527095
862304027527103
862304027527111
862304027527129
862304027527137
862304027527145
862304027527152
862304027527160
862304027527178
862304027527186
862304027527194
862304027527202
862304027527210
862304027527228
862304027527236
862304027527244
862304027527251
862304027527269
862304027527277
862304027527285
862304027527293
862304027527301
862304027527319
862304027527327
862304027527335
862304027527343
862304027527350
862304027527368
862304027527376
862304027527384
862304027527392
862304027527400
862304027527418
862304027527426
862304027527434
862304027527442
862304027527459
862304027527467
862304027527475
862304027527483
862304027527491
862304027527509
862304027527517
862304027527525
862304027527533
862304027527541
862304027527558
862304027527566
862304027527574
862304027527582
862304027527590
862304027527608
862304027527616
862304027527624
862304027527632
862304027527640
862304027527657
862304027527665
862304027527673
862304027527681
862304027527699
862304027527707
862304027527715
862304027527723
862304027527731
862304027527749
862304027527756
862304027527764
862304027527772
862304027527780
862304027527798
862304027527806
862304027527814
862304027527822
862304027527830
862304027527848
862304027527855
862304027527863
862304027527871
862304027527889
862304027527897
862304027527905
862304027527913
862304027527921
862304027527939
862304027527947
862304027527954
862304027527962
862304027527970
862304027527988
862304027527996
862304027528002
862304027528010
862304027528028
862304027528036
862304027528044
862304027528051
862304027528069
862304027528077
862304027528085
862304027528093
862304027528101
862304027528119
862304027528127
862304027528135
862304027528143
862304027528150
862304027528168
862304027528176
862304027528184
862304027528192
862304027528200
862304027528218
862304027528226
862304027528234
862304027528242
862304027528259
862304027528267
862304027528275
862304027528283
862304027528291
862304027528309
862304027528317
862304027528325
862304027528333
862304027528341
862304027528358
862304027528366
862304027528374
862304027528382
862304027528390
862304027528408
862304027528416
862304027528424
862304027528432
862304027528440
862304027528457
862304027528465
862304027528473
862304027528481
862304027528499
862304027528507
862304027528515
862304027528523
862304027528531
862304027528549
862304027528556
862304027528564
862304027528572
862304027528580
862304027528598
862304027528606
862304027528614
862304027528622
862304027528630
862304027528648
862304027528655
862304027528663
862304027528671
862304027528689
862304027528697
862304027528705
862304027528713
862304027528721
862304027528739
862304027528747
862304027528754
862304027528762
862304027528770
862304027528788
862304027528796
862304027528804
862304027528812
862304027528820
862304027528838
862304027528846
862304027528853
862304027528861
862304027528879
862304027528887
862304027528895
862304027528903
862304027528911
862304027528929
862304027528937
862304027528945
862304027528952
862304027528960
862304027528978
862304027528986
862304027528994
862304027529000
862304027529018
862304027529026
862304027529034
862304027529042
862304027529059
862304027529067
862304027529075
862304027529083
862304027529091
862304027529109
862304027529117
862304027529125
862304027529133
862304027529141
862304027529158
862304027529166
862304027529174
862304027529182
862304027529190
862304027529208
862304027529216
862304027529224
862304027529232
862304027529240
862304027529257
862304027529265
862304027529273
862304027529281
862304027529299
862304027529307
862304027529315
862304027529323
862304027529331
862304027529349
862304027529356
862304027529364
862304027529372
862304027529380
862304027529398
862304027529406
862304027529414
862304027529422
862304027529430
862304027529448
862304027529455
862304027529463
862304027529471
862304027529489
862304027529497
862304027529505
862304027529513
862304027529521
862304027529539
862304027529547
862304027529554
862304027529562
862304027529570
862304027529588
862304027529596
862304027529604
862304027529612
862304027529620
862304027529638
862304027529646
862304027529653
862304027529661
862304027529679
862304027529687
862304027529695
862304027529703
862304027529711
862304027529729
862304027529737
862304027529745
862304027529752
862304027529760
862304027529778
862304027529786
862304027529794
862304027529802
862304027529810
862304027529828
862304027529836
862304027529844
862304027529851
862304027529869
862304027529877
862304027529885
862304027529893
862304027529901
862304027529919
862304027529927
862304027529935
862304027529943
862304027529950
862304027529968
862304027529976
862304027529984
862304027529992
862304027530008
862304027530016
862304027530024
862304027530032
862304027530040
862304027530057
862304027530065
862304027530073
862304027530081
862304027530099
862304027530107
862304027530115
862304027530123
862304027530131
862304027530149
862304027530156
862304027530164
862304027530172
862304027530180
862304027530198
862304027530206
862304027530214
862304027530222
862304027530230
862304027530248
862304027530255
862304027530263
862304027530271
862304027530289
862304027530297
862304027530305
862304027530313
862304027530321
862304027530339
862304027530347
862304027530354
862304027530362
862304027530370
862304027530388
862304027530396
862304027530404
862304027530412
862304027530420
862304027530438
862304027530446
862304027530453
862304027530461
862304027530479
862304027530487
862304027530495
862304027530503
862304027530511
862304027530529
862304027530537
862304027530545
862304027530552
862304027530560
862304027530578
862304027530586
862304027530594
862304027530602
862304027530610
862304027530628
862304027530636
862304027530644
862304027530651
862304027530669
862304027530677
862304027530685
862304027530693
862304027530701
862304027530719
862304027530727
862304027530735
862304027530743
862304027530750
862304027530768
862304027530776
862304027530784
862304027530792
862304027530800
862304027530818
862304027530826
862304027530834
862304027530842
862304027530859
862304027530867
862304027530875
862304027530883
862304027530891
862304027530909
862304027530917
862304027530925
862304027530933
862304027530941
862304027530958
862304027530966
862304027530974
862304027530982
862304027530990
862304027531006
862304027531014
862304027531022
862304027531030
862304027531048
862304027531055
862304027531063
862304027531071
862304027531089
862304027531097
862304027531105
862304027531113
862304027531121
862304027531139
862304027531147
862304027531154
862304027531162
862304027531170
862304027531188
862304027531196
862304027531204
862304027531212
862304027531220
862304027531238
862304027531246
862304027531253
862304027531261
862304027531279
862304027531287
862304027531295
862304027531303
862304027531311
862304027531329
862304027531337
862304027531345
862304027531352
862304027531360
862304027531378
862304027531386
862304027531394
862304027531402
862304027531410
862304027531428
862304027531436
862304027531444
862304027531451
862304027531469
862304027531477
862304027531485
862304027531493
862304027531501
862304027531519
862304027531527
862304027531535
862304027531543
862304027531550
862304027531568
862304027531576
862304027531584
862304027531592
862304027531600
862304027531618
862304027531626
862304027531634
862304027531642
862304027531659
862304027531667
862304027531675
862304027531683
862304027531691
862304027531709
862304027531717
862304027531725
862304027531733
862304027531741
862304027531758
862304027531766
862304027531774
862304027531782
862304027531790
862304027531808
862304027531816
862304027531824
862304027531832
862304027531840
862304027531857
862304027531865
862304027531873
862304027531881
862304027531899
862304027531907
862304027531915
862304027531923
862304027531931
862304027531949
862304027531956
862304027531964
862304027531972
862304027531980
862304027531998
862304027532004
862304027532012
862304027532020
862304027532038
862304027532046
862304027532053
862304027532061
862304027532079
862304027532087
862304027532095
862304027532103
862304027532111
862304027532129
862304027532137
862304027532145
862304027532152
862304027532160
862304027532178
862304027532186
862304027532194
862304027532202
862304027532210
862304027532228
862304027532236
862304027532244
862304027532251
862304027532269
862304027532277
862304027532285
862304027532293
862304027532301
862304027532319
862304027532327
862304027532335
862304027532343
862304027532350
862304027532368
862304027532376
862304027532384
862304027532392
862304027532400
862304027532418
862304027532426
862304027532434
862304027532442
862304027532459
862304027532467
862304027532475
862304027532483
862304027532491
862304027532509
862304027532517
862304027532525
862304027532533
862304027532541
862304027532558
862304027532566
862304027532574
862304027532582
862304027532590
862304027532608
862304027532616
862304027532624
862304027532632
862304027532640
862304027532657
862304027532665
862304027532673
862304027532681
862304027532699
862304027532707
862304027532715
862304027532723
862304027532731
862304027532749
862304027532756
862304027532764
862304027532772
862304027532780
862304027532798
862304027532806
862304027532814
862304027532822
862304027532830
862304027532848
862304027532855
862304027532863
862304027532871
862304027532889
862304027532897
862304027532905
862304027532913
862304027532921
862304027532939
862304027532947
862304027532954
862304027532962
862304027532970
862304027532988
862304027532996
862304027533002
862304027533010
862304027533028
862304027533036
862304027533044
862304027533051
862304027533069
862304027533077
862304027533085
862304027533093
862304027533101
862304027533119
862304027533127
862304027533135
862304027533143
862304027533150
862304027533168
862304027533176
862304027533184
862304027533192
862304027533200
862304027533218
862304027533226
862304027533234
862304027533242
862304027533259
862304027533267
862304027533275
862304027533283
862304027533291
862304027533309
862304027533317
862304027533325
862304027533333
862304027533341
862304027533358
862304027533366
862304027533374
862304027533382
862304027533390
862304027533408
862304027533416
862304027533424
862304027533432
862304027533440
862304027533457
862304027533465
862304027533473
862304027533481
862304027533499
862304027533507
862304027533515
862304027533523
862304027533531
862304027533549
862304027533556
862304027533564
862304027533572
862304027533580
862304027533598
862304027533606
862304027533614
862304027533622
862304027533630
862304027533648
862304027533655
862304027533663
862304027533671
862304027533689
862304027533697
862304027533705
862304027533713
862304027533721
862304027533739
862304027533747
862304027533754
862304027533762
862304027533770
862304027533788
862304027533796
862304027533804
862304027533812
862304027533820
862304027533838
862304027533846
862304027533853
862304027533861
862304027533879
862304027533887
862304027533895
862304027533903
862304027533911
862304027533929
862304027533937
862304027533945
862304027533952
862304027533960
862304027533978
862304027533986
862304027533994
862304027534000
862304027534018
862304027534026
862304027534034
862304027534042
862304027534059
862304027534067
862304027534075
862304027534083
862304027534091
862304027534109
862304027534117
862304027534125
862304027534133
862304027534141
862304027534158
862304027534166
862304027534174
862304027534182
862304027534190
862304027534208
862304027534216
862304027534224
862304027534232
862304027534240
862304027534257
862304027534265
862304027534273
862304027534281
862304027534299
862304027534307
862304027534315
862304027534323
862304027534331
862304027534349
862304027534356
862304027534364
862304027534372
862304027534380
862304027534398
862304027534406
862304027534414
862304027534422
862304027534430
862304027534448
862304027534455
862304027534463
862304027534471
862304027534489
862304027534497
862304027534505
862304027534513
862304027534521
862304027534539
862304027534547
862304027534554
862304027534562
862304027534570
862304027534588
862304027534596
862304027534604
862304027534612
862304027534620
862304027534638
862304027534646
862304027534653
862304027534661
862304027534679
862304027534687
862304027534695
862304027534703
862304027534711
862304027534729
862304027534737
862304027534745
862304027534752
862304027534760
862304027534778
862304027534786
862304027534794
862304027534802
862304027534810
862304027534828
862304027534836
862304027534844
862304027534851
862304027534869
862304027534877
862304027534885
862304027534893
862304027534901
862304027534919
862304027534927
862304027534935
862304027534943
862304027534950
862304027534968
862304027534976
862304027534984
862304027534992
862304027535007
862304027535015
862304027535023
862304027535031
862304027535049
862304027535056
862304027535064
862304027535072
862304027535080
862304027535098
862304027535106
862304027535114
862304027535122
862304027535130
862304027535148
862304027535155
862304027535163
862304027535171
862304027535189
862304027535197
862304027535205
862304027535213
862304027535221
862304027535239
862304027535247
862304027535254
862304027535262
862304027535270
862304027535288
862304027535296
862304027535304
862304027535312
862304027535320
862304027535338
862304027535346
862304027535353
862304027535361
862304027535379
862304027535387
862304027535395
862304027535403
862304027535411
862304027535429
862304027535437
862304027535445
862304027535452
862304027535460
862304027535478
862304027535486
862304027535494
862304027535502
862304027535510
862304027535528
862304027535536
862304027535544
862304027535551
862304027535569
862304027535577
862304027535585
862304027535593
862304027535601
862304027535619
862304027535627
862304027535635
862304027535643
862304027535650
862304027535668
862304027535676
862304027535684
862304027535692
862304027535700
862304027535718
862304027535726
862304027535734
862304027535742
862304027535759
862304027535767
862304027535775
862304027535783
862304027535791
862304027535809
862304027535817
862304027535825
862304027535833
862304027535841
862304027535858
862304027535866
862304027535874
862304027535882
862304027535890
862304027535908
862304027535916
862304027535924
862304027535932
862304027535940
862304027535957
862304027535965
862304027535973
862304027535981
862304027535999
862304027536005
862304027536013
862304027536021
862304027536039
862304027536047
862304027536054
862304027536062
862304027536070
862304027536088
862304027536096
862304027536104
862304027536112
862304027536120
862304027536138
862304027536146
862304027536153
862304027536161
862304027536179
862304027536187
862304027536195
862304027536203
862304027536211
862304027536229
862304027536237
862304027536245
862304027536252
862304027536260
862304027536278
862304027536286
862304027536294
862304027536302
862304027536310
862304027536328
862304027536336
862304027536344
862304027536351
862304027536369
862304027536377
862304027536385
862304027536393
862304027536401
862304027536419
862304027536427
862304027536435
862304027536443
862304027536450
862304027536468
862304027536476
862304027536484
862304027536492
862304027536500
862304027536518
862304027536526
862304027536534
862304027536542
862304027536559
862304027536567
862304027536575
862304027536583
862304027536591
862304027536609
862304027536617
862304027536625
862304027536633
862304027536641
862304027536658
862304027536666
862304027536674
862304027536682
862304027536690
862304027536708
862304027536716
862304027536724
862304027536732
862304027536740
862304027536757
862304027536765
862304027536773
862304027536781
862304027536799
862304027536807
862304027536815
862304027536823
862304027536831
862304027536849
862304027536856
862304027536864
862304027536872
862304027536880
862304027536898
862304027536906
862304027536914
862304027536922
862304027536930
862304027536948
862304027536955
862304027536963
862304027536971
862304027536989
862304027536997
862304027537003
862304027537011
862304027537029
862304027537037
862304027537045
862304027537052
862304027537060
862304027537078
862304027537086
862304027537094
862304027537102
862304027537110
862304027537128
862304027537136
862304027537144
862304027537151
862304027537169
862304027537177
862304027537185
862304027537193
862304027537201
862304027537219
862304027537227
862304027537235
862304027537243
862304027537250
862304027537268
862304027537276
862304027537284
862304027537292
862304027537300
862304027537318
862304027537326
862304027537334
862304027537342
862304027537359
862304027537367
862304027537375
862304027537383
862304027537391
862304027537409
862304027537417
862304027537425
862304027537433
862304027537441
862304027537458
862304027537466
862304027537474
862304027537482
862304027537490
862304027537508
862304027537516
862304027537524
862304027537532
862304027537540
862304027537557
862304027537565
862304027537573
862304027537581
862304027537599
862304027537607
862304027537615
862304027537623
862304027537631
862304027537649
862304027537656
862304027537664
862304027537672
862304027537680
862304027537698
862304027537706
862304027537714
862304027537722
862304027537730
862304027537748
862304027537755
862304027537763
862304027537771
862304027537789
862304027537797
862304027537805
862304027537813
862304027537821
862304027537839
862304027537847
862304027537854
862304027537862
862304027537870
862304027537888
862304027537896
862304027537904
862304027537912
862304027537920
862304027537938
862304027537946
862304027537953
862304027537961
862304027537979
862304027537987
862304027537995
862304027538001
862304027538019
862304027538027
862304027538035
862304027538043
862304027538050
862304027538068
862304027538076
862304027538084
862304027538092
862304027538100
862304027538118
862304027538126
862304027538134
862304027538142
862304027538159
862304027538167
862304027538175
862304027538183
862304027538191
862304027538209
862304027538217
862304027538225
862304027538233
862304027538241
862304027538258
862304027538266
862304027538274
862304027538282
862304027538290
862304027538308
862304027538316
862304027538324
862304027538332
862304027538340
862304027538357
862304027538365
862304027538373
862304027538381
862304027538399
862304027538407
862304027538415
862304027538423
862304027538431
862304027538449
862304027538456
862304027538464
862304027538472
862304027538480
862304027538498
862304027538506
862304027538514
862304027538522
862304027538530
862304027538548
862304027538555
862304027538563
862304027538571
862304027538589
862304027538597
862304027538605
862304027538613
862304027538621
862304027538639
862304027538647
862304027538654
862304027538662
862304027538670
862304027538688
862304027538696
862304027538704
862304027538712
862304027538720
862304027538738
862304027538746
862304027538753
862304027538761
862304027538779
862304027538787
862304027538795
862304027538803
862304027538811
862304027538829
862304027538837
862304027538845
862304027538852
862304027538860
862304027538878
862304027538886
862304027538894
862304027538902
862304027538910
862304027538928
862304027538936
862304027538944
862304027538951
862304027538969
862304027538977
862304027538985
862304027538993
862304027539009
862304027539017
862304027539025
862304027539033
862304027539041
862304027539058
862304027539066
862304027539074
862304027539082
862304027539090
862304027539108
862304027539116
862304027539124
862304027539132
862304027539140
862304027539157
862304027539165
862304027539173
862304027539181
862304027539199
862304027539207
862304027539215
862304027539223
862304027539231
862304027539249
862304027539256
862304027539264
862304027539272
862304027539280
862304027539298
862304027539306
862304027539314
862304027539322
862304027539330
862304027539348
862304027539355
862304027539363
862304027539371
862304027539389
862304027539397
862304027539405
862304027539413
862304027539421
862304027539439
862304027539447
862304027539454
862304027539462
862304027539470
862304027539488
862304027539496
862304027539504
862304027539512
862304027539520
862304027539538
862304027539546
862304027539553
862304027539561
862304027539579
862304027539587
862304027539595
862304027539603
862304027539611
862304027539629
862304027539637
862304027539645
862304027539652
862304027539660
862304027539678
862304027539686
862304027539694
862304027539702
862304027539710
862304027539728
862304027539736
862304027539744
862304027539751
862304027539769
862304027539777
862304027539785
862304027539793
862304027539801
862304027539819
862304027539827
862304027539835
862304027539843
862304027539850
862304027539868
862304027539876
862304027539884
862304027539892
862304027539900
862304027539918
862304027539926
862304027539934
862304027539942
862304027539959
862304027539967
862304027539975
862304027539983
862304027539991
862304027540007
862304027540015
862304027540023
862304027540031
862304027540049
862304027540056
862304027540064
862304027540072
862304027540080
862304027540098
862304027540106
862304027540114
862304027540122
862304027540130
862304027540148
862304027540155
862304027540163
862304027540171
862304027540189
862304027540197
862304027540205
862304027540213
862304027540221
862304027540239
862304027540247
862304027540254
862304027540262
862304027540270
862304027540288
862304027540296
862304027540304
862304027540312
862304027540320
862304027540338
862304027540346
862304027540353
862304027540361
862304027540379
862304027540387
862304027540395
862304027540403
862304027540411
862304027540429
862304027540437
862304027540445
862304027540452
862304027540460
862304027540478
862304027540486
862304027540494
862304027540502
862304027540510
862304027540528
862304027540536
862304027540544
862304027540551
862304027540569
862304027540577
862304027540585
862304027540593
862304027540601
862304027540619
862304027540627
862304027540635
862304027540643
862304027540650
862304027540668
862304027540676
862304027540684
862304027540692
862304027540700
862304027540718
862304027540726
862304027540734
862304027540742
862304027540759
862304027540767
862304027540775
862304027540783
862304027540791
862304027540809
862304027540817
862304027540825
862304027540833
862304027540841
862304027540858
862304027540866
862304027540874
862304027540882
862304027540890
862304027540908
862304027540916
862304027540924
862304027540932
862304027540940
862304027540957
862304027540965
862304027540973
862304027540981
862304027540999
862304027541005
862304027541013
862304027541021
862304027541039
862304027541047
862304027541054
862304027541062
862304027541070
862304027541088
862304027541096
862304027541104
862304027541112
862304027541120
862304027541138
862304027541146
862304027541153
862304027541161
862304027541179
862304027541187
862304027541195
862304027541203
862304027541211
862304027541229
862304027541237
862304027541245
862304027541252
862304027541260
862304027541278
862304027541286
862304027541294
862304027541302
862304027541310
862304027541328
862304027541336
862304027541344
862304027541351
862304027541369
862304027541377
862304027541385
862304027541393
862304027541401
862304027541419
862304027541427
862304027541435
862304027541443
862304027541450
862304027541468
862304027541476
862304027541484
862304027541492
862304027541500
862304027541518
862304027541526
862304027541534
862304027541542
862304027541559
862304027541567
862304027541575
862304027541583
862304027541591
862304027541609
862304027541617
862304027541625
862304027541633
862304027541641
862304027541658
862304027541666
862304027541674
862304027541682
862304027541690
862304027541708
862304027541716
862304027541724
862304027541732
862304027541740
862304027541757
862304027541765
862304027541773
862304027541781
862304027541799
862304027541807
862304027541815
862304027541823
862304027541831
862304027541849
862304027541856
862304027541864
862304027541872
862304027541880
862304027541898
862304027541906
862304027541914
862304027541922
862304027541930
862304027541948
862304027541955
862304027541963
862304027541971
862304027541989
862304027541997
862304027542003
862304027542011
862304027542029
862304027542037
862304027542045
862304027542052
862304027542060
862304027542078
862304027542086
862304027542094
862304027542102
862304027542110
862304027542128
862304027542136
862304027542144
862304027542151
862304027542169
862304027542177
862304027542185
862304027542193
862304027542201
862304027542219
862304027542227
862304027542235
862304027542243
862304027542250
862304027542268
862304027542276
862304027542284
862304027542292
862304027542300
862304027542318
862304027542326
862304027542334
862304027542342
862304027542359
862304027542367
862304027542375
862304027542383
862304027542391
862304027542409
862304027542417
862304027542425
862304027542433
862304027542441
862304027542458
862304027542466
862304027542474
862304027542482
862304027542490
862304027542508
862304027542516
862304027542524
862304027542532
862304027542540
862304027542557
862304027542565
862304027542573
862304027542581
862304027542599
862304027542607
862304027542615
862304027542623
862304027542631
862304027542649
862304027542656
862304027542664
862304027542672
862304027542680
862304027542698
862304027542706
862304027542714
862304027542722
862304027542730
862304027542748
862304027542755
862304027542763
862304027542771
862304027542789
862304027542797
862304027542805
862304027542813
862304027542821
862304027542839
862304027542847
862304027542854
862304027542862
862304027542870
862304027542888
862304027542896
862304027542904
862304027542912
862304027542920
862304027542938
862304027542946
862304027542953
862304027542961
862304027542979
862304027542987
862304027542995
862304027543001
862304027543019
862304027543027
862304027543035
862304027543043
862304027543050
862304027543068
862304027543076
862304027543084
862304027543092
862304027543100
862304027543118
862304027543126
862304027543134
862304027543142
862304027543159
862304027543167
862304027543175
862304027543183
862304027543191
862304027543209
862304027543217
862304027543225
862304027543233
862304027543241
862304027543258
862304027543266
862304027543274
862304027543282
862304027543290
862304027543308
862304027543316
862304027543324
862304027543332
862304027543340
862304027543357
862304027543365
862304027543373
862304027543381
862304027543399
862304027543407
862304027543415
862304027543423
862304027543431
862304027543449
862304027543456
862304027543464
862304027543472
862304027543480
862304027543498
862304027543506
862304027543514
862304027543522
862304027543530
862304027543548
862304027543555
862304027543563
862304027543571
862304027543589
862304027543597
862304027543605
862304027543613
862304027543621
862304027543639
862304027543647
862304027543654
862304027543662
862304027543670
862304027543688
862304027543696
862304027543704
862304027543712
862304027543720
862304027543738
862304027543746
862304027543753
862304027543761
862304027543779
862304027543787
862304027543795
862304027543803
862304027543811
862304027543829
862304027543837
862304027543845
862304027543852
862304027543860
862304027543878
862304027543886
862304027543894
862304027543902
862304027543910
862304027543928
862304027543936
862304027543944
862304027543951
862304027543969
862304027543977
862304027543985
862304027543993
862304027544009
862304027544017
862304027544025
862304027544033
862304027544041
862304027544058
862304027544066
862304027544074
862304027544082
862304027544090
862304027544108
862304027544116
862304027544124
862304027544132
862304027544140
862304027544157
862304027544165
862304027544173
862304027544181
862304027544199
862304027544207
862304027544215
862304027544223
862304027544231
862304027544249
862304027544256
862304027544264
862304027544272
862304027544280
862304027544298
862304027544306
862304027544314
862304027544322
862304027544330
862304027544348
862304027544355
862304027544363
862304027544371
862304027544389
862304027544397
862304027544405
862304027544413
862304027544421
862304027544439
862304027544447
862304027544454
862304027544462
862304027544470
862304027544488
862304027544496
862304027544504
862304027544512
862304027544520
862304027544538
862304027544546
862304027544553
862304027544561
862304027544579
862304027544587
862304027544595
862304027544603
862304027544611
862304027544629
862304027544637
862304027544645
862304027544652
862304027544660
862304027544678
862304027544686
862304027544694
862304027544702
862304027544710
862304027544728
862304027544736
862304027544744
862304027544751
862304027544769
862304027544777
862304027544785
862304027544793
862304027544801
862304027544819
862304027544827
862304027544835
862304027544843
862304027544850
862304027544868
862304027544876
862304027544884
862304027544892
862304027544900
862304027544918
862304027544926
862304027544934
862304027544942
862304027544959
862304027544967
862304027544975
862304027544983
862304027544991
862304027545006
862304027545014
862304027545022
862304027545030
862304027545048
862304027545055
862304027545063
862304027545071
862304027545089
862304027545097
862304027545105
862304027545113
862304027545121
862304027545139
862304027545147
862304027545154
862304027545162
862304027545170
862304027545188
862304027545196
862304027545204
862304027545212
862304027545220
862304027545238
862304027545246
862304027545253
862304027545261
862304027545279
862304027545287
862304027545295
862304027545303
862304027545311
862304027545329
862304027545337
862304027545345
862304027545352
862304027545360
862304027545378
862304027545386
862304027545394
862304027545402
862304027545410
862304027545428
862304027545436
862304027545444
862304027545451
862304027545469
862304027545477
862304027545485
862304027545493
862304027545501
862304027545519
862304027545527
862304027545535
862304027545543
862304027545550
862304027545568
862304027545576
862304027545584
862304027545592
862304027545600
862304027545618
862304027545626
862304027545634
862304027545642
862304027545659
862304027545667
862304027545675
862304027545683
862304027545691
862304027545709
862304027545717
862304027545725
862304027545733
862304027545741
862304027545758
862304027545766
862304027545774
862304027545782
862304027545790
862304027545808
862304027545816
862304027545824
862304027545832
862304027545840
862304027545857
862304027545865
862304027545873
862304027545881
862304027545899
862304027545907
862304027545915
862304027545923
862304027545931
862304027545949
862304027545956
862304027545964
862304027545972
862304027545980
862304027545998
862304027546004
862304027546012
862304027546020
862304027546038
862304027546046
862304027546053
862304027546061
862304027546079
862304027546087
862304027546095
862304027546103
862304027546111
862304027546129
862304027546137
862304027546145
862304027546152
862304027546160
862304027546178
862304027546186
862304027546194
862304027546202
862304027546210
862304027546228
862304027546236
862304027546244
862304027546251
862304027546269
862304027546277
862304027546285
862304027546293
862304027546301
862304027546319
862304027546327
862304027546335
862304027546343
862304027546350
862304027546368
862304027546376
862304027546384
862304027546392
862304027546400
862304027546418
862304027546426
862304027546434
862304027546442
862304027546459
862304027546467
862304027546475
862304027546483
862304027546491
862304027546509
862304027546517
862304027546525
862304027546533
862304027546541
862304027546558
862304027546566
862304027546574
862304027546582
862304027546590
862304027546608
862304027546616
862304027546624
862304027546632
862304027546640
862304027546657
862304027546665
862304027546673
862304027546681
862304027546699
862304027546707
862304027546715
862304027546723
862304027546731
862304027546749
862304027546756
862304027546764
862304027546772
862304027546780
862304027546798
862304027546806
862304027546814
862304027546822
862304027546830
862304027546848
862304027546855
862304027546863
862304027546871
862304027546889
862304027546897
862304027546905
862304027546913
862304027546921
862304027546939
862304027546947
862304027546954
862304027546962
862304027546970
862304027546988
862304027546996
862304027547002
862304027547010
862304027547028
862304027547036
862304027547044
862304027547051
862304027547069
862304027547077
862304027547085
862304027547093
862304027547101
862304027547119
862304027547127
862304027547135
862304027547143
862304027547150
862304027547168
862304027547176
862304027547184
862304027547192
862304027547200
862304027547218
862304027547226
862304027547234
862304027547242
862304027547259
862304027547267
862304027547275
862304027547283
862304027547291
862304027547309
862304027547317
862304027547325
862304027547333
862304027547341
862304027547358
862304027547366
862304027547374
862304027547382
862304027547390
862304027547408
862304027547416
862304027547424
862304027547432
862304027547440
862304027547457
862304027547465
862304027547473
862304027547481
862304027547499
862304027547507
862304027547515
862304027547523
862304027547531
862304027547549
862304027547556
862304027547564
862304027547572
862304027547580
862304027547598
862304027547606
862304027547614
862304027547622
862304027547630
862304027547648
862304027547655
862304027547663
862304027547671
862304027547689
862304027547697
862304027547705
862304027547713
862304027547721
862304027547739
862304027547747
862304027547754
862304027547762
862304027547770
862304027547788
862304027547796
862304027547804
862304027547812
862304027547820
862304027547838
862304027547846
862304027547853
862304027547861
862304027547879
862304027547887
862304027547895
862304027547903
862304027547911
862304027547929
862304027547937
862304027547945
862304027547952
862304027547960
862304027547978
862304027547986
862304027547994
862304027548000
862304027548018
862304027548026
862304027548034
862304027548042
862304027548059
862304027548067
862304027548075
862304027548083
862304027548091
862304027548109
862304027548117
862304027548125
862304027548133
862304027548141
862304027548158
862304027548166
862304027548174
862304027548182
862304027548190
862304027548208
862304027548216
862304027548224
862304027548232
862304027548240
862304027548257
862304027548265
862304027548273
862304027548281
862304027548299
862304027548307
862304027548315
862304027548323
862304027548331
862304027548349
862304027548356
862304027548364
862304027548372
862304027548380
862304027548398
862304027548406
862304027548414
862304027548422
862304027548430
862304027548448
862304027548455
862304027548463
862304027548471
862304027548489
862304027548497
862304027548505
862304027548513
862304027548521
862304027548539
862304027548547
862304027548554
862304027548562
862304027548570
862304027548588
862304027548596
862304027548604
862304027548612
862304027548620
862304027548638
862304027548646
862304027548653
862304027548661
862304027548679
862304027548687
862304027548695
862304027548703
862304027548711
862304027548729
862304027548737
862304027548745
862304027548752
862304027548760
862304027548778
862304027548786
862304027548794
862304027548802
862304027548810
862304027548828
862304027548836
862304027548844
862304027548851
862304027548869
862304027548877
862304027548885
862304027548893
862304027548901
862304027548919
862304027548927
862304027548935
862304027548943
862304027548950
862304027548968
862304027548976
862304027548984
862304027548992
862304027549008
862304027549016
862304027549024
862304027549032
862304027549040
862304027549057
862304027549065
862304027549073
862304027549081
862304027549099
862304027549107
862304027549115
862304027549123
862304027549131
862304027549149
862304027549156
862304027549164
862304027549172
862304027549180
862304027549198
862304027549206
862304027549214
862304027549222
862304027549230
862304027549248
862304027549255
862304027549263
862304027549271
862304027549289
862304027549297
862304027549305
862304027549313
862304027549321
862304027549339
862304027549347
862304027549354
862304027549362
862304027549370
862304027549388
862304027549396
862304027549404
862304027549412
862304027549420
862304027549438
862304027549446
862304027549453
862304027549461
862304027549479
862304027549487
862304027549495
862304027549503
862304027549511
862304027549529
862304027549537
862304027549545
862304027549552
862304027549560
862304027549578
862304027549586
862304027549594
862304027549602
862304027549610
862304027549628
862304027549636
862304027549644
862304027549651
862304027549669
862304027549677
862304027549685
862304027549693
862304027549701
862304027549719
862304027549727
862304027549735
862304027549743
862304027549750
862304027549768
862304027549776
862304027549784
862304027549792
862304027549800
862304027549818
862304027549826
862304027549834
862304027549842
862304027549859
862304027549867
862304027549875
862304027549883
862304027549891
862304027549909
862304027549917
862304027549925
862304027549933
862304027549941
862304027549958
862304027549966
862304027549974
862304027549982
862304027549990
862304027550006
862304027550014
862304027550022
862304027550030
862304027550048
862304027550055
862304027550063
862304027550071
862304027550089
862304027550097
862304027550105
862304027550113
862304027550121
862304027550139
862304027550147
862304027550154
862304027550162
862304027550170
862304027550188
862304027550196
862304027550204
862304027550212
862304027550220
862304027550238
862304027550246
862304027550253
862304027550261
862304027550279
862304027550287
862304027550295
862304027550303
862304027550311
862304027550329
862304027550337
862304027550345
862304027550352
862304027550360
862304027550378
862304027550386
862304027550394
862304027550402
862304027550410
862304027550428
862304027550436
862304027550444
862304027550451
862304027550469
862304027550477
862304027550485
862304027550493
862304027550501
862304027550519
862304027550527
862304027550535
862304027550543
862304027550550
862304027550568
862304027550576
862304027550584
862304027550592
862304027550600
862304027550618
862304027550626
862304027550634
862304027550642
862304027550659
862304027550667
862304027550675
862304027550683
862304027550691
862304027550709
862304027550717
862304027550725
862304027550733
862304027550741
862304027550758
862304027550766
862304027550774
862304027550782
862304027550790
862304027550808
862304027550816
862304027550824
862304027550832
862304027550840
862304027550857
862304027550865
862304027550873
862304027550881
862304027550899
862304027550907
862304027550915
862304027550923
862304027550931
862304027550949
862304027550956
862304027550964
862304027550972
862304027550980
862304027550998
862304027551004
862304027551012
862304027551020
862304027551038
862304027551046
862304027551053
862304027551061
862304027551079
862304027551087
862304027551095
862304027551103
862304027551111
862304027551129
862304027551137
862304027551145
862304027551152
862304027551160
862304027551178
862304027551186
862304027551194
862304027551202
862304027551210
862304027551228
862304027551236
862304027551244
862304027551251
862304027551269
862304027551277
862304027551285
862304027551293
862304027551301
862304027551319
862304027551327
862304027551335
862304027551343
862304027551350
862304027551368
862304027551376
862304027551384
862304027551392
862304027551400
862304027551418
862304027551426
862304027551434
862304027551442
862304027551459
862304027551467
862304027551475
862304027551483
862304027551491
862304027551509
862304027551517
862304027551525
862304027551533
862304027551541
862304027551558
862304027551566
862304027551574
862304027551582
862304027551590
862304027551608
862304027551616
862304027551624
862304027551632
862304027551640
862304027551657
862304027551665
862304027551673
862304027551681
862304027551699
862304027551707
862304027551715
862304027551723
862304027551731
862304027551749
862304027551756
862304027551764
862304027551772
862304027551780
862304027551798
862304027551806
862304027551814
862304027551822
862304027551830
862304027551848
862304027551855
862304027551863
862304027551871
862304027551889
862304027551897
862304027551905
862304027551913
862304027551921
862304027551939
862304027551947
862304027551954
862304027551962
862304027551970
862304027551988
862304027551996
862304027552002
862304027552010
862304027552028
862304027552036
862304027552044
862304027552051
862304027552069
862304027552077
862304027552085
862304027552093
862304027552101
862304027552119
862304027552127
862304027552135
862304027552143
862304027552150
862304027552168
862304027552176
862304027552184
862304027552192
862304027552200
862304027552218
862304027552226
862304027552234
862304027552242
862304027552259
862304027552267
862304027552275
862304027552283
862304027552291
862304027552309
862304027552317
862304027552325
862304027552333
862304027552341
862304027552358
862304027552366
862304027552374
862304027552382
862304027552390
862304027552408
862304027552416
862304027552424
862304027552432
862304027552440
862304027552457
862304027552465
862304027552473
862304027552481
862304027552499
862304027552507
862304027552515
862304027552523
862304027552531
862304027552549
862304027552556
862304027552564
862304027552572
862304027552580
862304027552598
862304027552606
862304027552614
862304027552622
862304027552630
862304027552648
862304027552655
862304027552663
862304027552671
862304027552689
862304027552697
862304027552705
862304027552713
862304027552721
862304027552739
862304027552747
862304027552754
862304027552762
862304027552770
862304027552788
862304027552796
862304027552804
862304027552812
862304027552820
862304027552838
862304027552846
862304027552853
862304027552861
862304027552879
862304027552887
862304027552895
862304027552903
862304027552911
862304027552929
862304027552937
862304027552945
862304027552952
862304027552960
862304027552978
862304027552986
862304027552994
862304027553000
862304027553018
862304027553026
862304027553034
862304027553042
862304027553059
862304027553067
862304027553075
862304027553083
862304027553091
862304027553109
862304027553117
862304027553125
862304027553133
862304027553141
862304027553158
862304027553166
862304027553174
862304027553182
862304027553190
862304027553208
862304027553216
862304027553224
862304027553232
862304027553240
862304027553257
862304027553265
862304027553273
862304027553281
862304027553299
862304027553307
862304027553315
862304027553323
862304027553331
862304027553349
862304027553356
862304027553364
862304027553372
862304027553380
862304027553398
862304027553406
862304027553414
862304027553422
862304027553430
862304027553448
862304027553455
862304027553463
862304027553471
862304027553489
862304027553497
862304027553505
862304027553513
862304027553521
862304027553539
862304027553547
862304027553554
862304027553562
862304027553570
862304027553588
862304027553596
862304027553604
862304027553612
862304027553620
862304027553638
862304027553646
862304027553653
862304027553661
862304027553679
862304027553687
862304027553695
862304027553703
862304027553711
862304027553729
862304027553737
862304027553745
862304027553752
862304027553760
862304027553778
862304027553786
862304027553794
862304027553802
862304027553810
862304027553828
862304027553836
862304027553844
862304027553851
862304027553869
862304027553877
862304027553885
862304027553893
862304027553901
862304027553919
862304027553927
862304027553935
862304027553943
862304027553950
862304027553968
862304027553976
862304027553984
862304027553992
862304027554008
862304027554016
862304027554024
862304027554032
862304027554040
862304027554057
862304027554065
862304027554073
862304027554081
862304027554099
862304027554107
862304027554115
862304027554123
862304027554131
862304027554149
862304027554156
862304027554164
862304027554172
862304027554180
862304027554198
862304027554206
862304027554214
862304027554222
862304027554230
862304027554248
862304027554255
862304027554263
862304027554271
862304027554289
862304027554297
862304027554305
862304027554313
862304027554321
862304027554339
862304027554347
862304027554354
862304027554362
862304027554370
862304027554388
862304027554396
862304027554404
862304027554412
862304027554420
862304027554438
862304027554446
862304027554453
862304027554461
862304027554479
862304027554487
862304027554495
862304027554503
862304027554511
862304027554529
862304027554537
862304027554545
862304027554552
862304027554560
862304027554578
862304027554586
862304027554594
862304027554602
862304027554610
862304027554628
862304027554636
862304027554644
862304027554651
862304027554669
862304027554677
862304027554685
862304027554693
862304027554701
862304027554719
862304027554727
862304027554735
862304027554743
862304027554750
862304027554768
862304027554776
862304027554784
862304027554792
862304027554800
862304027554818
862304027554826
862304027554834
862304027554842
862304027554859
862304027554867
862304027554875
862304027554883
862304027554891
862304027554909
862304027554917
862304027554925
862304027554933
862304027554941
862304027554958
862304027554966
862304027554974
862304027554982
862304027554990
862304027555005
862304027555013
862304027555021
862304027555039
862304027555047
862304027555054
862304027555062
862304027555070
862304027555088
862304027555096
862304027555104
862304027555112
862304027555120
862304027555138
862304027555146
862304027555153
862304027555161
862304027555179
862304027555187
862304027555195
862304027555203
862304027555211
862304027555229
862304027555237
862304027555245
862304027555252
862304027555260
862304027555278
862304027555286
862304027555294
862304027555302
862304027555310
862304027555328
862304027555336
862304027555344
862304027555351
862304027555369
862304027555377
862304027555385
862304027555393
862304027555401
862304027555419
862304027555427
862304027555435
862304027555443
862304027555450
862304027555468
862304027555476
862304027555484
862304027555492
862304027555500
862304027555518
862304027555526
862304027555534
862304027555542
862304027555559
862304027555567
862304027555575
862304027555583
862304027555591
862304027555609
862304027555617
862304027555625
862304027555633
862304027555641
862304027555658
862304027555666
862304027555674
862304027555682
862304027555690
862304027555708
862304027555716
862304027555724
862304027555732
862304027555740
862304027555757
862304027555765
862304027555773
862304027555781
862304027555799
862304027555807
862304027555815
862304027555823
862304027555831
862304027555849
862304027555856
862304027555864
862304027555872
862304027555880
862304027555898
862304027555906
862304027555914
862304027555922
862304027555930
862304027555948
862304027555955
862304027555963
862304027555971
862304027555989
862304027555997
862304027556003
862304027556011
862304027556029
862304027556037
862304027556045
862304027556052
862304027556060
862304027556078
862304027556086
862304027556094
862304027556102
862304027556110
862304027556128
862304027556136
862304027556144
862304027556151
862304027556169
862304027556177
862304027556185
862304027556193
862304027556201
862304027556219
862304027556227
862304027556235
862304027556243
862304027556250
862304027556268
862304027556276
862304027556284
862304027556292
862304027556300
862304027556318
862304027556326
862304027556334
862304027556342
862304027556359
862304027556367
862304027556375
862304027556383
862304027556391
862304027556409
862304027556417
862304027556425
862304027556433
862304027556441
862304027556458
862304027556466
862304027556474
862304027556482
862304027556490
862304027556508
862304027556516
862304027556524
862304027556532
862304027556540
862304027556557
862304027556565
862304027556573
862304027556581
862304027556599
862304027556607
862304027556615
862304027556623
862304027556631
862304027556649
862304027556656
862304027556664
862304027556672
862304027556680
862304027556698
862304027556706
862304027556714
862304027556722
862304027556730
862304027556748
862304027556755
862304027556763
862304027556771
862304027556789
862304027556797
862304027556805
862304027556813
862304027556821
862304027556839
862304027556847
862304027556854
862304027556862
862304027556870
862304027556888
862304027556896
862304027556904
862304027556912
862304027556920
862304027556938
862304027556946
862304027556953
862304027556961
862304027556979
862304027556987
862304027556995
862304027557001
862304027557019
862304027557027
862304027557035
862304027557043
862304027557050
862304027557068
862304027557076
862304027557084
862304027557092
862304027557100
862304027557118
862304027557126
862304027557134
862304027557142
862304027557159
862304027557167
862304027557175
862304027557183
862304027557191
862304027557209
862304027557217
862304027557225
862304027557233
862304027557241
862304027557258
862304027557266
862304027557274
862304027557282
862304027557290
862304027557308
862304027557316
862304027557324
862304027557332
862304027557340
862304027557357
862304027557365
862304027557373
862304027557381
862304027557399
862304027557407
862304027557415
862304027557423
862304027557431
862304027557449
862304027557456
862304027557464
862304027557472
862304027557480
862304027557498
862304027557506
862304027557514
862304027557522
862304027557530
862304027557548
862304027557555
862304027557563
862304027557571
862304027557589
862304027557597
862304027557605
862304027557613
862304027557621
862304027557639
862304027557647
862304027557654
862304027557662
862304027557670
862304027557688
862304027557696
862304027557704
862304027557712
862304027557720
862304027557738
862304027557746
862304027557753
862304027557761
862304027557779
862304027557787
862304027557795
862304027557803
862304027557811
862304027557829
862304027557837
862304027557845
862304027557852
862304027557860
862304027557878
862304027557886
862304027557894
862304027557902
862304027557910
862304027557928
862304027557936
862304027557944
862304027557951
862304027557969
862304027557977
862304027557985
862304027557993
862304027558009
862304027558017
862304027558025
862304027558033
862304027558041
862304027558058
862304027558066
862304027558074
862304027558082
862304027558090
862304027558108
862304027558116
862304027558124
862304027558132
862304027558140
862304027558157
862304027558165
862304027558173
862304027558181
862304027558199
862304027558207
862304027558215
862304027558223
862304027558231
862304027558249
862304027558256
862304027558264
862304027558272
862304027558280
862304027558298
862304027558306
862304027558314
862304027558322
862304027558330
862304027558348
862304027558355
862304027558363
862304027558371
862304027558389
862304027558397
862304027558405
862304027558413
862304027558421
862304027558439
862304027558447
862304027558454
862304027558462
862304027558470
862304027558488
862304027558496
862304027558504
862304027558512
862304027558520
862304027558538
862304027558546
862304027558553
862304027558561
862304027558579
862304027558587
862304027558595
862304027558603
862304027558611
862304027558629
862304027558637
862304027558645
862304027558652
862304027558660
862304027558678
862304027558686
862304027558694
862304027558702
862304027558710
862304027558728
862304027558736
862304027558744
862304027558751
862304027558769
862304027558777
862304027558785
862304027558793
862304027558801
862304027558819
862304027558827
862304027558835
862304027558843
862304027558850
862304027558868
862304027558876
862304027558884
862304027558892
862304027558900
862304027558918
862304027558926
862304027558934
862304027558942
862304027558959
862304027558967
862304027558975
862304027558983
862304027558991
862304027559007
862304027559015
862304027559023
862304027559031
862304027559049
862304027559056
862304027559064
862304027559072
862304027559080
862304027559098
862304027559106
862304027559114
862304027559122
862304027559130
862304027559148
862304027559155
862304027559163
862304027559171
862304027559189
862304027559197
862304027559205
862304027559213
862304027559221
862304027559239
862304027559247
862304027559254
862304027559262
862304027559270
862304027559288
862304027559296
862304027559304
862304027559312
862304027559320
862304027559338
862304027559346
862304027559353
862304027559361
862304027559379
862304027559387
862304027559395
862304027559403
862304027559411
862304027559429
862304027559437
862304027559445
862304027559452
862304027559460
862304027559478
862304027559486
862304027559494
862304027559502
862304027559510
862304027559528
862304027559536
862304027559544
862304027559551
862304027559569
862304027559577
862304027559585
862304027559593
862304027559601
862304027559619
862304027559627
862304027559635
862304027559643
862304027559650
862304027559668
862304027559676
862304027559684
862304027559692
862304027559700
862304027559718
862304027559726
862304027559734
862304027559742
862304027559759
862304027559767
862304027559775
862304027559783
862304027559791
862304027559809
862304027559817
862304027559825
862304027559833
862304027559841
862304027559858
862304027559866
862304027559874
862304027559882
862304027559890
862304027559908
862304027559916
862304027559924
862304027559932
862304027559940
862304027559957
862304027559965
862304027559973
862304027559981
862304027559999
862304027560005
862304027560013
862304027560021
862304027560039
862304027560047
862304027560054
862304027560062
862304027560070
862304027560088
862304027560096
862304027560104
862304027560112
862304027560120
862304027560138
862304027560146
862304027560153
862304027560161
862304027560179
862304027560187
862304027560195
862304027560203
862304027560211
862304027560229
862304027560237
862304027560245
862304027560252
862304027560260
862304027560278
862304027560286
862304027560294
862304027560302
862304027560310
862304027560328
862304027560336
862304027560344
862304027560351
862304027560369
862304027560377
862304027560385
862304027560393
862304027560401
862304027560419
862304027560427
862304027560435
862304027560443
862304027560450
862304027560468
862304027560476
862304027560484
862304027560492
862304027560500
862304027560518
862304027560526
862304027560534
862304027560542
862304027560559
862304027560567
862304027560575
862304027560583
862304027560591
862304027560609
862304027560617
862304027560625
862304027560633
862304027560641
862304027560658
862304027560666
862304027560674
862304027560682
862304027560690
862304027560708
862304027560716
862304027560724
862304027560732
862304027560740
862304027560757
862304027560765
862304027560773
862304027560781
862304027560799
862304027560807
862304027560815
862304027560823
862304027560831
862304027560849
862304027560856
862304027560864
862304027560872
862304027560880
862304027560898
862304027560906
862304027560914
862304027560922
862304027560930
862304027560948
862304027560955
862304027560963
862304027560971
862304027560989
862304027560997
862304027561003
862304027561011
862304027561029
862304027561037
862304027561045
862304027561052
862304027561060
862304027561078
862304027561086
862304027561094
862304027561102
862304027561110
862304027561128
862304027561136
862304027561144
862304027561151
862304027561169
862304027561177
862304027561185
862304027561193
862304027561201
862304027561219
862304027561227
862304027561235
862304027561243
862304027561250
862304027561268
862304027561276
862304027561284
862304027561292
862304027561300
862304027561318
862304027561326
862304027561334
862304027561342
862304027561359
862304027561367
862304027561375
862304027561383
862304027561391
862304027561409
862304027561417
862304027561425
862304027561433
862304027561441
862304027561458
862304027561466
862304027561474
862304027561482
862304027561490
862304027561508
862304027561516
862304027561524
862304027561532
862304027561540
862304027561557
862304027561565
862304027561573
862304027561581
862304027561599
862304027561607
862304027561615
862304027561623
862304027561631
862304027561649
862304027561656
862304027561664
862304027561672
862304027561680
862304027561698
862304027561706
862304027561714
862304027561722
862304027561730
862304027561748
862304027561755
862304027561763
862304027561771
862304027561789
862304027561797
862304027561805
862304027561813
862304027561821
862304027561839
862304027561847
862304027561854
862304027561862
862304027561870
862304027561888
862304027561896
862304027561904
862304027561912
862304027561920
862304027561938
862304027561946
862304027561953
862304027561961
862304027561979
862304027561987
862304027561995
862304027562001
862304027562019
862304027562027
862304027562035
862304027562043
862304027562050
862304027562068
862304027562076
862304027562084
862304027562092
862304027562100
862304027562118
862304027562126
862304027562134
862304027562142
862304027562159
862304027562167
862304027562175
862304027562183
862304027562191
862304027562209
862304027562217
862304027562225
