2003010002398073
2003010002398074
2003010002398075
2003010002398076
2003010002398077
2003010002398078
2003010002398079
2003010002398080
2003010002398081
2003010002398082
2003010002398083
2003010002398084
2003010002398085
2003010002398086
2003010002398087
2003010002398088
2003010002398089
2003010002398090
2003010002398091
2003010002398092
2003010002398093
2003010002398094
2003010002398095
2003010002398096
2003010002398097
2003010002398098
2003010002398099
2003010002398100
2003010002398101
2003010002398102
2003010002398103
2003010002398104
2003010002398105
2003010002398106
2003010002398107
2003010002398108
2003010002398109
2003010002398110
2003010002398111
2003010002398112
2003010002398113
2003010002398114
2003010002398115
2003010002398116
2003010002398117
2003010002398118
2003010002398119
2003010002398120
2003010002398121
2003010002398122
2003010002398123
2003010002398124
2003010002398125
2003010002398126
2003010002398127
2003010002398128
2003010002398129
2003010002398130
2003010002398131
2003010002398132
2003010002398133
2003010002398134
2003010002398135
2003010002398136
2003010002398137
2003010002398138
2003010002398139
2003010002398140
2003010002398141
2003010002398142
2003010002398143
2003010002398144
2003010002398145
2003010002398146
2003010002398147
2003010002398148
2003010002398149
2003010002398150
2003010002398151
2003010002398152
2003010002398153
2003010002398154
2003010002398155
2003010002398156
2003010002398157
2003010002398158
2003010002398159
2003010002398160
2003010002398161
2003010002398162
2003010002398163
2003010002398164
2003010002398165
2003010002398166
2003010002398167
2003010002398168
2003010002398169
2003010002398170
2003010002398171
2003010002398172
2003010002398173
2003010002398174
2003010002398175
2003010002398176
2003010002398177
2003010002398178
2003010002398179
2003010002398180
2003010002398181
2003010002398182
2003010002398183
2003010002398184
2003010002398185
2003010002398186
2003010002398187
2003010002398188
2003010002398189
2003010002398190
2003010002398191
2003010002398192
2003010002398193
2003010002398194
2003010002398195
2003010002398196
2003010002398197
2003010002398198
2003010002398199
2003010002398200
2003010002398201
2003010002398202
2003010002398203
2003010002398204
2003010002398205
2003010002398206
2003010002398207
2003010002398208
2003010002398209
2003010002398210
2003010002398211
2003010002398212
2003010002398213
2003010002398214
2003010002398215
2003010002398216
2003010002398217
2003010002398218
2003010002398219
2003010002398220
2003010002398221
2003010002398222
2003010002398223
2003010002398224
2003010002398225
2003010002398226
2003010002398227
2003010002398228
2003010002398229
2003010002398230
2003010002398231
2003010002398232
2003010002398233
2003010002398234
2003010002398235
2003010002398236
2003010002398237
2003010002398238
2003010002398239
2003010002398240
2003010002398241
2003010002398242
2003010002398243
2003010002398244
2003010002398245
2003010002398246
2003010002398247
2003010002398248
2003010002398249
2003010002398250
2003010002398251
2003010002398252
2003010002398253
2003010002398254
2003010002398255
2003010002398256
2003010002398257
2003010002398258
2003010002398259
2003010002398260
2003010002398261
2003010002398262
2003010002398263
2003010002398264
2003010002398265
2003010002398266
2003010002398267
2003010002398268
2003010002398269
2003010002398270
2003010002398271
2003010002398272
2003010002398273
2003010002398274
2003010002398275
2003010002398276
2003010002398277
2003010002398278
2003010002398279
2003010002398280
2003010002398281
2003010002398282
2003010002398283
2003010002398284
2003010002398285
2003010002398286
2003010002398287
2003010002398288
2003010002398289
2003010002398290
2003010002398291
2003010002398292
2003010002398293
2003010002398294
2003010002398295
2003010002398296
2003010002398297
2003010002398298
2003010002398299
2003010002398300
2003010002398301
2003010002398302
2003010002398303
2003010002398304
2003010002398305
2003010002398306
2003010002398307
2003010002398308
2003010002398309
2003010002398310
2003010002398311
2003010002398312
2003010002398313
2003010002398314
2003010002398315
2003010002398316
2003010002398317
2003010002398318
2003010002398319
2003010002398320
2003010002398321
2003010002398322
2003010002398323
2003010002398324
2003010002398325
2003010002398326
2003010002398327
2003010002398328
2003010002398329
2003010002398330
2003010002398331
2003010002398332
2003010002398333
2003010002398334
2003010002398335
2003010002398336
2003010002398337
2003010002398338
2003010002398339
2003010002398340
2003010002398341
2003010002398342
2003010002398343
2003010002398344
2003010002398345
2003010002398346
2003010002398347
2003010002398348
2003010002398349
2003010002398350
2003010002398351
2003010002398352
2003010002398353
2003010002398354
2003010002398355
2003010002398356
2003010002398357
2003010002398358
2003010002398359
2003010002398360
2003010002398361
2003010002398362
2003010002398363
2003010002398364
2003010002398365
2003010002398366
2003010002398367
2003010002398368
2003010002398369
2003010002398370
2003010002398371
2003010002398372
2003010002398373
2003010002398374
2003010002398375
2003010002398376
2003010002398377
2003010002398378
2003010002398379
2003010002398380
2003010002398381
2003010002398382
2003010002398383
2003010002398384
2003010002398385
2003010002398386
2003010002398387
2003010002398388
2003010002398389
2003010002398390
2003010002398391
2003010002398392
2003010002398393
2003010002398394
2003010002398395
2003010002398396
2003010002398397
2003010002398398
2003010002398399
2003010002398400
2003010002398401
2003010002398402
2003010002398403
2003010002398404
2003010002398405
2003010002398406
2003010002398407
2003010002398408
2003010002398409
2003010002398410
2003010002398411
2003010002398412
2003010002398413
2003010002398414
2003010002398415
2003010002398416
2003010002398417
2003010002398418
2003010002398419
2003010002398420
2003010002398421
2003010002398422
2003010002398423
2003010002398424
2003010002398425
2003010002398426
2003010002398427
2003010002398428
2003010002398429
2003010002398430
2003010002398431
2003010002398432
2003010002398433
2003010002398434
2003010002398435
2003010002398436
2003010002398437
2003010002398438
2003010002398439
2003010002398440
2003010002398441
2003010002398442
2003010002398443
2003010002398444
2003010002398445
2003010002398446
2003010002398447
2003010002398448
2003010002398449
2003010002398450
2003010002398451
2003010002398452
2003010002398453
2003010002398454
2003010002398455
2003010002398456
2003010002398457
2003010002398458
2003010002398459
2003010002398460
2003010002398461
2003010002398462
2003010002398463
2003010002398464
2003010002398465
2003010002398466
2003010002398467
2003010002398468
2003010002398469
2003010002398470
2003010002398471
2003010002398472
2003010002398473
2003010002398474
2003010002398475
2003010002398476
2003010002398477
2003010002398478
2003010002398479
2003010002398480
2003010002398481
2003010002398482
2003010002398483
2003010002398484
2003010002398485
2003010002398486
2003010002398487
2003010002398488
2003010002398489
2003010002398490
2003010002398491
2003010002398492
2003010002398493
2003010002398494
2003010002398495
2003010002398496
2003010002398497
2003010002398498
2003010002398499
2003010002398500
2003010002398501
2003010002398502
2003010002398503
2003010002398504
2003010002398505
2003010002398506
2003010002398507
2003010002398508
2003010002398509
2003010002398510
2003010002398511
2003010002398512
2003010002398513
2003010002398514
2003010002398515
2003010002398516
2003010002398517
2003010002398518
2003010002398519
2003010002398520
2003010002398521
2003010002398522
2003010002398523
2003010002398524
2003010002398525
2003010002398526
2003010002398527
2003010002398528
2003010002398529
2003010002398530
2003010002398531
2003010002398532
2003010002398533
2003010002398534
2003010002398535
2003010002398536
2003010002398537
2003010002398538
2003010002398539
2003010002398540
2003010002398541
2003010002398542
2003010002398543
2003010002398544
2003010002398545
2003010002398546
2003010002398547
2003010002398548
2003010002398549
2003010002398550
2003010002398551
2003010002398552
2003010002398553
2003010002398554
2003010002398555
2003010002398556
2003010002398557
2003010002398558
2003010002398559
2003010002398560
2003010002398561
2003010002398562
2003010002398563
2003010002398564
2003010002398565
2003010002398566
2003010002398567
2003010002398568
2003010002398569
2003010002398570
2003010002398571
2003010002398572
2003010002398573
2003010002398574
2003010002398575
2003010002398576
2003010002398577
2003010002398578
2003010002398579
2003010002398580
2003010002398581
2003010002398582
2003010002398583
2003010002398584
2003010002398585
2003010002398586
2003010002398587
2003010002398588
2003010002398589
2003010002398590
2003010002398591
2003010002398592
2003010002398593
2003010002398594
2003010002398595
2003010002398596
2003010002398597
2003010002398598
2003010002398599
2003010002398600
2003010002398601
2003010002398602
2003010002398603
2003010002398604
2003010002398605
2003010002398606
2003010002398607
2003010002398608
2003010002398609
2003010002398610
2003010002398611
2003010002398612
2003010002398613
2003010002398614
2003010002398615
2003010002398616
2003010002398617
2003010002398618
2003010002398619
2003010002398620
2003010002398621
2003010002398622
2003010002398623
2003010002398624
2003010002398625
2003010002398626
2003010002398627
2003010002398628
2003010002398629
2003010002398630
2003010002398631
2003010002398632
2003010002398633
2003010002398634
2003010002398635
2003010002398636
2003010002398637
2003010002398638
2003010002398639
2003010002398640
2003010002398641
2003010002398642
2003010002398643
2003010002398644
2003010002398645
2003010002398646
2003010002398647
2003010002398648
2003010002398649
2003010002398650
2003010002398651
2003010002398652
2003010002398653
2003010002398654
2003010002398655
2003010002398656
2003010002398657
2003010002398658
2003010002398659
2003010002398660
2003010002398661
2003010002398662
2003010002398663
2003010002398664
2003010002398665
2003010002398666
2003010002398667
2003010002398668
2003010002398669
2003010002398670
2003010002398671
2003010002398672
2003010002398673
2003010002398674
2003010002398675
2003010002398676
2003010002398677
2003010002398678
2003010002398679
2003010002398680
2003010002398681
2003010002398682
2003010002398683
2003010002398684
2003010002398685
2003010002398686
2003010002398687
2003010002398688
2003010002398689
2003010002398690
2003010002398691
2003010002398692
2003010002398693
2003010002398694
2003010002398695
2003010002398696
2003010002398697
2003010002398698
2003010002398699
2003010002398700
2003010002398701
2003010002398702
2003010002398703
2003010002398704
2003010002398705
2003010002398706
2003010002398707
2003010002398708
2003010002398709
2003010002398710
2003010002398711
2003010002398712
2003010002398713
2003010002398714
2003010002398715
2003010002398716
2003010002398717
2003010002398718
2003010002398719
2003010002398720
2003010002398721
2003010002398722
2003010002398723
2003010002398724
2003010002398725
2003010002398726
2003010002398727
2003010002398728
2003010002398729
2003010002398730
2003010002398731
2003010002398732
2003010002398733
2003010002398734
2003010002398735
2003010002398736
2003010002398737
2003010002398738
2003010002398739
2003010002398740
2003010002398741
2003010002398742
2003010002398743
2003010002398744
2003010002398745
2003010002398746
2003010002398747
2003010002398748
2003010002398749
2003010002398750
2003010002398751
2003010002398752
2003010002398753
2003010002398754
2003010002398755
2003010002398756
2003010002398757
2003010002398758
2003010002398759
2003010002398760
2003010002398761
2003010002398762
2003010002398763
2003010002398764
2003010002398765
2003010002398766
2003010002398767
2003010002398768
2003010002398769
2003010002398770
2003010002398771
2003010002398772
2003010002398773
2003010002398774
2003010002398775
2003010002398776
2003010002398777
2003010002398778
2003010002398779
2003010002398780
2003010002398781
2003010002398782
2003010002398783
2003010002398784
2003010002398785
2003010002398786
2003010002398787
2003010002398788
2003010002398789
2003010002398790
2003010002398791
2003010002398792
2003010002398793
2003010002398794
2003010002398795
2003010002398796
2003010002398797
2003010002398798
2003010002398799
2003010002398800
2003010002398801
2003010002398802
2003010002398803
2003010002398804
2003010002398805
2003010002398806
2003010002398807
2003010002398808
2003010002398809
2003010002398810
2003010002398811
2003010002398812
2003010002398813
2003010002398814
2003010002398815
2003010002398816
2003010002398817
2003010002398818
2003010002398819
2003010002398820
2003010002398821
2003010002398822
2003010002398823
2003010002398824
2003010002398825
2003010002398826
2003010002398827
2003010002398828
2003010002398829
2003010002398830
2003010002398831
2003010002398832
2003010002398833
2003010002398834
2003010002398835
2003010002398836
2003010002398837
2003010002398838
2003010002398839
2003010002398840
2003010002398841
2003010002398842
2003010002398843
2003010002398844
2003010002398845
2003010002398846
2003010002398847
2003010002398848
2003010002398849
2003010002398850
2003010002398851
2003010002398852
2003010002398853
2003010002398854
2003010002398855
2003010002398856
2003010002398857
2003010002398858
2003010002398859
2003010002398860
2003010002398861
2003010002398862
2003010002398863
2003010002398864
2003010002398865
2003010002398866
2003010002398867
2003010002398868
2003010002398869
2003010002398870
2003010002398871
2003010002398872
2003010002398873
2003010002398874
2003010002398875
2003010002398876
2003010002398877
2003010002398878
2003010002398879
2003010002398880
2003010002398881
2003010002398882
2003010002398883
2003010002398884
2003010002398885
2003010002398886
2003010002398887
2003010002398888
2003010002398889
2003010002398890
2003010002398891
2003010002398892
2003010002398893
2003010002398894
2003010002398895
2003010002398896
2003010002398897
2003010002398898
2003010002398899
2003010002398900
2003010002398901
2003010002398902
2003010002398903
2003010002398904
2003010002398905
2003010002398906
2003010002398907
2003010002398908
2003010002398909
2003010002398910
2003010002398911
2003010002398912
2003010002398913
2003010002398914
2003010002398915
2003010002398916
2003010002398917
2003010002398918
2003010002398919
2003010002398920
2003010002398921
2003010002398922
2003010002398923
2003010002398924
2003010002398925
2003010002398926
2003010002398927
2003010002398928
2003010002398929
2003010002398930
2003010002398931
2003010002398932
2003010002398933
2003010002398934
2003010002398935
2003010002398936
2003010002398937
2003010002398938
2003010002398939
2003010002398940
2003010002398941
2003010002398942
2003010002398943
2003010002398944
2003010002398945
2003010002398946
2003010002398947
2003010002398948
2003010002398949
2003010002398950
2003010002398951
2003010002398952
2003010002398953
2003010002398954
2003010002398955
2003010002398956
2003010002398957
2003010002398958
2003010002398959
2003010002398960
2003010002398961
2003010002398962
2003010002398963
2003010002398964
2003010002398965
2003010002398966
2003010002398967
2003010002398968
2003010002398969
2003010002398970
2003010002398971
2003010002398972
2003010002398973
2003010002398974
2003010002398975
2003010002398976
2003010002398977
2003010002398978
2003010002398979
2003010002398980
2003010002398981
2003010002398982
2003010002398983
2003010002398984
2003010002398985
2003010002398986
2003010002398987
2003010002398988
2003010002398989
2003010002398990
2003010002398991
2003010002398992
2003010002398993
2003010002398994
2003010002398995
2003010002398996
2003010002398997
2003010002398998
2003010002398999
2003010002399000
2003010002399001
2003010002399002
2003010002399003
2003010002399004
2003010002399005
2003010002399006
2003010002399007
2003010002399008
2003010002399009
2003010002399010
2003010002399011
2003010002399012
2003010002399013
2003010002399014
2003010002399015
2003010002399016
2003010002399017
2003010002399018
2003010002399019
2003010002399020
2003010002399021
2003010002399022
2003010002399023
2003010002399024
2003010002399025
2003010002399026
2003010002399027
2003010002399028
2003010002399029
2003010002399030
2003010002399031
2003010002399032
2003010002399033
2003010002399034
2003010002399035
2003010002399036
2003010002399037
2003010002399038
2003010002399039
2003010002399040
2003010002399041
2003010002399042
2003010002399043
2003010002399044
2003010002399045
2003010002399046
2003010002399047
2003010002399048
2003010002399049
2003010002399050
2003010002399051
2003010002399052
2003010002399053
2003010002399054
2003010002399055
2003010002399056
2003010002399057
2003010002399058
2003010002399059
2003010002399060
2003010002399061
2003010002399062
2003010002399063
2003010002399064
2003010002399065
2003010002399066
2003010002399067
2003010002399068
2003010002399069
2003010002399070
2003010002399071
2003010002399072
2003010002399073
2003010002399074
2003010002399075
2003010002399076
2003010002399077
2003010002399078
2003010002399079
2003010002399080
2003010002399081
2003010002399082
2003010002399083
2003010002399084
2003010002399085
2003010002399086
2003010002399087
2003010002399088
2003010002399089
2003010002399090
2003010002399091
2003010002399092
2003010002399093
2003010002399094
2003010002399095
2003010002399096
2003010002399097
2003010002399098
2003010002399099
2003010002399100
2003010002399101
2003010002399102
2003010002399103
2003010002399104
2003010002399105
2003010002399106
2003010002399107
2003010002399108
2003010002399109
2003010002399110
2003010002399111
2003010002399112
2003010002399113
2003010002399114
2003010002399115
2003010002399116
2003010002399117
2003010002399118
2003010002399119
2003010002399120
2003010002399121
2003010002399122
2003010002399123
2003010002399124
2003010002399125
2003010002399126
2003010002399127
2003010002399128
2003010002399129
2003010002399130
2003010002399131
2003010002399132
2003010002399133
2003010002399134
2003010002399135
2003010002399136
2003010002399137
2003010002399138
2003010002399139
2003010002399140
2003010002399141
2003010002399142
2003010002399143
2003010002399144
2003010002399145
2003010002399146
2003010002399147
2003010002399148
2003010002399149
2003010002399150
2003010002399151
2003010002399152
2003010002399153
2003010002399154
2003010002399155
2003010002399156
2003010002399157
2003010002399158
2003010002399159
2003010002399160
2003010002399161
2003010002399162
2003010002399163
2003010002399164
2003010002399165
2003010002399166
2003010002399167
2003010002399168
2003010002399169
2003010002399170
2003010002399171
2003010002399172
2003010002399173
2003010002399174
2003010002399175
2003010002399176
2003010002399177
2003010002399178
2003010002399179
2003010002399180
2003010002399181
2003010002399182
2003010002399183
2003010002399184
2003010002399185
2003010002399186
2003010002399187
2003010002399188
2003010002399189
2003010002399190
2003010002399191
2003010002399192
2003010002399193
2003010002399194
2003010002399195
2003010002399196
2003010002399197
2003010002399198
2003010002399199
2003010002399200
2003010002399201
2003010002399202
2003010002399203
2003010002399204
2003010002399205
2003010002399206
2003010002399207
2003010002399208
2003010002399209
2003010002399210
2003010002399211
2003010002399212
2003010002399213
2003010002399214
2003010002399215
2003010002399216
2003010002399217
2003010002399218
2003010002399219
2003010002399220
2003010002399221
2003010002399222
2003010002399223
2003010002399224
2003010002399225
2003010002399226
2003010002399227
2003010002399228
2003010002399229
2003010002399230
2003010002399231
2003010002399232
2003010002399233
2003010002399234
2003010002399235
2003010002399236
2003010002399237
2003010002399238
2003010002399239
2003010002399240
2003010002399241
2003010002399242
2003010002399243
2003010002399244
2003010002399245
2003010002399246
2003010002399247
2003010002399248
2003010002399249
2003010002399250
2003010002399251
2003010002399252
2003010002399253
2003010002399254
2003010002399255
2003010002399256
2003010002399257
2003010002399258
2003010002399259
2003010002399260
2003010002399261
2003010002399262
2003010002399263
2003010002399264
2003010002399265
2003010002399266
2003010002399267
2003010002399268
2003010002399269
2003010002399270
2003010002399271
2003010002399272
2003010002399273
2003010002399274
2003010002399275
2003010002399276
2003010002399277
2003010002399278
2003010002399279
2003010002399280
2003010002399281
2003010002399282
2003010002399283
2003010002399284
2003010002399285
2003010002399286
2003010002399287
2003010002399288
2003010002399289
2003010002399290
2003010002399291
2003010002399292
2003010002399293
2003010002399294
2003010002399295
2003010002399296
2003010002399297
2003010002399298
2003010002399299
2003010002399300
2003010002399301
2003010002399302
2003010002399303
2003010002399304
2003010002399305
2003010002399306
2003010002399307
2003010002399308
2003010002399309
2003010002399310
2003010002399311
2003010002399312
2003010002399313
2003010002399314
2003010002399315
2003010002399316
2003010002399317
2003010002399318
2003010002399319
2003010002399320
2003010002399321
2003010002399322
2003010002399323
2003010002399324
2003010002399325
2003010002399326
2003010002399327
2003010002399328
2003010002399329
2003010002399330
2003010002399331
2003010002399332
2003010002399333
2003010002399334
2003010002399335
2003010002399336
2003010002399337
2003010002399338
2003010002399339
2003010002399340
2003010002399341
2003010002399342
2003010002399343
2003010002399344
2003010002399345
2003010002399346
2003010002399347
2003010002399348
2003010002399349
2003010002399350
2003010002399351
2003010002399352
2003010002399353
2003010002399354
2003010002399355
2003010002399356
2003010002399357
2003010002399358
2003010002399359
2003010002399360
2003010002399361
2003010002399362
2003010002399363
2003010002399364
2003010002399365
2003010002399366
2003010002399367
2003010002399368
2003010002399369
2003010002399370
2003010002399371
2003010002399372
2003010002399373
2003010002399374
2003010002399375
2003010002399376
2003010002399377
2003010002399378
2003010002399379
2003010002399380
2003010002399381
2003010002399382
2003010002399383
2003010002399384
2003010002399385
2003010002399386
2003010002399387
2003010002399388
2003010002399389
2003010002399390
2003010002399391
2003010002399392
2003010002399393
2003010002399394
2003010002399395
2003010002399396
2003010002399397
2003010002399398
2003010002399399
2003010002399400
2003010002399401
2003010002399402
2003010002399403
2003010002399404
2003010002399405
2003010002399406
2003010002399407
2003010002399408
2003010002399409
2003010002399410
2003010002399411
2003010002399412
2003010002399413
2003010002399414
2003010002399415
2003010002399416
2003010002399417
2003010002399418
2003010002399419
2003010002399420
2003010002399421
2003010002399422
2003010002399423
2003010002399424
2003010002399425
2003010002399426
2003010002399427
2003010002399428
2003010002399429
2003010002399430
2003010002399431
2003010002399432
2003010002399433
2003010002399434
2003010002399435
2003010002399436
2003010002399437
2003010002399438
2003010002399439
2003010002399440
2003010002399441
2003010002399442
2003010002399443
2003010002399444
2003010002399445
2003010002399446
2003010002399447
2003010002399448
2003010002399449
2003010002399450
2003010002399451
2003010002399452
2003010002399453
2003010002399454
2003010002399455
2003010002399456
2003010002399457
2003010002399458
2003010002399459
2003010002399460
2003010002399461
2003010002399462
2003010002399463
2003010002399464
2003010002399465
2003010002399466
2003010002399467
2003010002399468
2003010002399469
2003010002399470
2003010002399471
2003010002399472
2003010002399473
2003010002399474
2003010002399475
2003010002399476
2003010002399477
2003010002399478
2003010002399479
2003010002399480
2003010002399481
2003010002399482
2003010002399483
2003010002399484
2003010002399485
2003010002399486
2003010002399487
2003010002399488
2003010002399489
2003010002399490
2003010002399491
2003010002399492
2003010002399493
2003010002399494
2003010002399495
2003010002399496
2003010002399497
2003010002399498
2003010002399499
2003010002399500
2003010002399501
2003010002399502
2003010002399503
2003010002399504
2003010002399505
2003010002399506
2003010002399507
2003010002399508
2003010002399509
2003010002399510
2003010002399511
2003010002399512
2003010002399513
2003010002399514
2003010002399515
2003010002399516
2003010002399517
2003010002399518
2003010002399519
2003010002399520
2003010002399521
2003010002399522
2003010002399523
2003010002399524
2003010002399525
2003010002399526
2003010002399527
2003010002399528
2003010002399529
2003010002399530
2003010002399531
2003010002399532
2003010002399533
2003010002399534
2003010002399535
2003010002399536
2003010002399537
2003010002399538
2003010002399539
2003010002399540
2003010002399541
2003010002399542
2003010002399543
2003010002399544
2003010002399545
2003010002399546
2003010002399547
2003010002399548
2003010002399549
2003010002399550
2003010002399551
2003010002399552
2003010002399553
2003010002399554
2003010002399555
2003010002399556
2003010002399557
2003010002399558
2003010002399559
2003010002399560
2003010002399561
2003010002399562
2003010002399563
2003010002399564
2003010002399565
2003010002399566
2003010002399567
2003010002399568
2003010002399569
2003010002399570
2003010002399571
2003010002399572
2003010002399573
2003010002399574
2003010002399575
2003010002399576
2003010002399577
2003010002399578
2003010002399579
2003010002399580
2003010002399581
2003010002399582
2003010002399583
2003010002399584
2003010002399585
2003010002399586
2003010002399587
2003010002399588
2003010002399589
2003010002399590
2003010002399591
2003010002399592
2003010002399593
2003010002399594
2003010002399595
2003010002399596
2003010002399597
2003010002399598
2003010002399599
2003010002399600
2003010002399601
2003010002399602
2003010002399603
2003010002399604
2003010002399605
2003010002399606
2003010002399607
2003010002399608
2003010002399609
2003010002399610
2003010002399611
2003010002399612
2003010002399613
2003010002399614
2003010002399615
2003010002399616
2003010002399617
2003010002399618
2003010002399619
2003010002399620
2003010002399621
2003010002399622
2003010002399623
2003010002399624
2003010002399625
2003010002399626
2003010002399627
2003010002399628
2003010002399629
2003010002399630
2003010002399631
2003010002399632
2003010002399633
2003010002399634
2003010002399635
2003010002399636
2003010002399637
2003010002399638
2003010002399639
2003010002399640
2003010002399641
2003010002399642
2003010002399643
2003010002399644
2003010002399645
2003010002399646
2003010002399647
2003010002399648
2003010002399649
2003010002399650
2003010002399651
2003010002399652
2003010002399653
2003010002399654
2003010002399655
2003010002399656
2003010002399657
2003010002399658
2003010002399659
2003010002399660
2003010002399661
2003010002399662
2003010002399663
2003010002399664
2003010002399665
2003010002399666
2003010002399667
2003010002399668
2003010002399669
2003010002399670
2003010002399671
2003010002399672
2003010002399673
2003010002399674
2003010002399675
2003010002399676
2003010002399677
2003010002399678
2003010002399679
2003010002399680
2003010002399681
2003010002399682
2003010002399683
2003010002399684
2003010002399685
2003010002399686
2003010002399687
2003010002399688
2003010002399689
2003010002399690
2003010002399691
2003010002399692
2003010002399693
2003010002399694
2003010002399695
2003010002399696
2003010002399697
2003010002399698
2003010002399699
2003010002399700
2003010002399701
2003010002399702
2003010002399703
2003010002399704
2003010002399705
2003010002399706
2003010002399707
2003010002399708
2003010002399709
2003010002399710
2003010002399711
2003010002399712
2003010002399713
2003010002399714
2003010002399715
2003010002399716
2003010002399717
2003010002399718
2003010002399719
2003010002399720
2003010002399721
2003010002399722
2003010002399723
2003010002399724
2003010002399725
2003010002399726
2003010002399727
2003010002399728
2003010002399729
2003010002399730
2003010002399731
2003010002399732
2003010002399733
2003010002399734
2003010002399735
2003010002399736
2003010002399737
2003010002399738
2003010002399739
2003010002399740
2003010002399741
2003010002399742
2003010002399743
2003010002399744
2003010002399745
2003010002399746
2003010002399747
2003010002399748
2003010002399749
2003010002399750
2003010002399751
2003010002399752
2003010002399753
2003010002399754
2003010002399755
2003010002399756
2003010002399757
2003010002399758
2003010002399759
2003010002399760
2003010002399761
2003010002399762
2003010002399763
2003010002399764
2003010002399765
2003010002399766
2003010002399767
2003010002399768
2003010002399769
2003010002399770
2003010002399771
2003010002399772
2003010002399773
2003010002399774
2003010002399775
2003010002399776
2003010002399777
2003010002399778
2003010002399779
2003010002399780
2003010002399781
2003010002399782
2003010002399783
2003010002399784
2003010002399785
2003010002399786
2003010002399787
2003010002399788
2003010002399789
2003010002399790
2003010002399791
2003010002399792
2003010002399793
2003010002399794
2003010002399795
2003010002399796
2003010002399797
2003010002399798
2003010002399799
2003010002399800
2003010002399801
2003010002399802
2003010002399803
2003010002399804
2003010002399805
2003010002399806
2003010002399807
2003010002399808
2003010002399809
2003010002399810
2003010002399811
2003010002399812
2003010002399813
2003010002399814
2003010002399815
2003010002399816
2003010002399817
2003010002399818
2003010002399819
2003010002399820
2003010002399821
2003010002399822
2003010002399823
2003010002399824
2003010002399825
2003010002399826
2003010002399827
2003010002399828
2003010002399829
2003010002399830
2003010002399831
2003010002399832
2003010002399833
2003010002399834
2003010002399835
2003010002399836
2003010002399837
2003010002399838
2003010002399839
2003010002399840
2003010002399841
2003010002399842
2003010002399843
2003010002399844
2003010002399845
2003010002399846
2003010002399847
2003010002399848
2003010002399849
2003010002399850
2003010002399851
2003010002399852
2003010002399853
2003010002399854
2003010002399855
2003010002399856
2003010002399857
2003010002399858
2003010002399859
2003010002399860
2003010002399861
2003010002399862
2003010002399863
2003010002399864
2003010002399865
2003010002399866
2003010002399867
2003010002399868
2003010002399869
2003010002399870
2003010002399871
2003010002399872
2003010002399873
2003010002399874
2003010002399875
2003010002399876
2003010002399877
2003010002399878
2003010002399879
2003010002399880
2003010002399881
2003010002399882
2003010002399883
2003010002399884
2003010002399885
2003010002399886
2003010002399887
2003010002399888
2003010002399889
2003010002399890
2003010002399891
2003010002399892
2003010002399893
2003010002399894
2003010002399895
2003010002399896
2003010002399897
2003010002399898
2003010002399899
2003010002399900
2003010002399901
2003010002399902
2003010002399903
2003010002399904
2003010002399905
2003010002399906
2003010002399907
2003010002399908
2003010002399909
2003010002399910
2003010002399911
2003010002399912
2003010002399913
2003010002399914
2003010002399915
2003010002399916
2003010002399917
2003010002399918
2003010002399919
2003010002399920
2003010002399921
2003010002399922
2003010002399923
2003010002399924
2003010002399925
2003010002399926
2003010002399927
2003010002399928
2003010002399929
2003010002399930
2003010002399931
2003010002399932
2003010002399933
2003010002399934
2003010002399935
2003010002399936
2003010002399937
2003010002399938
2003010002399939
2003010002399940
2003010002399941
2003010002399942
2003010002399943
2003010002399944
2003010002399945
2003010002399946
2003010002399947
2003010002399948
2003010002399949
2003010002399950
2003010002399951
2003010002399952
2003010002399953
2003010002399954
2003010002399955
2003010002399956
2003010002399957
2003010002399958
2003010002399959
2003010002399960
2003010002399961
2003010002399962
2003010002399963
2003010002399964
2003010002399965
2003010002399966
2003010002399967
2003010002399968
2003010002399969
2003010002399970
2003010002399971
2003010002399972
2003010002399973
2003010002399974
2003010002399975
2003010002399976
2003010002399977
2003010002399978
2003010002399979
2003010002399980
2003010002399981
2003010002399982
2003010002399983
2003010002399984
2003010002399985
2003010002399986
2003010002399987
2003010002399988
2003010002399989
2003010002399990
2003010002399991
2003010002399992
2003010002399993
2003010002399994
2003010002399995
2003010002399996
2003010002399997
2003010002399998
2003010002399999
2003010002400000
2003010002400001
2003010002400002
2003010002400003
2003010002400004
2003010002400005
2003010002400006
2003010002400007
2003010002400008
2003010002400009
2003010002400010
2003010002400011
2003010002400012
2003010002400013
2003010002400014
2003010002400015
2003010002400016
2003010002400017
2003010002400018
2003010002400019
2003010002400020
2003010002400021
2003010002400022
2003010002400023
2003010002400024
2003010002400025
2003010002400026
2003010002400027
2003010002400028
2003010002400029
2003010002400030
2003010002400031
2003010002400032
2003010002400033
2003010002400034
2003010002400035
2003010002400036
2003010002400037
2003010002400038
2003010002400039
2003010002400040
2003010002400041
2003010002400042
2003010002400043
2003010002400044
2003010002400045
2003010002400046
2003010002400047
2003010002400048
2003010002400049
2003010002400050
2003010002400051
2003010002400052
2003010002400053
2003010002400054
2003010002400055
2003010002400056
2003010002400057
2003010002400058
2003010002400059
2003010002400060
2003010002400061
2003010002400062
2003010002400063
2003010002400064
2003010002400065
2003010002400066
2003010002400067
2003010002400068
2003010002400069
2003010002400070
2003010002400071
2003010002400072
2003010002400073
2003010002400074
2003010002400075
2003010002400076
2003010002400077
2003010002400078
2003010002400079
2003010002400080
2003010002400081
2003010002400082
2003010002400083
2003010002400084
2003010002400085
2003010002400086
2003010002400087
2003010002400088
2003010002400089
2003010002400090
2003010002400091
2003010002400092
2003010002400093
2003010002400094
2003010002400095
2003010002400096
2003010002400097
2003010002400098
2003010002400099
2003010002400100
2003010002400101
2003010002400102
2003010002400103
2003010002400104
2003010002400105
2003010002400106
2003010002400107
2003010002400108
2003010002400109
2003010002400110
2003010002400111
2003010002400112
2003010002400113
2003010002400114
2003010002400115
2003010002400116
2003010002400117
2003010002400118
2003010002400119
2003010002400120
2003010002400121
2003010002400122
2003010002400123
2003010002400124
2003010002400125
2003010002400126
2003010002400127
2003010002400128
2003010002400129
2003010002400130
2003010002400131
2003010002400132
2003010002400133
2003010002400134
2003010002400135
2003010002400136
2003010002400137
2003010002400138
2003010002400139
2003010002400140
2003010002400141
2003010002400142
2003010002400143
2003010002400144
2003010002400145
2003010002400146
2003010002400147
2003010002400148
2003010002400149
2003010002400150
2003010002400151
2003010002400152
2003010002400153
2003010002400154
2003010002400155
2003010002400156
2003010002400157
2003010002400158
2003010002400159
2003010002400160
2003010002400161
2003010002400162
2003010002400163
2003010002400164
2003010002400165
2003010002400166
2003010002400167
2003010002400168
2003010002400169
2003010002400170
2003010002400171
2003010002400172
2003010002400173
2003010002400174
2003010002400175
2003010002400176
2003010002400177
2003010002400178
2003010002400179
2003010002400180
2003010002400181
2003010002400182
2003010002400183
2003010002400184
2003010002400185
2003010002400186
2003010002400187
2003010002400188
2003010002400189
2003010002400190
2003010002400191
2003010002400192
2003010002400193
2003010002400194
2003010002400195
2003010002400196
2003010002400197
2003010002400198
2003010002400199
2003010002400200
2003010002400201
2003010002400202
2003010002400203
2003010002400204
2003010002400205
2003010002400206
2003010002400207
2003010002400208
2003010002400209
2003010002400210
2003010002400211
2003010002400212
2003010002400213
2003010002400214
2003010002400215
2003010002400216
2003010002400217
2003010002400218
2003010002400219
2003010002400220
2003010002400221
2003010002400222
2003010002400223
2003010002400224
2003010002400225
2003010002400226
2003010002400227
2003010002400228
2003010002400229
2003010002400230
2003010002400231
2003010002400232
2003010002400233
2003010002400234
2003010002400235
2003010002400236
2003010002400237
2003010002400238
2003010002400239
2003010002400240
2003010002400241
2003010002400242
2003010002400243
2003010002400244
2003010002400245
2003010002400246
2003010002400247
2003010002400248
2003010002400249
2003010002400250
2003010002400251
2003010002400252
2003010002400253
2003010002400254
2003010002400255
2003010002400256
2003010002400257
2003010002400258
2003010002400259
2003010002400260
2003010002400261
2003010002400262
2003010002400263
2003010002400264
2003010002400265
2003010002400266
2003010002400267
2003010002400268
2003010002400269
2003010002400270
2003010002400271
2003010002400272
2003010002400273
2003010002400274
2003010002400275
2003010002400276
2003010002400277
2003010002400278
2003010002400279
2003010002400280
2003010002400281
2003010002400282
2003010002400283
2003010002400284
2003010002400285
2003010002400286
2003010002400287
2003010002400288
2003010002400289
2003010002400290
2003010002400291
2003010002400292
2003010002400293
2003010002400294
2003010002400295
2003010002400296
2003010002400297
2003010002400298
2003010002400299
2003010002400300
2003010002400301
2003010002400302
2003010002400303
2003010002400304
2003010002400305
2003010002400306
2003010002400307
2003010002400308
2003010002400309
2003010002400310
2003010002400311
2003010002400312
2003010002400313
2003010002400314
2003010002400315
2003010002400316
2003010002400317
2003010002400318
2003010002400319
2003010002400320
2003010002400321
2003010002400322
2003010002400323
2003010002400324
2003010002400325
2003010002400326
2003010002400327
2003010002400328
2003010002400329
2003010002400330
2003010002400331
2003010002400332
2003010002400333
2003010002400334
2003010002400335
2003010002400336
2003010002400337
2003010002400338
2003010002400339
2003010002400340
2003010002400341
2003010002400342
2003010002400343
2003010002400344
2003010002400345
2003010002400346
2003010002400347
2003010002400348
2003010002400349
2003010002400350
2003010002400351
2003010002400352
2003010002400353
2003010002400354
2003010002400355
2003010002400356
2003010002400357
2003010002400358
2003010002400359
2003010002400360
2003010002400361
2003010002400362
2003010002400363
2003010002400364
2003010002400365
2003010002400366
2003010002400367
2003010002400368
2003010002400369
2003010002400370
2003010002400371
2003010002400372
2003010002400373
2003010002400374
2003010002400375
2003010002400376
2003010002400377
2003010002400378
2003010002400379
2003010002400380
2003010002400381
2003010002400382
2003010002400383
2003010002400384
2003010002400385
2003010002400386
2003010002400387
2003010002400388
2003010002400389
2003010002400390
2003010002400391
2003010002400392
2003010002400393
2003010002400394
2003010002400395
2003010002400396
2003010002400397
2003010002400398
2003010002400399
2003010002400400
2003010002400401
2003010002400402
2003010002400403
2003010002400404
2003010002400405
2003010002400406
2003010002400407
2003010002400408
2003010002400409
2003010002400410
2003010002400411
2003010002400412
2003010002400413
2003010002400414
2003010002400415
2003010002400416
2003010002400417
2003010002400418
2003010002400419
2003010002400420
2003010002400421
2003010002400422
2003010002400423
2003010002400424
2003010002400425
2003010002400426
2003010002400427
2003010002400428
2003010002400429
2003010002400430
2003010002400431
2003010002400432
2003010002400433
2003010002400434
2003010002400435
2003010002400436
2003010002400437
2003010002400438
2003010002400439
2003010002400440
2003010002400441
2003010002400442
2003010002400443
2003010002400444
2003010002400445
2003010002400446
2003010002400447
2003010002400448
2003010002400449
2003010002400450
2003010002400451
2003010002400452
2003010002400453
2003010002400454
2003010002400455
2003010002400456
2003010002400457
2003010002400458
2003010002400459
2003010002400460
2003010002400461
2003010002400462
2003010002400463
2003010002400464
2003010002400465
2003010002400466
2003010002400467
2003010002400468
2003010002400469
2003010002400470
2003010002400471
2003010002400472
2003010002400473
2003010002400474
2003010002400475
2003010002400476
2003010002400477
2003010002400478
2003010002400479
2003010002400480
2003010002400481
2003010002400482
2003010002400483
2003010002400484
2003010002400485
2003010002400486
2003010002400487
2003010002400488
2003010002400489
2003010002400490
2003010002400491
2003010002400492
2003010002400493
2003010002400494
2003010002400495
2003010002400496
2003010002400497
2003010002400498
2003010002400499
2003010002400500
2003010002400501
2003010002400502
2003010002400503
2003010002400504
2003010002400505
2003010002400506
2003010002400507
2003010002400508
2003010002400509
2003010002400510
2003010002400511
2003010002400512
2003010002400513
2003010002400514
2003010002400515
2003010002400516
2003010002400517
2003010002400518
2003010002400519
2003010002400520
2003010002400521
2003010002400522
2003010002400523
2003010002400524
2003010002400525
2003010002400526
2003010002400527
2003010002400528
2003010002400529
2003010002400530
2003010002400531
2003010002400532
2003010002400533
2003010002400534
2003010002400535
2003010002400536
2003010002400537
2003010002400538
2003010002400539
2003010002400540
2003010002400541
2003010002400542
2003010002400543
2003010002400544
2003010002400545
2003010002400546
2003010002400547
2003010002400548
2003010002400549
2003010002400550
2003010002400551
2003010002400552
2003010002400553
2003010002400554
2003010002400555
2003010002400556
2003010002400557
2003010002400558
2003010002400559
2003010002400560
2003010002400561
2003010002400562
2003010002400563
2003010002400564
2003010002400565
2003010002400566
2003010002400567
2003010002400568
2003010002400569
2003010002400570
2003010002400571
2003010002400572
2003010002400573
2003010002400574
2003010002400575
2003010002400576
2003010002400577
2003010002400578
2003010002400579
2003010002400580
2003010002400581
2003010002400582
2003010002400583
2003010002400584
2003010002400585
2003010002400586
2003010002400587
2003010002400588
2003010002400589
2003010002400590
2003010002400591
2003010002400592
2003010002400593
2003010002400594
2003010002400595
2003010002400596
2003010002400597
2003010002400598
2003010002400599
2003010002400600
2003010002400601
2003010002400602
2003010002400603
2003010002400604
2003010002400605
2003010002400606
2003010002400607
2003010002400608
2003010002400609
2003010002400610
2003010002400611
2003010002400612
2003010002400613
2003010002400614
2003010002400615
2003010002400616
2003010002400617
2003010002400618
2003010002400619
2003010002400620
2003010002400621
2003010002400622
2003010002400623
2003010002400624
2003010002400625
2003010002400626
2003010002400627
2003010002400628
2003010002400629
2003010002400630
2003010002400631
2003010002400632
2003010002400633
2003010002400634
2003010002400635
2003010002400636
2003010002400637
2003010002400638
2003010002400639
2003010002400640
2003010002400641
2003010002400642
2003010002400643
2003010002400644
2003010002400645
2003010002400646
2003010002400647
2003010002400648
2003010002400649
2003010002400650
2003010002400651
2003010002400652
2003010002400653
2003010002400654
2003010002400655
2003010002400656
2003010002400657
2003010002400658
2003010002400659
2003010002400660
2003010002400661
2003010002400662
2003010002400663
2003010002400664
2003010002400665
2003010002400666
2003010002400667
2003010002400668
2003010002400669
2003010002400670
2003010002400671
2003010002400672
2003010002400673
2003010002400674
2003010002400675
2003010002400676
2003010002400677
2003010002400678
2003010002400679
2003010002400680
2003010002400681
2003010002400682
2003010002400683
2003010002400684
2003010002400685
2003010002400686
2003010002400687
2003010002400688
2003010002400689
2003010002400690
2003010002400691
2003010002400692
2003010002400693
2003010002400694
2003010002400695
2003010002400696
2003010002400697
2003010002400698
2003010002400699
2003010002400700
2003010002400701
2003010002400702
2003010002400703
2003010002400704
2003010002400705
2003010002400706
2003010002400707
2003010002400708
2003010002400709
2003010002400710
2003010002400711
2003010002400712
2003010002400713
2003010002400714
2003010002400715
2003010002400716
2003010002400717
2003010002400718
2003010002400719
2003010002400720
2003010002400721
2003010002400722
2003010002400723
2003010002400724
2003010002400725
2003010002400726
2003010002400727
2003010002400728
2003010002400729
2003010002400730
2003010002400731
2003010002400732
2003010002400733
2003010002400734
2003010002400735
2003010002400736
2003010002400737
2003010002400738
2003010002400739
2003010002400740
2003010002400741
2003010002400742
2003010002400743
2003010002400744
2003010002400745
2003010002400746
2003010002400747
2003010002400748
2003010002400749
2003010002400750
2003010002400751
2003010002400752
2003010002400753
2003010002400754
2003010002400755
2003010002400756
2003010002400757
2003010002400758
2003010002400759
2003010002400760
2003010002400761
2003010002400762
2003010002400763
2003010002400764
2003010002400765
2003010002400766
2003010002400767
2003010002400768
2003010002400769
2003010002400770
2003010002400771
2003010002400772
2003010002400773
2003010002400774
2003010002400775
2003010002400776
2003010002400777
2003010002400778
2003010002400779
2003010002400780
2003010002400781
2003010002400782
2003010002400783
2003010002400784
2003010002400785
2003010002400786
2003010002400787
2003010002400788
2003010002400789
2003010002400790
2003010002400791
2003010002400792
2003010002400793
2003010002400794
2003010002400795
2003010002400796
2003010002400797
2003010002400798
2003010002400799
2003010002400800
2003010002400801
2003010002400802
2003010002400803
2003010002400804
2003010002400805
2003010002400806
2003010002400807
2003010002400808
2003010002400809
2003010002400810
2003010002400811
2003010002400812
2003010002400813
2003010002400814
2003010002400815
2003010002400816
2003010002400817
2003010002400818
2003010002400819
2003010002400820
2003010002400821
2003010002400822
2003010002400823
2003010002400824
2003010002400825
2003010002400826
2003010002400827
2003010002400828
2003010002400829
2003010002400830
2003010002400831
2003010002400832
2003010002400833
2003010002400834
2003010002400835
2003010002400836
2003010002400837
2003010002400838
2003010002400839
2003010002400840
2003010002400841
2003010002400842
2003010002400843
2003010002400844
2003010002400845
2003010002400846
2003010002400847
2003010002400848
2003010002400849
2003010002400850
2003010002400851
2003010002400852
2003010002400853
2003010002400854
2003010002400855
2003010002400856
2003010002400857
2003010002400858
2003010002400859
2003010002400860
2003010002400861
2003010002400862
2003010002400863
2003010002400864
2003010002400865
2003010002400866
2003010002400867
2003010002400868
2003010002400869
2003010002400870
2003010002400871
2003010002400872
2003010002400873
2003010002400874
2003010002400875
2003010002400876
2003010002400877
2003010002400878
2003010002400879
2003010002400880
2003010002400881
2003010002400882
2003010002400883
2003010002400884
2003010002400885
2003010002400886
2003010002400887
2003010002400888
2003010002400889
2003010002400890
2003010002400891
2003010002400892
2003010002400893
2003010002400894
2003010002400895
2003010002400896
2003010002400897
2003010002400898
2003010002400899
2003010002400900
2003010002400901
2003010002400902
2003010002400903
2003010002400904
2003010002400905
2003010002400906
2003010002400907
2003010002400908
2003010002400909
2003010002400910
2003010002400911
2003010002400912
2003010002400913
2003010002400914
2003010002400915
2003010002400916
2003010002400917
2003010002400918
2003010002400919
2003010002400920
2003010002400921
2003010002400922
2003010002400923
2003010002400924
2003010002400925
2003010002400926
2003010002400927
2003010002400928
2003010002400929
2003010002400930
2003010002400931
2003010002400932
2003010002400933
2003010002400934
2003010002400935
2003010002400936
2003010002400937
2003010002400938
2003010002400939
2003010002400940
2003010002400941
2003010002400942
2003010002400943
2003010002400944
2003010002400945
2003010002400946
2003010002400947
2003010002400948
2003010002400949
2003010002400950
2003010002400951
2003010002400952
2003010002400953
2003010002400954
2003010002400955
2003010002400956
2003010002400957
2003010002400958
2003010002400959
2003010002400960
2003010002400961
2003010002400962
2003010002400963
2003010002400964
2003010002400965
2003010002400966
2003010002400967
2003010002400968
2003010002400969
2003010002400970
2003010002400971
2003010002400972
2003010002400973
2003010002400974
2003010002400975
2003010002400976
2003010002400977
2003010002400978
2003010002400979
2003010002400980
2003010002400981
2003010002400982
2003010002400983
2003010002400984
2003010002400985
2003010002400986
2003010002400987
2003010002400988
2003010002400989
2003010002400990
2003010002400991
2003010002400992
2003010002400993
2003010002400994
2003010002400995
2003010002400996
2003010002400997
2003010002400998
2003010002400999
2003010002401000
2003010002401001
2003010002401002
2003010002401003
2003010002401004
2003010002401005
2003010002401006
2003010002401007
2003010002401008
2003010002401009
2003010002401010
2003010002401011
2003010002401012
2003010002401013
2003010002401014
2003010002401015
2003010002401016
2003010002401017
2003010002401018
2003010002401019
2003010002401020
2003010002401021
2003010002401022
2003010002401023
2003010002401024
2003010002401025
2003010002401026
2003010002401027
2003010002401028
2003010002401029
2003010002401030
2003010002401031
2003010002401032
2003010002401033
2003010002401034
2003010002401035
2003010002401036
2003010002401037
2003010002401038
2003010002401039
2003010002401040
2003010002401041
2003010002401042
2003010002401043
2003010002401044
2003010002401045
2003010002401046
2003010002401047
2003010002401048
2003010002401049
2003010002401050
2003010002401051
2003010002401052
2003010002401053
2003010002401054
2003010002401055
2003010002401056
2003010002401057
2003010002401058
2003010002401059
2003010002401060
2003010002401061
2003010002401062
2003010002401063
2003010002401064
2003010002401065
2003010002401066
2003010002401067
2003010002401068
2003010002401069
2003010002401070
2003010002401071
2003010002401072
2003010002401073
2003010002401074
2003010002401075
2003010002401076
2003010002401077
2003010002401078
2003010002401079
2003010002401080
2003010002401081
2003010002401082
2003010002401083
2003010002401084
2003010002401085
2003010002401086
2003010002401087
2003010002401088
2003010002401089
2003010002401090
2003010002401091
2003010002401092
2003010002401093
2003010002401094
2003010002401095
2003010002401096
2003010002401097
2003010002401098
2003010002401099
2003010002401100
2003010002401101
2003010002401102
2003010002401103
2003010002401104
2003010002401105
2003010002401106
2003010002401107
2003010002401108
2003010002401109
2003010002401110
2003010002401111
2003010002401112
2003010002401113
2003010002401114
2003010002401115
2003010002401116
2003010002401117
2003010002401118
2003010002401119
2003010002401120
2003010002401121
2003010002401122
2003010002401123
2003010002401124
2003010002401125
2003010002401126
2003010002401127
2003010002401128
2003010002401129
2003010002401130
2003010002401131
2003010002401132
2003010002401133
2003010002401134
2003010002401135
2003010002401136
2003010002401137
2003010002401138
2003010002401139
2003010002401140
2003010002401141
2003010002401142
2003010002401143
2003010002401144
2003010002401145
2003010002401146
2003010002401147
2003010002401148
2003010002401149
2003010002401150
2003010002401151
2003010002401152
2003010002401153
2003010002401154
2003010002401155
2003010002401156
2003010002401157
2003010002401158
2003010002401159
2003010002401160
2003010002401161
2003010002401162
2003010002401163
2003010002401164
2003010002401165
2003010002401166
2003010002401167
2003010002401168
2003010002401169
2003010002401170
2003010002401171
2003010002401172
2003010002401173
2003010002401174
2003010002401175
2003010002401176
2003010002401177
2003010002401178
2003010002401179
2003010002401180
2003010002401181
2003010002401182
2003010002401183
2003010002401184
2003010002401185
2003010002401186
2003010002401187
2003010002401188
2003010002401189
2003010002401190
2003010002401191
2003010002401192
2003010002401193
2003010002401194
2003010002401195
2003010002401196
2003010002401197
2003010002401198
2003010002401199
2003010002401200
2003010002401201
2003010002401202
2003010002401203
2003010002401204
2003010002401205
2003010002401206
2003010002401207
2003010002401208
2003010002401209
2003010002401210
2003010002401211
2003010002401212
2003010002401213
2003010002401214
2003010002401215
2003010002401216
2003010002401217
2003010002401218
2003010002401219
2003010002401220
2003010002401221
2003010002401222
2003010002401223
2003010002401224
2003010002401225
2003010002401226
2003010002401227
2003010002401228
2003010002401229
2003010002401230
2003010002401231
2003010002401232
2003010002401233
2003010002401234
2003010002401235
2003010002401236
2003010002401237
2003010002401238
2003010002401239
2003010002401240
2003010002401241
2003010002401242
2003010002401243
2003010002401244
2003010002401245
2003010002401246
2003010002401247
2003010002401248
2003010002401249
2003010002401250
2003010002401251
2003010002401252
2003010002401253
2003010002401254
2003010002401255
2003010002401256
2003010002401257
2003010002401258
2003010002401259
2003010002401260
2003010002401261
2003010002401262
2003010002401263
2003010002401264
2003010002401265
2003010002401266
2003010002401267
2003010002401268
2003010002401269
2003010002401270
2003010002401271
2003010002401272
2003010002401273
2003010002401274
2003010002401275
2003010002401276
2003010002401277
2003010002401278
2003010002401279
2003010002401280
2003010002401281
2003010002401282
2003010002401283
2003010002401284
2003010002401285
2003010002401286
2003010002401287
2003010002401288
2003010002401289
2003010002401290
2003010002401291
2003010002401292
2003010002401293
2003010002401294
2003010002401295
2003010002401296
2003010002401297
2003010002401298
2003010002401299
2003010002401300
2003010002401301
2003010002401302
2003010002401303
2003010002401304
2003010002401305
2003010002401306
2003010002401307
2003010002401308
2003010002401309
2003010002401310
2003010002401311
2003010002401312
2003010002401313
2003010002401314
2003010002401315
2003010002401316
2003010002401317
2003010002401318
2003010002401319
2003010002401320
2003010002401321
2003010002401322
2003010002401323
2003010002401324
2003010002401325
2003010002401326
2003010002401327
2003010002401328
2003010002401329
2003010002401330
2003010002401331
2003010002401332
2003010002401333
2003010002401334
2003010002401335
2003010002401336
2003010002401337
2003010002401338
2003010002401339
2003010002401340
2003010002401341
2003010002401342
2003010002401343
2003010002401344
2003010002401345
2003010002401346
2003010002401347
2003010002401348
2003010002401349
2003010002401350
2003010002401351
2003010002401352
2003010002401353
2003010002401354
2003010002401355
2003010002401356
2003010002401357
2003010002401358
2003010002401359
2003010002401360
2003010002401361
2003010002401362
2003010002401363
2003010002401364
2003010002401365
2003010002401366
2003010002401367
2003010002401368
2003010002401369
2003010002401370
2003010002401371
2003010002401372
2003010002401373
2003010002401374
2003010002401375
2003010002401376
2003010002401377
2003010002401378
2003010002401379
2003010002401380
2003010002401381
2003010002401382
2003010002401383
2003010002401384
2003010002401385
2003010002401386
2003010002401387
2003010002401388
2003010002401389
2003010002401390
2003010002401391
2003010002401392
2003010002401393
2003010002401394
2003010002401395
2003010002401396
2003010002401397
2003010002401398
2003010002401399
2003010002401400
2003010002401401
2003010002401402
2003010002401403
2003010002401404
2003010002401405
2003010002401406
2003010002401407
2003010002401408
2003010002401409
2003010002401410
2003010002401411
2003010002401412
2003010002401413
2003010002401414
2003010002401415
2003010002401416
2003010002401417
2003010002401418
2003010002401419
2003010002401420
2003010002401421
2003010002401422
2003010002401423
2003010002401424
2003010002401425
2003010002401426
2003010002401427
2003010002401428
2003010002401429
2003010002401430
2003010002401431
2003010002401432
2003010002401433
2003010002401434
2003010002401435
2003010002401436
2003010002401437
2003010002401438
2003010002401439
2003010002401440
2003010002401441
2003010002401442
2003010002401443
2003010002401444
2003010002401445
2003010002401446
2003010002401447
2003010002401448
2003010002401449
2003010002401450
2003010002401451
2003010002401452
2003010002401453
2003010002401454
2003010002401455
2003010002401456
2003010002401457
2003010002401458
2003010002401459
2003010002401460
2003010002401461
2003010002401462
2003010002401463
2003010002401464
2003010002401465
2003010002401466
2003010002401467
2003010002401468
2003010002401469
2003010002401470
2003010002401471
2003010002401472
2003010002401473
2003010002401474
2003010002401475
2003010002401476
2003010002401477
2003010002401478
2003010002401479
2003010002401480
2003010002401481
2003010002401482
2003010002401483
2003010002401484
2003010002401485
2003010002401486
2003010002401487
2003010002401488
2003010002401489
2003010002401490
2003010002401491
2003010002401492
2003010002401493
2003010002401494
2003010002401495
2003010002401496
2003010002401497
2003010002401498
2003010002401499
2003010002401500
2003010002401501
2003010002401502
2003010002401503
2003010002401504
2003010002401505
2003010002401506
2003010002401507
2003010002401508
2003010002401509
2003010002401510
2003010002401511
2003010002401512
2003010002401513
2003010002401514
2003010002401515
2003010002401516
2003010002401517
2003010002401518
2003010002401519
2003010002401520
2003010002401521
2003010002401522
2003010002401523
2003010002401524
2003010002401525
2003010002401526
2003010002401527
2003010002401528
2003010002401529
2003010002401530
2003010002401531
2003010002401532
2003010002401533
2003010002401534
2003010002401535
2003010002401536
2003010002401537
2003010002401538
2003010002401539
2003010002401540
2003010002401541
2003010002401542
2003010002401543
2003010002401544
2003010002401545
2003010002401546
2003010002401547
2003010002401548
2003010002401549
2003010002401550
2003010002401551
2003010002401552
2003010002401553
2003010002401554
2003010002401555
2003010002401556
2003010002401557
2003010002401558
2003010002401559
2003010002401560
2003010002401561
2003010002401562
2003010002401563
2003010002401564
2003010002401565
2003010002401566
2003010002401567
2003010002401568
2003010002401569
2003010002401570
2003010002401571
2003010002401572
2003010002401573
2003010002401574
2003010002401575
2003010002401576
2003010002401577
2003010002401578
2003010002401579
2003010002401580
2003010002401581
2003010002401582
2003010002401583
2003010002401584
2003010002401585
2003010002401586
2003010002401587
2003010002401588
2003010002401589
2003010002401590
2003010002401591
2003010002401592
2003010002401593
2003010002401594
2003010002401595
2003010002401596
2003010002401597
2003010002401598
2003010002401599
2003010002401600
2003010002401601
2003010002401602
2003010002401603
2003010002401604
2003010002401605
2003010002401606
2003010002401607
2003010002401608
2003010002401609
2003010002401610
2003010002401611
2003010002401612
2003010002401613
2003010002401614
2003010002401615
2003010002401616
2003010002401617
2003010002401618
2003010002401619
2003010002401620
2003010002401621
2003010002401622
2003010002401623
2003010002401624
2003010002401625
2003010002401626
2003010002401627
2003010002401628
2003010002401629
2003010002401630
2003010002401631
2003010002401632
2003010002401633
2003010002401634
2003010002401635
2003010002401636
2003010002401637
2003010002401638
2003010002401639
2003010002401640
2003010002401641
2003010002401642
2003010002401643
2003010002401644
2003010002401645
2003010002401646
2003010002401647
2003010002401648
2003010002401649
2003010002401650
2003010002401651
2003010002401652
2003010002401653
2003010002401654
2003010002401655
2003010002401656
2003010002401657
2003010002401658
2003010002401659
2003010002401660
2003010002401661
2003010002401662
2003010002401663
2003010002401664
2003010002401665
2003010002401666
2003010002401667
2003010002401668
2003010002401669
2003010002401670
2003010002401671
2003010002401672
2003010002401673
2003010002401674
2003010002401675
2003010002401676
2003010002401677
2003010002401678
2003010002401679
2003010002401680
2003010002401681
2003010002401682
2003010002401683
2003010002401684
2003010002401685
2003010002401686
2003010002401687
2003010002401688
2003010002401689
2003010002401690
2003010002401691
2003010002401692
2003010002401693
2003010002401694
2003010002401695
2003010002401696
2003010002401697
2003010002401698
2003010002401699
2003010002401700
2003010002401701
2003010002401702
2003010002401703
2003010002401704
2003010002401705
2003010002401706
2003010002401707
2003010002401708
2003010002401709
2003010002401710
2003010002401711
2003010002401712
2003010002401713
2003010002401714
2003010002401715
2003010002401716
2003010002401717
2003010002401718
2003010002401719
2003010002401720
2003010002401721
2003010002401722
2003010002401723
2003010002401724
2003010002401725
2003010002401726
2003010002401727
2003010002401728
2003010002401729
2003010002401730
2003010002401731
2003010002401732
2003010002401733
2003010002401734
2003010002401735
2003010002401736
2003010002401737
2003010002401738
2003010002401739
2003010002401740
2003010002401741
2003010002401742
2003010002401743
2003010002401744
2003010002401745
2003010002401746
2003010002401747
2003010002401748
2003010002401749
2003010002401750
2003010002401751
2003010002401752
2003010002401753
2003010002401754
2003010002401755
2003010002401756
2003010002401757
2003010002401758
2003010002401759
2003010002401760
2003010002401761
2003010002401762
2003010002401763
2003010002401764
2003010002401765
2003010002401766
2003010002401767
2003010002401768
2003010002401769
2003010002401770
2003010002401771
2003010002401772
2003010002401773
2003010002401774
2003010002401775
2003010002401776
2003010002401777
2003010002401778
2003010002401779
2003010002401780
2003010002401781
2003010002401782
2003010002401783
2003010002401784
2003010002401785
2003010002401786
2003010002401787
2003010002401788
2003010002401789
2003010002401790
2003010002401791
2003010002401792
2003010002401793
2003010002401794
2003010002401795
2003010002401796
2003010002401797
2003010002401798
2003010002401799
2003010002401800
2003010002401801
2003010002401802
2003010002401803
2003010002401804
2003010002401805
2003010002401806
2003010002401807
2003010002401808
2003010002401809
2003010002401810
2003010002401811
2003010002401812
2003010002401813
2003010002401814
2003010002401815
2003010002401816
2003010002401817
2003010002401818
2003010002401819
2003010002401820
2003010002401821
2003010002401822
2003010002401823
2003010002401824
2003010002401825
2003010002401826
2003010002401827
2003010002401828
2003010002401829
2003010002401830
2003010002401831
2003010002401832
2003010002401833
2003010002401834
2003010002401835
2003010002401836
2003010002401837
2003010002401838
2003010002401839
2003010002401840
2003010002401841
2003010002401842
2003010002401843
2003010002401844
2003010002401845
2003010002401846
2003010002401847
2003010002401848
2003010002401849
2003010002401850
2003010002401851
2003010002401852
2003010002401853
2003010002401854
2003010002401855
2003010002401856
2003010002401857
2003010002401858
2003010002401859
2003010002401860
2003010002401861
2003010002401862
2003010002401863
2003010002401864
2003010002401865
2003010002401866
2003010002401867
2003010002401868
2003010002401869
2003010002401870
2003010002401871
2003010002401872
2003010002401873
2003010002401874
2003010002401875
2003010002401876
2003010002401877
2003010002401878
2003010002401879
2003010002401880
2003010002401881
2003010002401882
2003010002401883
2003010002401884
2003010002401885
2003010002401886
2003010002401887
2003010002401888
2003010002401889
2003010002401890
2003010002401891
2003010002401892
2003010002401893
2003010002401894
2003010002401895
2003010002401896
2003010002401897
2003010002401898
2003010002401899
2003010002401900
2003010002401901
2003010002401902
2003010002401903
2003010002401904
2003010002401905
2003010002401906
2003010002401907
2003010002401908
2003010002401909
2003010002401910
2003010002401911
2003010002401912
2003010002401913
2003010002401914
2003010002401915
2003010002401916
2003010002401917
2003010002401918
2003010002401919
2003010002401920
2003010002401921
2003010002401922
2003010002401923
2003010002401924
2003010002401925
2003010002401926
2003010002401927
2003010002401928
2003010002401929
2003010002401930
2003010002401931
2003010002401932
2003010002401933
2003010002401934
2003010002401935
2003010002401936
2003010002401937
2003010002401938
2003010002401939
2003010002401940
2003010002401941
2003010002401942
2003010002401943
2003010002401944
2003010002401945
2003010002401946
2003010002401947
2003010002401948
2003010002401949
2003010002401950
2003010002401951
2003010002401952
2003010002401953
2003010002401954
2003010002401955
2003010002401956
2003010002401957
2003010002401958
2003010002401959
2003010002401960
2003010002401961
2003010002401962
2003010002401963
2003010002401964
2003010002401965
2003010002401966
2003010002401967
2003010002401968
2003010002401969
2003010002401970
2003010002401971
2003010002401972
2003010002401973
2003010002401974
2003010002401975
2003010002401976
2003010002401977
2003010002401978
2003010002401979
2003010002401980
2003010002401981
2003010002401982
2003010002401983
2003010002401984
2003010002401985
2003010002401986
2003010002401987
2003010002401988
2003010002401989
2003010002401990
2003010002401991
2003010002401992
2003010002401993
2003010002401994
2003010002401995
2003010002401996
2003010002401997
2003010002401998
2003010002401999
2003010002402000
2003010002402001
2003010002402002
2003010002402003
2003010002402004
2003010002402005
2003010002402006
2003010002402007
2003010002402008
2003010002402009
2003010002402010
2003010002402011
2003010002402012
2003010002402013
2003010002402014
2003010002402015
2003010002402016
2003010002402017
2003010002402018
2003010002402019
2003010002402020
2003010002402021
2003010002402022
2003010002402023
2003010002402024
2003010002402025
2003010002402026
2003010002402027
2003010002402028
2003010002402029
2003010002402030
2003010002402031
2003010002402032
2003010002402033
2003010002402034
2003010002402035
2003010002402036
2003010002402037
2003010002402038
2003010002402039
2003010002402040
2003010002402041
2003010002402042
2003010002402043
2003010002402044
2003010002402045
2003010002402046
2003010002402047
2003010002402048
2003010002402049
2003010002402050
2003010002402051
2003010002402052
2003010002402053
2003010002402054
2003010002402055
2003010002402056
2003010002402057
2003010002402058
2003010002402059
2003010002402060
2003010002402061
2003010002402062
2003010002402063
2003010002402064
2003010002402065
2003010002402066
2003010002402067
2003010002402068
2003010002402069
2003010002402070
2003010002402071
2003010002402072
2003010002402073
2003010002402074
2003010002402075
2003010002402076
2003010002402077
2003010002402078
2003010002402079
2003010002402080
2003010002402081
2003010002402082
2003010002402083
2003010002402084
2003010002402085
2003010002402086
2003010002402087
2003010002402088
2003010002402089
2003010002402090
2003010002402091
2003010002402092
2003010002402093
2003010002402094
2003010002402095
2003010002402096
2003010002402097
2003010002402098
2003010002402099
2003010002402100
2003010002402101
2003010002402102
2003010002402103
2003010002402104
2003010002402105
2003010002402106
2003010002402107
2003010002402108
2003010002402109
2003010002402110
2003010002402111
2003010002402112
2003010002402113
2003010002402114
2003010002402115
2003010002402116
2003010002402117
2003010002402118
2003010002402119
2003010002402120
2003010002402121
2003010002402122
2003010002402123
2003010002402124
2003010002402125
2003010002402126
2003010002402127
2003010002402128
2003010002402129
2003010002402130
2003010002402131
2003010002402132
2003010002402133
2003010002402134
2003010002402135
2003010002402136
2003010002402137
2003010002402138
2003010002402139
2003010002402140
2003010002402141
2003010002402142
2003010002402143
2003010002402144
2003010002402145
2003010002402146
2003010002402147
2003010002402148
2003010002402149
2003010002402150
2003010002402151
2003010002402152
2003010002402153
2003010002402154
2003010002402155
2003010002402156
2003010002402157
2003010002402158
2003010002402159
2003010002402160
2003010002402161
2003010002402162
2003010002402163
2003010002402164
2003010002402165
2003010002402166
2003010002402167
2003010002402168
2003010002402169
2003010002402170
2003010002402171
2003010002402172
2003010002402173
2003010002402174
2003010002402175
2003010002402176
2003010002402177
2003010002402178
2003010002402179
2003010002402180
2003010002402181
2003010002402182
2003010002402183
2003010002402184
2003010002402185
2003010002402186
2003010002402187
2003010002402188
2003010002402189
2003010002402190
2003010002402191
2003010002402192
2003010002402193
2003010002402194
2003010002402195
2003010002402196
2003010002402197
2003010002402198
2003010002402199
2003010002402200
2003010002402201
2003010002402202
2003010002402203
2003010002402204
2003010002402205
2003010002402206
2003010002402207
2003010002402208
2003010002402209
2003010002402210
2003010002402211
2003010002402212
2003010002402213
2003010002402214
2003010002402215
2003010002402216
2003010002402217
2003010002402218
2003010002402219
2003010002402220
2003010002402221
2003010002402222
2003010002402223
2003010002402224
2003010002402225
2003010002402226
2003010002402227
2003010002402228
2003010002402229
2003010002402230
2003010002402231
2003010002402232
2003010002402233
2003010002402234
2003010002402235
2003010002402236
2003010002402237
2003010002402238
2003010002402239
2003010002402240
2003010002402241
2003010002402242
2003010002402243
2003010002402244
2003010002402245
2003010002402246
2003010002402247
2003010002402248
2003010002402249
2003010002402250
2003010002402251
2003010002402252
2003010002402253
2003010002402254
2003010002402255
2003010002402256
2003010002402257
2003010002402258
2003010002402259
2003010002402260
2003010002402261
2003010002402262
2003010002402263
2003010002402264
2003010002402265
2003010002402266
2003010002402267
2003010002402268
2003010002402269
2003010002402270
2003010002402271
2003010002402272
2003010002402273
2003010002402274
2003010002402275
2003010002402276
2003010002402277
2003010002402278
2003010002402279
2003010002402280
2003010002402281
2003010002402282
2003010002402283
2003010002402284
2003010002402285
2003010002402286
2003010002402287
2003010002402288
2003010002402289
2003010002402290
2003010002402291
2003010002402292
2003010002402293
2003010002402294
2003010002402295
2003010002402296
2003010002402297
2003010002402298
2003010002402299
2003010002402300
2003010002402301
2003010002402302
2003010002402303
2003010002402304
2003010002402305
2003010002402306
2003010002402307
2003010002402308
2003010002402309
2003010002402310
2003010002402311
2003010002402312
2003010002402313
2003010002402314
2003010002402315
2003010002402316
2003010002402317
2003010002402318
2003010002402319
2003010002402320
2003010002402321
2003010002402322
2003010002402323
2003010002402324
2003010002402325
2003010002402326
2003010002402327
2003010002402328
2003010002402329
2003010002402330
2003010002402331
2003010002402332
2003010002402333
2003010002402334
2003010002402335
2003010002402336
2003010002402337
2003010002402338
2003010002402339
2003010002402340
2003010002402341
2003010002402342
2003010002402343
2003010002402344
2003010002402345
2003010002402346
2003010002402347
2003010002402348
2003010002402349
2003010002402350
2003010002402351
2003010002402352
2003010002402353
2003010002402354
2003010002402355
2003010002402356
2003010002402357
2003010002402358
2003010002402359
2003010002402360
2003010002402361
2003010002402362
2003010002402363
2003010002402364
2003010002402365
2003010002402366
2003010002402367
2003010002402368
2003010002402369
2003010002402370
2003010002402371
2003010002402372
2003010002402373
2003010002402374
2003010002402375
2003010002402376
2003010002402377
2003010002402378
2003010002402379
2003010002402380
2003010002402381
2003010002402382
2003010002402383
2003010002402384
2003010002402385
2003010002402386
2003010002402387
2003010002402388
2003010002402389
2003010002402390
2003010002402391
2003010002402392
2003010002402393
2003010002402394
2003010002402395
2003010002402396
2003010002402397
2003010002402398
2003010002402399
2003010002402400
2003010002402401
2003010002402402
2003010002402403
2003010002402404
2003010002402405
2003010002402406
2003010002402407
2003010002402408
2003010002402409
2003010002402410
2003010002402411
2003010002402412
2003010002402413
2003010002402414
2003010002402415
2003010002402416
2003010002402417
2003010002402418
2003010002402419
2003010002402420
2003010002402421
2003010002402422
2003010002402423
2003010002402424
2003010002402425
2003010002402426
2003010002402427
2003010002402428
2003010002402429
2003010002402430
2003010002402431
2003010002402432
2003010002402433
2003010002402434
2003010002402435
2003010002402436
2003010002402437
2003010002402438
2003010002402439
2003010002402440
2003010002402441
2003010002402442
2003010002402443
2003010002402444
2003010002402445
2003010002402446
2003010002402447
2003010002402448
2003010002402449
2003010002402450
2003010002402451
2003010002402452
2003010002402453
2003010002402454
2003010002402455
2003010002402456
2003010002402457
2003010002402458
2003010002402459
2003010002402460
2003010002402461
2003010002402462
2003010002402463
2003010002402464
2003010002402465
2003010002402466
2003010002402467
2003010002402468
2003010002402469
2003010002402470
2003010002402471
2003010002402472
2003010002402473
2003010002402474
2003010002402475
2003010002402476
2003010002402477
2003010002402478
2003010002402479
2003010002402480
2003010002402481
2003010002402482
2003010002402483
2003010002402484
2003010002402485
2003010002402486
2003010002402487
2003010002402488
2003010002402489
2003010002402490
2003010002402491
2003010002402492
2003010002402493
2003010002402494
2003010002402495
2003010002402496
2003010002402497
2003010002402498
2003010002402499
2003010002402500
2003010002402501
2003010002402502
2003010002402503
2003010002402504
2003010002402505
2003010002402506
2003010002402507
2003010002402508
2003010002402509
2003010002402510
2003010002402511
2003010002402512
2003010002402513
2003010002402514
2003010002402515
2003010002402516
2003010002402517
2003010002402518
2003010002402519
2003010002402520
2003010002402521
2003010002402522
2003010002402523
2003010002402524
2003010002402525
2003010002402526
2003010002402527
2003010002402528
2003010002402529
2003010002402530
2003010002402531
2003010002402532
2003010002402533
2003010002402534
2003010002402535
2003010002402536
2003010002402537
2003010002402538
2003010002402539
2003010002402540
2003010002402541
2003010002402542
2003010002402543
2003010002402544
2003010002402545
2003010002402546
2003010002402547
2003010002402548
2003010002402549
2003010002402550
2003010002402551
2003010002402552
2003010002402553
2003010002402554
2003010002402555
2003010002402556
2003010002402557
2003010002402558
2003010002402559
2003010002402560
2003010002402561
2003010002402562
2003010002402563
2003010002402564
2003010002402565
2003010002402566
2003010002402567
2003010002402568
2003010002402569
2003010002402570
2003010002402571
2003010002402572
2003010002402573
2003010002402574
2003010002402575
2003010002402576
2003010002402577
2003010002402578
2003010002402579
2003010002402580
2003010002402581
2003010002402582
2003010002402583
2003010002402584
2003010002402585
2003010002402586
2003010002402587
2003010002402588
2003010002402589
2003010002402590
2003010002402591
2003010002402592
2003010002402593
2003010002402594
2003010002402595
2003010002402596
2003010002402597
2003010002402598
2003010002402599
2003010002402600
2003010002402601
2003010002402602
2003010002402603
2003010002402604
2003010002402605
2003010002402606
2003010002402607
2003010002402608
2003010002402609
2003010002402610
2003010002402611
2003010002402612
2003010002402613
2003010002402614
2003010002402615
2003010002402616
2003010002402617
2003010002402618
2003010002402619
2003010002402620
2003010002402621
2003010002402622
2003010002402623
2003010002402624
2003010002402625
2003010002402626
2003010002402627
2003010002402628
2003010002402629
2003010002402630
2003010002402631
2003010002402632
2003010002402633
2003010002402634
2003010002402635
2003010002402636
2003010002402637
2003010002402638
2003010002402639
2003010002402640
2003010002402641
2003010002402642
2003010002402643
2003010002402644
2003010002402645
2003010002402646
2003010002402647
2003010002402648
2003010002402649
2003010002402650
2003010002402651
2003010002402652
2003010002402653
2003010002402654
2003010002402655
2003010002402656
2003010002402657
2003010002402658
2003010002402659
2003010002402660
2003010002402661
2003010002402662
2003010002402663
2003010002402664
2003010002402665
2003010002402666
2003010002402667
2003010002402668
2003010002402669
2003010002402670
2003010002402671
2003010002402672
2003010002402673
2003010002402674
2003010002402675
2003010002402676
2003010002402677
2003010002402678
2003010002402679
2003010002402680
2003010002402681
2003010002402682
2003010002402683
2003010002402684
2003010002402685
2003010002402686
2003010002402687
2003010002402688
2003010002402689
2003010002402690
2003010002402691
2003010002402692
2003010002402693
2003010002402694
2003010002402695
2003010002402696
2003010002402697
2003010002402698
2003010002402699
2003010002402700
2003010002402701
2003010002402702
2003010002402703
2003010002402704
2003010002402705
2003010002402706
2003010002402707
2003010002402708
2003010002402709
2003010002402710
2003010002402711
2003010002402712
2003010002402713
2003010002402714
2003010002402715
2003010002402716
2003010002402717
2003010002402718
2003010002402719
2003010002402720
2003010002402721
2003010002402722
2003010002402723
2003010002402724
2003010002402725
2003010002402726
2003010002402727
2003010002402728
2003010002402729
2003010002402730
2003010002402731
2003010002402732
2003010002402733
2003010002402734
2003010002402735
2003010002402736
2003010002402737
2003010002402738
2003010002402739
2003010002402740
2003010002402741
2003010002402742
2003010002402743
2003010002402744
2003010002402745
2003010002402746
2003010002402747
2003010002402748
2003010002402749
2003010002402750
2003010002402751
2003010002402752
2003010002402753
2003010002402754
2003010002402755
2003010002402756
2003010002402757
2003010002402758
2003010002402759
2003010002402760
2003010002402761
2003010002402762
2003010002402763
2003010002402764
2003010002402765
2003010002402766
2003010002402767
2003010002402768
2003010002402769
2003010002402770
2003010002402771
2003010002402772
2003010002402773
2003010002402774
2003010002402775
2003010002402776
2003010002402777
2003010002402778
2003010002402779
2003010002402780
2003010002402781
2003010002402782
2003010002402783
2003010002402784
2003010002402785
2003010002402786
2003010002402787
2003010002402788
2003010002402789
2003010002402790
2003010002402791
2003010002402792
2003010002402793
2003010002402794
2003010002402795
2003010002402796
2003010002402797
2003010002402798
2003010002402799
2003010002402800
2003010002402801
2003010002402802
2003010002402803
2003010002402804
2003010002402805
2003010002402806
2003010002402807
2003010002402808
2003010002402809
2003010002402810
2003010002402811
2003010002402812
2003010002402813
2003010002402814
2003010002402815
2003010002402816
2003010002402817
2003010002402818
2003010002402819
2003010002402820
2003010002402821
2003010002402822
2003010002402823
2003010002402824
2003010002402825
2003010002402826
2003010002402827
2003010002402828
2003010002402829
2003010002402830
2003010002402831
2003010002402832
2003010002402833
2003010002402834
2003010002402835
2003010002402836
2003010002402837
2003010002402838
2003010002402839
2003010002402840
2003010002402841
2003010002402842
2003010002402843
2003010002402844
2003010002402845
2003010002402846
2003010002402847
2003010002402848
2003010002402849
2003010002402850
2003010002402851
2003010002402852
2003010002402853
2003010002402854
2003010002402855
2003010002402856
2003010002402857
2003010002402858
2003010002402859
2003010002402860
2003010002402861
2003010002402862
2003010002402863
2003010002402864
2003010002402865
2003010002402866
2003010002402867
2003010002402868
2003010002402869
2003010002402870
2003010002402871
2003010002402872
2003010002402873
2003010002402874
2003010002402875
2003010002402876
2003010002402877
2003010002402878
2003010002402879
2003010002402880
2003010002402881
2003010002402882
2003010002402883
2003010002402884
2003010002402885
2003010002402886
2003010002402887
2003010002402888
2003010002402889
2003010002402890
2003010002402891
2003010002402892
2003010002402893
2003010002402894
2003010002402895
2003010002402896
2003010002402897
2003010002402898
2003010002402899
2003010002402900
2003010002402901
2003010002402902
2003010002402903
2003010002402904
2003010002402905
2003010002402906
2003010002402907
2003010002402908
2003010002402909
2003010002402910
2003010002402911
2003010002402912
2003010002402913
2003010002402914
2003010002402915
2003010002402916
2003010002402917
2003010002402918
2003010002402919
2003010002402920
2003010002402921
2003010002402922
2003010002402923
2003010002402924
2003010002402925
2003010002402926
2003010002402927
2003010002402928
2003010002402929
2003010002402930
2003010002402931
2003010002402932
2003010002402933
2003010002402934
2003010002402935
2003010002402936
2003010002402937
2003010002402938
2003010002402939
2003010002402940
2003010002402941
2003010002402942
2003010002402943
2003010002402944
2003010002402945
2003010002402946
2003010002402947
2003010002402948
2003010002402949
2003010002402950
2003010002402951
2003010002402952
2003010002402953
2003010002402954
2003010002402955
2003010002402956
2003010002402957
2003010002402958
2003010002402959
2003010002402960
2003010002402961
2003010002402962
2003010002402963
2003010002402964
2003010002402965
2003010002402966
2003010002402967
2003010002402968
2003010002402969
2003010002402970
2003010002402971
2003010002402972
2003010002402973
2003010002402974
2003010002402975
2003010002402976
2003010002402977
2003010002402978
2003010002402979
2003010002402980
2003010002402981
2003010002402982
2003010002402983
2003010002402984
2003010002402985
2003010002402986
2003010002402987
2003010002402988
2003010002402989
2003010002402990
2003010002402991
2003010002402992
2003010002402993
2003010002402994
2003010002402995
2003010002402996
2003010002402997
2003010002402998
2003010002402999
2003010002403000
2003010002403001
2003010002403002
2003010002403003
2003010002403004
2003010002403005
2003010002403006
2003010002403007
2003010002403008
2003010002403009
2003010002403010
2003010002403011
2003010002403012
2003010002403013
2003010002403014
2003010002403015
2003010002403016
2003010002403017
2003010002403018
2003010002403019
2003010002403020
2003010002403021
2003010002403022
2003010002403023
2003010002403024
2003010002403025
2003010002403026
2003010002403027
2003010002403028
2003010002403029
2003010002403030
2003010002403031
2003010002403032
2003010002403033
2003010002403034
2003010002403035
2003010002403036
2003010002403037
2003010002403038
2003010002403039
2003010002403040
2003010002403041
2003010002403042
2003010002403043
2003010002403044
2003010002403045
2003010002403046
2003010002403047
2003010002403048
2003010002403049
2003010002403050
2003010002403051
2003010002403052
2003010002403053
2003010002403054
2003010002403055
2003010002403056
2003010002403057
2003010002403058
2003010002403059
2003010002403060
2003010002403061
2003010002403062
2003010002403063
2003010002403064
2003010002403065
2003010002403066
2003010002403067
2003010002403068
2003010002403069
2003010002403070
2003010002403071
2003010002403072