2003010002418073
2003010002418074
2003010002418075
2003010002418076
2003010002418077
2003010002418078
2003010002418079
2003010002418080
2003010002418081
2003010002418082
2003010002418083
2003010002418084
2003010002418085
2003010002418086
2003010002418087
2003010002418088
2003010002418089
2003010002418090
2003010002418091
2003010002418092
2003010002418093
2003010002418094
2003010002418095
2003010002418096
2003010002418097
2003010002418098
2003010002418099
2003010002418100
2003010002418101
2003010002418102
2003010002418103
2003010002418104
2003010002418105
2003010002418106
2003010002418107
2003010002418108
2003010002418109
2003010002418110
2003010002418111
2003010002418112
2003010002418113
2003010002418114
2003010002418115
2003010002418116
2003010002418117
2003010002418118
2003010002418119
2003010002418120
2003010002418121
2003010002418122
2003010002418123
2003010002418124
2003010002418125
2003010002418126
2003010002418127
2003010002418128
2003010002418129
2003010002418130
2003010002418131
2003010002418132
2003010002418133
2003010002418134
2003010002418135
2003010002418136
2003010002418137
2003010002418138
2003010002418139
2003010002418140
2003010002418141
2003010002418142
2003010002418143
2003010002418144
2003010002418145
2003010002418146
2003010002418147
2003010002418148
2003010002418149
2003010002418150
2003010002418151
2003010002418152
2003010002418153
2003010002418154
2003010002418155
2003010002418156
2003010002418157
2003010002418158
2003010002418159
2003010002418160
2003010002418161
2003010002418162
2003010002418163
2003010002418164
2003010002418165
2003010002418166
2003010002418167
2003010002418168
2003010002418169
2003010002418170
2003010002418171
2003010002418172
2003010002418173
2003010002418174
2003010002418175
2003010002418176
2003010002418177
2003010002418178
2003010002418179
2003010002418180
2003010002418181
2003010002418182
2003010002418183
2003010002418184
2003010002418185
2003010002418186
2003010002418187
2003010002418188
2003010002418189
2003010002418190
2003010002418191
2003010002418192
2003010002418193
2003010002418194
2003010002418195
2003010002418196
2003010002418197
2003010002418198
2003010002418199
2003010002418200
2003010002418201
2003010002418202
2003010002418203
2003010002418204
2003010002418205
2003010002418206
2003010002418207
2003010002418208
2003010002418209
2003010002418210
2003010002418211
2003010002418212
2003010002418213
2003010002418214
2003010002418215
2003010002418216
2003010002418217
2003010002418218
2003010002418219
2003010002418220
2003010002418221
2003010002418222
2003010002418223
2003010002418224
2003010002418225
2003010002418226
2003010002418227
2003010002418228
2003010002418229
2003010002418230
2003010002418231
2003010002418232
2003010002418233
2003010002418234
2003010002418235
2003010002418236
2003010002418237
2003010002418238
2003010002418239
2003010002418240
2003010002418241
2003010002418242
2003010002418243
2003010002418244
2003010002418245
2003010002418246
2003010002418247
2003010002418248
2003010002418249
2003010002418250
2003010002418251
2003010002418252
2003010002418253
2003010002418254
2003010002418255
2003010002418256
2003010002418257
2003010002418258
2003010002418259
2003010002418260
2003010002418261
2003010002418262
2003010002418263
2003010002418264
2003010002418265
2003010002418266
2003010002418267
2003010002418268
2003010002418269
2003010002418270
2003010002418271
2003010002418272
2003010002418273
2003010002418274
2003010002418275
2003010002418276
2003010002418277
2003010002418278
2003010002418279
2003010002418280
2003010002418281
2003010002418282
2003010002418283
2003010002418284
2003010002418285
2003010002418286
2003010002418287
2003010002418288
2003010002418289
2003010002418290
2003010002418291
2003010002418292
2003010002418293
2003010002418294
2003010002418295
2003010002418296
2003010002418297
2003010002418298
2003010002418299
2003010002418300
2003010002418301
2003010002418302
2003010002418303
2003010002418304
2003010002418305
2003010002418306
2003010002418307
2003010002418308
2003010002418309
2003010002418310
2003010002418311
2003010002418312
2003010002418313
2003010002418314
2003010002418315
2003010002418316
2003010002418317
2003010002418318
2003010002418319
2003010002418320
2003010002418321
2003010002418322
2003010002418323
2003010002418324
2003010002418325
2003010002418326
2003010002418327
2003010002418328
2003010002418329
2003010002418330
2003010002418331
2003010002418332
2003010002418333
2003010002418334
2003010002418335
2003010002418336
2003010002418337
2003010002418338
2003010002418339
2003010002418340
2003010002418341
2003010002418342
2003010002418343
2003010002418344
2003010002418345
2003010002418346
2003010002418347
2003010002418348
2003010002418349
2003010002418350
2003010002418351
2003010002418352
2003010002418353
2003010002418354
2003010002418355
2003010002418356
2003010002418357
2003010002418358
2003010002418359
2003010002418360
2003010002418361
2003010002418362
2003010002418363
2003010002418364
2003010002418365
2003010002418366
2003010002418367
2003010002418368
2003010002418369
2003010002418370
2003010002418371
2003010002418372
2003010002418373
2003010002418374
2003010002418375
2003010002418376
2003010002418377
2003010002418378
2003010002418379
2003010002418380
2003010002418381
2003010002418382
2003010002418383
2003010002418384
2003010002418385
2003010002418386
2003010002418387
2003010002418388
2003010002418389
2003010002418390
2003010002418391
2003010002418392
2003010002418393
2003010002418394
2003010002418395
2003010002418396
2003010002418397
2003010002418398
2003010002418399
2003010002418400
2003010002418401
2003010002418402
2003010002418403
2003010002418404
2003010002418405
2003010002418406
2003010002418407
2003010002418408
2003010002418409
2003010002418410
2003010002418411
2003010002418412
2003010002418413
2003010002418414
2003010002418415
2003010002418416
2003010002418417
2003010002418418
2003010002418419
2003010002418420
2003010002418421
2003010002418422
2003010002418423
2003010002418424
2003010002418425
2003010002418426
2003010002418427
2003010002418428
2003010002418429
2003010002418430
2003010002418431
2003010002418432
2003010002418433
2003010002418434
2003010002418435
2003010002418436
2003010002418437
2003010002418438
2003010002418439
2003010002418440
2003010002418441
2003010002418442
2003010002418443
2003010002418444
2003010002418445
2003010002418446
2003010002418447
2003010002418448
2003010002418449
2003010002418450
2003010002418451
2003010002418452
2003010002418453
2003010002418454
2003010002418455
2003010002418456
2003010002418457
2003010002418458
2003010002418459
2003010002418460
2003010002418461
2003010002418462
2003010002418463
2003010002418464
2003010002418465
2003010002418466
2003010002418467
2003010002418468
2003010002418469
2003010002418470
2003010002418471
2003010002418472
2003010002418473
2003010002418474
2003010002418475
2003010002418476
2003010002418477
2003010002418478
2003010002418479
2003010002418480
2003010002418481
2003010002418482
2003010002418483
2003010002418484
2003010002418485
2003010002418486
2003010002418487
2003010002418488
2003010002418489
2003010002418490
2003010002418491
2003010002418492
2003010002418493
2003010002418494
2003010002418495
2003010002418496
2003010002418497
2003010002418498
2003010002418499
2003010002418500
2003010002418501
2003010002418502
2003010002418503
2003010002418504
2003010002418505
2003010002418506
2003010002418507
2003010002418508
2003010002418509
2003010002418510
2003010002418511
2003010002418512
2003010002418513
2003010002418514
2003010002418515
2003010002418516
2003010002418517
2003010002418518
2003010002418519
2003010002418520
2003010002418521
2003010002418522
2003010002418523
2003010002418524
2003010002418525
2003010002418526
2003010002418527
2003010002418528
2003010002418529
2003010002418530
2003010002418531
2003010002418532
2003010002418533
2003010002418534
2003010002418535
2003010002418536
2003010002418537
2003010002418538
2003010002418539
2003010002418540
2003010002418541
2003010002418542
2003010002418543
2003010002418544
2003010002418545
2003010002418546
2003010002418547
2003010002418548
2003010002418549
2003010002418550
2003010002418551
2003010002418552
2003010002418553
2003010002418554
2003010002418555
2003010002418556
2003010002418557
2003010002418558
2003010002418559
2003010002418560
2003010002418561
2003010002418562
2003010002418563
2003010002418564
2003010002418565
2003010002418566
2003010002418567
2003010002418568
2003010002418569
2003010002418570
2003010002418571
2003010002418572
2003010002418573
2003010002418574
2003010002418575
2003010002418576
2003010002418577
2003010002418578
2003010002418579
2003010002418580
2003010002418581
2003010002418582
2003010002418583
2003010002418584
2003010002418585
2003010002418586
2003010002418587
2003010002418588
2003010002418589
2003010002418590
2003010002418591
2003010002418592
2003010002418593
2003010002418594
2003010002418595
2003010002418596
2003010002418597
2003010002418598
2003010002418599
2003010002418600
2003010002418601
2003010002418602
2003010002418603
2003010002418604
2003010002418605
2003010002418606
2003010002418607
2003010002418608
2003010002418609
2003010002418610
2003010002418611
2003010002418612
2003010002418613
2003010002418614
2003010002418615
2003010002418616
2003010002418617
2003010002418618
2003010002418619
2003010002418620
2003010002418621
2003010002418622
2003010002418623
2003010002418624
2003010002418625
2003010002418626
2003010002418627
2003010002418628
2003010002418629
2003010002418630
2003010002418631
2003010002418632
2003010002418633
2003010002418634
2003010002418635
2003010002418636
2003010002418637
2003010002418638
2003010002418639
2003010002418640
2003010002418641
2003010002418642
2003010002418643
2003010002418644
2003010002418645
2003010002418646
2003010002418647
2003010002418648
2003010002418649
2003010002418650
2003010002418651
2003010002418652
2003010002418653
2003010002418654
2003010002418655
2003010002418656
2003010002418657
2003010002418658
2003010002418659
2003010002418660
2003010002418661
2003010002418662
2003010002418663
2003010002418664
2003010002418665
2003010002418666
2003010002418667
2003010002418668
2003010002418669
2003010002418670
2003010002418671
2003010002418672
2003010002418673
2003010002418674
2003010002418675
2003010002418676
2003010002418677
2003010002418678
2003010002418679
2003010002418680
2003010002418681
2003010002418682
2003010002418683
2003010002418684
2003010002418685
2003010002418686
2003010002418687
2003010002418688
2003010002418689
2003010002418690
2003010002418691
2003010002418692
2003010002418693
2003010002418694
2003010002418695
2003010002418696
2003010002418697
2003010002418698
2003010002418699
2003010002418700
2003010002418701
2003010002418702
2003010002418703
2003010002418704
2003010002418705
2003010002418706
2003010002418707
2003010002418708
2003010002418709
2003010002418710
2003010002418711
2003010002418712
2003010002418713
2003010002418714
2003010002418715
2003010002418716
2003010002418717
2003010002418718
2003010002418719
2003010002418720
2003010002418721
2003010002418722
2003010002418723
2003010002418724
2003010002418725
2003010002418726
2003010002418727
2003010002418728
2003010002418729
2003010002418730
2003010002418731
2003010002418732
2003010002418733
2003010002418734
2003010002418735
2003010002418736
2003010002418737
2003010002418738
2003010002418739
2003010002418740
2003010002418741
2003010002418742
2003010002418743
2003010002418744
2003010002418745
2003010002418746
2003010002418747
2003010002418748
2003010002418749
2003010002418750
2003010002418751
2003010002418752
2003010002418753
2003010002418754
2003010002418755
2003010002418756
2003010002418757
2003010002418758
2003010002418759
2003010002418760
2003010002418761
2003010002418762
2003010002418763
2003010002418764
2003010002418765
2003010002418766
2003010002418767
2003010002418768
2003010002418769
2003010002418770
2003010002418771
2003010002418772
2003010002418773
2003010002418774
2003010002418775
2003010002418776
2003010002418777
2003010002418778
2003010002418779
2003010002418780
2003010002418781
2003010002418782
2003010002418783
2003010002418784
2003010002418785
2003010002418786
2003010002418787
2003010002418788
2003010002418789
2003010002418790
2003010002418791
2003010002418792
2003010002418793
2003010002418794
2003010002418795
2003010002418796
2003010002418797
2003010002418798
2003010002418799
2003010002418800
2003010002418801
2003010002418802
2003010002418803
2003010002418804
2003010002418805
2003010002418806
2003010002418807
2003010002418808
2003010002418809
2003010002418810
2003010002418811
2003010002418812
2003010002418813
2003010002418814
2003010002418815
2003010002418816
2003010002418817
2003010002418818
2003010002418819
2003010002418820
2003010002418821
2003010002418822
2003010002418823
2003010002418824
2003010002418825
2003010002418826
2003010002418827
2003010002418828
2003010002418829
2003010002418830
2003010002418831
2003010002418832
2003010002418833
2003010002418834
2003010002418835
2003010002418836
2003010002418837
2003010002418838
2003010002418839
2003010002418840
2003010002418841
2003010002418842
2003010002418843
2003010002418844
2003010002418845
2003010002418846
2003010002418847
2003010002418848
2003010002418849
2003010002418850
2003010002418851
2003010002418852
2003010002418853
2003010002418854
2003010002418855
2003010002418856
2003010002418857
2003010002418858
2003010002418859
2003010002418860
2003010002418861
2003010002418862
2003010002418863
2003010002418864
2003010002418865
2003010002418866
2003010002418867
2003010002418868
2003010002418869
2003010002418870
2003010002418871
2003010002418872
2003010002418873
2003010002418874
2003010002418875
2003010002418876
2003010002418877
2003010002418878
2003010002418879
2003010002418880
2003010002418881
2003010002418882
2003010002418883
2003010002418884
2003010002418885
2003010002418886
2003010002418887
2003010002418888
2003010002418889
2003010002418890
2003010002418891
2003010002418892
2003010002418893
2003010002418894
2003010002418895
2003010002418896
2003010002418897
2003010002418898
2003010002418899
2003010002418900
2003010002418901
2003010002418902
2003010002418903
2003010002418904
2003010002418905
2003010002418906
2003010002418907
2003010002418908
2003010002418909
2003010002418910
2003010002418911
2003010002418912
2003010002418913
2003010002418914
2003010002418915
2003010002418916
2003010002418917
2003010002418918
2003010002418919
2003010002418920
2003010002418921
2003010002418922
2003010002418923
2003010002418924
2003010002418925
2003010002418926
2003010002418927
2003010002418928
2003010002418929
2003010002418930
2003010002418931
2003010002418932
2003010002418933
2003010002418934
2003010002418935
2003010002418936
2003010002418937
2003010002418938
2003010002418939
2003010002418940
2003010002418941
2003010002418942
2003010002418943
2003010002418944
2003010002418945
2003010002418946
2003010002418947
2003010002418948
2003010002418949
2003010002418950
2003010002418951
2003010002418952
2003010002418953
2003010002418954
2003010002418955
2003010002418956
2003010002418957
2003010002418958
2003010002418959
2003010002418960
2003010002418961
2003010002418962
2003010002418963
2003010002418964
2003010002418965
2003010002418966
2003010002418967
2003010002418968
2003010002418969
2003010002418970
2003010002418971
2003010002418972
2003010002418973
2003010002418974
2003010002418975
2003010002418976
2003010002418977
2003010002418978
2003010002418979
2003010002418980
2003010002418981
2003010002418982
2003010002418983
2003010002418984
2003010002418985
2003010002418986
2003010002418987
2003010002418988
2003010002418989
2003010002418990
2003010002418991
2003010002418992
2003010002418993
2003010002418994
2003010002418995
2003010002418996
2003010002418997
2003010002418998
2003010002418999
2003010002419000
2003010002419001
2003010002419002
2003010002419003
2003010002419004
2003010002419005
2003010002419006
2003010002419007
2003010002419008
2003010002419009
2003010002419010
2003010002419011
2003010002419012
2003010002419013
2003010002419014
2003010002419015
2003010002419016
2003010002419017
2003010002419018
2003010002419019
2003010002419020
2003010002419021
2003010002419022
2003010002419023
2003010002419024
2003010002419025
2003010002419026
2003010002419027
2003010002419028
2003010002419029
2003010002419030
2003010002419031
2003010002419032
2003010002419033
2003010002419034
2003010002419035
2003010002419036
2003010002419037
2003010002419038
2003010002419039
2003010002419040
2003010002419041
2003010002419042
2003010002419043
2003010002419044
2003010002419045
2003010002419046
2003010002419047
2003010002419048
2003010002419049
2003010002419050
2003010002419051
2003010002419052
2003010002419053
2003010002419054
2003010002419055
2003010002419056
2003010002419057
2003010002419058
2003010002419059
2003010002419060
2003010002419061
2003010002419062
2003010002419063
2003010002419064
2003010002419065
2003010002419066
2003010002419067
2003010002419068
2003010002419069
2003010002419070
2003010002419071
2003010002419072
2003010002419073
2003010002419074
2003010002419075
2003010002419076
2003010002419077
2003010002419078
2003010002419079
2003010002419080
2003010002419081
2003010002419082
2003010002419083
2003010002419084
2003010002419085
2003010002419086
2003010002419087
2003010002419088
2003010002419089
2003010002419090
2003010002419091
2003010002419092
2003010002419093
2003010002419094
2003010002419095
2003010002419096
2003010002419097
2003010002419098
2003010002419099
2003010002419100
2003010002419101
2003010002419102
2003010002419103
2003010002419104
2003010002419105
2003010002419106
2003010002419107
2003010002419108
2003010002419109
2003010002419110
2003010002419111
2003010002419112
2003010002419113
2003010002419114
2003010002419115
2003010002419116
2003010002419117
2003010002419118
2003010002419119
2003010002419120
2003010002419121
2003010002419122
2003010002419123
2003010002419124
2003010002419125
2003010002419126
2003010002419127
2003010002419128
2003010002419129
2003010002419130
2003010002419131
2003010002419132
2003010002419133
2003010002419134
2003010002419135
2003010002419136
2003010002419137
2003010002419138
2003010002419139
2003010002419140
2003010002419141
2003010002419142
2003010002419143
2003010002419144
2003010002419145
2003010002419146
2003010002419147
2003010002419148
2003010002419149
2003010002419150
2003010002419151
2003010002419152
2003010002419153
2003010002419154
2003010002419155
2003010002419156
2003010002419157
2003010002419158
2003010002419159
2003010002419160
2003010002419161
2003010002419162
2003010002419163
2003010002419164
2003010002419165
2003010002419166
2003010002419167
2003010002419168
2003010002419169
2003010002419170
2003010002419171
2003010002419172
2003010002419173
2003010002419174
2003010002419175
2003010002419176
2003010002419177
2003010002419178
2003010002419179
2003010002419180
2003010002419181
2003010002419182
2003010002419183
2003010002419184
2003010002419185
2003010002419186
2003010002419187
2003010002419188
2003010002419189
2003010002419190
2003010002419191
2003010002419192
2003010002419193
2003010002419194
2003010002419195
2003010002419196
2003010002419197
2003010002419198
2003010002419199
2003010002419200
2003010002419201
2003010002419202
2003010002419203
2003010002419204
2003010002419205
2003010002419206
2003010002419207
2003010002419208
2003010002419209
2003010002419210
2003010002419211
2003010002419212
2003010002419213
2003010002419214
2003010002419215
2003010002419216
2003010002419217
2003010002419218
2003010002419219
2003010002419220
2003010002419221
2003010002419222
2003010002419223
2003010002419224
2003010002419225
2003010002419226
2003010002419227
2003010002419228
2003010002419229
2003010002419230
2003010002419231
2003010002419232
2003010002419233
2003010002419234
2003010002419235
2003010002419236
2003010002419237
2003010002419238
2003010002419239
2003010002419240
2003010002419241
2003010002419242
2003010002419243
2003010002419244
2003010002419245
2003010002419246
2003010002419247
2003010002419248
2003010002419249
2003010002419250
2003010002419251
2003010002419252
2003010002419253
2003010002419254
2003010002419255
2003010002419256
2003010002419257
2003010002419258
2003010002419259
2003010002419260
2003010002419261
2003010002419262
2003010002419263
2003010002419264
2003010002419265
2003010002419266
2003010002419267
2003010002419268
2003010002419269
2003010002419270
2003010002419271
2003010002419272
2003010002419273
2003010002419274
2003010002419275
2003010002419276
2003010002419277
2003010002419278
2003010002419279
2003010002419280
2003010002419281
2003010002419282
2003010002419283
2003010002419284
2003010002419285
2003010002419286
2003010002419287
2003010002419288
2003010002419289
2003010002419290
2003010002419291
2003010002419292
2003010002419293
2003010002419294
2003010002419295
2003010002419296
2003010002419297
2003010002419298
2003010002419299
2003010002419300
2003010002419301
2003010002419302
2003010002419303
2003010002419304
2003010002419305
2003010002419306
2003010002419307
2003010002419308
2003010002419309
2003010002419310
2003010002419311
2003010002419312
2003010002419313
2003010002419314
2003010002419315
2003010002419316
2003010002419317
2003010002419318
2003010002419319
2003010002419320
2003010002419321
2003010002419322
2003010002419323
2003010002419324
2003010002419325
2003010002419326
2003010002419327
2003010002419328
2003010002419329
2003010002419330
2003010002419331
2003010002419332
2003010002419333
2003010002419334
2003010002419335
2003010002419336
2003010002419337
2003010002419338
2003010002419339
2003010002419340
2003010002419341
2003010002419342
2003010002419343
2003010002419344
2003010002419345
2003010002419346
2003010002419347
2003010002419348
2003010002419349
2003010002419350
2003010002419351
2003010002419352
2003010002419353
2003010002419354
2003010002419355
2003010002419356
2003010002419357
2003010002419358
2003010002419359
2003010002419360
2003010002419361
2003010002419362
2003010002419363
2003010002419364
2003010002419365
2003010002419366
2003010002419367
2003010002419368
2003010002419369
2003010002419370
2003010002419371
2003010002419372
2003010002419373
2003010002419374
2003010002419375
2003010002419376
2003010002419377
2003010002419378
2003010002419379
2003010002419380
2003010002419381
2003010002419382
2003010002419383
2003010002419384
2003010002419385
2003010002419386
2003010002419387
2003010002419388
2003010002419389
2003010002419390
2003010002419391
2003010002419392
2003010002419393
2003010002419394
2003010002419395
2003010002419396
2003010002419397
2003010002419398
2003010002419399
2003010002419400
2003010002419401
2003010002419402
2003010002419403
2003010002419404
2003010002419405
2003010002419406
2003010002419407
2003010002419408
2003010002419409
2003010002419410
2003010002419411
2003010002419412
2003010002419413
2003010002419414
2003010002419415
2003010002419416
2003010002419417
2003010002419418
2003010002419419
2003010002419420
2003010002419421
2003010002419422
2003010002419423
2003010002419424
2003010002419425
2003010002419426
2003010002419427
2003010002419428
2003010002419429
2003010002419430
2003010002419431
2003010002419432
2003010002419433
2003010002419434
2003010002419435
2003010002419436
2003010002419437
2003010002419438
2003010002419439
2003010002419440
2003010002419441
2003010002419442
2003010002419443
2003010002419444
2003010002419445
2003010002419446
2003010002419447
2003010002419448
2003010002419449
2003010002419450
2003010002419451
2003010002419452
2003010002419453
2003010002419454
2003010002419455
2003010002419456
2003010002419457
2003010002419458
2003010002419459
2003010002419460
2003010002419461
2003010002419462
2003010002419463
2003010002419464
2003010002419465
2003010002419466
2003010002419467
2003010002419468
2003010002419469
2003010002419470
2003010002419471
2003010002419472
2003010002419473
2003010002419474
2003010002419475
2003010002419476
2003010002419477
2003010002419478
2003010002419479
2003010002419480
2003010002419481
2003010002419482
2003010002419483
2003010002419484
2003010002419485
2003010002419486
2003010002419487
2003010002419488
2003010002419489
2003010002419490
2003010002419491
2003010002419492
2003010002419493
2003010002419494
2003010002419495
2003010002419496
2003010002419497
2003010002419498
2003010002419499
2003010002419500
2003010002419501
2003010002419502
2003010002419503
2003010002419504
2003010002419505
2003010002419506
2003010002419507
2003010002419508
2003010002419509
2003010002419510
2003010002419511
2003010002419512
2003010002419513
2003010002419514
2003010002419515
2003010002419516
2003010002419517
2003010002419518
2003010002419519
2003010002419520
2003010002419521
2003010002419522
2003010002419523
2003010002419524
2003010002419525
2003010002419526
2003010002419527
2003010002419528
2003010002419529
2003010002419530
2003010002419531
2003010002419532
2003010002419533
2003010002419534
2003010002419535
2003010002419536
2003010002419537
2003010002419538
2003010002419539
2003010002419540
2003010002419541
2003010002419542
2003010002419543
2003010002419544
2003010002419545
2003010002419546
2003010002419547
2003010002419548
2003010002419549
2003010002419550
2003010002419551
2003010002419552
2003010002419553
2003010002419554
2003010002419555
2003010002419556
2003010002419557
2003010002419558
2003010002419559
2003010002419560
2003010002419561
2003010002419562
2003010002419563
2003010002419564
2003010002419565
2003010002419566
2003010002419567
2003010002419568
2003010002419569
2003010002419570
2003010002419571
2003010002419572
2003010002419573
2003010002419574
2003010002419575
2003010002419576
2003010002419577
2003010002419578
2003010002419579
2003010002419580
2003010002419581
2003010002419582
2003010002419583
2003010002419584
2003010002419585
2003010002419586
2003010002419587
2003010002419588
2003010002419589
2003010002419590
2003010002419591
2003010002419592
2003010002419593
2003010002419594
2003010002419595
2003010002419596
2003010002419597
2003010002419598
2003010002419599
2003010002419600
2003010002419601
2003010002419602
2003010002419603
2003010002419604
2003010002419605
2003010002419606
2003010002419607
2003010002419608
2003010002419609
2003010002419610
2003010002419611
2003010002419612
2003010002419613
2003010002419614
2003010002419615
2003010002419616
2003010002419617
2003010002419618
2003010002419619
2003010002419620
2003010002419621
2003010002419622
2003010002419623
2003010002419624
2003010002419625
2003010002419626
2003010002419627
2003010002419628
2003010002419629
2003010002419630
2003010002419631
2003010002419632
2003010002419633
2003010002419634
2003010002419635
2003010002419636
2003010002419637
2003010002419638
2003010002419639
2003010002419640
2003010002419641
2003010002419642
2003010002419643
2003010002419644
2003010002419645
2003010002419646
2003010002419647
2003010002419648
2003010002419649
2003010002419650
2003010002419651
2003010002419652
2003010002419653
2003010002419654
2003010002419655
2003010002419656
2003010002419657
2003010002419658
2003010002419659
2003010002419660
2003010002419661
2003010002419662
2003010002419663
2003010002419664
2003010002419665
2003010002419666
2003010002419667
2003010002419668
2003010002419669
2003010002419670
2003010002419671
2003010002419672
2003010002419673
2003010002419674
2003010002419675
2003010002419676
2003010002419677
2003010002419678
2003010002419679
2003010002419680
2003010002419681
2003010002419682
2003010002419683
2003010002419684
2003010002419685
2003010002419686
2003010002419687
2003010002419688
2003010002419689
2003010002419690
2003010002419691
2003010002419692
2003010002419693
2003010002419694
2003010002419695
2003010002419696
2003010002419697
2003010002419698
2003010002419699
2003010002419700
2003010002419701
2003010002419702
2003010002419703
2003010002419704
2003010002419705
2003010002419706
2003010002419707
2003010002419708
2003010002419709
2003010002419710
2003010002419711
2003010002419712
2003010002419713
2003010002419714
2003010002419715
2003010002419716
2003010002419717
2003010002419718
2003010002419719
2003010002419720
2003010002419721
2003010002419722
2003010002419723
2003010002419724
2003010002419725
2003010002419726
2003010002419727
2003010002419728
2003010002419729
2003010002419730
2003010002419731
2003010002419732
2003010002419733
2003010002419734
2003010002419735
2003010002419736
2003010002419737
2003010002419738
2003010002419739
2003010002419740
2003010002419741
2003010002419742
2003010002419743
2003010002419744
2003010002419745
2003010002419746
2003010002419747
2003010002419748
2003010002419749
2003010002419750
2003010002419751
2003010002419752
2003010002419753
2003010002419754
2003010002419755
2003010002419756
2003010002419757
2003010002419758
2003010002419759
2003010002419760
2003010002419761
2003010002419762
2003010002419763
2003010002419764
2003010002419765
2003010002419766
2003010002419767
2003010002419768
2003010002419769
2003010002419770
2003010002419771
2003010002419772
2003010002419773
2003010002419774
2003010002419775
2003010002419776
2003010002419777
2003010002419778
2003010002419779
2003010002419780
2003010002419781
2003010002419782
2003010002419783
2003010002419784
2003010002419785
2003010002419786
2003010002419787
2003010002419788
2003010002419789
2003010002419790
2003010002419791
2003010002419792
2003010002419793
2003010002419794
2003010002419795
2003010002419796
2003010002419797
2003010002419798
2003010002419799
2003010002419800
2003010002419801
2003010002419802
2003010002419803
2003010002419804
2003010002419805
2003010002419806
2003010002419807
2003010002419808
2003010002419809
2003010002419810
2003010002419811
2003010002419812
2003010002419813
2003010002419814
2003010002419815
2003010002419816
2003010002419817
2003010002419818
2003010002419819
2003010002419820
2003010002419821
2003010002419822
2003010002419823
2003010002419824
2003010002419825
2003010002419826
2003010002419827
2003010002419828
2003010002419829
2003010002419830
2003010002419831
2003010002419832
2003010002419833
2003010002419834
2003010002419835
2003010002419836
2003010002419837
2003010002419838
2003010002419839
2003010002419840
2003010002419841
2003010002419842
2003010002419843
2003010002419844
2003010002419845
2003010002419846
2003010002419847
2003010002419848
2003010002419849
2003010002419850
2003010002419851
2003010002419852
2003010002419853
2003010002419854
2003010002419855
2003010002419856
2003010002419857
2003010002419858
2003010002419859
2003010002419860
2003010002419861
2003010002419862
2003010002419863
2003010002419864
2003010002419865
2003010002419866
2003010002419867
2003010002419868
2003010002419869
2003010002419870
2003010002419871
2003010002419872
2003010002419873
2003010002419874
2003010002419875
2003010002419876
2003010002419877
2003010002419878
2003010002419879
2003010002419880
2003010002419881
2003010002419882
2003010002419883
2003010002419884
2003010002419885
2003010002419886
2003010002419887
2003010002419888
2003010002419889
2003010002419890
2003010002419891
2003010002419892
2003010002419893
2003010002419894
2003010002419895
2003010002419896
2003010002419897
2003010002419898
2003010002419899
2003010002419900
2003010002419901
2003010002419902
2003010002419903
2003010002419904
2003010002419905
2003010002419906
2003010002419907
2003010002419908
2003010002419909
2003010002419910
2003010002419911
2003010002419912
2003010002419913
2003010002419914
2003010002419915
2003010002419916
2003010002419917
2003010002419918
2003010002419919
2003010002419920
2003010002419921
2003010002419922
2003010002419923
2003010002419924
2003010002419925
2003010002419926
2003010002419927
2003010002419928
2003010002419929
2003010002419930
2003010002419931
2003010002419932
2003010002419933
2003010002419934
2003010002419935
2003010002419936
2003010002419937
2003010002419938
2003010002419939
2003010002419940
2003010002419941
2003010002419942
2003010002419943
2003010002419944
2003010002419945
2003010002419946
2003010002419947
2003010002419948
2003010002419949
2003010002419950
2003010002419951
2003010002419952
2003010002419953
2003010002419954
2003010002419955
2003010002419956
2003010002419957
2003010002419958
2003010002419959
2003010002419960
2003010002419961
2003010002419962
2003010002419963
2003010002419964
2003010002419965
2003010002419966
2003010002419967
2003010002419968
2003010002419969
2003010002419970
2003010002419971
2003010002419972
2003010002419973
2003010002419974
2003010002419975
2003010002419976
2003010002419977
2003010002419978
2003010002419979
2003010002419980
2003010002419981
2003010002419982
2003010002419983
2003010002419984
2003010002419985
2003010002419986
2003010002419987
2003010002419988
2003010002419989
2003010002419990
2003010002419991
2003010002419992
2003010002419993
2003010002419994
2003010002419995
2003010002419996
2003010002419997
2003010002419998
2003010002419999
2003010002420000
2003010002420001
2003010002420002
2003010002420003
2003010002420004
2003010002420005
2003010002420006
2003010002420007
2003010002420008
2003010002420009
2003010002420010
2003010002420011
2003010002420012
2003010002420013
2003010002420014
2003010002420015
2003010002420016
2003010002420017
2003010002420018
2003010002420019
2003010002420020
2003010002420021
2003010002420022
2003010002420023
2003010002420024
2003010002420025
2003010002420026
2003010002420027
2003010002420028
2003010002420029
2003010002420030
2003010002420031
2003010002420032
2003010002420033
2003010002420034
2003010002420035
2003010002420036
2003010002420037
2003010002420038
2003010002420039
2003010002420040
2003010002420041
2003010002420042
2003010002420043
2003010002420044
2003010002420045
2003010002420046
2003010002420047
2003010002420048
2003010002420049
2003010002420050
2003010002420051
2003010002420052
2003010002420053
2003010002420054
2003010002420055
2003010002420056
2003010002420057
2003010002420058
2003010002420059
2003010002420060
2003010002420061
2003010002420062
2003010002420063
2003010002420064
2003010002420065
2003010002420066
2003010002420067
2003010002420068
2003010002420069
2003010002420070
2003010002420071
2003010002420072
2003010002420073
2003010002420074
2003010002420075
2003010002420076
2003010002420077
2003010002420078
2003010002420079
2003010002420080
2003010002420081
2003010002420082
2003010002420083
2003010002420084
2003010002420085
2003010002420086
2003010002420087
2003010002420088
2003010002420089
2003010002420090
2003010002420091
2003010002420092
2003010002420093
2003010002420094
2003010002420095
2003010002420096
2003010002420097
2003010002420098
2003010002420099
2003010002420100
2003010002420101
2003010002420102
2003010002420103
2003010002420104
2003010002420105
2003010002420106
2003010002420107
2003010002420108
2003010002420109
2003010002420110
2003010002420111
2003010002420112
2003010002420113
2003010002420114
2003010002420115
2003010002420116
2003010002420117
2003010002420118
2003010002420119
2003010002420120
2003010002420121
2003010002420122
2003010002420123
2003010002420124
2003010002420125
2003010002420126
2003010002420127
2003010002420128
2003010002420129
2003010002420130
2003010002420131
2003010002420132
2003010002420133
2003010002420134
2003010002420135
2003010002420136
2003010002420137
2003010002420138
2003010002420139
2003010002420140
2003010002420141
2003010002420142
2003010002420143
2003010002420144
2003010002420145
2003010002420146
2003010002420147
2003010002420148
2003010002420149
2003010002420150
2003010002420151
2003010002420152
2003010002420153
2003010002420154
2003010002420155
2003010002420156
2003010002420157
2003010002420158
2003010002420159
2003010002420160
2003010002420161
2003010002420162
2003010002420163
2003010002420164
2003010002420165
2003010002420166
2003010002420167
2003010002420168
2003010002420169
2003010002420170
2003010002420171
2003010002420172
2003010002420173
2003010002420174
2003010002420175
2003010002420176
2003010002420177
2003010002420178
2003010002420179
2003010002420180
2003010002420181
2003010002420182
2003010002420183
2003010002420184
2003010002420185
2003010002420186
2003010002420187
2003010002420188
2003010002420189
2003010002420190
2003010002420191
2003010002420192
2003010002420193
2003010002420194
2003010002420195
2003010002420196
2003010002420197
2003010002420198
2003010002420199
2003010002420200
2003010002420201
2003010002420202
2003010002420203
2003010002420204
2003010002420205
2003010002420206
2003010002420207
2003010002420208
2003010002420209
2003010002420210
2003010002420211
2003010002420212
2003010002420213
2003010002420214
2003010002420215
2003010002420216
2003010002420217
2003010002420218
2003010002420219
2003010002420220
2003010002420221
2003010002420222
2003010002420223
2003010002420224
2003010002420225
2003010002420226
2003010002420227
2003010002420228
2003010002420229
2003010002420230
2003010002420231
2003010002420232
2003010002420233
2003010002420234
2003010002420235
2003010002420236
2003010002420237
2003010002420238
2003010002420239
2003010002420240
2003010002420241
2003010002420242
2003010002420243
2003010002420244
2003010002420245
2003010002420246
2003010002420247
2003010002420248
2003010002420249
2003010002420250
2003010002420251
2003010002420252
2003010002420253
2003010002420254
2003010002420255
2003010002420256
2003010002420257
2003010002420258
2003010002420259
2003010002420260
2003010002420261
2003010002420262
2003010002420263
2003010002420264
2003010002420265
2003010002420266
2003010002420267
2003010002420268
2003010002420269
2003010002420270
2003010002420271
2003010002420272
2003010002420273
2003010002420274
2003010002420275
2003010002420276
2003010002420277
2003010002420278
2003010002420279
2003010002420280
2003010002420281
2003010002420282
2003010002420283
2003010002420284
2003010002420285
2003010002420286
2003010002420287
2003010002420288
2003010002420289
2003010002420290
2003010002420291
2003010002420292
2003010002420293
2003010002420294
2003010002420295
2003010002420296
2003010002420297
2003010002420298
2003010002420299
2003010002420300
2003010002420301
2003010002420302
2003010002420303
2003010002420304
2003010002420305
2003010002420306
2003010002420307
2003010002420308
2003010002420309
2003010002420310
2003010002420311
2003010002420312
2003010002420313
2003010002420314
2003010002420315
2003010002420316
2003010002420317
2003010002420318
2003010002420319
2003010002420320
2003010002420321
2003010002420322
2003010002420323
2003010002420324
2003010002420325
2003010002420326
2003010002420327
2003010002420328
2003010002420329
2003010002420330
2003010002420331
2003010002420332
2003010002420333
2003010002420334
2003010002420335
2003010002420336
2003010002420337
2003010002420338
2003010002420339
2003010002420340
2003010002420341
2003010002420342
2003010002420343
2003010002420344
2003010002420345
2003010002420346
2003010002420347
2003010002420348
2003010002420349
2003010002420350
2003010002420351
2003010002420352
2003010002420353
2003010002420354
2003010002420355
2003010002420356
2003010002420357
2003010002420358
2003010002420359
2003010002420360
2003010002420361
2003010002420362
2003010002420363
2003010002420364
2003010002420365
2003010002420366
2003010002420367
2003010002420368
2003010002420369
2003010002420370
2003010002420371
2003010002420372
2003010002420373
2003010002420374
2003010002420375
2003010002420376
2003010002420377
2003010002420378
2003010002420379
2003010002420380
2003010002420381
2003010002420382
2003010002420383
2003010002420384
2003010002420385
2003010002420386
2003010002420387
2003010002420388
2003010002420389
2003010002420390
2003010002420391
2003010002420392
2003010002420393
2003010002420394
2003010002420395
2003010002420396
2003010002420397
2003010002420398
2003010002420399
2003010002420400
2003010002420401
2003010002420402
2003010002420403
2003010002420404
2003010002420405
2003010002420406
2003010002420407
2003010002420408
2003010002420409
2003010002420410
2003010002420411
2003010002420412
2003010002420413
2003010002420414
2003010002420415
2003010002420416
2003010002420417
2003010002420418
2003010002420419
2003010002420420
2003010002420421
2003010002420422
2003010002420423
2003010002420424
2003010002420425
2003010002420426
2003010002420427
2003010002420428
2003010002420429
2003010002420430
2003010002420431
2003010002420432
2003010002420433
2003010002420434
2003010002420435
2003010002420436
2003010002420437
2003010002420438
2003010002420439
2003010002420440
2003010002420441
2003010002420442
2003010002420443
2003010002420444
2003010002420445
2003010002420446
2003010002420447
2003010002420448
2003010002420449
2003010002420450
2003010002420451
2003010002420452
2003010002420453
2003010002420454
2003010002420455
2003010002420456
2003010002420457
2003010002420458
2003010002420459
2003010002420460
2003010002420461
2003010002420462
2003010002420463
2003010002420464
2003010002420465
2003010002420466
2003010002420467
2003010002420468
2003010002420469
2003010002420470
2003010002420471
2003010002420472
2003010002420473
2003010002420474
2003010002420475
2003010002420476
2003010002420477
2003010002420478
2003010002420479
2003010002420480
2003010002420481
2003010002420482
2003010002420483
2003010002420484
2003010002420485
2003010002420486
2003010002420487
2003010002420488
2003010002420489
2003010002420490
2003010002420491
2003010002420492
2003010002420493
2003010002420494
2003010002420495
2003010002420496
2003010002420497
2003010002420498
2003010002420499
2003010002420500
2003010002420501
2003010002420502
2003010002420503
2003010002420504
2003010002420505
2003010002420506
2003010002420507
2003010002420508
2003010002420509
2003010002420510
2003010002420511
2003010002420512
2003010002420513
2003010002420514
2003010002420515
2003010002420516
2003010002420517
2003010002420518
2003010002420519
2003010002420520
2003010002420521
2003010002420522
2003010002420523
2003010002420524
2003010002420525
2003010002420526
2003010002420527
2003010002420528
2003010002420529
2003010002420530
2003010002420531
2003010002420532
2003010002420533
2003010002420534
2003010002420535
2003010002420536
2003010002420537
2003010002420538
2003010002420539
2003010002420540
2003010002420541
2003010002420542
2003010002420543
2003010002420544
2003010002420545
2003010002420546
2003010002420547
2003010002420548
2003010002420549
2003010002420550
2003010002420551
2003010002420552
2003010002420553
2003010002420554
2003010002420555
2003010002420556
2003010002420557
2003010002420558
2003010002420559
2003010002420560
2003010002420561
2003010002420562
2003010002420563
2003010002420564
2003010002420565
2003010002420566
2003010002420567
2003010002420568
2003010002420569
2003010002420570
2003010002420571
2003010002420572
2003010002420573
2003010002420574
2003010002420575
2003010002420576
2003010002420577
2003010002420578
2003010002420579
2003010002420580
2003010002420581
2003010002420582
2003010002420583
2003010002420584
2003010002420585
2003010002420586
2003010002420587
2003010002420588
2003010002420589
2003010002420590
2003010002420591
2003010002420592
2003010002420593
2003010002420594
2003010002420595
2003010002420596
2003010002420597
2003010002420598
2003010002420599
2003010002420600
2003010002420601
2003010002420602
2003010002420603
2003010002420604
2003010002420605
2003010002420606
2003010002420607
2003010002420608
2003010002420609
2003010002420610
2003010002420611
2003010002420612
2003010002420613
2003010002420614
2003010002420615
2003010002420616
2003010002420617
2003010002420618
2003010002420619
2003010002420620
2003010002420621
2003010002420622
2003010002420623
2003010002420624
2003010002420625
2003010002420626
2003010002420627
2003010002420628
2003010002420629
2003010002420630
2003010002420631
2003010002420632
2003010002420633
2003010002420634
2003010002420635
2003010002420636
2003010002420637
2003010002420638
2003010002420639
2003010002420640
2003010002420641
2003010002420642
2003010002420643
2003010002420644
2003010002420645
2003010002420646
2003010002420647
2003010002420648
2003010002420649
2003010002420650
2003010002420651
2003010002420652
2003010002420653
2003010002420654
2003010002420655
2003010002420656
2003010002420657
2003010002420658
2003010002420659
2003010002420660
2003010002420661
2003010002420662
2003010002420663
2003010002420664
2003010002420665
2003010002420666
2003010002420667
2003010002420668
2003010002420669
2003010002420670
2003010002420671
2003010002420672
2003010002420673
2003010002420674
2003010002420675
2003010002420676
2003010002420677
2003010002420678
2003010002420679
2003010002420680
2003010002420681
2003010002420682
2003010002420683
2003010002420684
2003010002420685
2003010002420686
2003010002420687
2003010002420688
2003010002420689
2003010002420690
2003010002420691
2003010002420692
2003010002420693
2003010002420694
2003010002420695
2003010002420696
2003010002420697
2003010002420698
2003010002420699
2003010002420700
2003010002420701
2003010002420702
2003010002420703
2003010002420704
2003010002420705
2003010002420706
2003010002420707
2003010002420708
2003010002420709
2003010002420710
2003010002420711
2003010002420712
2003010002420713
2003010002420714
2003010002420715
2003010002420716
2003010002420717
2003010002420718
2003010002420719
2003010002420720
2003010002420721
2003010002420722
2003010002420723
2003010002420724
2003010002420725
2003010002420726
2003010002420727
2003010002420728
2003010002420729
2003010002420730
2003010002420731
2003010002420732
2003010002420733
2003010002420734
2003010002420735
2003010002420736
2003010002420737
2003010002420738
2003010002420739
2003010002420740
2003010002420741
2003010002420742
2003010002420743
2003010002420744
2003010002420745
2003010002420746
2003010002420747
2003010002420748
2003010002420749
2003010002420750
2003010002420751
2003010002420752
2003010002420753
2003010002420754
2003010002420755
2003010002420756
2003010002420757
2003010002420758
2003010002420759
2003010002420760
2003010002420761
2003010002420762
2003010002420763
2003010002420764
2003010002420765
2003010002420766
2003010002420767
2003010002420768
2003010002420769
2003010002420770
2003010002420771
2003010002420772
2003010002420773
2003010002420774
2003010002420775
2003010002420776
2003010002420777
2003010002420778
2003010002420779
2003010002420780
2003010002420781
2003010002420782
2003010002420783
2003010002420784
2003010002420785
2003010002420786
2003010002420787
2003010002420788
2003010002420789
2003010002420790
2003010002420791
2003010002420792
2003010002420793
2003010002420794
2003010002420795
2003010002420796
2003010002420797
2003010002420798
2003010002420799
2003010002420800
2003010002420801
2003010002420802
2003010002420803
2003010002420804
2003010002420805
2003010002420806
2003010002420807
2003010002420808
2003010002420809
2003010002420810
2003010002420811
2003010002420812
2003010002420813
2003010002420814
2003010002420815
2003010002420816
2003010002420817
2003010002420818
2003010002420819
2003010002420820
2003010002420821
2003010002420822
2003010002420823
2003010002420824
2003010002420825
2003010002420826
2003010002420827
2003010002420828
2003010002420829
2003010002420830
2003010002420831
2003010002420832
2003010002420833
2003010002420834
2003010002420835
2003010002420836
2003010002420837
2003010002420838
2003010002420839
2003010002420840
2003010002420841
2003010002420842
2003010002420843
2003010002420844
2003010002420845
2003010002420846
2003010002420847
2003010002420848
2003010002420849
2003010002420850
2003010002420851
2003010002420852
2003010002420853
2003010002420854
2003010002420855
2003010002420856
2003010002420857
2003010002420858
2003010002420859
2003010002420860
2003010002420861
2003010002420862
2003010002420863
2003010002420864
2003010002420865
2003010002420866
2003010002420867
2003010002420868
2003010002420869
2003010002420870
2003010002420871
2003010002420872
2003010002420873
2003010002420874
2003010002420875
2003010002420876
2003010002420877
2003010002420878
2003010002420879
2003010002420880
2003010002420881
2003010002420882
2003010002420883
2003010002420884
2003010002420885
2003010002420886
2003010002420887
2003010002420888
2003010002420889
2003010002420890
2003010002420891
2003010002420892
2003010002420893
2003010002420894
2003010002420895
2003010002420896
2003010002420897
2003010002420898
2003010002420899
2003010002420900
2003010002420901
2003010002420902
2003010002420903
2003010002420904
2003010002420905
2003010002420906
2003010002420907
2003010002420908
2003010002420909
2003010002420910
2003010002420911
2003010002420912
2003010002420913
2003010002420914
2003010002420915
2003010002420916
2003010002420917
2003010002420918
2003010002420919
2003010002420920
2003010002420921
2003010002420922
2003010002420923
2003010002420924
2003010002420925
2003010002420926
2003010002420927
2003010002420928
2003010002420929
2003010002420930
2003010002420931
2003010002420932
2003010002420933
2003010002420934
2003010002420935
2003010002420936
2003010002420937
2003010002420938
2003010002420939
2003010002420940
2003010002420941
2003010002420942
2003010002420943
2003010002420944
2003010002420945
2003010002420946
2003010002420947
2003010002420948
2003010002420949
2003010002420950
2003010002420951
2003010002420952
2003010002420953
2003010002420954
2003010002420955
2003010002420956
2003010002420957
2003010002420958
2003010002420959
2003010002420960
2003010002420961
2003010002420962
2003010002420963
2003010002420964
2003010002420965
2003010002420966
2003010002420967
2003010002420968
2003010002420969
2003010002420970
2003010002420971
2003010002420972
2003010002420973
2003010002420974
2003010002420975
2003010002420976
2003010002420977
2003010002420978
2003010002420979
2003010002420980
2003010002420981
2003010002420982
2003010002420983
2003010002420984
2003010002420985
2003010002420986
2003010002420987
2003010002420988
2003010002420989
2003010002420990
2003010002420991
2003010002420992
2003010002420993
2003010002420994
2003010002420995
2003010002420996
2003010002420997
2003010002420998
2003010002420999
2003010002421000
2003010002421001
2003010002421002
2003010002421003
2003010002421004
2003010002421005
2003010002421006
2003010002421007
2003010002421008
2003010002421009
2003010002421010
2003010002421011
2003010002421012
2003010002421013
2003010002421014
2003010002421015
2003010002421016
2003010002421017
2003010002421018
2003010002421019
2003010002421020
2003010002421021
2003010002421022
2003010002421023
2003010002421024
2003010002421025
2003010002421026
2003010002421027
2003010002421028
2003010002421029
2003010002421030
2003010002421031
2003010002421032
2003010002421033
2003010002421034
2003010002421035
2003010002421036
2003010002421037
2003010002421038
2003010002421039
2003010002421040
2003010002421041
2003010002421042
2003010002421043
2003010002421044
2003010002421045
2003010002421046
2003010002421047
2003010002421048
2003010002421049
2003010002421050
2003010002421051
2003010002421052
2003010002421053
2003010002421054
2003010002421055
2003010002421056
2003010002421057
2003010002421058
2003010002421059
2003010002421060
2003010002421061
2003010002421062
2003010002421063
2003010002421064
2003010002421065
2003010002421066
2003010002421067
2003010002421068
2003010002421069
2003010002421070
2003010002421071
2003010002421072
2003010002421073
2003010002421074
2003010002421075
2003010002421076
2003010002421077
2003010002421078
2003010002421079
2003010002421080
2003010002421081
2003010002421082
2003010002421083
2003010002421084
2003010002421085
2003010002421086
2003010002421087
2003010002421088
2003010002421089
2003010002421090
2003010002421091
2003010002421092
2003010002421093
2003010002421094
2003010002421095
2003010002421096
2003010002421097
2003010002421098
2003010002421099
2003010002421100
2003010002421101
2003010002421102
2003010002421103
2003010002421104
2003010002421105
2003010002421106
2003010002421107
2003010002421108
2003010002421109
2003010002421110
2003010002421111
2003010002421112
2003010002421113
2003010002421114
2003010002421115
2003010002421116
2003010002421117
2003010002421118
2003010002421119
2003010002421120
2003010002421121
2003010002421122
2003010002421123
2003010002421124
2003010002421125
2003010002421126
2003010002421127
2003010002421128
2003010002421129
2003010002421130
2003010002421131
2003010002421132
2003010002421133
2003010002421134
2003010002421135
2003010002421136
2003010002421137
2003010002421138
2003010002421139
2003010002421140
2003010002421141
2003010002421142
2003010002421143
2003010002421144
2003010002421145
2003010002421146
2003010002421147
2003010002421148
2003010002421149
2003010002421150
2003010002421151
2003010002421152
2003010002421153
2003010002421154
2003010002421155
2003010002421156
2003010002421157
2003010002421158
2003010002421159
2003010002421160
2003010002421161
2003010002421162
2003010002421163
2003010002421164
2003010002421165
2003010002421166
2003010002421167
2003010002421168
2003010002421169
2003010002421170
2003010002421171
2003010002421172
2003010002421173
2003010002421174
2003010002421175
2003010002421176
2003010002421177
2003010002421178
2003010002421179
2003010002421180
2003010002421181
2003010002421182
2003010002421183
2003010002421184
2003010002421185
2003010002421186
2003010002421187
2003010002421188
2003010002421189
2003010002421190
2003010002421191
2003010002421192
2003010002421193
2003010002421194
2003010002421195
2003010002421196
2003010002421197
2003010002421198
2003010002421199
2003010002421200
2003010002421201
2003010002421202
2003010002421203
2003010002421204
2003010002421205
2003010002421206
2003010002421207
2003010002421208
2003010002421209
2003010002421210
2003010002421211
2003010002421212
2003010002421213
2003010002421214
2003010002421215
2003010002421216
2003010002421217
2003010002421218
2003010002421219
2003010002421220
2003010002421221
2003010002421222
2003010002421223
2003010002421224
2003010002421225
2003010002421226
2003010002421227
2003010002421228
2003010002421229
2003010002421230
2003010002421231
2003010002421232
2003010002421233
2003010002421234
2003010002421235
2003010002421236
2003010002421237
2003010002421238
2003010002421239
2003010002421240
2003010002421241
2003010002421242
2003010002421243
2003010002421244
2003010002421245
2003010002421246
2003010002421247
2003010002421248
2003010002421249
2003010002421250
2003010002421251
2003010002421252
2003010002421253
2003010002421254
2003010002421255
2003010002421256
2003010002421257
2003010002421258
2003010002421259
2003010002421260
2003010002421261
2003010002421262
2003010002421263
2003010002421264
2003010002421265
2003010002421266
2003010002421267
2003010002421268
2003010002421269
2003010002421270
2003010002421271
2003010002421272
2003010002421273
2003010002421274
2003010002421275
2003010002421276
2003010002421277
2003010002421278
2003010002421279
2003010002421280
2003010002421281
2003010002421282
2003010002421283
2003010002421284
2003010002421285
2003010002421286
2003010002421287
2003010002421288
2003010002421289
2003010002421290
2003010002421291
2003010002421292
2003010002421293
2003010002421294
2003010002421295
2003010002421296
2003010002421297
2003010002421298
2003010002421299
2003010002421300
2003010002421301
2003010002421302
2003010002421303
2003010002421304
2003010002421305
2003010002421306
2003010002421307
2003010002421308
2003010002421309
2003010002421310
2003010002421311
2003010002421312
2003010002421313
2003010002421314
2003010002421315
2003010002421316
2003010002421317
2003010002421318
2003010002421319
2003010002421320
2003010002421321
2003010002421322
2003010002421323
2003010002421324
2003010002421325
2003010002421326
2003010002421327
2003010002421328
2003010002421329
2003010002421330
2003010002421331
2003010002421332
2003010002421333
2003010002421334
2003010002421335
2003010002421336
2003010002421337
2003010002421338
2003010002421339
2003010002421340
2003010002421341
2003010002421342
2003010002421343
2003010002421344
2003010002421345
2003010002421346
2003010002421347
2003010002421348
2003010002421349
2003010002421350
2003010002421351
2003010002421352
2003010002421353
2003010002421354
2003010002421355
2003010002421356
2003010002421357
2003010002421358
2003010002421359
2003010002421360
2003010002421361
2003010002421362
2003010002421363
2003010002421364
2003010002421365
2003010002421366
2003010002421367
2003010002421368
2003010002421369
2003010002421370
2003010002421371
2003010002421372
2003010002421373
2003010002421374
2003010002421375
2003010002421376
2003010002421377
2003010002421378
2003010002421379
2003010002421380
2003010002421381
2003010002421382
2003010002421383
2003010002421384
2003010002421385
2003010002421386
2003010002421387
2003010002421388
2003010002421389
2003010002421390
2003010002421391
2003010002421392
2003010002421393
2003010002421394
2003010002421395
2003010002421396
2003010002421397
2003010002421398
2003010002421399
2003010002421400
2003010002421401
2003010002421402
2003010002421403
2003010002421404
2003010002421405
2003010002421406
2003010002421407
2003010002421408
2003010002421409
2003010002421410
2003010002421411
2003010002421412
2003010002421413
2003010002421414
2003010002421415
2003010002421416
2003010002421417
2003010002421418
2003010002421419
2003010002421420
2003010002421421
2003010002421422
2003010002421423
2003010002421424
2003010002421425
2003010002421426
2003010002421427
2003010002421428
2003010002421429
2003010002421430
2003010002421431
2003010002421432
2003010002421433
2003010002421434
2003010002421435
2003010002421436
2003010002421437
2003010002421438
2003010002421439
2003010002421440
2003010002421441
2003010002421442
2003010002421443
2003010002421444
2003010002421445
2003010002421446
2003010002421447
2003010002421448
2003010002421449
2003010002421450
2003010002421451
2003010002421452
2003010002421453
2003010002421454
2003010002421455
2003010002421456
2003010002421457
2003010002421458
2003010002421459
2003010002421460
2003010002421461
2003010002421462
2003010002421463
2003010002421464
2003010002421465
2003010002421466
2003010002421467
2003010002421468
2003010002421469
2003010002421470
2003010002421471
2003010002421472
2003010002421473
2003010002421474
2003010002421475
2003010002421476
2003010002421477
2003010002421478
2003010002421479
2003010002421480
2003010002421481
2003010002421482
2003010002421483
2003010002421484
2003010002421485
2003010002421486
2003010002421487
2003010002421488
2003010002421489
2003010002421490
2003010002421491
2003010002421492
2003010002421493
2003010002421494
2003010002421495
2003010002421496
2003010002421497
2003010002421498
2003010002421499
2003010002421500
2003010002421501
2003010002421502
2003010002421503
2003010002421504
2003010002421505
2003010002421506
2003010002421507
2003010002421508
2003010002421509
2003010002421510
2003010002421511
2003010002421512
2003010002421513
2003010002421514
2003010002421515
2003010002421516
2003010002421517
2003010002421518
2003010002421519
2003010002421520
2003010002421521
2003010002421522
2003010002421523
2003010002421524
2003010002421525
2003010002421526
2003010002421527
2003010002421528
2003010002421529
2003010002421530
2003010002421531
2003010002421532
2003010002421533
2003010002421534
2003010002421535
2003010002421536
2003010002421537
2003010002421538
2003010002421539
2003010002421540
2003010002421541
2003010002421542
2003010002421543
2003010002421544
2003010002421545
2003010002421546
2003010002421547
2003010002421548
2003010002421549
2003010002421550
2003010002421551
2003010002421552
2003010002421553
2003010002421554
2003010002421555
2003010002421556
2003010002421557
2003010002421558
2003010002421559
2003010002421560
2003010002421561
2003010002421562
2003010002421563
2003010002421564
2003010002421565
2003010002421566
2003010002421567
2003010002421568
2003010002421569
2003010002421570
2003010002421571
2003010002421572
2003010002421573
2003010002421574
2003010002421575
2003010002421576
2003010002421577
2003010002421578
2003010002421579
2003010002421580
2003010002421581
2003010002421582
2003010002421583
2003010002421584
2003010002421585
2003010002421586
2003010002421587
2003010002421588
2003010002421589
2003010002421590
2003010002421591
2003010002421592
2003010002421593
2003010002421594
2003010002421595
2003010002421596
2003010002421597
2003010002421598
2003010002421599
2003010002421600
2003010002421601
2003010002421602
2003010002421603
2003010002421604
2003010002421605
2003010002421606
2003010002421607
2003010002421608
2003010002421609
2003010002421610
2003010002421611
2003010002421612
2003010002421613
2003010002421614
2003010002421615
2003010002421616
2003010002421617
2003010002421618
2003010002421619
2003010002421620
2003010002421621
2003010002421622
2003010002421623
2003010002421624
2003010002421625
2003010002421626
2003010002421627
2003010002421628
2003010002421629
2003010002421630
2003010002421631
2003010002421632
2003010002421633
2003010002421634
2003010002421635
2003010002421636
2003010002421637
2003010002421638
2003010002421639
2003010002421640
2003010002421641
2003010002421642
2003010002421643
2003010002421644
2003010002421645
2003010002421646
2003010002421647
2003010002421648
2003010002421649
2003010002421650
2003010002421651
2003010002421652
2003010002421653
2003010002421654
2003010002421655
2003010002421656
2003010002421657
2003010002421658
2003010002421659
2003010002421660
2003010002421661
2003010002421662
2003010002421663
2003010002421664
2003010002421665
2003010002421666
2003010002421667
2003010002421668
2003010002421669
2003010002421670
2003010002421671
2003010002421672
2003010002421673
2003010002421674
2003010002421675
2003010002421676
2003010002421677
2003010002421678
2003010002421679
2003010002421680
2003010002421681
2003010002421682
2003010002421683
2003010002421684
2003010002421685
2003010002421686
2003010002421687
2003010002421688
2003010002421689
2003010002421690
2003010002421691
2003010002421692
2003010002421693
2003010002421694
2003010002421695
2003010002421696
2003010002421697
2003010002421698
2003010002421699
2003010002421700
2003010002421701
2003010002421702
2003010002421703
2003010002421704
2003010002421705
2003010002421706
2003010002421707
2003010002421708
2003010002421709
2003010002421710
2003010002421711
2003010002421712
2003010002421713
2003010002421714
2003010002421715
2003010002421716
2003010002421717
2003010002421718
2003010002421719
2003010002421720
2003010002421721
2003010002421722
2003010002421723
2003010002421724
2003010002421725
2003010002421726
2003010002421727
2003010002421728
2003010002421729
2003010002421730
2003010002421731
2003010002421732
2003010002421733
2003010002421734
2003010002421735
2003010002421736
2003010002421737
2003010002421738
2003010002421739
2003010002421740
2003010002421741
2003010002421742
2003010002421743
2003010002421744
2003010002421745
2003010002421746
2003010002421747
2003010002421748
2003010002421749
2003010002421750
2003010002421751
2003010002421752
2003010002421753
2003010002421754
2003010002421755
2003010002421756
2003010002421757
2003010002421758
2003010002421759
2003010002421760
2003010002421761
2003010002421762
2003010002421763
2003010002421764
2003010002421765
2003010002421766
2003010002421767
2003010002421768
2003010002421769
2003010002421770
2003010002421771
2003010002421772
2003010002421773
2003010002421774
2003010002421775
2003010002421776
2003010002421777
2003010002421778
2003010002421779
2003010002421780
2003010002421781
2003010002421782
2003010002421783
2003010002421784
2003010002421785
2003010002421786
2003010002421787
2003010002421788
2003010002421789
2003010002421790
2003010002421791
2003010002421792
2003010002421793
2003010002421794
2003010002421795
2003010002421796
2003010002421797
2003010002421798
2003010002421799
2003010002421800
2003010002421801
2003010002421802
2003010002421803
2003010002421804
2003010002421805
2003010002421806
2003010002421807
2003010002421808
2003010002421809
2003010002421810
2003010002421811
2003010002421812
2003010002421813
2003010002421814
2003010002421815
2003010002421816
2003010002421817
2003010002421818
2003010002421819
2003010002421820
2003010002421821
2003010002421822
2003010002421823
2003010002421824
2003010002421825
2003010002421826
2003010002421827
2003010002421828
2003010002421829
2003010002421830
2003010002421831
2003010002421832
2003010002421833
2003010002421834
2003010002421835
2003010002421836
2003010002421837
2003010002421838
2003010002421839
2003010002421840
2003010002421841
2003010002421842
2003010002421843
2003010002421844
2003010002421845
2003010002421846
2003010002421847
2003010002421848
2003010002421849
2003010002421850
2003010002421851
2003010002421852
2003010002421853
2003010002421854
2003010002421855
2003010002421856
2003010002421857
2003010002421858
2003010002421859
2003010002421860
2003010002421861
2003010002421862
2003010002421863
2003010002421864
2003010002421865
2003010002421866
2003010002421867
2003010002421868
2003010002421869
2003010002421870
2003010002421871
2003010002421872
2003010002421873
2003010002421874
2003010002421875
2003010002421876
2003010002421877
2003010002421878
2003010002421879
2003010002421880
2003010002421881
2003010002421882
2003010002421883
2003010002421884
2003010002421885
2003010002421886
2003010002421887
2003010002421888
2003010002421889
2003010002421890
2003010002421891
2003010002421892
2003010002421893
2003010002421894
2003010002421895
2003010002421896
2003010002421897
2003010002421898
2003010002421899
2003010002421900
2003010002421901
2003010002421902
2003010002421903
2003010002421904
2003010002421905
2003010002421906
2003010002421907
2003010002421908
2003010002421909
2003010002421910
2003010002421911
2003010002421912
2003010002421913
2003010002421914
2003010002421915
2003010002421916
2003010002421917
2003010002421918
2003010002421919
2003010002421920
2003010002421921
2003010002421922
2003010002421923
2003010002421924
2003010002421925
2003010002421926
2003010002421927
2003010002421928
2003010002421929
2003010002421930
2003010002421931
2003010002421932
2003010002421933
2003010002421934
2003010002421935
2003010002421936
2003010002421937
2003010002421938
2003010002421939
2003010002421940
2003010002421941
2003010002421942
2003010002421943
2003010002421944
2003010002421945
2003010002421946
2003010002421947
2003010002421948
2003010002421949
2003010002421950
2003010002421951
2003010002421952
2003010002421953
2003010002421954
2003010002421955
2003010002421956
2003010002421957
2003010002421958
2003010002421959
2003010002421960
2003010002421961
2003010002421962
2003010002421963
2003010002421964
2003010002421965
2003010002421966
2003010002421967
2003010002421968
2003010002421969
2003010002421970
2003010002421971
2003010002421972
2003010002421973
2003010002421974
2003010002421975
2003010002421976
2003010002421977
2003010002421978
2003010002421979
2003010002421980
2003010002421981
2003010002421982
2003010002421983
2003010002421984
2003010002421985
2003010002421986
2003010002421987
2003010002421988
2003010002421989
2003010002421990
2003010002421991
2003010002421992
2003010002421993
2003010002421994
2003010002421995
2003010002421996
2003010002421997
2003010002421998
2003010002421999
2003010002422000
2003010002422001
2003010002422002
2003010002422003
2003010002422004
2003010002422005
2003010002422006
2003010002422007
2003010002422008
2003010002422009
2003010002422010
2003010002422011
2003010002422012
2003010002422013
2003010002422014
2003010002422015
2003010002422016
2003010002422017
2003010002422018
2003010002422019
2003010002422020
2003010002422021
2003010002422022
2003010002422023
2003010002422024
2003010002422025
2003010002422026
2003010002422027
2003010002422028
2003010002422029
2003010002422030
2003010002422031
2003010002422032
2003010002422033
2003010002422034
2003010002422035
2003010002422036
2003010002422037
2003010002422038
2003010002422039
2003010002422040
2003010002422041
2003010002422042
2003010002422043
2003010002422044
2003010002422045
2003010002422046
2003010002422047
2003010002422048
2003010002422049
2003010002422050
2003010002422051
2003010002422052
2003010002422053
2003010002422054
2003010002422055
2003010002422056
2003010002422057
2003010002422058
2003010002422059
2003010002422060
2003010002422061
2003010002422062
2003010002422063
2003010002422064
2003010002422065
2003010002422066
2003010002422067
2003010002422068
2003010002422069
2003010002422070
2003010002422071
2003010002422072
2003010002422073
2003010002422074
2003010002422075
2003010002422076
2003010002422077
2003010002422078
2003010002422079
2003010002422080
2003010002422081
2003010002422082
2003010002422083
2003010002422084
2003010002422085
2003010002422086
2003010002422087
2003010002422088
2003010002422089
2003010002422090
2003010002422091
2003010002422092
2003010002422093
2003010002422094
2003010002422095
2003010002422096
2003010002422097
2003010002422098
2003010002422099
2003010002422100
2003010002422101
2003010002422102
2003010002422103
2003010002422104
2003010002422105
2003010002422106
2003010002422107
2003010002422108
2003010002422109
2003010002422110
2003010002422111
2003010002422112
2003010002422113
2003010002422114
2003010002422115
2003010002422116
2003010002422117
2003010002422118
2003010002422119
2003010002422120
2003010002422121
2003010002422122
2003010002422123
2003010002422124
2003010002422125
2003010002422126
2003010002422127
2003010002422128
2003010002422129
2003010002422130
2003010002422131
2003010002422132
2003010002422133
2003010002422134
2003010002422135
2003010002422136
2003010002422137
2003010002422138
2003010002422139
2003010002422140
2003010002422141
2003010002422142
2003010002422143
2003010002422144
2003010002422145
2003010002422146
2003010002422147
2003010002422148
2003010002422149
2003010002422150
2003010002422151
2003010002422152
2003010002422153
2003010002422154
2003010002422155
2003010002422156
2003010002422157
2003010002422158
2003010002422159
2003010002422160
2003010002422161
2003010002422162
2003010002422163
2003010002422164
2003010002422165
2003010002422166
2003010002422167
2003010002422168
2003010002422169
2003010002422170
2003010002422171
2003010002422172
2003010002422173
2003010002422174
2003010002422175
2003010002422176
2003010002422177
2003010002422178
2003010002422179
2003010002422180
2003010002422181
2003010002422182
2003010002422183
2003010002422184
2003010002422185
2003010002422186
2003010002422187
2003010002422188
2003010002422189
2003010002422190
2003010002422191
2003010002422192
2003010002422193
2003010002422194
2003010002422195
2003010002422196
2003010002422197
2003010002422198
2003010002422199
2003010002422200
2003010002422201
2003010002422202
2003010002422203
2003010002422204
2003010002422205
2003010002422206
2003010002422207
2003010002422208
2003010002422209
2003010002422210
2003010002422211
2003010002422212
2003010002422213
2003010002422214
2003010002422215
2003010002422216
2003010002422217
2003010002422218
2003010002422219
2003010002422220
2003010002422221
2003010002422222
2003010002422223
2003010002422224
2003010002422225
2003010002422226
2003010002422227
2003010002422228
2003010002422229
2003010002422230
2003010002422231
2003010002422232
2003010002422233
2003010002422234
2003010002422235
2003010002422236
2003010002422237
2003010002422238
2003010002422239
2003010002422240
2003010002422241
2003010002422242
2003010002422243
2003010002422244
2003010002422245
2003010002422246
2003010002422247
2003010002422248
2003010002422249
2003010002422250
2003010002422251
2003010002422252
2003010002422253
2003010002422254
2003010002422255
2003010002422256
2003010002422257
2003010002422258
2003010002422259
2003010002422260
2003010002422261
2003010002422262
2003010002422263
2003010002422264
2003010002422265
2003010002422266
2003010002422267
2003010002422268
2003010002422269
2003010002422270
2003010002422271
2003010002422272
2003010002422273
2003010002422274
2003010002422275
2003010002422276
2003010002422277
2003010002422278
2003010002422279
2003010002422280
2003010002422281
2003010002422282
2003010002422283
2003010002422284
2003010002422285
2003010002422286
2003010002422287
2003010002422288
2003010002422289
2003010002422290
2003010002422291
2003010002422292
2003010002422293
2003010002422294
2003010002422295
2003010002422296
2003010002422297
2003010002422298
2003010002422299
2003010002422300
2003010002422301
2003010002422302
2003010002422303
2003010002422304
2003010002422305
2003010002422306
2003010002422307
2003010002422308
2003010002422309
2003010002422310
2003010002422311
2003010002422312
2003010002422313
2003010002422314
2003010002422315
2003010002422316
2003010002422317
2003010002422318
2003010002422319
2003010002422320
2003010002422321
2003010002422322
2003010002422323
2003010002422324
2003010002422325
2003010002422326
2003010002422327
2003010002422328
2003010002422329
2003010002422330
2003010002422331
2003010002422332
2003010002422333
2003010002422334
2003010002422335
2003010002422336
2003010002422337
2003010002422338
2003010002422339
2003010002422340
2003010002422341
2003010002422342
2003010002422343
2003010002422344
2003010002422345
2003010002422346
2003010002422347
2003010002422348
2003010002422349
2003010002422350
2003010002422351
2003010002422352
2003010002422353
2003010002422354
2003010002422355
2003010002422356
2003010002422357
2003010002422358
2003010002422359
2003010002422360
2003010002422361
2003010002422362
2003010002422363
2003010002422364
2003010002422365
2003010002422366
2003010002422367
2003010002422368
2003010002422369
2003010002422370
2003010002422371
2003010002422372
2003010002422373
2003010002422374
2003010002422375
2003010002422376
2003010002422377
2003010002422378
2003010002422379
2003010002422380
2003010002422381
2003010002422382
2003010002422383
2003010002422384
2003010002422385
2003010002422386
2003010002422387
2003010002422388
2003010002422389
2003010002422390
2003010002422391
2003010002422392
2003010002422393
2003010002422394
2003010002422395
2003010002422396
2003010002422397
2003010002422398
2003010002422399
2003010002422400
2003010002422401
2003010002422402
2003010002422403
2003010002422404
2003010002422405
2003010002422406
2003010002422407
2003010002422408
2003010002422409
2003010002422410
2003010002422411
2003010002422412
2003010002422413
2003010002422414
2003010002422415
2003010002422416
2003010002422417
2003010002422418
2003010002422419
2003010002422420
2003010002422421
2003010002422422
2003010002422423
2003010002422424
2003010002422425
2003010002422426
2003010002422427
2003010002422428
2003010002422429
2003010002422430
2003010002422431
2003010002422432
2003010002422433
2003010002422434
2003010002422435
2003010002422436
2003010002422437
2003010002422438
2003010002422439
2003010002422440
2003010002422441
2003010002422442
2003010002422443
2003010002422444
2003010002422445
2003010002422446
2003010002422447
2003010002422448
2003010002422449
2003010002422450
2003010002422451
2003010002422452
2003010002422453
2003010002422454
2003010002422455
2003010002422456
2003010002422457
2003010002422458
2003010002422459
2003010002422460
2003010002422461
2003010002422462
2003010002422463
2003010002422464
2003010002422465
2003010002422466
2003010002422467
2003010002422468
2003010002422469
2003010002422470
2003010002422471
2003010002422472
2003010002422473
2003010002422474
2003010002422475
2003010002422476
2003010002422477
2003010002422478
2003010002422479
2003010002422480
2003010002422481
2003010002422482
2003010002422483
2003010002422484
2003010002422485
2003010002422486
2003010002422487
2003010002422488
2003010002422489
2003010002422490
2003010002422491
2003010002422492
2003010002422493
2003010002422494
2003010002422495
2003010002422496
2003010002422497
2003010002422498
2003010002422499
2003010002422500
2003010002422501
2003010002422502
2003010002422503
2003010002422504
2003010002422505
2003010002422506
2003010002422507
2003010002422508
2003010002422509
2003010002422510
2003010002422511
2003010002422512
2003010002422513
2003010002422514
2003010002422515
2003010002422516
2003010002422517
2003010002422518
2003010002422519
2003010002422520
2003010002422521
2003010002422522
2003010002422523
2003010002422524
2003010002422525
2003010002422526
2003010002422527
2003010002422528
2003010002422529
2003010002422530
2003010002422531
2003010002422532
2003010002422533
2003010002422534
2003010002422535
2003010002422536
2003010002422537
2003010002422538
2003010002422539
2003010002422540
2003010002422541
2003010002422542
2003010002422543
2003010002422544
2003010002422545
2003010002422546
2003010002422547
2003010002422548
2003010002422549
2003010002422550
2003010002422551
2003010002422552
2003010002422553
2003010002422554
2003010002422555
2003010002422556
2003010002422557
2003010002422558
2003010002422559
2003010002422560
2003010002422561
2003010002422562
2003010002422563
2003010002422564
2003010002422565
2003010002422566
2003010002422567
2003010002422568
2003010002422569
2003010002422570
2003010002422571
2003010002422572
2003010002422573
2003010002422574
2003010002422575
2003010002422576
2003010002422577
2003010002422578
2003010002422579
2003010002422580
2003010002422581
2003010002422582
2003010002422583
2003010002422584
2003010002422585
2003010002422586
2003010002422587
2003010002422588
2003010002422589
2003010002422590
2003010002422591
2003010002422592
2003010002422593
2003010002422594
2003010002422595
2003010002422596
2003010002422597
2003010002422598
2003010002422599
2003010002422600
2003010002422601
2003010002422602
2003010002422603
2003010002422604
2003010002422605
2003010002422606
2003010002422607
2003010002422608
2003010002422609
2003010002422610
2003010002422611
2003010002422612
2003010002422613
2003010002422614
2003010002422615
2003010002422616
2003010002422617
2003010002422618
2003010002422619
2003010002422620
2003010002422621
2003010002422622
2003010002422623
2003010002422624
2003010002422625
2003010002422626
2003010002422627
2003010002422628
2003010002422629
2003010002422630
2003010002422631
2003010002422632
2003010002422633
2003010002422634
2003010002422635
2003010002422636
2003010002422637
2003010002422638
2003010002422639
2003010002422640
2003010002422641
2003010002422642
2003010002422643
2003010002422644
2003010002422645
2003010002422646
2003010002422647
2003010002422648
2003010002422649
2003010002422650
2003010002422651
2003010002422652
2003010002422653
2003010002422654
2003010002422655
2003010002422656
2003010002422657
2003010002422658
2003010002422659
2003010002422660
2003010002422661
2003010002422662
2003010002422663
2003010002422664
2003010002422665
2003010002422666
2003010002422667
2003010002422668
2003010002422669
2003010002422670
2003010002422671
2003010002422672
2003010002422673
2003010002422674
2003010002422675
2003010002422676
2003010002422677
2003010002422678
2003010002422679
2003010002422680
2003010002422681
2003010002422682
2003010002422683
2003010002422684
2003010002422685
2003010002422686
2003010002422687
2003010002422688
2003010002422689
2003010002422690
2003010002422691
2003010002422692
2003010002422693
2003010002422694
2003010002422695
2003010002422696
2003010002422697
2003010002422698
2003010002422699
2003010002422700
2003010002422701
2003010002422702
2003010002422703
2003010002422704
2003010002422705
2003010002422706
2003010002422707
2003010002422708
2003010002422709
2003010002422710
2003010002422711
2003010002422712
2003010002422713
2003010002422714
2003010002422715
2003010002422716
2003010002422717
2003010002422718
2003010002422719
2003010002422720
2003010002422721
2003010002422722
2003010002422723
2003010002422724
2003010002422725
2003010002422726
2003010002422727
2003010002422728
2003010002422729
2003010002422730
2003010002422731
2003010002422732
2003010002422733
2003010002422734
2003010002422735
2003010002422736
2003010002422737
2003010002422738
2003010002422739
2003010002422740
2003010002422741
2003010002422742
2003010002422743
2003010002422744
2003010002422745
2003010002422746
2003010002422747
2003010002422748
2003010002422749
2003010002422750
2003010002422751
2003010002422752
2003010002422753
2003010002422754
2003010002422755
2003010002422756
2003010002422757
2003010002422758
2003010002422759
2003010002422760
2003010002422761
2003010002422762
2003010002422763
2003010002422764
2003010002422765
2003010002422766
2003010002422767
2003010002422768
2003010002422769
2003010002422770
2003010002422771
2003010002422772
2003010002422773
2003010002422774
2003010002422775
2003010002422776
2003010002422777
2003010002422778
2003010002422779
2003010002422780
2003010002422781
2003010002422782
2003010002422783
2003010002422784
2003010002422785
2003010002422786
2003010002422787
2003010002422788
2003010002422789
2003010002422790
2003010002422791
2003010002422792
2003010002422793
2003010002422794
2003010002422795
2003010002422796
2003010002422797
2003010002422798
2003010002422799
2003010002422800
2003010002422801
2003010002422802
2003010002422803
2003010002422804
2003010002422805
2003010002422806
2003010002422807
2003010002422808
2003010002422809
2003010002422810
2003010002422811
2003010002422812
2003010002422813
2003010002422814
2003010002422815
2003010002422816
2003010002422817
2003010002422818
2003010002422819
2003010002422820
2003010002422821
2003010002422822
2003010002422823
2003010002422824
2003010002422825
2003010002422826
2003010002422827
2003010002422828
2003010002422829
2003010002422830
2003010002422831
2003010002422832
2003010002422833
2003010002422834
2003010002422835
2003010002422836
2003010002422837
2003010002422838
2003010002422839
2003010002422840
2003010002422841
2003010002422842
2003010002422843
2003010002422844
2003010002422845
2003010002422846
2003010002422847
2003010002422848
2003010002422849
2003010002422850
2003010002422851
2003010002422852
2003010002422853
2003010002422854
2003010002422855
2003010002422856
2003010002422857
2003010002422858
2003010002422859
2003010002422860
2003010002422861
2003010002422862
2003010002422863
2003010002422864
2003010002422865
2003010002422866
2003010002422867
2003010002422868
2003010002422869
2003010002422870
2003010002422871
2003010002422872
2003010002422873
2003010002422874
2003010002422875
2003010002422876
2003010002422877
2003010002422878
2003010002422879
2003010002422880
2003010002422881
2003010002422882
2003010002422883
2003010002422884
2003010002422885
2003010002422886
2003010002422887
2003010002422888
2003010002422889
2003010002422890
2003010002422891
2003010002422892
2003010002422893
2003010002422894
2003010002422895
2003010002422896
2003010002422897
2003010002422898
2003010002422899
2003010002422900
2003010002422901
2003010002422902
2003010002422903
2003010002422904
2003010002422905
2003010002422906
2003010002422907
2003010002422908
2003010002422909
2003010002422910
2003010002422911
2003010002422912
2003010002422913
2003010002422914
2003010002422915
2003010002422916
2003010002422917
2003010002422918
2003010002422919
2003010002422920
2003010002422921
2003010002422922
2003010002422923
2003010002422924
2003010002422925
2003010002422926
2003010002422927
2003010002422928
2003010002422929
2003010002422930
2003010002422931
2003010002422932
2003010002422933
2003010002422934
2003010002422935
2003010002422936
2003010002422937
2003010002422938
2003010002422939
2003010002422940
2003010002422941
2003010002422942
2003010002422943
2003010002422944
2003010002422945
2003010002422946
2003010002422947
2003010002422948
2003010002422949
2003010002422950
2003010002422951
2003010002422952
2003010002422953
2003010002422954
2003010002422955
2003010002422956
2003010002422957
2003010002422958
2003010002422959
2003010002422960
2003010002422961
2003010002422962
2003010002422963
2003010002422964
2003010002422965
2003010002422966
2003010002422967
2003010002422968
2003010002422969
2003010002422970
2003010002422971
2003010002422972
2003010002422973
2003010002422974
2003010002422975
2003010002422976
2003010002422977
2003010002422978
2003010002422979
2003010002422980
2003010002422981
2003010002422982
2003010002422983
2003010002422984
2003010002422985
2003010002422986
2003010002422987
2003010002422988
2003010002422989
2003010002422990
2003010002422991
2003010002422992
2003010002422993
2003010002422994
2003010002422995
2003010002422996
2003010002422997
2003010002422998
2003010002422999
2003010002423000
2003010002423001
2003010002423002
2003010002423003
2003010002423004
2003010002423005
2003010002423006
2003010002423007
2003010002423008
2003010002423009
2003010002423010
2003010002423011
2003010002423012
2003010002423013
2003010002423014
2003010002423015
2003010002423016
2003010002423017
2003010002423018
2003010002423019
2003010002423020
2003010002423021
2003010002423022
2003010002423023
2003010002423024
2003010002423025
2003010002423026
2003010002423027
2003010002423028
2003010002423029
2003010002423030
2003010002423031
2003010002423032
2003010002423033
2003010002423034
2003010002423035
2003010002423036
2003010002423037
2003010002423038
2003010002423039
2003010002423040
2003010002423041
2003010002423042
2003010002423043
2003010002423044
2003010002423045
2003010002423046
2003010002423047
2003010002423048
2003010002423049
2003010002423050
2003010002423051
2003010002423052
2003010002423053
2003010002423054
2003010002423055
2003010002423056
2003010002423057
2003010002423058
2003010002423059
2003010002423060
2003010002423061
2003010002423062
2003010002423063
2003010002423064
2003010002423065
2003010002423066
2003010002423067
2003010002423068
2003010002423069
2003010002423070
2003010002423071
2003010002423072