862304027012239
862304027012247
862304027012254
862304027012262
862304027012270
862304027012288
862304027012296
862304027012304
862304027012312
862304027012320
862304027012338
862304027012346
862304027012353
862304027012361
862304027012379
862304027012387
862304027012395
862304027012403
862304027012411
862304027012429
862304027012437
862304027012445
862304027012452
862304027012460
862304027012478
862304027012486
862304027012494
862304027012502
862304027012510
862304027012528
862304027012536
862304027012544
862304027012551
862304027012569
862304027012577
862304027012585
862304027012593
862304027012601
862304027012619
862304027012627
862304027012635
862304027012643
862304027012650
862304027012668
862304027012676
862304027012684
862304027012692
862304027012700
862304027012718
862304027012726
862304027012734
862304027012742
862304027012759
862304027012767
862304027012775
862304027012783
862304027012791
862304027012809
862304027012817
862304027012825
862304027012833
862304027012841
862304027012858
862304027012866
862304027012874
862304027012882
862304027012890
862304027012908
862304027012916
862304027012924
862304027012932
862304027012940
862304027012957
862304027012965
862304027012973
862304027012981
862304027012999
862304027013005
862304027013013
862304027013021
862304027013039
862304027013047
862304027013054
862304027013062
862304027013070
862304027013088
862304027013096
862304027013104
862304027013112
862304027013120
862304027013138
862304027013146
862304027013153
862304027013161
862304027013179
862304027013187
862304027013195
862304027013203
862304027013211
862304027013229
862304027013237
862304027013245
862304027013252
862304027013260
862304027013278
862304027013286
862304027013294
862304027013302
862304027013310
862304027013328
862304027013336
862304027013344
862304027013351
862304027013369
862304027013377
862304027013385
862304027013393
862304027013401
862304027013419
862304027013427
862304027013435
862304027013443
862304027013450
862304027013468
862304027013476
862304027013484
862304027013492
862304027013500
862304027013518
862304027013526
862304027013534
862304027013542
862304027013559
862304027013567
862304027013575
862304027013583
862304027013591
862304027013609
862304027013617
862304027013625
862304027013633
862304027013641
862304027013658
862304027013666
862304027013674
862304027013682
862304027013690
862304027013708
862304027013716
862304027013724
862304027013732
862304027013740
862304027013757
862304027013765
862304027013773
862304027013781
862304027013799
862304027013807
862304027013815
862304027013823
862304027013831
862304027013849
862304027013856
862304027013864
862304027013872
862304027013880
862304027013898
862304027013906
862304027013914
862304027013922
862304027013930
862304027013948
862304027013955
862304027013963
862304027013971
862304027013989
862304027013997
862304027014003
862304027014011
862304027014029
862304027014037
862304027014045
862304027014052
862304027014060
862304027014078
862304027014086
862304027014094
862304027014102
862304027014110
862304027014128
862304027014136
862304027014144
862304027014151
862304027014169
862304027014177
862304027014185
862304027014193
862304027014201
862304027014219
862304027014227
862304027014235
862304027014243
862304027014250
862304027014268
862304027014276
862304027014284
862304027014292
862304027014300
862304027014318
862304027014326
862304027014334
862304027014342
862304027014359
862304027014367
862304027014375
862304027014383
862304027014391
862304027014409
862304027014417
862304027014425
862304027014433
862304027014441
862304027014458
862304027014466
862304027014474
862304027014482
862304027014490
862304027014508
862304027014516
862304027014524
862304027014532
862304027014540
862304027014557
862304027014565
862304027014573
862304027014581
862304027014599
862304027014607
862304027014615
862304027014623
862304027014631
862304027014649
862304027014656
862304027014664
862304027014672
862304027014680
862304027014698
862304027014706
862304027014714
862304027014722
862304027014730
862304027014748
862304027014755
862304027014763
862304027014771
862304027014789
862304027014797
862304027014805
862304027014813
862304027014821
862304027014839
862304027014847
862304027014854
862304027014862
862304027014870
862304027014888
862304027014896
862304027014904
862304027014912
862304027014920
862304027014938
862304027014946
862304027014953
862304027014961
862304027014979
862304027014987
862304027014995
862304027015000
862304027015018
862304027015026
862304027015034
862304027015042
862304027015059
862304027015067
862304027015075
862304027015083
862304027015091
862304027015109
862304027015117
862304027015125
862304027015133
862304027015141
862304027015158
862304027015166
862304027015174
862304027015182
862304027015190
862304027015208
862304027015216
862304027015224
862304027015232
862304027015240
862304027015257
862304027015265
862304027015273
862304027015281
862304027015299
862304027015307
862304027015315
862304027015323
862304027015331
862304027015349
862304027015356
862304027015364
862304027015372
862304027015380
862304027015398
862304027015406
862304027015414
862304027015422
862304027015430
862304027015448
862304027015455
862304027015463
862304027015471
862304027015489
862304027015497
862304027015505
862304027015513
862304027015521
862304027015539
862304027015547
862304027015554
862304027015562
862304027015570
862304027015588
862304027015596
862304027015604
862304027015612
862304027015620
862304027015638
862304027015646
862304027015653
862304027015661
862304027015679
862304027015687
862304027015695
862304027015703
862304027015711
862304027015729
862304027015737
862304027015745
862304027015752
862304027015760
862304027015778
862304027015786
862304027015794
862304027015802
862304027015810
862304027015828
862304027015836
862304027015844
862304027015851
862304027015869
862304027015877
862304027015885
862304027015893
862304027015901
862304027015919
862304027015927
862304027015935
862304027015943
862304027015950
862304027015968
862304027015976
862304027015984
862304027015992
862304027016008
862304027016016
862304027016024
862304027016032
862304027016040
862304027016057
862304027016065
862304027016073
862304027016081
862304027016099
862304027016107
862304027016115
862304027016123
862304027016131
862304027016149
862304027016156
862304027016164
862304027016172
862304027016180
862304027016198
862304027016206
862304027016214
862304027016222
862304027016230
862304027016248
862304027016255
862304027016263
862304027016271
862304027016289
862304027016297
862304027016305
862304027016313
862304027016321
862304027016339
862304027016347
862304027016354
862304027016362
862304027016370
862304027016388
862304027016396
862304027016404
862304027016412
862304027016420
862304027016438
862304027016446
862304027016453
862304027016461
862304027016479
862304027016487
862304027016495
862304027016503
862304027016511
862304027016529
862304027016537
862304027016545
862304027016552
862304027016560
862304027016578
862304027016586
862304027016594
862304027016602
862304027016610
862304027016628
862304027016636
862304027016644
862304027016651
862304027016669
862304027016677
862304027016685
862304027016693
862304027016701
862304027016719
862304027016727
862304027016735
862304027016743
862304027016750
862304027016768
862304027016776
862304027016784
862304027016792
862304027016800
862304027016818
862304027016826
862304027016834
862304027016842
862304027016859
862304027016867
862304027016875
862304027016883
862304027016891
862304027016909
862304027016917
862304027016925
862304027016933
862304027016941
862304027016958
862304027016966
862304027016974
862304027016982
862304027016990
862304027017006
862304027017014
862304027017022
862304027017030
862304027017048
862304027017055
862304027017063
862304027017071
862304027017089
862304027017097
862304027017105
862304027017113
862304027017121
862304027017139
862304027017147
862304027017154
862304027017162
862304027017170
862304027017188
862304027017196
862304027017204
862304027017212
862304027017220
862304027017238
862304027017246
862304027017253
862304027017261
862304027017279
862304027017287
862304027017295
862304027017303
862304027017311
862304027017329
862304027017337
862304027017345
862304027017352
862304027017360
862304027017378
862304027017386
862304027017394
862304027017402
862304027017410
862304027017428
862304027017436
862304027017444
862304027017451
862304027017469
862304027017477
862304027017485
862304027017493
862304027017501
862304027017519
862304027017527
862304027017535
862304027017543
862304027017550
862304027017568
862304027017576
862304027017584
862304027017592
862304027017600
862304027017618
862304027017626
862304027017634
862304027017642
862304027017659
862304027017667
862304027017675
862304027017683
862304027017691
862304027017709
862304027017717
862304027017725
862304027017733
862304027017741
862304027017758
862304027017766
862304027017774
862304027017782
862304027017790
862304027017808
862304027017816
862304027017824
862304027017832
862304027017840
862304027017857
862304027017865
862304027017873
862304027017881
862304027017899
862304027017907
862304027017915
862304027017923
862304027017931
862304027017949
862304027017956
862304027017964
862304027017972
862304027017980
862304027017998
862304027018004
862304027018012
862304027018020
862304027018038
862304027018046
862304027018053
862304027018061
862304027018079
862304027018087
862304027018095
862304027018103
862304027018111
862304027018129
862304027018137
862304027018145
862304027018152
862304027018160
862304027018178
862304027018186
862304027018194
862304027018202
862304027018210
862304027018228
862304027018236
862304027018244
862304027018251
862304027018269
862304027018277
862304027018285
862304027018293
862304027018301
862304027018319
862304027018327
862304027018335
862304027018343
862304027018350
862304027018368
862304027018376
862304027018384
862304027018392
862304027018400
862304027018418
862304027018426
862304027018434
862304027018442
862304027018459
862304027018467
862304027018475
862304027018483
862304027018491
862304027018509
862304027018517
862304027018525
862304027018533
862304027018541
862304027018558
862304027018566
862304027018574
862304027018582
862304027018590
862304027018608
862304027018616
862304027018624
862304027018632
862304027018640
862304027018657
862304027018665
862304027018673
862304027018681
862304027018699
862304027018707
862304027018715
862304027018723
862304027018731
862304027018749
862304027018756
862304027018764
862304027018772
862304027018780
862304027018798
862304027018806
862304027018814
862304027018822
862304027018830
862304027018848
862304027018855
862304027018863
862304027018871
862304027018889
862304027018897
862304027018905
862304027018913
862304027018921
862304027018939
862304027018947
862304027018954
862304027018962
862304027018970
862304027018988
862304027018996
862304027019002
862304027019010
862304027019028
862304027019036
862304027019044
862304027019051
862304027019069
862304027019077
862304027019085
862304027019093
862304027019101
862304027019119
862304027019127
862304027019135
862304027019143
862304027019150
862304027019168
862304027019176
862304027019184
862304027019192
862304027019200
862304027019218
862304027019226
862304027019234
862304027019242
862304027019259
862304027019267
862304027019275
862304027019283
862304027019291
862304027019309
862304027019317
862304027019325
862304027019333
862304027019341
862304027019358
862304027019366
862304027019374
862304027019382
862304027019390
862304027019408
862304027019416
862304027019424
862304027019432
862304027019440
862304027019457
862304027019465
862304027019473
862304027019481
862304027019499
862304027019507
862304027019515
862304027019523
862304027019531
862304027019549
862304027019556
862304027019564
862304027019572
862304027019580
862304027019598
862304027019606
862304027019614
862304027019622
862304027019630
862304027019648
862304027019655
862304027019663
862304027019671
862304027019689
862304027019697
862304027019705
862304027019713
862304027019721
862304027019739
862304027019747
862304027019754
862304027019762
862304027019770
862304027019788
862304027019796
862304027019804
862304027019812
862304027019820
862304027019838
862304027019846
862304027019853
862304027019861
862304027019879
862304027019887
862304027019895
862304027019903
862304027019911
862304027019929
862304027019937
862304027019945
862304027019952
862304027019960
862304027019978
862304027019986
862304027019994
862304027020000
862304027020018
862304027020026
862304027020034
862304027020042
862304027020059
862304027020067
862304027020075
862304027020083
862304027020091
862304027020109
862304027020117
862304027020125
862304027020133
862304027020141
862304027020158
862304027020166
862304027020174
862304027020182
862304027020190
862304027020208
862304027020216
862304027020224
862304027020232
862304027020240
862304027020257
862304027020265
862304027020273
862304027020281
862304027020299
862304027020307
862304027020315
862304027020323
862304027020331
862304027020349
862304027020356
862304027020364
862304027020372
862304027020380
862304027020398
862304027020406
862304027020414
862304027020422
862304027020430
862304027020448
862304027020455
862304027020463
862304027020471
862304027020489
862304027020497
862304027020505
862304027020513
862304027020521
862304027020539
862304027020547
862304027020554
862304027020562
862304027020570
862304027020588
862304027020596
862304027020604
862304027020612
862304027020620
862304027020638
862304027020646
862304027020653
862304027020661
862304027020679
862304027020687
862304027020695
862304027020703
862304027020711
862304027020729
862304027020737
862304027020745
862304027020752
862304027020760
862304027020778
862304027020786
862304027020794
862304027020802
862304027020810
862304027020828
862304027020836
862304027020844
862304027020851
862304027020869
862304027020877
862304027020885
862304027020893
862304027020901
862304027020919
862304027020927
862304027020935
862304027020943
862304027020950
862304027020968
862304027020976
862304027020984
862304027020992
862304027021008
862304027021016
862304027021024
862304027021032
862304027021040
862304027021057
862304027021065
862304027021073
862304027021081
862304027021099
862304027021107
862304027021115
862304027021123
862304027021131
862304027021149
862304027021156
862304027021164
862304027021172
862304027021180
862304027021198
862304027021206
862304027021214
862304027021222
862304027021230
862304027021248
862304027021255
862304027021263
862304027021271
862304027021289
862304027021297
862304027021305
862304027021313
862304027021321
862304027021339
862304027021347
862304027021354
862304027021362
862304027021370
862304027021388
862304027021396
862304027021404
862304027021412
862304027021420
862304027021438
862304027021446
862304027021453
862304027021461
862304027021479
862304027021487
862304027021495
862304027021503
862304027021511
862304027021529
862304027021537
862304027021545
862304027021552
862304027021560
862304027021578
862304027021586
862304027021594
862304027021602
862304027021610
862304027021628
862304027021636
862304027021644
862304027021651
862304027021669
862304027021677
862304027021685
862304027021693
862304027021701
862304027021719
862304027021727
862304027021735
862304027021743
862304027021750
862304027021768
862304027021776
862304027021784
862304027021792
862304027021800
862304027021818
862304027021826
862304027021834
862304027021842
862304027021859
862304027021867
862304027021875
862304027021883
862304027021891
862304027021909
862304027021917
862304027021925
862304027021933
862304027021941
862304027021958
862304027021966
862304027021974
862304027021982
862304027021990
862304027022006
862304027022014
862304027022022
862304027022030
862304027022048
862304027022055
862304027022063
862304027022071
862304027022089
862304027022097
862304027022105
862304027022113
862304027022121
862304027022139
862304027022147
862304027022154
862304027022162
862304027022170
862304027022188
862304027022196
862304027022204
862304027022212
862304027022220
862304027022238
862304027022246
862304027022253
862304027022261
862304027022279
862304027022287
862304027022295
862304027022303
862304027022311
862304027022329
862304027022337
862304027022345
862304027022352
862304027022360
862304027022378
862304027022386
862304027022394
862304027022402
862304027022410
862304027022428
862304027022436
862304027022444
862304027022451
862304027022469
862304027022477
862304027022485
862304027022493
862304027022501
862304027022519
862304027022527
862304027022535
862304027022543
862304027022550
862304027022568
862304027022576
862304027022584
862304027022592
862304027022600
862304027022618
862304027022626
862304027022634
862304027022642
862304027022659
862304027022667
862304027022675
862304027022683
862304027022691
862304027022709
862304027022717
862304027022725
862304027022733
862304027022741
862304027022758
862304027022766
862304027022774
862304027022782
862304027022790
862304027022808
862304027022816
862304027022824
862304027022832
862304027022840
862304027022857
862304027022865
862304027022873
862304027022881
862304027022899
862304027022907
862304027022915
862304027022923
862304027022931
862304027022949
862304027022956
862304027022964
862304027022972
862304027022980
862304027022998
862304027023004
862304027023012
862304027023020
862304027023038
862304027023046
862304027023053
862304027023061
862304027023079
862304027023087
862304027023095
862304027023103
862304027023111
862304027023129
862304027023137
862304027023145
862304027023152
862304027023160
862304027023178
862304027023186
862304027023194
862304027023202
862304027023210
862304027023228
862304027023236
862304027023244
862304027023251
862304027023269
862304027023277
862304027023285
862304027023293
862304027023301
862304027023319
862304027023327
862304027023335
862304027023343
862304027023350
862304027023368
862304027023376
862304027023384
862304027023392
862304027023400
862304027023418
862304027023426
862304027023434
862304027023442
862304027023459
862304027023467
862304027023475
862304027023483
862304027023491
862304027023509
862304027023517
862304027023525
862304027023533
862304027023541
862304027023558
862304027023566
862304027023574
862304027023582
862304027023590
862304027023608
862304027023616
862304027023624
862304027023632
862304027023640
862304027023657
862304027023665
862304027023673
862304027023681
862304027023699
862304027023707
862304027023715
862304027023723
862304027023731
862304027023749
862304027023756
862304027023764
862304027023772
862304027023780
862304027023798
862304027023806
862304027023814
862304027023822
862304027023830
862304027023848
862304027023855
862304027023863
862304027023871
862304027023889
862304027023897
862304027023905
862304027023913
862304027023921
862304027023939
862304027023947
862304027023954
862304027023962
862304027023970
862304027023988
862304027023996
862304027024002
862304027024010
862304027024028
862304027024036
862304027024044
862304027024051
862304027024069
862304027024077
862304027024085
862304027024093
862304027024101
862304027024119
862304027024127
862304027024135
862304027024143
862304027024150
862304027024168
862304027024176
862304027024184
862304027024192
862304027024200
862304027024218
862304027024226
862304027024234
862304027024242
862304027024259
862304027024267
862304027024275
862304027024283
862304027024291
862304027024309
862304027024317
862304027024325
862304027024333
862304027024341
862304027024358
862304027024366
862304027024374
862304027024382
862304027024390
862304027024408
862304027024416
862304027024424
862304027024432
862304027024440
862304027024457
862304027024465
862304027024473
862304027024481
862304027024499
862304027024507
862304027024515
862304027024523
862304027024531
862304027024549
862304027024556
862304027024564
862304027024572
862304027024580
862304027024598
862304027024606
862304027024614
862304027024622
862304027024630
862304027024648
862304027024655
862304027024663
862304027024671
862304027024689
862304027024697
862304027024705
862304027024713
862304027024721
862304027024739
862304027024747
862304027024754
862304027024762
862304027024770
862304027024788
862304027024796
862304027024804
862304027024812
862304027024820
862304027024838
862304027024846
862304027024853
862304027024861
862304027024879
862304027024887
862304027024895
862304027024903
862304027024911
862304027024929
862304027024937
862304027024945
862304027024952
862304027024960
862304027024978
862304027024986
862304027024994
862304027025009
862304027025017
862304027025025
862304027025033
862304027025041
862304027025058
862304027025066
862304027025074
862304027025082
862304027025090
862304027025108
862304027025116
862304027025124
862304027025132
862304027025140
862304027025157
862304027025165
862304027025173
862304027025181
862304027025199
862304027025207
862304027025215
862304027025223
862304027025231
862304027025249
862304027025256
862304027025264
862304027025272
862304027025280
862304027025298
862304027025306
862304027025314
862304027025322
862304027025330
862304027025348
862304027025355
862304027025363
862304027025371
862304027025389
862304027025397
862304027025405
862304027025413
862304027025421
862304027025439
862304027025447
862304027025454
862304027025462
862304027025470
862304027025488
862304027025496
862304027025504
862304027025512
862304027025520
862304027025538
862304027025546
862304027025553
862304027025561
862304027025579
862304027025587
862304027025595
862304027025603
862304027025611
862304027025629
862304027025637
862304027025645
862304027025652
862304027025660
862304027025678
862304027025686
862304027025694
862304027025702
862304027025710
862304027025728
862304027025736
862304027025744
862304027025751
862304027025769
862304027025777
862304027025785
862304027025793
862304027025801
862304027025819
862304027025827
862304027025835
862304027025843
862304027025850
862304027025868
862304027025876
862304027025884
862304027025892
862304027025900
862304027025918
862304027025926
862304027025934
862304027025942
862304027025959
862304027025967
862304027025975
862304027025983
862304027025991
862304027026007
862304027026015
862304027026023
862304027026031
862304027026049
862304027026056
862304027026064
862304027026072
862304027026080
862304027026098
862304027026106
862304027026114
862304027026122
862304027026130
862304027026148
862304027026155
862304027026163
862304027026171
862304027026189
862304027026197
862304027026205
862304027026213
862304027026221
862304027026239
862304027026247
862304027026254
862304027026262
862304027026270
862304027026288
862304027026296
862304027026304
862304027026312
862304027026320
862304027026338
862304027026346
862304027026353
862304027026361
862304027026379
862304027026387
862304027026395
862304027026403
862304027026411
862304027026429
862304027026437
862304027026445
862304027026452
862304027026460
862304027026478
862304027026486
862304027026494
862304027026502
862304027026510
862304027026528
862304027026536
862304027026544
862304027026551
862304027026569
862304027026577
862304027026585
862304027026593
862304027026601
862304027026619
862304027026627
862304027026635
862304027026643
862304027026650
862304027026668
862304027026676
862304027026684
862304027026692
862304027026700
862304027026718
862304027026726
862304027026734
862304027026742
862304027026759
862304027026767
862304027026775
862304027026783
862304027026791
862304027026809
862304027026817
862304027026825
862304027026833
862304027026841
862304027026858
862304027026866
862304027026874
862304027026882
862304027026890
862304027026908
862304027026916
862304027026924
862304027026932
862304027026940
862304027026957
862304027026965
862304027026973
862304027026981
862304027026999
862304027027005
862304027027013
862304027027021
862304027027039
862304027027047
862304027027054
862304027027062
862304027027070
862304027027088
862304027027096
862304027027104
862304027027112
862304027027120
862304027027138
862304027027146
862304027027153
862304027027161
862304027027179
862304027027187
862304027027195
862304027027203
862304027027211
862304027027229
862304027027237
862304027027245
862304027027252
862304027027260
862304027027278
862304027027286
862304027027294
862304027027302
862304027027310
862304027027328
862304027027336
862304027027344
862304027027351
862304027027369
862304027027377
862304027027385
862304027027393
862304027027401
862304027027419
862304027027427
862304027027435
862304027027443
862304027027450
862304027027468
862304027027476
862304027027484
862304027027492
862304027027500
862304027027518
862304027027526
862304027027534
862304027027542
862304027027559
862304027027567
862304027027575
862304027027583
862304027027591
862304027027609
862304027027617
862304027027625
862304027027633
862304027027641
862304027027658
862304027027666
862304027027674
862304027027682
862304027027690
862304027027708
862304027027716
862304027027724
862304027027732
862304027027740
862304027027757
862304027027765
862304027027773
862304027027781
862304027027799
862304027027807
862304027027815
862304027027823
862304027027831
862304027027849
862304027027856
862304027027864
862304027027872
862304027027880
862304027027898
862304027027906
862304027027914
862304027027922
862304027027930
862304027027948
862304027027955
862304027027963
862304027027971
862304027027989
862304027027997
862304027028003
862304027028011
862304027028029
862304027028037
862304027028045
862304027028052
862304027028060
862304027028078
862304027028086
862304027028094
862304027028102
862304027028110
862304027028128
862304027028136
862304027028144
862304027028151
862304027028169
862304027028177
862304027028185
862304027028193
862304027028201
862304027028219
862304027028227
862304027028235
862304027028243
862304027028250
862304027028268
862304027028276
862304027028284
862304027028292
862304027028300
862304027028318
862304027028326
862304027028334
862304027028342
862304027028359
862304027028367
862304027028375
862304027028383
862304027028391
862304027028409
862304027028417
862304027028425
862304027028433
862304027028441
862304027028458
862304027028466
862304027028474
862304027028482
862304027028490
862304027028508
862304027028516
862304027028524
862304027028532
862304027028540
862304027028557
862304027028565
862304027028573
862304027028581
862304027028599
862304027028607
862304027028615
862304027028623
862304027028631
862304027028649
862304027028656
862304027028664
862304027028672
862304027028680
862304027028698
862304027028706
862304027028714
862304027028722
862304027028730
862304027028748
862304027028755
862304027028763
862304027028771
862304027028789
862304027028797
862304027028805
862304027028813
862304027028821
862304027028839
862304027028847
862304027028854
862304027028862
862304027028870
862304027028888
862304027028896
862304027028904
862304027028912
862304027028920
862304027028938
862304027028946
862304027028953
862304027028961
862304027028979
862304027028987
862304027028995
862304027029001
862304027029019
862304027029027
862304027029035
862304027029043
862304027029050
862304027029068
862304027029076
862304027029084
862304027029092
862304027029100
862304027029118
862304027029126
862304027029134
862304027029142
862304027029159
862304027029167
862304027029175
862304027029183
862304027029191
862304027029209
862304027029217
862304027029225
862304027029233
862304027029241
862304027029258
862304027029266
862304027029274
862304027029282
862304027029290
862304027029308
862304027029316
862304027029324
862304027029332
862304027029340
862304027029357
862304027029365
862304027029373
862304027029381
862304027029399
862304027029407
862304027029415
862304027029423
862304027029431
862304027029449
862304027029456
862304027029464
862304027029472
862304027029480
862304027029498
862304027029506
862304027029514
862304027029522
862304027029530
862304027029548
862304027029555
862304027029563
862304027029571
862304027029589
862304027029597
862304027029605
862304027029613
862304027029621
862304027029639
862304027029647
862304027029654
862304027029662
862304027029670
862304027029688
862304027029696
862304027029704
862304027029712
862304027029720
862304027029738
862304027029746
862304027029753
862304027029761
862304027029779
862304027029787
862304027029795
862304027029803
862304027029811
862304027029829
862304027029837
862304027029845
862304027029852
862304027029860
862304027029878
862304027029886
862304027029894
862304027029902
862304027029910
862304027029928
862304027029936
862304027029944
862304027029951
862304027029969
862304027029977
862304027029985
862304027029993
862304027030009
862304027030017
862304027030025
862304027030033
862304027030041
862304027030058
862304027030066
862304027030074
862304027030082
862304027030090
862304027030108
862304027030116
862304027030124
862304027030132
862304027030140
862304027030157
862304027030165
862304027030173
862304027030181
862304027030199
862304027030207
862304027030215
862304027030223
862304027030231
862304027030249
862304027030256
862304027030264
862304027030272
862304027030280
862304027030298
862304027030306
862304027030314
862304027030322
862304027030330
862304027030348
862304027030355
862304027030363
862304027030371
862304027030389
862304027030397
862304027030405
862304027030413
862304027030421
862304027030439
862304027030447
862304027030454
862304027030462
862304027030470
862304027030488
862304027030496
862304027030504
862304027030512
862304027030520
862304027030538
862304027030546
862304027030553
862304027030561
862304027030579
862304027030587
862304027030595
862304027030603
862304027030611
862304027030629
862304027030637
862304027030645
862304027030652
862304027030660
862304027030678
862304027030686
862304027030694
862304027030702
862304027030710
862304027030728
862304027030736
862304027030744
862304027030751
862304027030769
862304027030777
862304027030785
862304027030793
862304027030801
862304027030819
862304027030827
862304027030835
862304027030843
862304027030850
862304027030868
862304027030876
862304027030884
862304027030892
862304027030900
862304027030918
862304027030926
862304027030934
862304027030942
862304027030959
862304027030967
862304027030975
862304027030983
862304027030991
862304027031007
862304027031015
862304027031023
862304027031031
862304027031049
862304027031056
862304027031064
862304027031072
862304027031080
862304027031098
862304027031106
862304027031114
862304027031122
862304027031130
862304027031148
862304027031155
862304027031163
862304027031171
862304027031189
862304027031197
862304027031205
862304027031213
862304027031221
862304027031239
862304027031247
862304027031254
862304027031262
862304027031270
862304027031288
862304027031296
862304027031304
862304027031312
862304027031320
862304027031338
862304027031346
862304027031353
862304027031361
862304027031379
862304027031387
862304027031395
862304027031403
862304027031411
862304027031429
862304027031437
862304027031445
862304027031452
862304027031460
862304027031478
862304027031486
862304027031494
862304027031502
862304027031510
862304027031528
862304027031536
862304027031544
862304027031551
862304027031569
862304027031577
862304027031585
862304027031593
862304027031601
862304027031619
862304027031627
862304027031635
862304027031643
862304027031650
862304027031668
862304027031676
862304027031684
862304027031692
862304027031700
862304027031718
862304027031726
862304027031734
862304027031742
862304027031759
862304027031767
862304027031775
862304027031783
862304027031791
862304027031809
862304027031817
862304027031825
862304027031833
862304027031841
862304027031858
862304027031866
862304027031874
862304027031882
862304027031890
862304027031908
862304027031916
862304027031924
862304027031932
862304027031940
862304027031957
862304027031965
862304027031973
862304027031981
862304027031999
862304027032005
862304027032013
862304027032021
862304027032039
862304027032047
862304027032054
862304027032062
862304027032070
862304027032088
862304027032096
862304027032104
862304027032112
862304027032120
862304027032138
862304027032146
862304027032153
862304027032161
862304027032179
862304027032187
862304027032195
862304027032203
862304027032211
862304027032229
862304027032237
862304027032245
862304027032252
862304027032260
862304027032278
862304027032286
862304027032294
862304027032302
862304027032310
862304027032328
862304027032336
862304027032344
862304027032351
862304027032369
862304027032377
862304027032385
862304027032393
862304027032401
862304027032419
862304027032427
862304027032435
862304027032443
862304027032450
862304027032468
862304027032476
862304027032484
862304027032492
862304027032500
862304027032518
862304027032526
862304027032534
862304027032542
862304027032559
862304027032567
862304027032575
862304027032583
862304027032591
862304027032609
862304027032617
862304027032625
862304027032633
862304027032641
862304027032658
862304027032666
862304027032674
862304027032682
862304027032690
862304027032708
862304027032716
862304027032724
862304027032732
862304027032740
862304027032757
862304027032765
862304027032773
862304027032781
862304027032799
862304027032807
862304027032815
862304027032823
862304027032831
862304027032849
862304027032856
862304027032864
862304027032872
862304027032880
862304027032898
862304027032906
862304027032914
862304027032922
862304027032930
862304027032948
862304027032955
862304027032963
862304027032971
862304027032989
862304027032997
862304027033003
862304027033011
862304027033029
862304027033037
862304027033045
862304027033052
862304027033060
862304027033078
862304027033086
862304027033094
862304027033102
862304027033110
862304027033128
862304027033136
862304027033144
862304027033151
862304027033169
862304027033177
862304027033185
862304027033193
862304027033201
862304027033219
862304027033227
862304027033235
862304027033243
862304027033250
862304027033268
862304027033276
862304027033284
862304027033292
862304027033300
862304027033318
862304027033326
862304027033334
862304027033342
862304027033359
862304027033367
862304027033375
862304027033383
862304027033391
862304027033409
862304027033417
862304027033425
862304027033433
862304027033441
862304027033458
862304027033466
862304027033474
862304027033482
862304027033490
862304027033508
862304027033516
862304027033524
862304027033532
862304027033540
862304027033557
862304027033565
862304027033573
862304027033581
862304027033599
862304027033607
862304027033615
862304027033623
862304027033631
862304027033649
862304027033656
862304027033664
862304027033672
862304027033680
862304027033698
862304027033706
862304027033714
862304027033722
862304027033730
862304027033748
862304027033755
862304027033763
862304027033771
862304027033789
862304027033797
862304027033805
862304027033813
862304027033821
862304027033839
862304027033847
862304027033854
862304027033862
862304027033870
862304027033888
862304027033896
862304027033904
862304027033912
862304027033920
862304027033938
862304027033946
862304027033953
862304027033961
862304027033979
862304027033987
862304027033995
862304027034001
862304027034019
862304027034027
862304027034035
862304027034043
862304027034050
862304027034068
862304027034076
862304027034084
862304027034092
862304027034100
862304027034118
862304027034126
862304027034134
862304027034142
862304027034159
862304027034167
862304027034175
862304027034183
862304027034191
862304027034209
862304027034217
862304027034225
862304027034233
862304027034241
862304027034258
862304027034266
862304027034274
862304027034282
862304027034290
862304027034308
862304027034316
862304027034324
862304027034332
862304027034340
862304027034357
862304027034365
862304027034373
862304027034381
862304027034399
862304027034407
862304027034415
862304027034423
862304027034431
862304027034449
862304027034456
862304027034464
862304027034472
862304027034480
862304027034498
862304027034506
862304027034514
862304027034522
862304027034530
862304027034548
862304027034555
862304027034563
862304027034571
862304027034589
862304027034597
862304027034605
862304027034613
862304027034621
862304027034639
862304027034647
862304027034654
862304027034662
862304027034670
862304027034688
862304027034696
862304027034704
862304027034712
862304027034720
862304027034738
862304027034746
862304027034753
862304027034761
862304027034779
862304027034787
862304027034795
862304027034803
862304027034811
862304027034829
862304027034837
862304027034845
862304027034852
862304027034860
862304027034878
862304027034886
862304027034894
862304027034902
862304027034910
862304027034928
862304027034936
862304027034944
862304027034951
862304027034969
862304027034977
862304027034985
862304027034993
862304027035008
862304027035016
862304027035024
862304027035032
862304027035040
862304027035057
862304027035065
862304027035073
862304027035081
862304027035099
862304027035107
862304027035115
862304027035123
862304027035131
862304027035149
862304027035156
862304027035164
862304027035172
862304027035180
862304027035198
862304027035206
862304027035214
862304027035222
862304027035230
862304027035248
862304027035255
862304027035263
862304027035271
862304027035289
862304027035297
862304027035305
862304027035313
862304027035321
862304027035339
862304027035347
862304027035354
862304027035362
862304027035370
862304027035388
862304027035396
862304027035404
862304027035412
862304027035420
862304027035438
862304027035446
862304027035453
862304027035461
862304027035479
862304027035487
862304027035495
862304027035503
862304027035511
862304027035529
862304027035537
862304027035545
862304027035552
862304027035560
862304027035578
862304027035586
862304027035594
862304027035602
862304027035610
862304027035628
862304027035636
862304027035644
862304027035651
862304027035669
862304027035677
862304027035685
862304027035693
862304027035701
862304027035719
862304027035727
862304027035735
862304027035743
862304027035750
862304027035768
862304027035776
862304027035784
862304027035792
862304027035800
862304027035818
862304027035826
862304027035834
862304027035842
862304027035859
862304027035867
862304027035875
862304027035883
862304027035891
862304027035909
862304027035917
862304027035925
862304027035933
862304027035941
862304027035958
862304027035966
862304027035974
862304027035982
862304027035990
862304027036006
862304027036014
862304027036022
862304027036030
862304027036048
862304027036055
862304027036063
862304027036071
862304027036089
862304027036097
862304027036105
862304027036113
862304027036121
862304027036139
862304027036147
862304027036154
862304027036162
862304027036170
862304027036188
862304027036196
862304027036204
862304027036212
862304027036220
862304027036238
862304027036246
862304027036253
862304027036261
862304027036279
862304027036287
862304027036295
862304027036303
862304027036311
862304027036329
862304027036337
862304027036345
862304027036352
862304027036360
862304027036378
862304027036386
862304027036394
862304027036402
862304027036410
862304027036428
862304027036436
862304027036444
862304027036451
862304027036469
862304027036477
862304027036485
862304027036493
862304027036501
862304027036519
862304027036527
862304027036535
862304027036543
862304027036550
862304027036568
862304027036576
862304027036584
862304027036592
862304027036600
862304027036618
862304027036626
862304027036634
862304027036642
862304027036659
862304027036667
862304027036675
862304027036683
862304027036691
862304027036709
862304027036717
862304027036725
862304027036733
862304027036741
862304027036758
862304027036766
862304027036774
862304027036782
862304027036790
862304027036808
862304027036816
862304027036824
862304027036832
862304027036840
862304027036857
862304027036865
862304027036873
862304027036881
862304027036899
862304027036907
862304027036915
862304027036923
862304027036931
862304027036949
862304027036956
862304027036964
862304027036972
862304027036980
862304027036998
862304027037004
862304027037012
862304027037020
862304027037038
862304027037046
862304027037053
862304027037061
862304027037079
862304027037087
862304027037095
862304027037103
862304027037111
862304027037129
862304027037137
862304027037145
862304027037152
862304027037160
862304027037178
862304027037186
862304027037194
862304027037202
862304027037210
862304027037228
862304027037236
862304027037244
862304027037251
862304027037269
862304027037277
862304027037285
862304027037293
862304027037301
862304027037319
862304027037327
862304027037335
862304027037343
862304027037350
862304027037368
862304027037376
862304027037384
862304027037392
862304027037400
862304027037418
862304027037426
862304027037434
862304027037442
862304027037459
862304027037467
862304027037475
862304027037483
862304027037491
862304027037509
862304027037517
862304027037525
862304027037533
862304027037541
862304027037558
862304027037566
862304027037574
862304027037582
862304027037590
862304027037608
862304027037616
862304027037624
862304027037632
862304027037640
862304027037657
862304027037665
862304027037673
862304027037681
862304027037699
862304027037707
862304027037715
862304027037723
862304027037731
862304027037749
862304027037756
862304027037764
862304027037772
862304027037780
862304027037798
862304027037806
862304027037814
862304027037822
862304027037830
862304027037848
862304027037855
862304027037863
862304027037871
862304027037889
862304027037897
862304027037905
862304027037913
862304027037921
862304027037939
862304027037947
862304027037954
862304027037962
862304027037970
862304027037988
862304027037996
862304027038002
862304027038010
862304027038028
862304027038036
862304027038044
862304027038051
862304027038069
862304027038077
862304027038085
862304027038093
862304027038101
862304027038119
862304027038127
862304027038135
862304027038143
862304027038150
862304027038168
862304027038176
862304027038184
862304027038192
862304027038200
862304027038218
862304027038226
862304027038234
862304027038242
862304027038259
862304027038267
862304027038275
862304027038283
862304027038291
862304027038309
862304027038317
862304027038325
862304027038333
862304027038341
862304027038358
862304027038366
862304027038374
862304027038382
862304027038390
862304027038408
862304027038416
862304027038424
862304027038432
862304027038440
862304027038457
862304027038465
862304027038473
862304027038481
862304027038499
862304027038507
862304027038515
862304027038523
862304027038531
862304027038549
862304027038556
862304027038564
862304027038572
862304027038580
862304027038598
862304027038606
862304027038614
862304027038622
862304027038630
862304027038648
862304027038655
862304027038663
862304027038671
862304027038689
862304027038697
862304027038705
862304027038713
862304027038721
862304027038739
862304027038747
862304027038754
862304027038762
862304027038770
862304027038788
862304027038796
862304027038804
862304027038812
862304027038820
862304027038838
862304027038846
862304027038853
862304027038861
862304027038879
862304027038887
862304027038895
862304027038903
862304027038911
862304027038929
862304027038937
862304027038945
862304027038952
862304027038960
862304027038978
862304027038986
862304027038994
862304027039000
862304027039018
862304027039026
862304027039034
862304027039042
862304027039059
862304027039067
862304027039075
862304027039083
862304027039091
862304027039109
862304027039117
862304027039125
862304027039133
862304027039141
862304027039158
862304027039166
862304027039174
862304027039182
862304027039190
862304027039208
862304027039216
862304027039224
862304027039232
862304027039240
862304027039257
862304027039265
862304027039273
862304027039281
862304027039299
862304027039307
862304027039315
862304027039323
862304027039331
862304027039349
862304027039356
862304027039364
862304027039372
862304027039380
862304027039398
862304027039406
862304027039414
862304027039422
862304027039430
862304027039448
862304027039455
862304027039463
862304027039471
862304027039489
862304027039497
862304027039505
862304027039513
862304027039521
862304027039539
862304027039547
862304027039554
862304027039562
862304027039570
862304027039588
862304027039596
862304027039604
862304027039612
862304027039620
862304027039638
862304027039646
862304027039653
862304027039661
862304027039679
862304027039687
862304027039695
862304027039703
862304027039711
862304027039729
862304027039737
862304027039745
862304027039752
862304027039760
862304027039778
862304027039786
862304027039794
862304027039802
862304027039810
862304027039828
862304027039836
862304027039844
862304027039851
862304027039869
862304027039877
862304027039885
862304027039893
862304027039901
862304027039919
862304027039927
862304027039935
862304027039943
862304027039950
862304027039968
862304027039976
862304027039984
862304027039992
862304027040008
862304027040016
862304027040024
862304027040032
862304027040040
862304027040057
862304027040065
862304027040073
862304027040081
862304027040099
862304027040107
862304027040115
862304027040123
862304027040131
862304027040149
862304027040156
862304027040164
862304027040172
862304027040180
862304027040198
862304027040206
862304027040214
862304027040222
862304027040230
862304027040248
862304027040255
862304027040263
862304027040271
862304027040289
862304027040297
862304027040305
862304027040313
862304027040321
862304027040339
862304027040347
862304027040354
862304027040362
862304027040370
862304027040388
862304027040396
862304027040404
862304027040412
862304027040420
862304027040438
862304027040446
862304027040453
862304027040461
862304027040479
862304027040487
862304027040495
862304027040503
862304027040511
862304027040529
862304027040537
862304027040545
862304027040552
862304027040560
862304027040578
862304027040586
862304027040594
862304027040602
862304027040610
862304027040628
862304027040636
862304027040644
862304027040651
862304027040669
862304027040677
862304027040685
862304027040693
862304027040701
862304027040719
862304027040727
862304027040735
862304027040743
862304027040750
862304027040768
862304027040776
862304027040784
862304027040792
862304027040800
862304027040818
862304027040826
862304027040834
862304027040842
862304027040859
862304027040867
862304027040875
862304027040883
862304027040891
862304027040909
862304027040917
862304027040925
862304027040933
862304027040941
862304027040958
862304027040966
862304027040974
862304027040982
862304027040990
862304027041006
862304027041014
862304027041022
862304027041030
862304027041048
862304027041055
862304027041063
862304027041071
862304027041089
862304027041097
862304027041105
862304027041113
862304027041121
862304027041139
862304027041147
862304027041154
862304027041162
862304027041170
862304027041188
862304027041196
862304027041204
862304027041212
862304027041220
862304027041238
862304027041246
862304027041253
862304027041261
862304027041279
862304027041287
862304027041295
862304027041303
862304027041311
862304027041329
862304027041337
862304027041345
862304027041352
862304027041360
862304027041378
862304027041386
862304027041394
862304027041402
862304027041410
862304027041428
862304027041436
862304027041444
862304027041451
862304027041469
862304027041477
862304027041485
862304027041493
862304027041501
862304027041519
862304027041527
862304027041535
862304027041543
862304027041550
862304027041568
862304027041576
862304027041584
862304027041592
862304027041600
862304027041618
862304027041626
862304027041634
862304027041642
862304027041659
862304027041667
862304027041675
862304027041683
862304027041691
862304027041709
862304027041717
862304027041725
862304027041733
862304027041741
862304027041758
862304027041766
862304027041774
862304027041782
862304027041790
862304027041808
862304027041816
862304027041824
862304027041832
862304027041840
862304027041857
862304027041865
862304027041873
862304027041881
862304027041899
862304027041907
862304027041915
862304027041923
862304027041931
862304027041949
862304027041956
862304027041964
862304027041972
862304027041980
862304027041998
862304027042004
862304027042012
862304027042020
862304027042038
862304027042046
862304027042053
862304027042061
862304027042079
862304027042087
862304027042095
862304027042103
862304027042111
862304027042129
862304027042137
862304027042145
862304027042152
862304027042160
862304027042178
862304027042186
862304027042194
862304027042202
862304027042210
862304027042228
862304027042236
862304027042244
862304027042251
862304027042269
862304027042277
862304027042285
862304027042293
862304027042301
862304027042319
862304027042327
862304027042335
862304027042343
862304027042350
862304027042368
862304027042376
862304027042384
862304027042392
862304027042400
862304027042418
862304027042426
862304027042434
862304027042442
862304027042459
862304027042467
862304027042475
862304027042483
862304027042491
862304027042509
862304027042517
862304027042525
862304027042533
862304027042541
862304027042558
862304027042566
862304027042574
862304027042582
862304027042590
862304027042608
862304027042616
862304027042624
862304027042632
862304027042640
862304027042657
862304027042665
862304027042673
862304027042681
862304027042699
862304027042707
862304027042715
862304027042723
862304027042731
862304027042749
862304027042756
862304027042764
862304027042772
862304027042780
862304027042798
862304027042806
862304027042814
862304027042822
862304027042830
862304027042848
862304027042855
862304027042863
862304027042871
862304027042889
862304027042897
862304027042905
862304027042913
862304027042921
862304027042939
862304027042947
862304027042954
862304027042962
862304027042970
862304027042988
862304027042996
862304027043002
862304027043010
862304027043028
862304027043036
862304027043044
862304027043051
862304027043069
862304027043077
862304027043085
862304027043093
862304027043101
862304027043119
862304027043127
862304027043135
862304027043143
862304027043150
862304027043168
862304027043176
862304027043184
862304027043192
862304027043200
862304027043218
862304027043226
862304027043234
862304027043242
862304027043259
862304027043267
862304027043275
862304027043283
862304027043291
862304027043309
862304027043317
862304027043325
862304027043333
862304027043341
862304027043358
862304027043366
862304027043374
862304027043382
862304027043390
862304027043408
862304027043416
862304027043424
862304027043432
862304027043440
862304027043457
862304027043465
862304027043473
862304027043481
862304027043499
862304027043507
862304027043515
862304027043523
862304027043531
862304027043549
862304027043556
862304027043564
862304027043572
862304027043580
862304027043598
862304027043606
862304027043614
862304027043622
862304027043630
862304027043648
862304027043655
862304027043663
862304027043671
862304027043689
862304027043697
862304027043705
862304027043713
862304027043721
862304027043739
862304027043747
862304027043754
862304027043762
862304027043770
862304027043788
862304027043796
862304027043804
862304027043812
862304027043820
862304027043838
862304027043846
862304027043853
862304027043861
862304027043879
862304027043887
862304027043895
862304027043903
862304027043911
862304027043929
862304027043937
862304027043945
862304027043952
862304027043960
862304027043978
862304027043986
862304027043994
862304027044000
862304027044018
862304027044026
862304027044034
862304027044042
862304027044059
862304027044067
862304027044075
862304027044083
862304027044091
862304027044109
862304027044117
862304027044125
862304027044133
862304027044141
862304027044158
862304027044166
862304027044174
862304027044182
862304027044190
862304027044208
862304027044216
862304027044224
862304027044232
862304027044240
862304027044257
862304027044265
862304027044273
862304027044281
862304027044299
862304027044307
862304027044315
862304027044323
862304027044331
862304027044349
862304027044356
862304027044364
862304027044372
862304027044380
862304027044398
862304027044406
862304027044414
862304027044422
862304027044430
862304027044448
862304027044455
862304027044463
862304027044471
862304027044489
862304027044497
862304027044505
862304027044513
862304027044521
862304027044539
862304027044547
862304027044554
862304027044562
862304027044570
862304027044588
862304027044596
862304027044604
862304027044612
862304027044620
862304027044638
862304027044646
862304027044653
862304027044661
862304027044679
862304027044687
862304027044695
862304027044703
862304027044711
862304027044729
862304027044737
862304027044745
862304027044752
862304027044760
862304027044778
862304027044786
862304027044794
862304027044802
862304027044810
862304027044828
862304027044836
862304027044844
862304027044851
862304027044869
862304027044877
862304027044885
862304027044893
862304027044901
862304027044919
862304027044927
862304027044935
862304027044943
862304027044950
862304027044968
862304027044976
862304027044984
862304027044992
862304027045007
862304027045015
862304027045023
862304027045031
862304027045049
862304027045056
862304027045064
862304027045072
862304027045080
862304027045098
862304027045106
862304027045114
862304027045122
862304027045130
862304027045148
862304027045155
862304027045163
862304027045171
862304027045189
862304027045197
862304027045205
862304027045213
862304027045221
862304027045239
862304027045247
862304027045254
862304027045262
862304027045270
862304027045288
862304027045296
862304027045304
862304027045312
862304027045320
862304027045338
862304027045346
862304027045353
862304027045361
862304027045379
862304027045387
862304027045395
862304027045403
862304027045411
862304027045429
862304027045437
862304027045445
862304027045452
862304027045460
862304027045478
862304027045486
862304027045494
862304027045502
862304027045510
862304027045528
862304027045536
862304027045544
862304027045551
862304027045569
862304027045577
862304027045585
862304027045593
862304027045601
862304027045619
862304027045627
862304027045635
862304027045643
862304027045650
862304027045668
862304027045676
862304027045684
862304027045692
862304027045700
862304027045718
862304027045726
862304027045734
862304027045742
862304027045759
862304027045767
862304027045775
862304027045783
862304027045791
862304027045809
862304027045817
862304027045825
862304027045833
862304027045841
862304027045858
862304027045866
862304027045874
862304027045882
862304027045890
862304027045908
862304027045916
862304027045924
862304027045932
862304027045940
862304027045957
862304027045965
862304027045973
862304027045981
862304027045999
862304027046005
862304027046013
862304027046021
862304027046039
862304027046047
862304027046054
862304027046062
862304027046070
862304027046088
862304027046096
862304027046104
862304027046112
862304027046120
862304027046138
862304027046146
862304027046153
862304027046161
862304027046179
862304027046187
862304027046195
862304027046203
862304027046211
862304027046229
862304027046237
862304027046245
862304027046252
862304027046260
862304027046278
862304027046286
862304027046294
862304027046302
862304027046310
862304027046328
862304027046336
862304027046344
862304027046351
862304027046369
862304027046377
862304027046385
862304027046393
862304027046401
862304027046419
862304027046427
862304027046435
862304027046443
862304027046450
862304027046468
862304027046476
862304027046484
862304027046492
862304027046500
862304027046518
862304027046526
862304027046534
862304027046542
862304027046559
862304027046567
862304027046575
862304027046583
862304027046591
862304027046609
862304027046617
862304027046625
862304027046633
862304027046641
862304027046658
862304027046666
862304027046674
862304027046682
862304027046690
862304027046708
862304027046716
862304027046724
862304027046732
862304027046740
862304027046757
862304027046765
862304027046773
862304027046781
862304027046799
862304027046807
862304027046815
862304027046823
862304027046831
862304027046849
862304027046856
862304027046864
862304027046872
862304027046880
862304027046898
862304027046906
862304027046914
862304027046922
862304027046930
862304027046948
862304027046955
862304027046963
862304027046971
862304027046989
862304027046997
862304027047003
862304027047011
862304027047029
862304027047037
862304027047045
862304027047052
862304027047060
862304027047078
862304027047086
862304027047094
862304027047102
862304027047110
862304027047128
862304027047136
862304027047144
862304027047151
862304027047169
862304027047177
862304027047185
862304027047193
862304027047201
862304027047219
862304027047227
862304027047235
862304027047243
862304027047250
862304027047268
862304027047276
862304027047284
862304027047292
862304027047300
862304027047318
862304027047326
862304027047334
862304027047342
862304027047359
862304027047367
862304027047375
862304027047383
862304027047391
862304027047409
862304027047417
862304027047425
862304027047433
862304027047441
862304027047458
862304027047466
862304027047474
862304027047482
862304027047490
862304027047508
862304027047516
862304027047524
862304027047532
862304027047540
862304027047557
862304027047565
862304027047573
862304027047581
862304027047599
862304027047607
862304027047615
862304027047623
862304027047631
862304027047649
862304027047656
862304027047664
862304027047672
862304027047680
862304027047698
862304027047706
862304027047714
862304027047722
862304027047730
862304027047748
862304027047755
862304027047763
862304027047771
862304027047789
862304027047797
862304027047805
862304027047813
862304027047821
862304027047839
862304027047847
862304027047854
862304027047862
862304027047870
862304027047888
862304027047896
862304027047904
862304027047912
862304027047920
862304027047938
862304027047946
862304027047953
862304027047961
862304027047979
862304027047987
862304027047995
862304027048001
862304027048019
862304027048027
862304027048035
862304027048043
862304027048050
862304027048068
862304027048076
862304027048084
862304027048092
862304027048100
862304027048118
862304027048126
862304027048134
862304027048142
862304027048159
862304027048167
862304027048175
862304027048183
862304027048191
862304027048209
862304027048217
862304027048225
862304027048233
862304027048241
862304027048258
862304027048266
862304027048274
862304027048282
862304027048290
862304027048308
862304027048316
862304027048324
862304027048332
862304027048340
862304027048357
862304027048365
862304027048373
862304027048381
862304027048399
862304027048407
862304027048415
862304027048423
862304027048431
862304027048449
862304027048456
862304027048464
862304027048472
862304027048480
862304027048498
862304027048506
862304027048514
862304027048522
862304027048530
862304027048548
862304027048555
862304027048563
862304027048571
862304027048589
862304027048597
862304027048605
862304027048613
862304027048621
862304027048639
862304027048647
862304027048654
862304027048662
862304027048670
862304027048688
862304027048696
862304027048704
862304027048712
862304027048720
862304027048738
862304027048746
862304027048753
862304027048761
862304027048779
862304027048787
862304027048795
862304027048803
862304027048811
862304027048829
862304027048837
862304027048845
862304027048852
862304027048860
862304027048878
862304027048886
862304027048894
862304027048902
862304027048910
862304027048928
862304027048936
862304027048944
862304027048951
862304027048969
862304027048977
862304027048985
862304027048993
862304027049009
862304027049017
862304027049025
862304027049033
862304027049041
862304027049058
862304027049066
862304027049074
862304027049082
862304027049090
862304027049108
862304027049116
862304027049124
862304027049132
862304027049140
862304027049157
862304027049165
862304027049173
862304027049181
862304027049199
862304027049207
862304027049215
862304027049223
862304027049231
862304027049249
862304027049256
862304027049264
862304027049272
862304027049280
862304027049298
862304027049306
862304027049314
862304027049322
862304027049330
862304027049348
862304027049355
862304027049363
862304027049371
862304027049389
862304027049397
862304027049405
862304027049413
862304027049421
862304027049439
862304027049447
862304027049454
862304027049462
862304027049470
862304027049488
862304027049496
862304027049504
862304027049512
862304027049520
862304027049538
862304027049546
862304027049553
862304027049561
862304027049579
862304027049587
862304027049595
862304027049603
862304027049611
862304027049629
862304027049637
862304027049645
862304027049652
862304027049660
862304027049678
862304027049686
862304027049694
862304027049702
862304027049710
862304027049728
862304027049736
862304027049744
862304027049751
862304027049769
862304027049777
862304027049785
862304027049793
862304027049801
862304027049819
862304027049827
862304027049835
862304027049843
862304027049850
862304027049868
862304027049876
862304027049884
862304027049892
862304027049900
862304027049918
862304027049926
862304027049934
862304027049942
862304027049959
862304027049967
862304027049975
862304027049983
862304027049991
862304027050007
862304027050015
862304027050023
862304027050031
862304027050049
862304027050056
862304027050064
862304027050072
862304027050080
862304027050098
862304027050106
862304027050114
862304027050122
862304027050130
862304027050148
862304027050155
862304027050163
862304027050171
862304027050189
862304027050197
862304027050205
862304027050213
862304027050221
862304027050239
862304027050247
862304027050254
862304027050262
862304027050270
862304027050288
862304027050296
862304027050304
862304027050312
862304027050320
862304027050338
862304027050346
862304027050353
862304027050361
862304027050379
862304027050387
862304027050395
862304027050403
862304027050411
862304027050429
862304027050437
862304027050445
862304027050452
862304027050460
862304027050478
862304027050486
862304027050494
862304027050502
862304027050510
862304027050528
862304027050536
862304027050544
862304027050551
862304027050569
862304027050577
862304027050585
862304027050593
862304027050601
862304027050619
862304027050627
862304027050635
862304027050643
862304027050650
862304027050668
862304027050676
862304027050684
862304027050692
862304027050700
862304027050718
862304027050726
862304027050734
862304027050742
862304027050759
862304027050767
862304027050775
862304027050783
862304027050791
862304027050809
862304027050817
862304027050825
862304027050833
862304027050841
862304027050858
862304027050866
862304027050874
862304027050882
862304027050890
862304027050908
862304027050916
862304027050924
862304027050932
862304027050940
862304027050957
862304027050965
862304027050973
862304027050981
862304027050999
862304027051005
862304027051013
862304027051021
862304027051039
862304027051047
862304027051054
862304027051062
862304027051070
862304027051088
862304027051096
862304027051104
862304027051112
862304027051120
862304027051138
862304027051146
862304027051153
862304027051161
862304027051179
862304027051187
862304027051195
862304027051203
862304027051211
862304027051229
862304027051237
862304027051245
862304027051252
862304027051260
862304027051278
862304027051286
862304027051294
862304027051302
862304027051310
862304027051328
862304027051336
862304027051344
862304027051351
862304027051369
862304027051377
862304027051385
862304027051393
862304027051401
862304027051419
862304027051427
862304027051435
862304027051443
862304027051450
862304027051468
862304027051476
862304027051484
862304027051492
862304027051500
862304027051518
862304027051526
862304027051534
862304027051542
862304027051559
862304027051567
862304027051575
862304027051583
862304027051591
862304027051609
862304027051617
862304027051625
862304027051633
862304027051641
862304027051658
862304027051666
862304027051674
862304027051682
862304027051690
862304027051708
862304027051716
862304027051724
862304027051732
862304027051740
862304027051757
862304027051765
862304027051773
862304027051781
862304027051799
862304027051807
862304027051815
862304027051823
862304027051831
862304027051849
862304027051856
862304027051864
862304027051872
862304027051880
862304027051898
862304027051906
862304027051914
862304027051922
862304027051930
862304027051948
862304027051955
862304027051963
862304027051971
862304027051989
862304027051997
862304027052003
862304027052011
862304027052029
862304027052037
862304027052045
862304027052052
862304027052060
862304027052078
862304027052086
862304027052094
862304027052102
862304027052110
862304027052128
862304027052136
862304027052144
862304027052151
862304027052169
862304027052177
862304027052185
862304027052193
862304027052201
862304027052219
862304027052227
862304027052235
862304027052243
862304027052250
862304027052268
862304027052276
862304027052284
862304027052292
862304027052300
862304027052318
862304027052326
862304027052334
862304027052342
862304027052359
862304027052367
862304027052375
862304027052383
862304027052391
862304027052409
862304027052417
862304027052425
862304027052433
862304027052441
862304027052458
862304027052466
862304027052474
862304027052482
862304027052490
862304027052508
862304027052516
862304027052524
862304027052532
862304027052540
862304027052557
862304027052565
862304027052573
862304027052581
862304027052599
862304027052607
862304027052615
862304027052623
862304027052631
862304027052649
862304027052656
862304027052664
862304027052672
862304027052680
862304027052698
862304027052706
862304027052714
862304027052722
862304027052730
862304027052748
862304027052755
862304027052763
862304027052771
862304027052789
862304027052797
862304027052805
862304027052813
862304027052821
862304027052839
862304027052847
862304027052854
862304027052862
862304027052870
862304027052888
862304027052896
862304027052904
862304027052912
862304027052920
862304027052938
862304027052946
862304027052953
862304027052961
862304027052979
862304027052987
862304027052995
862304027053001
862304027053019
862304027053027
862304027053035
862304027053043
862304027053050
862304027053068
862304027053076
862304027053084
862304027053092
862304027053100
862304027053118
862304027053126
862304027053134
862304027053142
862304027053159
862304027053167
862304027053175
862304027053183
862304027053191
862304027053209
862304027053217
862304027053225
862304027053233
862304027053241
862304027053258
862304027053266
862304027053274
862304027053282
862304027053290
862304027053308
862304027053316
862304027053324
862304027053332
862304027053340
862304027053357
862304027053365
862304027053373
862304027053381
862304027053399
862304027053407
862304027053415
862304027053423
862304027053431
862304027053449
862304027053456
862304027053464
862304027053472
862304027053480
862304027053498
862304027053506
862304027053514
862304027053522
862304027053530
862304027053548
862304027053555
862304027053563
862304027053571
862304027053589
862304027053597
862304027053605
862304027053613
862304027053621
862304027053639
862304027053647
862304027053654
862304027053662
862304027053670
862304027053688
862304027053696
862304027053704
862304027053712
862304027053720
862304027053738
862304027053746
862304027053753
862304027053761
862304027053779
862304027053787
862304027053795
862304027053803
862304027053811
862304027053829
862304027053837
862304027053845
862304027053852
862304027053860
862304027053878
862304027053886
862304027053894
862304027053902
862304027053910
862304027053928
862304027053936
862304027053944
862304027053951
862304027053969
862304027053977
862304027053985
862304027053993
862304027054009
862304027054017
862304027054025
862304027054033
862304027054041
862304027054058
862304027054066
862304027054074
862304027054082
862304027054090
862304027054108
862304027054116
862304027054124
862304027054132
862304027054140
862304027054157
862304027054165
862304027054173
862304027054181
862304027054199
862304027054207
862304027054215
862304027054223
862304027054231
862304027054249
862304027054256
862304027054264
862304027054272
862304027054280
862304027054298
862304027054306
862304027054314
862304027054322
862304027054330
862304027054348
862304027054355
862304027054363
862304027054371
862304027054389
862304027054397
862304027054405
862304027054413
862304027054421
862304027054439
862304027054447
862304027054454
862304027054462
862304027054470
862304027054488
862304027054496
862304027054504
862304027054512
862304027054520
862304027054538
862304027054546
862304027054553
862304027054561
862304027054579
862304027054587
862304027054595
862304027054603
862304027054611
862304027054629
862304027054637
862304027054645
862304027054652
862304027054660
862304027054678
862304027054686
862304027054694
862304027054702
862304027054710
862304027054728
862304027054736
862304027054744
862304027054751
862304027054769
862304027054777
862304027054785
862304027054793
862304027054801
862304027054819
862304027054827
862304027054835
862304027054843
862304027054850
862304027054868
862304027054876
862304027054884
862304027054892
862304027054900
862304027054918
862304027054926
862304027054934
862304027054942
862304027054959
862304027054967
862304027054975
862304027054983
862304027054991
862304027055006
862304027055014
862304027055022
862304027055030
862304027055048
862304027055055
862304027055063
862304027055071
862304027055089
862304027055097
862304027055105
862304027055113
862304027055121
862304027055139
862304027055147
862304027055154
862304027055162
862304027055170
862304027055188
862304027055196
862304027055204
862304027055212
862304027055220
862304027055238
862304027055246
862304027055253
862304027055261
862304027055279
862304027055287
862304027055295
862304027055303
862304027055311
862304027055329
862304027055337
862304027055345
862304027055352
862304027055360
862304027055378
862304027055386
862304027055394
862304027055402
862304027055410
862304027055428
862304027055436
862304027055444
862304027055451
862304027055469
862304027055477
862304027055485
862304027055493
862304027055501
862304027055519
862304027055527
862304027055535
862304027055543
862304027055550
862304027055568
862304027055576
862304027055584
862304027055592
862304027055600
862304027055618
862304027055626
862304027055634
862304027055642
862304027055659
862304027055667
862304027055675
862304027055683
862304027055691
862304027055709
862304027055717
862304027055725
862304027055733
862304027055741
862304027055758
862304027055766
862304027055774
862304027055782
862304027055790
862304027055808
862304027055816
862304027055824
862304027055832
862304027055840
862304027055857
862304027055865
862304027055873
862304027055881
862304027055899
862304027055907
862304027055915
862304027055923
862304027055931
862304027055949
862304027055956
862304027055964
862304027055972
862304027055980
862304027055998
862304027056004
862304027056012
862304027056020
862304027056038
862304027056046
862304027056053
862304027056061
862304027056079
862304027056087
862304027056095
862304027056103
862304027056111
862304027056129
862304027056137
862304027056145
862304027056152
862304027056160
862304027056178
862304027056186
862304027056194
862304027056202
862304027056210
862304027056228
862304027056236
862304027056244
862304027056251
862304027056269
862304027056277
862304027056285
862304027056293
862304027056301
862304027056319
862304027056327
862304027056335
862304027056343
862304027056350
862304027056368
862304027056376
862304027056384
862304027056392
862304027056400
862304027056418
862304027056426
862304027056434
862304027056442
862304027056459
862304027056467
862304027056475
862304027056483
862304027056491
862304027056509
862304027056517
862304027056525
862304027056533
862304027056541
862304027056558
862304027056566
862304027056574
862304027056582
862304027056590
862304027056608
862304027056616
862304027056624
862304027056632
862304027056640
862304027056657
862304027056665
862304027056673
862304027056681
862304027056699
862304027056707
862304027056715
862304027056723
862304027056731
862304027056749
862304027056756
862304027056764
862304027056772
862304027056780
862304027056798
862304027056806
862304027056814
862304027056822
862304027056830
862304027056848
862304027056855
862304027056863
862304027056871
862304027056889
862304027056897
862304027056905
862304027056913
862304027056921
862304027056939
862304027056947
862304027056954
862304027056962
862304027056970
862304027056988
862304027056996
862304027057002
862304027057010
862304027057028
862304027057036
862304027057044
862304027057051
862304027057069
862304027057077
862304027057085
862304027057093
862304027057101
862304027057119
862304027057127
862304027057135
862304027057143
862304027057150
862304027057168
862304027057176
862304027057184
862304027057192
862304027057200
862304027057218
862304027057226
862304027057234
862304027057242
862304027057259
862304027057267
862304027057275
862304027057283
862304027057291
862304027057309
862304027057317
862304027057325
862304027057333
862304027057341
862304027057358
862304027057366
862304027057374
862304027057382
862304027057390
862304027057408
862304027057416
862304027057424
862304027057432
862304027057440
862304027057457
862304027057465
862304027057473
862304027057481
862304027057499
862304027057507
862304027057515
862304027057523
862304027057531
862304027057549
862304027057556
862304027057564
862304027057572
862304027057580
862304027057598
862304027057606
862304027057614
862304027057622
862304027057630
862304027057648
862304027057655
862304027057663
862304027057671
862304027057689
862304027057697
862304027057705
862304027057713
862304027057721
862304027057739
862304027057747
862304027057754
862304027057762
862304027057770
862304027057788
862304027057796
862304027057804
862304027057812
862304027057820
862304027057838
862304027057846
862304027057853
862304027057861
862304027057879
862304027057887
862304027057895
862304027057903
862304027057911
862304027057929
862304027057937
862304027057945
862304027057952
862304027057960
862304027057978
862304027057986
862304027057994
862304027058000
862304027058018
862304027058026
862304027058034
862304027058042
862304027058059
862304027058067
862304027058075
862304027058083
862304027058091
862304027058109
862304027058117
862304027058125
862304027058133
862304027058141
862304027058158
862304027058166
862304027058174
862304027058182
862304027058190
862304027058208
862304027058216
862304027058224
862304027058232
862304027058240
862304027058257
862304027058265
862304027058273
862304027058281
862304027058299
862304027058307
862304027058315
862304027058323
862304027058331
862304027058349
862304027058356
862304027058364
862304027058372
862304027058380
862304027058398
862304027058406
862304027058414
862304027058422
862304027058430
862304027058448
862304027058455
862304027058463
862304027058471
862304027058489
862304027058497
862304027058505
862304027058513
862304027058521
862304027058539
862304027058547
862304027058554
862304027058562
862304027058570
862304027058588
862304027058596
862304027058604
862304027058612
862304027058620
862304027058638
862304027058646
862304027058653
862304027058661
862304027058679
862304027058687
862304027058695
862304027058703
862304027058711
862304027058729
862304027058737
862304027058745
862304027058752
862304027058760
862304027058778
862304027058786
862304027058794
862304027058802
862304027058810
862304027058828
862304027058836
862304027058844
862304027058851
862304027058869
862304027058877
862304027058885
862304027058893
862304027058901
862304027058919
862304027058927
862304027058935
862304027058943
862304027058950
862304027058968
862304027058976
862304027058984
862304027058992
862304027059008
862304027059016
862304027059024
862304027059032
862304027059040
862304027059057
862304027059065
862304027059073
862304027059081
862304027059099
862304027059107
862304027059115
862304027059123
862304027059131
862304027059149
862304027059156
862304027059164
862304027059172
862304027059180
862304027059198
862304027059206
862304027059214
862304027059222
862304027059230
862304027059248
862304027059255
862304027059263
862304027059271
862304027059289
862304027059297
862304027059305
862304027059313
862304027059321
862304027059339
862304027059347
862304027059354
862304027059362
862304027059370
862304027059388
862304027059396
862304027059404
862304027059412
862304027059420
862304027059438
862304027059446
862304027059453
862304027059461
862304027059479
862304027059487
862304027059495
862304027059503
862304027059511
862304027059529
862304027059537
862304027059545
862304027059552
862304027059560
862304027059578
862304027059586
862304027059594
862304027059602
862304027059610
862304027059628
862304027059636
862304027059644
862304027059651
862304027059669
862304027059677
862304027059685
862304027059693
862304027059701
862304027059719
862304027059727
862304027059735
862304027059743
862304027059750
862304027059768
862304027059776
862304027059784
862304027059792
862304027059800
862304027059818
862304027059826
862304027059834
862304027059842
862304027059859
862304027059867
862304027059875
862304027059883
862304027059891
862304027059909
862304027059917
862304027059925
862304027059933
862304027059941
862304027059958
862304027059966
862304027059974
862304027059982
862304027059990
862304027060006
862304027060014
862304027060022
862304027060030
862304027060048
862304027060055
862304027060063
862304027060071
862304027060089
862304027060097
862304027060105
862304027060113
862304027060121
862304027060139
862304027060147
862304027060154
862304027060162
862304027060170
862304027060188
862304027060196
862304027060204
862304027060212
862304027060220
862304027060238
862304027060246
862304027060253
862304027060261
862304027060279
862304027060287
862304027060295
862304027060303
862304027060311
862304027060329
862304027060337
862304027060345
862304027060352
862304027060360
862304027060378
862304027060386
862304027060394
862304027060402
862304027060410
862304027060428
862304027060436
862304027060444
862304027060451
862304027060469
862304027060477
862304027060485
862304027060493
862304027060501
862304027060519
862304027060527
862304027060535
862304027060543
862304027060550
862304027060568
862304027060576
862304027060584
862304027060592
862304027060600
862304027060618
862304027060626
862304027060634
862304027060642
862304027060659
862304027060667
862304027060675
862304027060683
862304027060691
862304027060709
862304027060717
862304027060725
862304027060733
862304027060741
862304027060758
862304027060766
862304027060774
862304027060782
862304027060790
862304027060808
862304027060816
862304027060824
862304027060832
862304027060840
862304027060857
862304027060865
862304027060873
862304027060881
862304027060899
862304027060907
862304027060915
862304027060923
862304027060931
862304027060949
862304027060956
862304027060964
862304027060972
862304027060980
862304027060998
862304027061004
862304027061012
862304027061020
862304027061038
862304027061046
862304027061053
862304027061061
862304027061079
862304027061087
862304027061095
862304027061103
862304027061111
862304027061129
862304027061137
862304027061145
862304027061152
862304027061160
862304027061178
862304027061186
862304027061194
862304027061202
862304027061210
862304027061228
862304027061236
862304027061244
862304027061251
862304027061269
862304027061277
862304027061285
862304027061293
862304027061301
862304027061319
862304027061327
862304027061335
862304027061343
862304027061350
862304027061368
862304027061376
862304027061384
862304027061392
862304027061400
862304027061418
862304027061426
862304027061434
862304027061442
862304027061459
862304027061467
862304027061475
862304027061483
862304027061491
862304027061509
862304027061517
862304027061525
862304027061533
862304027061541
862304027061558
862304027061566
862304027061574
862304027061582
862304027061590
862304027061608
862304027061616
862304027061624
862304027061632
862304027061640
862304027061657
862304027061665
862304027061673
862304027061681
862304027061699
862304027061707
862304027061715
862304027061723
862304027061731
862304027061749
862304027061756
862304027061764
862304027061772
862304027061780
862304027061798
862304027061806
862304027061814
862304027061822
862304027061830
862304027061848
862304027061855
862304027061863
862304027061871
862304027061889
862304027061897
862304027061905
862304027061913
862304027061921
862304027061939
862304027061947
862304027061954
862304027061962
862304027061970
862304027061988
862304027061996
862304027062002
862304027062010
862304027062028
862304027062036
862304027062044
862304027062051
862304027062069
862304027062077
862304027062085
862304027062093
862304027062101
862304027062119
862304027062127
862304027062135
862304027062143
862304027062150
862304027062168
862304027062176
862304027062184
862304027062192
862304027062200
862304027062218
862304027062226
