2003010002373073
2003010002373074
2003010002373075
2003010002373076
2003010002373077
2003010002373078
2003010002373079
2003010002373080
2003010002373081
2003010002373082
2003010002373083
2003010002373084
2003010002373085
2003010002373086
2003010002373087
2003010002373088
2003010002373089
2003010002373090
2003010002373091
2003010002373092
2003010002373093
2003010002373094
2003010002373095
2003010002373096
2003010002373097
2003010002373098
2003010002373099
2003010002373100
2003010002373101
2003010002373102
2003010002373103
2003010002373104
2003010002373105
2003010002373106
2003010002373107
2003010002373108
2003010002373109
2003010002373110
2003010002373111
2003010002373112
2003010002373113
2003010002373114
2003010002373115
2003010002373116
2003010002373117
2003010002373118
2003010002373119
2003010002373120
2003010002373121
2003010002373122
2003010002373123
2003010002373124
2003010002373125
2003010002373126
2003010002373127
2003010002373128
2003010002373129
2003010002373130
2003010002373131
2003010002373132
2003010002373133
2003010002373134
2003010002373135
2003010002373136
2003010002373137
2003010002373138
2003010002373139
2003010002373140
2003010002373141
2003010002373142
2003010002373143
2003010002373144
2003010002373145
2003010002373146
2003010002373147
2003010002373148
2003010002373149
2003010002373150
2003010002373151
2003010002373152
2003010002373153
2003010002373154
2003010002373155
2003010002373156
2003010002373157
2003010002373158
2003010002373159
2003010002373160
2003010002373161
2003010002373162
2003010002373163
2003010002373164
2003010002373165
2003010002373166
2003010002373167
2003010002373168
2003010002373169
2003010002373170
2003010002373171
2003010002373172
2003010002373173
2003010002373174
2003010002373175
2003010002373176
2003010002373177
2003010002373178
2003010002373179
2003010002373180
2003010002373181
2003010002373182
2003010002373183
2003010002373184
2003010002373185
2003010002373186
2003010002373187
2003010002373188
2003010002373189
2003010002373190
2003010002373191
2003010002373192
2003010002373193
2003010002373194
2003010002373195
2003010002373196
2003010002373197
2003010002373198
2003010002373199
2003010002373200
2003010002373201
2003010002373202
2003010002373203
2003010002373204
2003010002373205
2003010002373206
2003010002373207
2003010002373208
2003010002373209
2003010002373210
2003010002373211
2003010002373212
2003010002373213
2003010002373214
2003010002373215
2003010002373216
2003010002373217
2003010002373218
2003010002373219
2003010002373220
2003010002373221
2003010002373222
2003010002373223
2003010002373224
2003010002373225
2003010002373226
2003010002373227
2003010002373228
2003010002373229
2003010002373230
2003010002373231
2003010002373232
2003010002373233
2003010002373234
2003010002373235
2003010002373236
2003010002373237
2003010002373238
2003010002373239
2003010002373240
2003010002373241
2003010002373242
2003010002373243
2003010002373244
2003010002373245
2003010002373246
2003010002373247
2003010002373248
2003010002373249
2003010002373250
2003010002373251
2003010002373252
2003010002373253
2003010002373254
2003010002373255
2003010002373256
2003010002373257
2003010002373258
2003010002373259
2003010002373260
2003010002373261
2003010002373262
2003010002373263
2003010002373264
2003010002373265
2003010002373266
2003010002373267
2003010002373268
2003010002373269
2003010002373270
2003010002373271
2003010002373272
2003010002373273
2003010002373274
2003010002373275
2003010002373276
2003010002373277
2003010002373278
2003010002373279
2003010002373280
2003010002373281
2003010002373282
2003010002373283
2003010002373284
2003010002373285
2003010002373286
2003010002373287
2003010002373288
2003010002373289
2003010002373290
2003010002373291
2003010002373292
2003010002373293
2003010002373294
2003010002373295
2003010002373296
2003010002373297
2003010002373298
2003010002373299
2003010002373300
2003010002373301
2003010002373302
2003010002373303
2003010002373304
2003010002373305
2003010002373306
2003010002373307
2003010002373308
2003010002373309
2003010002373310
2003010002373311
2003010002373312
2003010002373313
2003010002373314
2003010002373315
2003010002373316
2003010002373317
2003010002373318
2003010002373319
2003010002373320
2003010002373321
2003010002373322
2003010002373323
2003010002373324
2003010002373325
2003010002373326
2003010002373327
2003010002373328
2003010002373329
2003010002373330
2003010002373331
2003010002373332
2003010002373333
2003010002373334
2003010002373335
2003010002373336
2003010002373337
2003010002373338
2003010002373339
2003010002373340
2003010002373341
2003010002373342
2003010002373343
2003010002373344
2003010002373345
2003010002373346
2003010002373347
2003010002373348
2003010002373349
2003010002373350
2003010002373351
2003010002373352
2003010002373353
2003010002373354
2003010002373355
2003010002373356
2003010002373357
2003010002373358
2003010002373359
2003010002373360
2003010002373361
2003010002373362
2003010002373363
2003010002373364
2003010002373365
2003010002373366
2003010002373367
2003010002373368
2003010002373369
2003010002373370
2003010002373371
2003010002373372
2003010002373373
2003010002373374
2003010002373375
2003010002373376
2003010002373377
2003010002373378
2003010002373379
2003010002373380
2003010002373381
2003010002373382
2003010002373383
2003010002373384
2003010002373385
2003010002373386
2003010002373387
2003010002373388
2003010002373389
2003010002373390
2003010002373391
2003010002373392
2003010002373393
2003010002373394
2003010002373395
2003010002373396
2003010002373397
2003010002373398
2003010002373399
2003010002373400
2003010002373401
2003010002373402
2003010002373403
2003010002373404
2003010002373405
2003010002373406
2003010002373407
2003010002373408
2003010002373409
2003010002373410
2003010002373411
2003010002373412
2003010002373413
2003010002373414
2003010002373415
2003010002373416
2003010002373417
2003010002373418
2003010002373419
2003010002373420
2003010002373421
2003010002373422
2003010002373423
2003010002373424
2003010002373425
2003010002373426
2003010002373427
2003010002373428
2003010002373429
2003010002373430
2003010002373431
2003010002373432
2003010002373433
2003010002373434
2003010002373435
2003010002373436
2003010002373437
2003010002373438
2003010002373439
2003010002373440
2003010002373441
2003010002373442
2003010002373443
2003010002373444
2003010002373445
2003010002373446
2003010002373447
2003010002373448
2003010002373449
2003010002373450
2003010002373451
2003010002373452
2003010002373453
2003010002373454
2003010002373455
2003010002373456
2003010002373457
2003010002373458
2003010002373459
2003010002373460
2003010002373461
2003010002373462
2003010002373463
2003010002373464
2003010002373465
2003010002373466
2003010002373467
2003010002373468
2003010002373469
2003010002373470
2003010002373471
2003010002373472
2003010002373473
2003010002373474
2003010002373475
2003010002373476
2003010002373477
2003010002373478
2003010002373479
2003010002373480
2003010002373481
2003010002373482
2003010002373483
2003010002373484
2003010002373485
2003010002373486
2003010002373487
2003010002373488
2003010002373489
2003010002373490
2003010002373491
2003010002373492
2003010002373493
2003010002373494
2003010002373495
2003010002373496
2003010002373497
2003010002373498
2003010002373499
2003010002373500
2003010002373501
2003010002373502
2003010002373503
2003010002373504
2003010002373505
2003010002373506
2003010002373507
2003010002373508
2003010002373509
2003010002373510
2003010002373511
2003010002373512
2003010002373513
2003010002373514
2003010002373515
2003010002373516
2003010002373517
2003010002373518
2003010002373519
2003010002373520
2003010002373521
2003010002373522
2003010002373523
2003010002373524
2003010002373525
2003010002373526
2003010002373527
2003010002373528
2003010002373529
2003010002373530
2003010002373531
2003010002373532
2003010002373533
2003010002373534
2003010002373535
2003010002373536
2003010002373537
2003010002373538
2003010002373539
2003010002373540
2003010002373541
2003010002373542
2003010002373543
2003010002373544
2003010002373545
2003010002373546
2003010002373547
2003010002373548
2003010002373549
2003010002373550
2003010002373551
2003010002373552
2003010002373553
2003010002373554
2003010002373555
2003010002373556
2003010002373557
2003010002373558
2003010002373559
2003010002373560
2003010002373561
2003010002373562
2003010002373563
2003010002373564
2003010002373565
2003010002373566
2003010002373567
2003010002373568
2003010002373569
2003010002373570
2003010002373571
2003010002373572
2003010002373573
2003010002373574
2003010002373575
2003010002373576
2003010002373577
2003010002373578
2003010002373579
2003010002373580
2003010002373581
2003010002373582
2003010002373583
2003010002373584
2003010002373585
2003010002373586
2003010002373587
2003010002373588
2003010002373589
2003010002373590
2003010002373591
2003010002373592
2003010002373593
2003010002373594
2003010002373595
2003010002373596
2003010002373597
2003010002373598
2003010002373599
2003010002373600
2003010002373601
2003010002373602
2003010002373603
2003010002373604
2003010002373605
2003010002373606
2003010002373607
2003010002373608
2003010002373609
2003010002373610
2003010002373611
2003010002373612
2003010002373613
2003010002373614
2003010002373615
2003010002373616
2003010002373617
2003010002373618
2003010002373619
2003010002373620
2003010002373621
2003010002373622
2003010002373623
2003010002373624
2003010002373625
2003010002373626
2003010002373627
2003010002373628
2003010002373629
2003010002373630
2003010002373631
2003010002373632
2003010002373633
2003010002373634
2003010002373635
2003010002373636
2003010002373637
2003010002373638
2003010002373639
2003010002373640
2003010002373641
2003010002373642
2003010002373643
2003010002373644
2003010002373645
2003010002373646
2003010002373647
2003010002373648
2003010002373649
2003010002373650
2003010002373651
2003010002373652
2003010002373653
2003010002373654
2003010002373655
2003010002373656
2003010002373657
2003010002373658
2003010002373659
2003010002373660
2003010002373661
2003010002373662
2003010002373663
2003010002373664
2003010002373665
2003010002373666
2003010002373667
2003010002373668
2003010002373669
2003010002373670
2003010002373671
2003010002373672
2003010002373673
2003010002373674
2003010002373675
2003010002373676
2003010002373677
2003010002373678
2003010002373679
2003010002373680
2003010002373681
2003010002373682
2003010002373683
2003010002373684
2003010002373685
2003010002373686
2003010002373687
2003010002373688
2003010002373689
2003010002373690
2003010002373691
2003010002373692
2003010002373693
2003010002373694
2003010002373695
2003010002373696
2003010002373697
2003010002373698
2003010002373699
2003010002373700
2003010002373701
2003010002373702
2003010002373703
2003010002373704
2003010002373705
2003010002373706
2003010002373707
2003010002373708
2003010002373709
2003010002373710
2003010002373711
2003010002373712
2003010002373713
2003010002373714
2003010002373715
2003010002373716
2003010002373717
2003010002373718
2003010002373719
2003010002373720
2003010002373721
2003010002373722
2003010002373723
2003010002373724
2003010002373725
2003010002373726
2003010002373727
2003010002373728
2003010002373729
2003010002373730
2003010002373731
2003010002373732
2003010002373733
2003010002373734
2003010002373735
2003010002373736
2003010002373737
2003010002373738
2003010002373739
2003010002373740
2003010002373741
2003010002373742
2003010002373743
2003010002373744
2003010002373745
2003010002373746
2003010002373747
2003010002373748
2003010002373749
2003010002373750
2003010002373751
2003010002373752
2003010002373753
2003010002373754
2003010002373755
2003010002373756
2003010002373757
2003010002373758
2003010002373759
2003010002373760
2003010002373761
2003010002373762
2003010002373763
2003010002373764
2003010002373765
2003010002373766
2003010002373767
2003010002373768
2003010002373769
2003010002373770
2003010002373771
2003010002373772
2003010002373773
2003010002373774
2003010002373775
2003010002373776
2003010002373777
2003010002373778
2003010002373779
2003010002373780
2003010002373781
2003010002373782
2003010002373783
2003010002373784
2003010002373785
2003010002373786
2003010002373787
2003010002373788
2003010002373789
2003010002373790
2003010002373791
2003010002373792
2003010002373793
2003010002373794
2003010002373795
2003010002373796
2003010002373797
2003010002373798
2003010002373799
2003010002373800
2003010002373801
2003010002373802
2003010002373803
2003010002373804
2003010002373805
2003010002373806
2003010002373807
2003010002373808
2003010002373809
2003010002373810
2003010002373811
2003010002373812
2003010002373813
2003010002373814
2003010002373815
2003010002373816
2003010002373817
2003010002373818
2003010002373819
2003010002373820
2003010002373821
2003010002373822
2003010002373823
2003010002373824
2003010002373825
2003010002373826
2003010002373827
2003010002373828
2003010002373829
2003010002373830
2003010002373831
2003010002373832
2003010002373833
2003010002373834
2003010002373835
2003010002373836
2003010002373837
2003010002373838
2003010002373839
2003010002373840
2003010002373841
2003010002373842
2003010002373843
2003010002373844
2003010002373845
2003010002373846
2003010002373847
2003010002373848
2003010002373849
2003010002373850
2003010002373851
2003010002373852
2003010002373853
2003010002373854
2003010002373855
2003010002373856
2003010002373857
2003010002373858
2003010002373859
2003010002373860
2003010002373861
2003010002373862
2003010002373863
2003010002373864
2003010002373865
2003010002373866
2003010002373867
2003010002373868
2003010002373869
2003010002373870
2003010002373871
2003010002373872
2003010002373873
2003010002373874
2003010002373875
2003010002373876
2003010002373877
2003010002373878
2003010002373879
2003010002373880
2003010002373881
2003010002373882
2003010002373883
2003010002373884
2003010002373885
2003010002373886
2003010002373887
2003010002373888
2003010002373889
2003010002373890
2003010002373891
2003010002373892
2003010002373893
2003010002373894
2003010002373895
2003010002373896
2003010002373897
2003010002373898
2003010002373899
2003010002373900
2003010002373901
2003010002373902
2003010002373903
2003010002373904
2003010002373905
2003010002373906
2003010002373907
2003010002373908
2003010002373909
2003010002373910
2003010002373911
2003010002373912
2003010002373913
2003010002373914
2003010002373915
2003010002373916
2003010002373917
2003010002373918
2003010002373919
2003010002373920
2003010002373921
2003010002373922
2003010002373923
2003010002373924
2003010002373925
2003010002373926
2003010002373927
2003010002373928
2003010002373929
2003010002373930
2003010002373931
2003010002373932
2003010002373933
2003010002373934
2003010002373935
2003010002373936
2003010002373937
2003010002373938
2003010002373939
2003010002373940
2003010002373941
2003010002373942
2003010002373943
2003010002373944
2003010002373945
2003010002373946
2003010002373947
2003010002373948
2003010002373949
2003010002373950
2003010002373951
2003010002373952
2003010002373953
2003010002373954
2003010002373955
2003010002373956
2003010002373957
2003010002373958
2003010002373959
2003010002373960
2003010002373961
2003010002373962
2003010002373963
2003010002373964
2003010002373965
2003010002373966
2003010002373967
2003010002373968
2003010002373969
2003010002373970
2003010002373971
2003010002373972
2003010002373973
2003010002373974
2003010002373975
2003010002373976
2003010002373977
2003010002373978
2003010002373979
2003010002373980
2003010002373981
2003010002373982
2003010002373983
2003010002373984
2003010002373985
2003010002373986
2003010002373987
2003010002373988
2003010002373989
2003010002373990
2003010002373991
2003010002373992
2003010002373993
2003010002373994
2003010002373995
2003010002373996
2003010002373997
2003010002373998
2003010002373999
2003010002374000
2003010002374001
2003010002374002
2003010002374003
2003010002374004
2003010002374005
2003010002374006
2003010002374007
2003010002374008
2003010002374009
2003010002374010
2003010002374011
2003010002374012
2003010002374013
2003010002374014
2003010002374015
2003010002374016
2003010002374017
2003010002374018
2003010002374019
2003010002374020
2003010002374021
2003010002374022
2003010002374023
2003010002374024
2003010002374025
2003010002374026
2003010002374027
2003010002374028
2003010002374029
2003010002374030
2003010002374031
2003010002374032
2003010002374033
2003010002374034
2003010002374035
2003010002374036
2003010002374037
2003010002374038
2003010002374039
2003010002374040
2003010002374041
2003010002374042
2003010002374043
2003010002374044
2003010002374045
2003010002374046
2003010002374047
2003010002374048
2003010002374049
2003010002374050
2003010002374051
2003010002374052
2003010002374053
2003010002374054
2003010002374055
2003010002374056
2003010002374057
2003010002374058
2003010002374059
2003010002374060
2003010002374061
2003010002374062
2003010002374063
2003010002374064
2003010002374065
2003010002374066
2003010002374067
2003010002374068
2003010002374069
2003010002374070
2003010002374071
2003010002374072
2003010002374073
2003010002374074
2003010002374075
2003010002374076
2003010002374077
2003010002374078
2003010002374079
2003010002374080
2003010002374081
2003010002374082
2003010002374083
2003010002374084
2003010002374085
2003010002374086
2003010002374087
2003010002374088
2003010002374089
2003010002374090
2003010002374091
2003010002374092
2003010002374093
2003010002374094
2003010002374095
2003010002374096
2003010002374097
2003010002374098
2003010002374099
2003010002374100
2003010002374101
2003010002374102
2003010002374103
2003010002374104
2003010002374105
2003010002374106
2003010002374107
2003010002374108
2003010002374109
2003010002374110
2003010002374111
2003010002374112
2003010002374113
2003010002374114
2003010002374115
2003010002374116
2003010002374117
2003010002374118
2003010002374119
2003010002374120
2003010002374121
2003010002374122
2003010002374123
2003010002374124
2003010002374125
2003010002374126
2003010002374127
2003010002374128
2003010002374129
2003010002374130
2003010002374131
2003010002374132
2003010002374133
2003010002374134
2003010002374135
2003010002374136
2003010002374137
2003010002374138
2003010002374139
2003010002374140
2003010002374141
2003010002374142
2003010002374143
2003010002374144
2003010002374145
2003010002374146
2003010002374147
2003010002374148
2003010002374149
2003010002374150
2003010002374151
2003010002374152
2003010002374153
2003010002374154
2003010002374155
2003010002374156
2003010002374157
2003010002374158
2003010002374159
2003010002374160
2003010002374161
2003010002374162
2003010002374163
2003010002374164
2003010002374165
2003010002374166
2003010002374167
2003010002374168
2003010002374169
2003010002374170
2003010002374171
2003010002374172
2003010002374173
2003010002374174
2003010002374175
2003010002374176
2003010002374177
2003010002374178
2003010002374179
2003010002374180
2003010002374181
2003010002374182
2003010002374183
2003010002374184
2003010002374185
2003010002374186
2003010002374187
2003010002374188
2003010002374189
2003010002374190
2003010002374191
2003010002374192
2003010002374193
2003010002374194
2003010002374195
2003010002374196
2003010002374197
2003010002374198
2003010002374199
2003010002374200
2003010002374201
2003010002374202
2003010002374203
2003010002374204
2003010002374205
2003010002374206
2003010002374207
2003010002374208
2003010002374209
2003010002374210
2003010002374211
2003010002374212
2003010002374213
2003010002374214
2003010002374215
2003010002374216
2003010002374217
2003010002374218
2003010002374219
2003010002374220
2003010002374221
2003010002374222
2003010002374223
2003010002374224
2003010002374225
2003010002374226
2003010002374227
2003010002374228
2003010002374229
2003010002374230
2003010002374231
2003010002374232
2003010002374233
2003010002374234
2003010002374235
2003010002374236
2003010002374237
2003010002374238
2003010002374239
2003010002374240
2003010002374241
2003010002374242
2003010002374243
2003010002374244
2003010002374245
2003010002374246
2003010002374247
2003010002374248
2003010002374249
2003010002374250
2003010002374251
2003010002374252
2003010002374253
2003010002374254
2003010002374255
2003010002374256
2003010002374257
2003010002374258
2003010002374259
2003010002374260
2003010002374261
2003010002374262
2003010002374263
2003010002374264
2003010002374265
2003010002374266
2003010002374267
2003010002374268
2003010002374269
2003010002374270
2003010002374271
2003010002374272
2003010002374273
2003010002374274
2003010002374275
2003010002374276
2003010002374277
2003010002374278
2003010002374279
2003010002374280
2003010002374281
2003010002374282
2003010002374283
2003010002374284
2003010002374285
2003010002374286
2003010002374287
2003010002374288
2003010002374289
2003010002374290
2003010002374291
2003010002374292
2003010002374293
2003010002374294
2003010002374295
2003010002374296
2003010002374297
2003010002374298
2003010002374299
2003010002374300
2003010002374301
2003010002374302
2003010002374303
2003010002374304
2003010002374305
2003010002374306
2003010002374307
2003010002374308
2003010002374309
2003010002374310
2003010002374311
2003010002374312
2003010002374313
2003010002374314
2003010002374315
2003010002374316
2003010002374317
2003010002374318
2003010002374319
2003010002374320
2003010002374321
2003010002374322
2003010002374323
2003010002374324
2003010002374325
2003010002374326
2003010002374327
2003010002374328
2003010002374329
2003010002374330
2003010002374331
2003010002374332
2003010002374333
2003010002374334
2003010002374335
2003010002374336
2003010002374337
2003010002374338
2003010002374339
2003010002374340
2003010002374341
2003010002374342
2003010002374343
2003010002374344
2003010002374345
2003010002374346
2003010002374347
2003010002374348
2003010002374349
2003010002374350
2003010002374351
2003010002374352
2003010002374353
2003010002374354
2003010002374355
2003010002374356
2003010002374357
2003010002374358
2003010002374359
2003010002374360
2003010002374361
2003010002374362
2003010002374363
2003010002374364
2003010002374365
2003010002374366
2003010002374367
2003010002374368
2003010002374369
2003010002374370
2003010002374371
2003010002374372
2003010002374373
2003010002374374
2003010002374375
2003010002374376
2003010002374377
2003010002374378
2003010002374379
2003010002374380
2003010002374381
2003010002374382
2003010002374383
2003010002374384
2003010002374385
2003010002374386
2003010002374387
2003010002374388
2003010002374389
2003010002374390
2003010002374391
2003010002374392
2003010002374393
2003010002374394
2003010002374395
2003010002374396
2003010002374397
2003010002374398
2003010002374399
2003010002374400
2003010002374401
2003010002374402
2003010002374403
2003010002374404
2003010002374405
2003010002374406
2003010002374407
2003010002374408
2003010002374409
2003010002374410
2003010002374411
2003010002374412
2003010002374413
2003010002374414
2003010002374415
2003010002374416
2003010002374417
2003010002374418
2003010002374419
2003010002374420
2003010002374421
2003010002374422
2003010002374423
2003010002374424
2003010002374425
2003010002374426
2003010002374427
2003010002374428
2003010002374429
2003010002374430
2003010002374431
2003010002374432
2003010002374433
2003010002374434
2003010002374435
2003010002374436
2003010002374437
2003010002374438
2003010002374439
2003010002374440
2003010002374441
2003010002374442
2003010002374443
2003010002374444
2003010002374445
2003010002374446
2003010002374447
2003010002374448
2003010002374449
2003010002374450
2003010002374451
2003010002374452
2003010002374453
2003010002374454
2003010002374455
2003010002374456
2003010002374457
2003010002374458
2003010002374459
2003010002374460
2003010002374461
2003010002374462
2003010002374463
2003010002374464
2003010002374465
2003010002374466
2003010002374467
2003010002374468
2003010002374469
2003010002374470
2003010002374471
2003010002374472
2003010002374473
2003010002374474
2003010002374475
2003010002374476
2003010002374477
2003010002374478
2003010002374479
2003010002374480
2003010002374481
2003010002374482
2003010002374483
2003010002374484
2003010002374485
2003010002374486
2003010002374487
2003010002374488
2003010002374489
2003010002374490
2003010002374491
2003010002374492
2003010002374493
2003010002374494
2003010002374495
2003010002374496
2003010002374497
2003010002374498
2003010002374499
2003010002374500
2003010002374501
2003010002374502
2003010002374503
2003010002374504
2003010002374505
2003010002374506
2003010002374507
2003010002374508
2003010002374509
2003010002374510
2003010002374511
2003010002374512
2003010002374513
2003010002374514
2003010002374515
2003010002374516
2003010002374517
2003010002374518
2003010002374519
2003010002374520
2003010002374521
2003010002374522
2003010002374523
2003010002374524
2003010002374525
2003010002374526
2003010002374527
2003010002374528
2003010002374529
2003010002374530
2003010002374531
2003010002374532
2003010002374533
2003010002374534
2003010002374535
2003010002374536
2003010002374537
2003010002374538
2003010002374539
2003010002374540
2003010002374541
2003010002374542
2003010002374543
2003010002374544
2003010002374545
2003010002374546
2003010002374547
2003010002374548
2003010002374549
2003010002374550
2003010002374551
2003010002374552
2003010002374553
2003010002374554
2003010002374555
2003010002374556
2003010002374557
2003010002374558
2003010002374559
2003010002374560
2003010002374561
2003010002374562
2003010002374563
2003010002374564
2003010002374565
2003010002374566
2003010002374567
2003010002374568
2003010002374569
2003010002374570
2003010002374571
2003010002374572
2003010002374573
2003010002374574
2003010002374575
2003010002374576
2003010002374577
2003010002374578
2003010002374579
2003010002374580
2003010002374581
2003010002374582
2003010002374583
2003010002374584
2003010002374585
2003010002374586
2003010002374587
2003010002374588
2003010002374589
2003010002374590
2003010002374591
2003010002374592
2003010002374593
2003010002374594
2003010002374595
2003010002374596
2003010002374597
2003010002374598
2003010002374599
2003010002374600
2003010002374601
2003010002374602
2003010002374603
2003010002374604
2003010002374605
2003010002374606
2003010002374607
2003010002374608
2003010002374609
2003010002374610
2003010002374611
2003010002374612
2003010002374613
2003010002374614
2003010002374615
2003010002374616
2003010002374617
2003010002374618
2003010002374619
2003010002374620
2003010002374621
2003010002374622
2003010002374623
2003010002374624
2003010002374625
2003010002374626
2003010002374627
2003010002374628
2003010002374629
2003010002374630
2003010002374631
2003010002374632
2003010002374633
2003010002374634
2003010002374635
2003010002374636
2003010002374637
2003010002374638
2003010002374639
2003010002374640
2003010002374641
2003010002374642
2003010002374643
2003010002374644
2003010002374645
2003010002374646
2003010002374647
2003010002374648
2003010002374649
2003010002374650
2003010002374651
2003010002374652
2003010002374653
2003010002374654
2003010002374655
2003010002374656
2003010002374657
2003010002374658
2003010002374659
2003010002374660
2003010002374661
2003010002374662
2003010002374663
2003010002374664
2003010002374665
2003010002374666
2003010002374667
2003010002374668
2003010002374669
2003010002374670
2003010002374671
2003010002374672
2003010002374673
2003010002374674
2003010002374675
2003010002374676
2003010002374677
2003010002374678
2003010002374679
2003010002374680
2003010002374681
2003010002374682
2003010002374683
2003010002374684
2003010002374685
2003010002374686
2003010002374687
2003010002374688
2003010002374689
2003010002374690
2003010002374691
2003010002374692
2003010002374693
2003010002374694
2003010002374695
2003010002374696
2003010002374697
2003010002374698
2003010002374699
2003010002374700
2003010002374701
2003010002374702
2003010002374703
2003010002374704
2003010002374705
2003010002374706
2003010002374707
2003010002374708
2003010002374709
2003010002374710
2003010002374711
2003010002374712
2003010002374713
2003010002374714
2003010002374715
2003010002374716
2003010002374717
2003010002374718
2003010002374719
2003010002374720
2003010002374721
2003010002374722
2003010002374723
2003010002374724
2003010002374725
2003010002374726
2003010002374727
2003010002374728
2003010002374729
2003010002374730
2003010002374731
2003010002374732
2003010002374733
2003010002374734
2003010002374735
2003010002374736
2003010002374737
2003010002374738
2003010002374739
2003010002374740
2003010002374741
2003010002374742
2003010002374743
2003010002374744
2003010002374745
2003010002374746
2003010002374747
2003010002374748
2003010002374749
2003010002374750
2003010002374751
2003010002374752
2003010002374753
2003010002374754
2003010002374755
2003010002374756
2003010002374757
2003010002374758
2003010002374759
2003010002374760
2003010002374761
2003010002374762
2003010002374763
2003010002374764
2003010002374765
2003010002374766
2003010002374767
2003010002374768
2003010002374769
2003010002374770
2003010002374771
2003010002374772
2003010002374773
2003010002374774
2003010002374775
2003010002374776
2003010002374777
2003010002374778
2003010002374779
2003010002374780
2003010002374781
2003010002374782
2003010002374783
2003010002374784
2003010002374785
2003010002374786
2003010002374787
2003010002374788
2003010002374789
2003010002374790
2003010002374791
2003010002374792
2003010002374793
2003010002374794
2003010002374795
2003010002374796
2003010002374797
2003010002374798
2003010002374799
2003010002374800
2003010002374801
2003010002374802
2003010002374803
2003010002374804
2003010002374805
2003010002374806
2003010002374807
2003010002374808
2003010002374809
2003010002374810
2003010002374811
2003010002374812
2003010002374813
2003010002374814
2003010002374815
2003010002374816
2003010002374817
2003010002374818
2003010002374819
2003010002374820
2003010002374821
2003010002374822
2003010002374823
2003010002374824
2003010002374825
2003010002374826
2003010002374827
2003010002374828
2003010002374829
2003010002374830
2003010002374831
2003010002374832
2003010002374833
2003010002374834
2003010002374835
2003010002374836
2003010002374837
2003010002374838
2003010002374839
2003010002374840
2003010002374841
2003010002374842
2003010002374843
2003010002374844
2003010002374845
2003010002374846
2003010002374847
2003010002374848
2003010002374849
2003010002374850
2003010002374851
2003010002374852
2003010002374853
2003010002374854
2003010002374855
2003010002374856
2003010002374857
2003010002374858
2003010002374859
2003010002374860
2003010002374861
2003010002374862
2003010002374863
2003010002374864
2003010002374865
2003010002374866
2003010002374867
2003010002374868
2003010002374869
2003010002374870
2003010002374871
2003010002374872
2003010002374873
2003010002374874
2003010002374875
2003010002374876
2003010002374877
2003010002374878
2003010002374879
2003010002374880
2003010002374881
2003010002374882
2003010002374883
2003010002374884
2003010002374885
2003010002374886
2003010002374887
2003010002374888
2003010002374889
2003010002374890
2003010002374891
2003010002374892
2003010002374893
2003010002374894
2003010002374895
2003010002374896
2003010002374897
2003010002374898
2003010002374899
2003010002374900
2003010002374901
2003010002374902
2003010002374903
2003010002374904
2003010002374905
2003010002374906
2003010002374907
2003010002374908
2003010002374909
2003010002374910
2003010002374911
2003010002374912
2003010002374913
2003010002374914
2003010002374915
2003010002374916
2003010002374917
2003010002374918
2003010002374919
2003010002374920
2003010002374921
2003010002374922
2003010002374923
2003010002374924
2003010002374925
2003010002374926
2003010002374927
2003010002374928
2003010002374929
2003010002374930
2003010002374931
2003010002374932
2003010002374933
2003010002374934
2003010002374935
2003010002374936
2003010002374937
2003010002374938
2003010002374939
2003010002374940
2003010002374941
2003010002374942
2003010002374943
2003010002374944
2003010002374945
2003010002374946
2003010002374947
2003010002374948
2003010002374949
2003010002374950
2003010002374951
2003010002374952
2003010002374953
2003010002374954
2003010002374955
2003010002374956
2003010002374957
2003010002374958
2003010002374959
2003010002374960
2003010002374961
2003010002374962
2003010002374963
2003010002374964
2003010002374965
2003010002374966
2003010002374967
2003010002374968
2003010002374969
2003010002374970
2003010002374971
2003010002374972
2003010002374973
2003010002374974
2003010002374975
2003010002374976
2003010002374977
2003010002374978
2003010002374979
2003010002374980
2003010002374981
2003010002374982
2003010002374983
2003010002374984
2003010002374985
2003010002374986
2003010002374987
2003010002374988
2003010002374989
2003010002374990
2003010002374991
2003010002374992
2003010002374993
2003010002374994
2003010002374995
2003010002374996
2003010002374997
2003010002374998
2003010002374999
2003010002375000
2003010002375001
2003010002375002
2003010002375003
2003010002375004
2003010002375005
2003010002375006
2003010002375007
2003010002375008
2003010002375009
2003010002375010
2003010002375011
2003010002375012
2003010002375013
2003010002375014
2003010002375015
2003010002375016
2003010002375017
2003010002375018
2003010002375019
2003010002375020
2003010002375021
2003010002375022
2003010002375023
2003010002375024
2003010002375025
2003010002375026
2003010002375027
2003010002375028
2003010002375029
2003010002375030
2003010002375031
2003010002375032
2003010002375033
2003010002375034
2003010002375035
2003010002375036
2003010002375037
2003010002375038
2003010002375039
2003010002375040
2003010002375041
2003010002375042
2003010002375043
2003010002375044
2003010002375045
2003010002375046
2003010002375047
2003010002375048
2003010002375049
2003010002375050
2003010002375051
2003010002375052
2003010002375053
2003010002375054
2003010002375055
2003010002375056
2003010002375057
2003010002375058
2003010002375059
2003010002375060
2003010002375061
2003010002375062
2003010002375063
2003010002375064
2003010002375065
2003010002375066
2003010002375067
2003010002375068
2003010002375069
2003010002375070
2003010002375071
2003010002375072
2003010002375073
2003010002375074
2003010002375075
2003010002375076
2003010002375077
2003010002375078
2003010002375079
2003010002375080
2003010002375081
2003010002375082
2003010002375083
2003010002375084
2003010002375085
2003010002375086
2003010002375087
2003010002375088
2003010002375089
2003010002375090
2003010002375091
2003010002375092
2003010002375093
2003010002375094
2003010002375095
2003010002375096
2003010002375097
2003010002375098
2003010002375099
2003010002375100
2003010002375101
2003010002375102
2003010002375103
2003010002375104
2003010002375105
2003010002375106
2003010002375107
2003010002375108
2003010002375109
2003010002375110
2003010002375111
2003010002375112
2003010002375113
2003010002375114
2003010002375115
2003010002375116
2003010002375117
2003010002375118
2003010002375119
2003010002375120
2003010002375121
2003010002375122
2003010002375123
2003010002375124
2003010002375125
2003010002375126
2003010002375127
2003010002375128
2003010002375129
2003010002375130
2003010002375131
2003010002375132
2003010002375133
2003010002375134
2003010002375135
2003010002375136
2003010002375137
2003010002375138
2003010002375139
2003010002375140
2003010002375141
2003010002375142
2003010002375143
2003010002375144
2003010002375145
2003010002375146
2003010002375147
2003010002375148
2003010002375149
2003010002375150
2003010002375151
2003010002375152
2003010002375153
2003010002375154
2003010002375155
2003010002375156
2003010002375157
2003010002375158
2003010002375159
2003010002375160
2003010002375161
2003010002375162
2003010002375163
2003010002375164
2003010002375165
2003010002375166
2003010002375167
2003010002375168
2003010002375169
2003010002375170
2003010002375171
2003010002375172
2003010002375173
2003010002375174
2003010002375175
2003010002375176
2003010002375177
2003010002375178
2003010002375179
2003010002375180
2003010002375181
2003010002375182
2003010002375183
2003010002375184
2003010002375185
2003010002375186
2003010002375187
2003010002375188
2003010002375189
2003010002375190
2003010002375191
2003010002375192
2003010002375193
2003010002375194
2003010002375195
2003010002375196
2003010002375197
2003010002375198
2003010002375199
2003010002375200
2003010002375201
2003010002375202
2003010002375203
2003010002375204
2003010002375205
2003010002375206
2003010002375207
2003010002375208
2003010002375209
2003010002375210
2003010002375211
2003010002375212
2003010002375213
2003010002375214
2003010002375215
2003010002375216
2003010002375217
2003010002375218
2003010002375219
2003010002375220
2003010002375221
2003010002375222
2003010002375223
2003010002375224
2003010002375225
2003010002375226
2003010002375227
2003010002375228
2003010002375229
2003010002375230
2003010002375231
2003010002375232
2003010002375233
2003010002375234
2003010002375235
2003010002375236
2003010002375237
2003010002375238
2003010002375239
2003010002375240
2003010002375241
2003010002375242
2003010002375243
2003010002375244
2003010002375245
2003010002375246
2003010002375247
2003010002375248
2003010002375249
2003010002375250
2003010002375251
2003010002375252
2003010002375253
2003010002375254
2003010002375255
2003010002375256
2003010002375257
2003010002375258
2003010002375259
2003010002375260
2003010002375261
2003010002375262
2003010002375263
2003010002375264
2003010002375265
2003010002375266
2003010002375267
2003010002375268
2003010002375269
2003010002375270
2003010002375271
2003010002375272
2003010002375273
2003010002375274
2003010002375275
2003010002375276
2003010002375277
2003010002375278
2003010002375279
2003010002375280
2003010002375281
2003010002375282
2003010002375283
2003010002375284
2003010002375285
2003010002375286
2003010002375287
2003010002375288
2003010002375289
2003010002375290
2003010002375291
2003010002375292
2003010002375293
2003010002375294
2003010002375295
2003010002375296
2003010002375297
2003010002375298
2003010002375299
2003010002375300
2003010002375301
2003010002375302
2003010002375303
2003010002375304
2003010002375305
2003010002375306
2003010002375307
2003010002375308
2003010002375309
2003010002375310
2003010002375311
2003010002375312
2003010002375313
2003010002375314
2003010002375315
2003010002375316
2003010002375317
2003010002375318
2003010002375319
2003010002375320
2003010002375321
2003010002375322
2003010002375323
2003010002375324
2003010002375325
2003010002375326
2003010002375327
2003010002375328
2003010002375329
2003010002375330
2003010002375331
2003010002375332
2003010002375333
2003010002375334
2003010002375335
2003010002375336
2003010002375337
2003010002375338
2003010002375339
2003010002375340
2003010002375341
2003010002375342
2003010002375343
2003010002375344
2003010002375345
2003010002375346
2003010002375347
2003010002375348
2003010002375349
2003010002375350
2003010002375351
2003010002375352
2003010002375353
2003010002375354
2003010002375355
2003010002375356
2003010002375357
2003010002375358
2003010002375359
2003010002375360
2003010002375361
2003010002375362
2003010002375363
2003010002375364
2003010002375365
2003010002375366
2003010002375367
2003010002375368
2003010002375369
2003010002375370
2003010002375371
2003010002375372
2003010002375373
2003010002375374
2003010002375375
2003010002375376
2003010002375377
2003010002375378
2003010002375379
2003010002375380
2003010002375381
2003010002375382
2003010002375383
2003010002375384
2003010002375385
2003010002375386
2003010002375387
2003010002375388
2003010002375389
2003010002375390
2003010002375391
2003010002375392
2003010002375393
2003010002375394
2003010002375395
2003010002375396
2003010002375397
2003010002375398
2003010002375399
2003010002375400
2003010002375401
2003010002375402
2003010002375403
2003010002375404
2003010002375405
2003010002375406
2003010002375407
2003010002375408
2003010002375409
2003010002375410
2003010002375411
2003010002375412
2003010002375413
2003010002375414
2003010002375415
2003010002375416
2003010002375417
2003010002375418
2003010002375419
2003010002375420
2003010002375421
2003010002375422
2003010002375423
2003010002375424
2003010002375425
2003010002375426
2003010002375427
2003010002375428
2003010002375429
2003010002375430
2003010002375431
2003010002375432
2003010002375433
2003010002375434
2003010002375435
2003010002375436
2003010002375437
2003010002375438
2003010002375439
2003010002375440
2003010002375441
2003010002375442
2003010002375443
2003010002375444
2003010002375445
2003010002375446
2003010002375447
2003010002375448
2003010002375449
2003010002375450
2003010002375451
2003010002375452
2003010002375453
2003010002375454
2003010002375455
2003010002375456
2003010002375457
2003010002375458
2003010002375459
2003010002375460
2003010002375461
2003010002375462
2003010002375463
2003010002375464
2003010002375465
2003010002375466
2003010002375467
2003010002375468
2003010002375469
2003010002375470
2003010002375471
2003010002375472
2003010002375473
2003010002375474
2003010002375475
2003010002375476
2003010002375477
2003010002375478
2003010002375479
2003010002375480
2003010002375481
2003010002375482
2003010002375483
2003010002375484
2003010002375485
2003010002375486
2003010002375487
2003010002375488
2003010002375489
2003010002375490
2003010002375491
2003010002375492
2003010002375493
2003010002375494
2003010002375495
2003010002375496
2003010002375497
2003010002375498
2003010002375499
2003010002375500
2003010002375501
2003010002375502
2003010002375503
2003010002375504
2003010002375505
2003010002375506
2003010002375507
2003010002375508
2003010002375509
2003010002375510
2003010002375511
2003010002375512
2003010002375513
2003010002375514
2003010002375515
2003010002375516
2003010002375517
2003010002375518
2003010002375519
2003010002375520
2003010002375521
2003010002375522
2003010002375523
2003010002375524
2003010002375525
2003010002375526
2003010002375527
2003010002375528
2003010002375529
2003010002375530
2003010002375531
2003010002375532
2003010002375533
2003010002375534
2003010002375535
2003010002375536
2003010002375537
2003010002375538
2003010002375539
2003010002375540
2003010002375541
2003010002375542
2003010002375543
2003010002375544
2003010002375545
2003010002375546
2003010002375547
2003010002375548
2003010002375549
2003010002375550
2003010002375551
2003010002375552
2003010002375553
2003010002375554
2003010002375555
2003010002375556
2003010002375557
2003010002375558
2003010002375559
2003010002375560
2003010002375561
2003010002375562
2003010002375563
2003010002375564
2003010002375565
2003010002375566
2003010002375567
2003010002375568
2003010002375569
2003010002375570
2003010002375571
2003010002375572
2003010002375573
2003010002375574
2003010002375575
2003010002375576
2003010002375577
2003010002375578
2003010002375579
2003010002375580
2003010002375581
2003010002375582
2003010002375583
2003010002375584
2003010002375585
2003010002375586
2003010002375587
2003010002375588
2003010002375589
2003010002375590
2003010002375591
2003010002375592
2003010002375593
2003010002375594
2003010002375595
2003010002375596
2003010002375597
2003010002375598
2003010002375599
2003010002375600
2003010002375601
2003010002375602
2003010002375603
2003010002375604
2003010002375605
2003010002375606
2003010002375607
2003010002375608
2003010002375609
2003010002375610
2003010002375611
2003010002375612
2003010002375613
2003010002375614
2003010002375615
2003010002375616
2003010002375617
2003010002375618
2003010002375619
2003010002375620
2003010002375621
2003010002375622
2003010002375623
2003010002375624
2003010002375625
2003010002375626
2003010002375627
2003010002375628
2003010002375629
2003010002375630
2003010002375631
2003010002375632
2003010002375633
2003010002375634
2003010002375635
2003010002375636
2003010002375637
2003010002375638
2003010002375639
2003010002375640
2003010002375641
2003010002375642
2003010002375643
2003010002375644
2003010002375645
2003010002375646
2003010002375647
2003010002375648
2003010002375649
2003010002375650
2003010002375651
2003010002375652
2003010002375653
2003010002375654
2003010002375655
2003010002375656
2003010002375657
2003010002375658
2003010002375659
2003010002375660
2003010002375661
2003010002375662
2003010002375663
2003010002375664
2003010002375665
2003010002375666
2003010002375667
2003010002375668
2003010002375669
2003010002375670
2003010002375671
2003010002375672
2003010002375673
2003010002375674
2003010002375675
2003010002375676
2003010002375677
2003010002375678
2003010002375679
2003010002375680
2003010002375681
2003010002375682
2003010002375683
2003010002375684
2003010002375685
2003010002375686
2003010002375687
2003010002375688
2003010002375689
2003010002375690
2003010002375691
2003010002375692
2003010002375693
2003010002375694
2003010002375695
2003010002375696
2003010002375697
2003010002375698
2003010002375699
2003010002375700
2003010002375701
2003010002375702
2003010002375703
2003010002375704
2003010002375705
2003010002375706
2003010002375707
2003010002375708
2003010002375709
2003010002375710
2003010002375711
2003010002375712
2003010002375713
2003010002375714
2003010002375715
2003010002375716
2003010002375717
2003010002375718
2003010002375719
2003010002375720
2003010002375721
2003010002375722
2003010002375723
2003010002375724
2003010002375725
2003010002375726
2003010002375727
2003010002375728
2003010002375729
2003010002375730
2003010002375731
2003010002375732
2003010002375733
2003010002375734
2003010002375735
2003010002375736
2003010002375737
2003010002375738
2003010002375739
2003010002375740
2003010002375741
2003010002375742
2003010002375743
2003010002375744
2003010002375745
2003010002375746
2003010002375747
2003010002375748
2003010002375749
2003010002375750
2003010002375751
2003010002375752
2003010002375753
2003010002375754
2003010002375755
2003010002375756
2003010002375757
2003010002375758
2003010002375759
2003010002375760
2003010002375761
2003010002375762
2003010002375763
2003010002375764
2003010002375765
2003010002375766
2003010002375767
2003010002375768
2003010002375769
2003010002375770
2003010002375771
2003010002375772
2003010002375773
2003010002375774
2003010002375775
2003010002375776
2003010002375777
2003010002375778
2003010002375779
2003010002375780
2003010002375781
2003010002375782
2003010002375783
2003010002375784
2003010002375785
2003010002375786
2003010002375787
2003010002375788
2003010002375789
2003010002375790
2003010002375791
2003010002375792
2003010002375793
2003010002375794
2003010002375795
2003010002375796
2003010002375797
2003010002375798
2003010002375799
2003010002375800
2003010002375801
2003010002375802
2003010002375803
2003010002375804
2003010002375805
2003010002375806
2003010002375807
2003010002375808
2003010002375809
2003010002375810
2003010002375811
2003010002375812
2003010002375813
2003010002375814
2003010002375815
2003010002375816
2003010002375817
2003010002375818
2003010002375819
2003010002375820
2003010002375821
2003010002375822
2003010002375823
2003010002375824
2003010002375825
2003010002375826
2003010002375827
2003010002375828
2003010002375829
2003010002375830
2003010002375831
2003010002375832
2003010002375833
2003010002375834
2003010002375835
2003010002375836
2003010002375837
2003010002375838
2003010002375839
2003010002375840
2003010002375841
2003010002375842
2003010002375843
2003010002375844
2003010002375845
2003010002375846
2003010002375847
2003010002375848
2003010002375849
2003010002375850
2003010002375851
2003010002375852
2003010002375853
2003010002375854
2003010002375855
2003010002375856
2003010002375857
2003010002375858
2003010002375859
2003010002375860
2003010002375861
2003010002375862
2003010002375863
2003010002375864
2003010002375865
2003010002375866
2003010002375867
2003010002375868
2003010002375869
2003010002375870
2003010002375871
2003010002375872
2003010002375873
2003010002375874
2003010002375875
2003010002375876
2003010002375877
2003010002375878
2003010002375879
2003010002375880
2003010002375881
2003010002375882
2003010002375883
2003010002375884
2003010002375885
2003010002375886
2003010002375887
2003010002375888
2003010002375889
2003010002375890
2003010002375891
2003010002375892
2003010002375893
2003010002375894
2003010002375895
2003010002375896
2003010002375897
2003010002375898
2003010002375899
2003010002375900
2003010002375901
2003010002375902
2003010002375903
2003010002375904
2003010002375905
2003010002375906
2003010002375907
2003010002375908
2003010002375909
2003010002375910
2003010002375911
2003010002375912
2003010002375913
2003010002375914
2003010002375915
2003010002375916
2003010002375917
2003010002375918
2003010002375919
2003010002375920
2003010002375921
2003010002375922
2003010002375923
2003010002375924
2003010002375925
2003010002375926
2003010002375927
2003010002375928
2003010002375929
2003010002375930
2003010002375931
2003010002375932
2003010002375933
2003010002375934
2003010002375935
2003010002375936
2003010002375937
2003010002375938
2003010002375939
2003010002375940
2003010002375941
2003010002375942
2003010002375943
2003010002375944
2003010002375945
2003010002375946
2003010002375947
2003010002375948
2003010002375949
2003010002375950
2003010002375951
2003010002375952
2003010002375953
2003010002375954
2003010002375955
2003010002375956
2003010002375957
2003010002375958
2003010002375959
2003010002375960
2003010002375961
2003010002375962
2003010002375963
2003010002375964
2003010002375965
2003010002375966
2003010002375967
2003010002375968
2003010002375969
2003010002375970
2003010002375971
2003010002375972
2003010002375973
2003010002375974
2003010002375975
2003010002375976
2003010002375977
2003010002375978
2003010002375979
2003010002375980
2003010002375981
2003010002375982
2003010002375983
2003010002375984
2003010002375985
2003010002375986
2003010002375987
2003010002375988
2003010002375989
2003010002375990
2003010002375991
2003010002375992
2003010002375993
2003010002375994
2003010002375995
2003010002375996
2003010002375997
2003010002375998
2003010002375999
2003010002376000
2003010002376001
2003010002376002
2003010002376003
2003010002376004
2003010002376005
2003010002376006
2003010002376007
2003010002376008
2003010002376009
2003010002376010
2003010002376011
2003010002376012
2003010002376013
2003010002376014
2003010002376015
2003010002376016
2003010002376017
2003010002376018
2003010002376019
2003010002376020
2003010002376021
2003010002376022
2003010002376023
2003010002376024
2003010002376025
2003010002376026
2003010002376027
2003010002376028
2003010002376029
2003010002376030
2003010002376031
2003010002376032
2003010002376033
2003010002376034
2003010002376035
2003010002376036
2003010002376037
2003010002376038
2003010002376039
2003010002376040
2003010002376041
2003010002376042
2003010002376043
2003010002376044
2003010002376045
2003010002376046
2003010002376047
2003010002376048
2003010002376049
2003010002376050
2003010002376051
2003010002376052
2003010002376053
2003010002376054
2003010002376055
2003010002376056
2003010002376057
2003010002376058
2003010002376059
2003010002376060
2003010002376061
2003010002376062
2003010002376063
2003010002376064
2003010002376065
2003010002376066
2003010002376067
2003010002376068
2003010002376069
2003010002376070
2003010002376071
2003010002376072
2003010002376073
2003010002376074
2003010002376075
2003010002376076
2003010002376077
2003010002376078
2003010002376079
2003010002376080
2003010002376081
2003010002376082
2003010002376083
2003010002376084
2003010002376085
2003010002376086
2003010002376087
2003010002376088
2003010002376089
2003010002376090
2003010002376091
2003010002376092
2003010002376093
2003010002376094
2003010002376095
2003010002376096
2003010002376097
2003010002376098
2003010002376099
2003010002376100
2003010002376101
2003010002376102
2003010002376103
2003010002376104
2003010002376105
2003010002376106
2003010002376107
2003010002376108
2003010002376109
2003010002376110
2003010002376111
2003010002376112
2003010002376113
2003010002376114
2003010002376115
2003010002376116
2003010002376117
2003010002376118
2003010002376119
2003010002376120
2003010002376121
2003010002376122
2003010002376123
2003010002376124
2003010002376125
2003010002376126
2003010002376127
2003010002376128
2003010002376129
2003010002376130
2003010002376131
2003010002376132
2003010002376133
2003010002376134
2003010002376135
2003010002376136
2003010002376137
2003010002376138
2003010002376139
2003010002376140
2003010002376141
2003010002376142
2003010002376143
2003010002376144
2003010002376145
2003010002376146
2003010002376147
2003010002376148
2003010002376149
2003010002376150
2003010002376151
2003010002376152
2003010002376153
2003010002376154
2003010002376155
2003010002376156
2003010002376157
2003010002376158
2003010002376159
2003010002376160
2003010002376161
2003010002376162
2003010002376163
2003010002376164
2003010002376165
2003010002376166
2003010002376167
2003010002376168
2003010002376169
2003010002376170
2003010002376171
2003010002376172
2003010002376173
2003010002376174
2003010002376175
2003010002376176
2003010002376177
2003010002376178
2003010002376179
2003010002376180
2003010002376181
2003010002376182
2003010002376183
2003010002376184
2003010002376185
2003010002376186
2003010002376187
2003010002376188
2003010002376189
2003010002376190
2003010002376191
2003010002376192
2003010002376193
2003010002376194
2003010002376195
2003010002376196
2003010002376197
2003010002376198
2003010002376199
2003010002376200
2003010002376201
2003010002376202
2003010002376203
2003010002376204
2003010002376205
2003010002376206
2003010002376207
2003010002376208
2003010002376209
2003010002376210
2003010002376211
2003010002376212
2003010002376213
2003010002376214
2003010002376215
2003010002376216
2003010002376217
2003010002376218
2003010002376219
2003010002376220
2003010002376221
2003010002376222
2003010002376223
2003010002376224
2003010002376225
2003010002376226
2003010002376227
2003010002376228
2003010002376229
2003010002376230
2003010002376231
2003010002376232
2003010002376233
2003010002376234
2003010002376235
2003010002376236
2003010002376237
2003010002376238
2003010002376239
2003010002376240
2003010002376241
2003010002376242
2003010002376243
2003010002376244
2003010002376245
2003010002376246
2003010002376247
2003010002376248
2003010002376249
2003010002376250
2003010002376251
2003010002376252
2003010002376253
2003010002376254
2003010002376255
2003010002376256
2003010002376257
2003010002376258
2003010002376259
2003010002376260
2003010002376261
2003010002376262
2003010002376263
2003010002376264
2003010002376265
2003010002376266
2003010002376267
2003010002376268
2003010002376269
2003010002376270
2003010002376271
2003010002376272
2003010002376273
2003010002376274
2003010002376275
2003010002376276
2003010002376277
2003010002376278
2003010002376279
2003010002376280
2003010002376281
2003010002376282
2003010002376283
2003010002376284
2003010002376285
2003010002376286
2003010002376287
2003010002376288
2003010002376289
2003010002376290
2003010002376291
2003010002376292
2003010002376293
2003010002376294
2003010002376295
2003010002376296
2003010002376297
2003010002376298
2003010002376299
2003010002376300
2003010002376301
2003010002376302
2003010002376303
2003010002376304
2003010002376305
2003010002376306
2003010002376307
2003010002376308
2003010002376309
2003010002376310
2003010002376311
2003010002376312
2003010002376313
2003010002376314
2003010002376315
2003010002376316
2003010002376317
2003010002376318
2003010002376319
2003010002376320
2003010002376321
2003010002376322
2003010002376323
2003010002376324
2003010002376325
2003010002376326
2003010002376327
2003010002376328
2003010002376329
2003010002376330
2003010002376331
2003010002376332
2003010002376333
2003010002376334
2003010002376335
2003010002376336
2003010002376337
2003010002376338
2003010002376339
2003010002376340
2003010002376341
2003010002376342
2003010002376343
2003010002376344
2003010002376345
2003010002376346
2003010002376347
2003010002376348
2003010002376349
2003010002376350
2003010002376351
2003010002376352
2003010002376353
2003010002376354
2003010002376355
2003010002376356
2003010002376357
2003010002376358
2003010002376359
2003010002376360
2003010002376361
2003010002376362
2003010002376363
2003010002376364
2003010002376365
2003010002376366
2003010002376367
2003010002376368
2003010002376369
2003010002376370
2003010002376371
2003010002376372
2003010002376373
2003010002376374
2003010002376375
2003010002376376
2003010002376377
2003010002376378
2003010002376379
2003010002376380
2003010002376381
2003010002376382
2003010002376383
2003010002376384
2003010002376385
2003010002376386
2003010002376387
2003010002376388
2003010002376389
2003010002376390
2003010002376391
2003010002376392
2003010002376393
2003010002376394
2003010002376395
2003010002376396
2003010002376397
2003010002376398
2003010002376399
2003010002376400
2003010002376401
2003010002376402
2003010002376403
2003010002376404
2003010002376405
2003010002376406
2003010002376407
2003010002376408
2003010002376409
2003010002376410
2003010002376411
2003010002376412
2003010002376413
2003010002376414
2003010002376415
2003010002376416
2003010002376417
2003010002376418
2003010002376419
2003010002376420
2003010002376421
2003010002376422
2003010002376423
2003010002376424
2003010002376425
2003010002376426
2003010002376427
2003010002376428
2003010002376429
2003010002376430
2003010002376431
2003010002376432
2003010002376433
2003010002376434
2003010002376435
2003010002376436
2003010002376437
2003010002376438
2003010002376439
2003010002376440
2003010002376441
2003010002376442
2003010002376443
2003010002376444
2003010002376445
2003010002376446
2003010002376447
2003010002376448
2003010002376449
2003010002376450
2003010002376451
2003010002376452
2003010002376453
2003010002376454
2003010002376455
2003010002376456
2003010002376457
2003010002376458
2003010002376459
2003010002376460
2003010002376461
2003010002376462
2003010002376463
2003010002376464
2003010002376465
2003010002376466
2003010002376467
2003010002376468
2003010002376469
2003010002376470
2003010002376471
2003010002376472
2003010002376473
2003010002376474
2003010002376475
2003010002376476
2003010002376477
2003010002376478
2003010002376479
2003010002376480
2003010002376481
2003010002376482
2003010002376483
2003010002376484
2003010002376485
2003010002376486
2003010002376487
2003010002376488
2003010002376489
2003010002376490
2003010002376491
2003010002376492
2003010002376493
2003010002376494
2003010002376495
2003010002376496
2003010002376497
2003010002376498
2003010002376499
2003010002376500
2003010002376501
2003010002376502
2003010002376503
2003010002376504
2003010002376505
2003010002376506
2003010002376507
2003010002376508
2003010002376509
2003010002376510
2003010002376511
2003010002376512
2003010002376513
2003010002376514
2003010002376515
2003010002376516
2003010002376517
2003010002376518
2003010002376519
2003010002376520
2003010002376521
2003010002376522
2003010002376523
2003010002376524
2003010002376525
2003010002376526
2003010002376527
2003010002376528
2003010002376529
2003010002376530
2003010002376531
2003010002376532
2003010002376533
2003010002376534
2003010002376535
2003010002376536
2003010002376537
2003010002376538
2003010002376539
2003010002376540
2003010002376541
2003010002376542
2003010002376543
2003010002376544
2003010002376545
2003010002376546
2003010002376547
2003010002376548
2003010002376549
2003010002376550
2003010002376551
2003010002376552
2003010002376553
2003010002376554
2003010002376555
2003010002376556
2003010002376557
2003010002376558
2003010002376559
2003010002376560
2003010002376561
2003010002376562
2003010002376563
2003010002376564
2003010002376565
2003010002376566
2003010002376567
2003010002376568
2003010002376569
2003010002376570
2003010002376571
2003010002376572
2003010002376573
2003010002376574
2003010002376575
2003010002376576
2003010002376577
2003010002376578
2003010002376579
2003010002376580
2003010002376581
2003010002376582
2003010002376583
2003010002376584
2003010002376585
2003010002376586
2003010002376587
2003010002376588
2003010002376589
2003010002376590
2003010002376591
2003010002376592
2003010002376593
2003010002376594
2003010002376595
2003010002376596
2003010002376597
2003010002376598
2003010002376599
2003010002376600
2003010002376601
2003010002376602
2003010002376603
2003010002376604
2003010002376605
2003010002376606
2003010002376607
2003010002376608
2003010002376609
2003010002376610
2003010002376611
2003010002376612
2003010002376613
2003010002376614
2003010002376615
2003010002376616
2003010002376617
2003010002376618
2003010002376619
2003010002376620
2003010002376621
2003010002376622
2003010002376623
2003010002376624
2003010002376625
2003010002376626
2003010002376627
2003010002376628
2003010002376629
2003010002376630
2003010002376631
2003010002376632
2003010002376633
2003010002376634
2003010002376635
2003010002376636
2003010002376637
2003010002376638
2003010002376639
2003010002376640
2003010002376641
2003010002376642
2003010002376643
2003010002376644
2003010002376645
2003010002376646
2003010002376647
2003010002376648
2003010002376649
2003010002376650
2003010002376651
2003010002376652
2003010002376653
2003010002376654
2003010002376655
2003010002376656
2003010002376657
2003010002376658
2003010002376659
2003010002376660
2003010002376661
2003010002376662
2003010002376663
2003010002376664
2003010002376665
2003010002376666
2003010002376667
2003010002376668
2003010002376669
2003010002376670
2003010002376671
2003010002376672
2003010002376673
2003010002376674
2003010002376675
2003010002376676
2003010002376677
2003010002376678
2003010002376679
2003010002376680
2003010002376681
2003010002376682
2003010002376683
2003010002376684
2003010002376685
2003010002376686
2003010002376687
2003010002376688
2003010002376689
2003010002376690
2003010002376691
2003010002376692
2003010002376693
2003010002376694
2003010002376695
2003010002376696
2003010002376697
2003010002376698
2003010002376699
2003010002376700
2003010002376701
2003010002376702
2003010002376703
2003010002376704
2003010002376705
2003010002376706
2003010002376707
2003010002376708
2003010002376709
2003010002376710
2003010002376711
2003010002376712
2003010002376713
2003010002376714
2003010002376715
2003010002376716
2003010002376717
2003010002376718
2003010002376719
2003010002376720
2003010002376721
2003010002376722
2003010002376723
2003010002376724
2003010002376725
2003010002376726
2003010002376727
2003010002376728
2003010002376729
2003010002376730
2003010002376731
2003010002376732
2003010002376733
2003010002376734
2003010002376735
2003010002376736
2003010002376737
2003010002376738
2003010002376739
2003010002376740
2003010002376741
2003010002376742
2003010002376743
2003010002376744
2003010002376745
2003010002376746
2003010002376747
2003010002376748
2003010002376749
2003010002376750
2003010002376751
2003010002376752
2003010002376753
2003010002376754
2003010002376755
2003010002376756
2003010002376757
2003010002376758
2003010002376759
2003010002376760
2003010002376761
2003010002376762
2003010002376763
2003010002376764
2003010002376765
2003010002376766
2003010002376767
2003010002376768
2003010002376769
2003010002376770
2003010002376771
2003010002376772
2003010002376773
2003010002376774
2003010002376775
2003010002376776
2003010002376777
2003010002376778
2003010002376779
2003010002376780
2003010002376781
2003010002376782
2003010002376783
2003010002376784
2003010002376785
2003010002376786
2003010002376787
2003010002376788
2003010002376789
2003010002376790
2003010002376791
2003010002376792
2003010002376793
2003010002376794
2003010002376795
2003010002376796
2003010002376797
2003010002376798
2003010002376799
2003010002376800
2003010002376801
2003010002376802
2003010002376803
2003010002376804
2003010002376805
2003010002376806
2003010002376807
2003010002376808
2003010002376809
2003010002376810
2003010002376811
2003010002376812
2003010002376813
2003010002376814
2003010002376815
2003010002376816
2003010002376817
2003010002376818
2003010002376819
2003010002376820
2003010002376821
2003010002376822
2003010002376823
2003010002376824
2003010002376825
2003010002376826
2003010002376827
2003010002376828
2003010002376829
2003010002376830
2003010002376831
2003010002376832
2003010002376833
2003010002376834
2003010002376835
2003010002376836
2003010002376837
2003010002376838
2003010002376839
2003010002376840
2003010002376841
2003010002376842
2003010002376843
2003010002376844
2003010002376845
2003010002376846
2003010002376847
2003010002376848
2003010002376849
2003010002376850
2003010002376851
2003010002376852
2003010002376853
2003010002376854
2003010002376855
2003010002376856
2003010002376857
2003010002376858
2003010002376859
2003010002376860
2003010002376861
2003010002376862
2003010002376863
2003010002376864
2003010002376865
2003010002376866
2003010002376867
2003010002376868
2003010002376869
2003010002376870
2003010002376871
2003010002376872
2003010002376873
2003010002376874
2003010002376875
2003010002376876
2003010002376877
2003010002376878
2003010002376879
2003010002376880
2003010002376881
2003010002376882
2003010002376883
2003010002376884
2003010002376885
2003010002376886
2003010002376887
2003010002376888
2003010002376889
2003010002376890
2003010002376891
2003010002376892
2003010002376893
2003010002376894
2003010002376895
2003010002376896
2003010002376897
2003010002376898
2003010002376899
2003010002376900
2003010002376901
2003010002376902
2003010002376903
2003010002376904
2003010002376905
2003010002376906
2003010002376907
2003010002376908
2003010002376909
2003010002376910
2003010002376911
2003010002376912
2003010002376913
2003010002376914
2003010002376915
2003010002376916
2003010002376917
2003010002376918
2003010002376919
2003010002376920
2003010002376921
2003010002376922
2003010002376923
2003010002376924
2003010002376925
2003010002376926
2003010002376927
2003010002376928
2003010002376929
2003010002376930
2003010002376931
2003010002376932
2003010002376933
2003010002376934
2003010002376935
2003010002376936
2003010002376937
2003010002376938
2003010002376939
2003010002376940
2003010002376941
2003010002376942
2003010002376943
2003010002376944
2003010002376945
2003010002376946
2003010002376947
2003010002376948
2003010002376949
2003010002376950
2003010002376951
2003010002376952
2003010002376953
2003010002376954
2003010002376955
2003010002376956
2003010002376957
2003010002376958
2003010002376959
2003010002376960
2003010002376961
2003010002376962
2003010002376963
2003010002376964
2003010002376965
2003010002376966
2003010002376967
2003010002376968
2003010002376969
2003010002376970
2003010002376971
2003010002376972
2003010002376973
2003010002376974
2003010002376975
2003010002376976
2003010002376977
2003010002376978
2003010002376979
2003010002376980
2003010002376981
2003010002376982
2003010002376983
2003010002376984
2003010002376985
2003010002376986
2003010002376987
2003010002376988
2003010002376989
2003010002376990
2003010002376991
2003010002376992
2003010002376993
2003010002376994
2003010002376995
2003010002376996
2003010002376997
2003010002376998
2003010002376999
2003010002377000
2003010002377001
2003010002377002
2003010002377003
2003010002377004
2003010002377005
2003010002377006
2003010002377007
2003010002377008
2003010002377009
2003010002377010
2003010002377011
2003010002377012
2003010002377013
2003010002377014
2003010002377015
2003010002377016
2003010002377017
2003010002377018
2003010002377019
2003010002377020
2003010002377021
2003010002377022
2003010002377023
2003010002377024
2003010002377025
2003010002377026
2003010002377027
2003010002377028
2003010002377029
2003010002377030
2003010002377031
2003010002377032
2003010002377033
2003010002377034
2003010002377035
2003010002377036
2003010002377037
2003010002377038
2003010002377039
2003010002377040
2003010002377041
2003010002377042
2003010002377043
2003010002377044
2003010002377045
2003010002377046
2003010002377047
2003010002377048
2003010002377049
2003010002377050
2003010002377051
2003010002377052
2003010002377053
2003010002377054
2003010002377055
2003010002377056
2003010002377057
2003010002377058
2003010002377059
2003010002377060
2003010002377061
2003010002377062
2003010002377063
2003010002377064
2003010002377065
2003010002377066
2003010002377067
2003010002377068
2003010002377069
2003010002377070
2003010002377071
2003010002377072
2003010002377073
2003010002377074
2003010002377075
2003010002377076
2003010002377077
2003010002377078
2003010002377079
2003010002377080
2003010002377081
2003010002377082
2003010002377083
2003010002377084
2003010002377085
2003010002377086
2003010002377087
2003010002377088
2003010002377089
2003010002377090
2003010002377091
2003010002377092
2003010002377093
2003010002377094
2003010002377095
2003010002377096
2003010002377097
2003010002377098
2003010002377099
2003010002377100
2003010002377101
2003010002377102
2003010002377103
2003010002377104
2003010002377105
2003010002377106
2003010002377107
2003010002377108
2003010002377109
2003010002377110
2003010002377111
2003010002377112
2003010002377113
2003010002377114
2003010002377115
2003010002377116
2003010002377117
2003010002377118
2003010002377119
2003010002377120
2003010002377121
2003010002377122
2003010002377123
2003010002377124
2003010002377125
2003010002377126
2003010002377127
2003010002377128
2003010002377129
2003010002377130
2003010002377131
2003010002377132
2003010002377133
2003010002377134
2003010002377135
2003010002377136
2003010002377137
2003010002377138
2003010002377139
2003010002377140
2003010002377141
2003010002377142
2003010002377143
2003010002377144
2003010002377145
2003010002377146
2003010002377147
2003010002377148
2003010002377149
2003010002377150
2003010002377151
2003010002377152
2003010002377153
2003010002377154
2003010002377155
2003010002377156
2003010002377157
2003010002377158
2003010002377159
2003010002377160
2003010002377161
2003010002377162
2003010002377163
2003010002377164
2003010002377165
2003010002377166
2003010002377167
2003010002377168
2003010002377169
2003010002377170
2003010002377171
2003010002377172
2003010002377173
2003010002377174
2003010002377175
2003010002377176
2003010002377177
2003010002377178
2003010002377179
2003010002377180
2003010002377181
2003010002377182
2003010002377183
2003010002377184
2003010002377185
2003010002377186
2003010002377187
2003010002377188
2003010002377189
2003010002377190
2003010002377191
2003010002377192
2003010002377193
2003010002377194
2003010002377195
2003010002377196
2003010002377197
2003010002377198
2003010002377199
2003010002377200
2003010002377201
2003010002377202
2003010002377203
2003010002377204
2003010002377205
2003010002377206
2003010002377207
2003010002377208
2003010002377209
2003010002377210
2003010002377211
2003010002377212
2003010002377213
2003010002377214
2003010002377215
2003010002377216
2003010002377217
2003010002377218
2003010002377219
2003010002377220
2003010002377221
2003010002377222
2003010002377223
2003010002377224
2003010002377225
2003010002377226
2003010002377227
2003010002377228
2003010002377229
2003010002377230
2003010002377231
2003010002377232
2003010002377233
2003010002377234
2003010002377235
2003010002377236
2003010002377237
2003010002377238
2003010002377239
2003010002377240
2003010002377241
2003010002377242
2003010002377243
2003010002377244
2003010002377245
2003010002377246
2003010002377247
2003010002377248
2003010002377249
2003010002377250
2003010002377251
2003010002377252
2003010002377253
2003010002377254
2003010002377255
2003010002377256
2003010002377257
2003010002377258
2003010002377259
2003010002377260
2003010002377261
2003010002377262
2003010002377263
2003010002377264
2003010002377265
2003010002377266
2003010002377267
2003010002377268
2003010002377269
2003010002377270
2003010002377271
2003010002377272
2003010002377273
2003010002377274
2003010002377275
2003010002377276
2003010002377277
2003010002377278
2003010002377279
2003010002377280
2003010002377281
2003010002377282
2003010002377283
2003010002377284
2003010002377285
2003010002377286
2003010002377287
2003010002377288
2003010002377289
2003010002377290
2003010002377291
2003010002377292
2003010002377293
2003010002377294
2003010002377295
2003010002377296
2003010002377297
2003010002377298
2003010002377299
2003010002377300
2003010002377301
2003010002377302
2003010002377303
2003010002377304
2003010002377305
2003010002377306
2003010002377307
2003010002377308
2003010002377309
2003010002377310
2003010002377311
2003010002377312
2003010002377313
2003010002377314
2003010002377315
2003010002377316
2003010002377317
2003010002377318
2003010002377319
2003010002377320
2003010002377321
2003010002377322
2003010002377323
2003010002377324
2003010002377325
2003010002377326
2003010002377327
2003010002377328
2003010002377329
2003010002377330
2003010002377331
2003010002377332
2003010002377333
2003010002377334
2003010002377335
2003010002377336
2003010002377337
2003010002377338
2003010002377339
2003010002377340
2003010002377341
2003010002377342
2003010002377343
2003010002377344
2003010002377345
2003010002377346
2003010002377347
2003010002377348
2003010002377349
2003010002377350
2003010002377351
2003010002377352
2003010002377353
2003010002377354
2003010002377355
2003010002377356
2003010002377357
2003010002377358
2003010002377359
2003010002377360
2003010002377361
2003010002377362
2003010002377363
2003010002377364
2003010002377365
2003010002377366
2003010002377367
2003010002377368
2003010002377369
2003010002377370
2003010002377371
2003010002377372
2003010002377373
2003010002377374
2003010002377375
2003010002377376
2003010002377377
2003010002377378
2003010002377379
2003010002377380
2003010002377381
2003010002377382
2003010002377383
2003010002377384
2003010002377385
2003010002377386
2003010002377387
2003010002377388
2003010002377389
2003010002377390
2003010002377391
2003010002377392
2003010002377393
2003010002377394
2003010002377395
2003010002377396
2003010002377397
2003010002377398
2003010002377399
2003010002377400
2003010002377401
2003010002377402
2003010002377403
2003010002377404
2003010002377405
2003010002377406
2003010002377407
2003010002377408
2003010002377409
2003010002377410
2003010002377411
2003010002377412
2003010002377413
2003010002377414
2003010002377415
2003010002377416
2003010002377417
2003010002377418
2003010002377419
2003010002377420
2003010002377421
2003010002377422
2003010002377423
2003010002377424
2003010002377425
2003010002377426
2003010002377427
2003010002377428
2003010002377429
2003010002377430
2003010002377431
2003010002377432
2003010002377433
2003010002377434
2003010002377435
2003010002377436
2003010002377437
2003010002377438
2003010002377439
2003010002377440
2003010002377441
2003010002377442
2003010002377443
2003010002377444
2003010002377445
2003010002377446
2003010002377447
2003010002377448
2003010002377449
2003010002377450
2003010002377451
2003010002377452
2003010002377453
2003010002377454
2003010002377455
2003010002377456
2003010002377457
2003010002377458
2003010002377459
2003010002377460
2003010002377461
2003010002377462
2003010002377463
2003010002377464
2003010002377465
2003010002377466
2003010002377467
2003010002377468
2003010002377469
2003010002377470
2003010002377471
2003010002377472
2003010002377473
2003010002377474
2003010002377475
2003010002377476
2003010002377477
2003010002377478
2003010002377479
2003010002377480
2003010002377481
2003010002377482
2003010002377483
2003010002377484
2003010002377485
2003010002377486
2003010002377487
2003010002377488
2003010002377489
2003010002377490
2003010002377491
2003010002377492
2003010002377493
2003010002377494
2003010002377495
2003010002377496
2003010002377497
2003010002377498
2003010002377499
2003010002377500
2003010002377501
2003010002377502
2003010002377503
2003010002377504
2003010002377505
2003010002377506
2003010002377507
2003010002377508
2003010002377509
2003010002377510
2003010002377511
2003010002377512
2003010002377513
2003010002377514
2003010002377515
2003010002377516
2003010002377517
2003010002377518
2003010002377519
2003010002377520
2003010002377521
2003010002377522
2003010002377523
2003010002377524
2003010002377525
2003010002377526
2003010002377527
2003010002377528
2003010002377529
2003010002377530
2003010002377531
2003010002377532
2003010002377533
2003010002377534
2003010002377535
2003010002377536
2003010002377537
2003010002377538
2003010002377539
2003010002377540
2003010002377541
2003010002377542
2003010002377543
2003010002377544
2003010002377545
2003010002377546
2003010002377547
2003010002377548
2003010002377549
2003010002377550
2003010002377551
2003010002377552
2003010002377553
2003010002377554
2003010002377555
2003010002377556
2003010002377557
2003010002377558
2003010002377559
2003010002377560
2003010002377561
2003010002377562
2003010002377563
2003010002377564
2003010002377565
2003010002377566
2003010002377567
2003010002377568
2003010002377569
2003010002377570
2003010002377571
2003010002377572
2003010002377573
2003010002377574
2003010002377575
2003010002377576
2003010002377577
2003010002377578
2003010002377579
2003010002377580
2003010002377581
2003010002377582
2003010002377583
2003010002377584
2003010002377585
2003010002377586
2003010002377587
2003010002377588
2003010002377589
2003010002377590
2003010002377591
2003010002377592
2003010002377593
2003010002377594
2003010002377595
2003010002377596
2003010002377597
2003010002377598
2003010002377599
2003010002377600
2003010002377601
2003010002377602
2003010002377603
2003010002377604
2003010002377605
2003010002377606
2003010002377607
2003010002377608
2003010002377609
2003010002377610
2003010002377611
2003010002377612
2003010002377613
2003010002377614
2003010002377615
2003010002377616
2003010002377617
2003010002377618
2003010002377619
2003010002377620
2003010002377621
2003010002377622
2003010002377623
2003010002377624
2003010002377625
2003010002377626
2003010002377627
2003010002377628
2003010002377629
2003010002377630
2003010002377631
2003010002377632
2003010002377633
2003010002377634
2003010002377635
2003010002377636
2003010002377637
2003010002377638
2003010002377639
2003010002377640
2003010002377641
2003010002377642
2003010002377643
2003010002377644
2003010002377645
2003010002377646
2003010002377647
2003010002377648
2003010002377649
2003010002377650
2003010002377651
2003010002377652
2003010002377653
2003010002377654
2003010002377655
2003010002377656
2003010002377657
2003010002377658
2003010002377659
2003010002377660
2003010002377661
2003010002377662
2003010002377663
2003010002377664
2003010002377665
2003010002377666
2003010002377667
2003010002377668
2003010002377669
2003010002377670
2003010002377671
2003010002377672
2003010002377673
2003010002377674
2003010002377675
2003010002377676
2003010002377677
2003010002377678
2003010002377679
2003010002377680
2003010002377681
2003010002377682
2003010002377683
2003010002377684
2003010002377685
2003010002377686
2003010002377687
2003010002377688
2003010002377689
2003010002377690
2003010002377691
2003010002377692
2003010002377693
2003010002377694
2003010002377695
2003010002377696
2003010002377697
2003010002377698
2003010002377699
2003010002377700
2003010002377701
2003010002377702
2003010002377703
2003010002377704
2003010002377705
2003010002377706
2003010002377707
2003010002377708
2003010002377709
2003010002377710
2003010002377711
2003010002377712
2003010002377713
2003010002377714
2003010002377715
2003010002377716
2003010002377717
2003010002377718
2003010002377719
2003010002377720
2003010002377721
2003010002377722
2003010002377723
2003010002377724
2003010002377725
2003010002377726
2003010002377727
2003010002377728
2003010002377729
2003010002377730
2003010002377731
2003010002377732
2003010002377733
2003010002377734
2003010002377735
2003010002377736
2003010002377737
2003010002377738
2003010002377739
2003010002377740
2003010002377741
2003010002377742
2003010002377743
2003010002377744
2003010002377745
2003010002377746
2003010002377747
2003010002377748
2003010002377749
2003010002377750
2003010002377751
2003010002377752
2003010002377753
2003010002377754
2003010002377755
2003010002377756
2003010002377757
2003010002377758
2003010002377759
2003010002377760
2003010002377761
2003010002377762
2003010002377763
2003010002377764
2003010002377765
2003010002377766
2003010002377767
2003010002377768
2003010002377769
2003010002377770
2003010002377771
2003010002377772
2003010002377773
2003010002377774
2003010002377775
2003010002377776
2003010002377777
2003010002377778
2003010002377779
2003010002377780
2003010002377781
2003010002377782
2003010002377783
2003010002377784
2003010002377785
2003010002377786
2003010002377787
2003010002377788
2003010002377789
2003010002377790
2003010002377791
2003010002377792
2003010002377793
2003010002377794
2003010002377795
2003010002377796
2003010002377797
2003010002377798
2003010002377799
2003010002377800
2003010002377801
2003010002377802
2003010002377803
2003010002377804
2003010002377805
2003010002377806
2003010002377807
2003010002377808
2003010002377809
2003010002377810
2003010002377811
2003010002377812
2003010002377813
2003010002377814
2003010002377815
2003010002377816
2003010002377817
2003010002377818
2003010002377819
2003010002377820
2003010002377821
2003010002377822
2003010002377823
2003010002377824
2003010002377825
2003010002377826
2003010002377827
2003010002377828
2003010002377829
2003010002377830
2003010002377831
2003010002377832
2003010002377833
2003010002377834
2003010002377835
2003010002377836
2003010002377837
2003010002377838
2003010002377839
2003010002377840
2003010002377841
2003010002377842
2003010002377843
2003010002377844
2003010002377845
2003010002377846
2003010002377847
2003010002377848
2003010002377849
2003010002377850
2003010002377851
2003010002377852
2003010002377853
2003010002377854
2003010002377855
2003010002377856
2003010002377857
2003010002377858
2003010002377859
2003010002377860
2003010002377861
2003010002377862
2003010002377863
2003010002377864
2003010002377865
2003010002377866
2003010002377867
2003010002377868
2003010002377869
2003010002377870
2003010002377871
2003010002377872
2003010002377873
2003010002377874
2003010002377875
2003010002377876
2003010002377877
2003010002377878
2003010002377879
2003010002377880
2003010002377881
2003010002377882
2003010002377883
2003010002377884
2003010002377885
2003010002377886
2003010002377887
2003010002377888
2003010002377889
2003010002377890
2003010002377891
2003010002377892
2003010002377893
2003010002377894
2003010002377895
2003010002377896
2003010002377897
2003010002377898
2003010002377899
2003010002377900
2003010002377901
2003010002377902
2003010002377903
2003010002377904
2003010002377905
2003010002377906
2003010002377907
2003010002377908
2003010002377909
2003010002377910
2003010002377911
2003010002377912
2003010002377913
2003010002377914
2003010002377915
2003010002377916
2003010002377917
2003010002377918
2003010002377919
2003010002377920
2003010002377921
2003010002377922
2003010002377923
2003010002377924
2003010002377925
2003010002377926
2003010002377927
2003010002377928
2003010002377929
2003010002377930
2003010002377931
2003010002377932
2003010002377933
2003010002377934
2003010002377935
2003010002377936
2003010002377937
2003010002377938
2003010002377939
2003010002377940
2003010002377941
2003010002377942
2003010002377943
2003010002377944
2003010002377945
2003010002377946
2003010002377947
2003010002377948
2003010002377949
2003010002377950
2003010002377951
2003010002377952
2003010002377953
2003010002377954
2003010002377955
2003010002377956
2003010002377957
2003010002377958
2003010002377959
2003010002377960
2003010002377961
2003010002377962
2003010002377963
2003010002377964
2003010002377965
2003010002377966
2003010002377967
2003010002377968
2003010002377969
2003010002377970
2003010002377971
2003010002377972
2003010002377973
2003010002377974
2003010002377975
2003010002377976
2003010002377977
2003010002377978
2003010002377979
2003010002377980
2003010002377981
2003010002377982
2003010002377983
2003010002377984
2003010002377985
2003010002377986
2003010002377987
2003010002377988
2003010002377989
2003010002377990
2003010002377991
2003010002377992
2003010002377993
2003010002377994
2003010002377995
2003010002377996
2003010002377997
2003010002377998
2003010002377999
2003010002378000
2003010002378001
2003010002378002
2003010002378003
2003010002378004
2003010002378005
2003010002378006
2003010002378007
2003010002378008
2003010002378009
2003010002378010
2003010002378011
2003010002378012
2003010002378013
2003010002378014
2003010002378015
2003010002378016
2003010002378017
2003010002378018
2003010002378019
2003010002378020
2003010002378021
2003010002378022
2003010002378023
2003010002378024
2003010002378025
2003010002378026
2003010002378027
2003010002378028
2003010002378029
2003010002378030
2003010002378031
2003010002378032
2003010002378033
2003010002378034
2003010002378035
2003010002378036
2003010002378037
2003010002378038
2003010002378039
2003010002378040
2003010002378041
2003010002378042
2003010002378043
2003010002378044
2003010002378045
2003010002378046
2003010002378047
2003010002378048
2003010002378049
2003010002378050
2003010002378051
2003010002378052
2003010002378053
2003010002378054
2003010002378055
2003010002378056
2003010002378057
2003010002378058
2003010002378059
2003010002378060
2003010002378061
2003010002378062
2003010002378063
2003010002378064
2003010002378065
2003010002378066
2003010002378067
2003010002378068
2003010002378069
2003010002378070
2003010002378071
2003010002378072