2003010002448073
2003010002448074
2003010002448075
2003010002448076
2003010002448077
2003010002448078
2003010002448079
2003010002448080
2003010002448081
2003010002448082
2003010002448083
2003010002448084
2003010002448085
2003010002448086
2003010002448087
2003010002448088
2003010002448089
2003010002448090
2003010002448091
2003010002448092
2003010002448093
2003010002448094
2003010002448095
2003010002448096
2003010002448097
2003010002448098
2003010002448099
2003010002448100
2003010002448101
2003010002448102
2003010002448103
2003010002448104
2003010002448105
2003010002448106
2003010002448107
2003010002448108
2003010002448109
2003010002448110
2003010002448111
2003010002448112
2003010002448113
2003010002448114
2003010002448115
2003010002448116
2003010002448117
2003010002448118
2003010002448119
2003010002448120
2003010002448121
2003010002448122
2003010002448123
2003010002448124
2003010002448125
2003010002448126
2003010002448127
2003010002448128
2003010002448129
2003010002448130
2003010002448131
2003010002448132
2003010002448133
2003010002448134
2003010002448135
2003010002448136
2003010002448137
2003010002448138
2003010002448139
2003010002448140
2003010002448141
2003010002448142
2003010002448143
2003010002448144
2003010002448145
2003010002448146
2003010002448147
2003010002448148
2003010002448149
2003010002448150
2003010002448151
2003010002448152
2003010002448153
2003010002448154
2003010002448155
2003010002448156
2003010002448157
2003010002448158
2003010002448159
2003010002448160
2003010002448161
2003010002448162
2003010002448163
2003010002448164
2003010002448165
2003010002448166
2003010002448167
2003010002448168
2003010002448169
2003010002448170
2003010002448171
2003010002448172
2003010002448173
2003010002448174
2003010002448175
2003010002448176
2003010002448177
2003010002448178
2003010002448179
2003010002448180
2003010002448181
2003010002448182
2003010002448183
2003010002448184
2003010002448185
2003010002448186
2003010002448187
2003010002448188
2003010002448189
2003010002448190
2003010002448191
2003010002448192
2003010002448193
2003010002448194
2003010002448195
2003010002448196
2003010002448197
2003010002448198
2003010002448199
2003010002448200
2003010002448201
2003010002448202
2003010002448203
2003010002448204
2003010002448205
2003010002448206
2003010002448207
2003010002448208
2003010002448209
2003010002448210
2003010002448211
2003010002448212
2003010002448213
2003010002448214
2003010002448215
2003010002448216
2003010002448217
2003010002448218
2003010002448219
2003010002448220
2003010002448221
2003010002448222
2003010002448223
2003010002448224
2003010002448225
2003010002448226
2003010002448227
2003010002448228
2003010002448229
2003010002448230
2003010002448231
2003010002448232
2003010002448233
2003010002448234
2003010002448235
2003010002448236
2003010002448237
2003010002448238
2003010002448239
2003010002448240
2003010002448241
2003010002448242
2003010002448243
2003010002448244
2003010002448245
2003010002448246
2003010002448247
2003010002448248
2003010002448249
2003010002448250
2003010002448251
2003010002448252
2003010002448253
2003010002448254
2003010002448255
2003010002448256
2003010002448257
2003010002448258
2003010002448259
2003010002448260
2003010002448261
2003010002448262
2003010002448263
2003010002448264
2003010002448265
2003010002448266
2003010002448267
2003010002448268
2003010002448269
2003010002448270
2003010002448271
2003010002448272
2003010002448273
2003010002448274
2003010002448275
2003010002448276
2003010002448277
2003010002448278
2003010002448279
2003010002448280
2003010002448281
2003010002448282
2003010002448283
2003010002448284
2003010002448285
2003010002448286
2003010002448287
2003010002448288
2003010002448289
2003010002448290
2003010002448291
2003010002448292
2003010002448293
2003010002448294
2003010002448295
2003010002448296
2003010002448297
2003010002448298
2003010002448299
2003010002448300
2003010002448301
2003010002448302
2003010002448303
2003010002448304
2003010002448305
2003010002448306
2003010002448307
2003010002448308
2003010002448309
2003010002448310
2003010002448311
2003010002448312
2003010002448313
2003010002448314
2003010002448315
2003010002448316
2003010002448317
2003010002448318
2003010002448319
2003010002448320
2003010002448321
2003010002448322
2003010002448323
2003010002448324
2003010002448325
2003010002448326
2003010002448327
2003010002448328
2003010002448329
2003010002448330
2003010002448331
2003010002448332
2003010002448333
2003010002448334
2003010002448335
2003010002448336
2003010002448337
2003010002448338
2003010002448339
2003010002448340
2003010002448341
2003010002448342
2003010002448343
2003010002448344
2003010002448345
2003010002448346
2003010002448347
2003010002448348
2003010002448349
2003010002448350
2003010002448351
2003010002448352
2003010002448353
2003010002448354
2003010002448355
2003010002448356
2003010002448357
2003010002448358
2003010002448359
2003010002448360
2003010002448361
2003010002448362
2003010002448363
2003010002448364
2003010002448365
2003010002448366
2003010002448367
2003010002448368
2003010002448369
2003010002448370
2003010002448371
2003010002448372
2003010002448373
2003010002448374
2003010002448375
2003010002448376
2003010002448377
2003010002448378
2003010002448379
2003010002448380
2003010002448381
2003010002448382
2003010002448383
2003010002448384
2003010002448385
2003010002448386
2003010002448387
2003010002448388
2003010002448389
2003010002448390
2003010002448391
2003010002448392
2003010002448393
2003010002448394
2003010002448395
2003010002448396
2003010002448397
2003010002448398
2003010002448399
2003010002448400
2003010002448401
2003010002448402
2003010002448403
2003010002448404
2003010002448405
2003010002448406
2003010002448407
2003010002448408
2003010002448409
2003010002448410
2003010002448411
2003010002448412
2003010002448413
2003010002448414
2003010002448415
2003010002448416
2003010002448417
2003010002448418
2003010002448419
2003010002448420
2003010002448421
2003010002448422
2003010002448423
2003010002448424
2003010002448425
2003010002448426
2003010002448427
2003010002448428
2003010002448429
2003010002448430
2003010002448431
2003010002448432
2003010002448433
2003010002448434
2003010002448435
2003010002448436
2003010002448437
2003010002448438
2003010002448439
2003010002448440
2003010002448441
2003010002448442
2003010002448443
2003010002448444
2003010002448445
2003010002448446
2003010002448447
2003010002448448
2003010002448449
2003010002448450
2003010002448451
2003010002448452
2003010002448453
2003010002448454
2003010002448455
2003010002448456
2003010002448457
2003010002448458
2003010002448459
2003010002448460
2003010002448461
2003010002448462
2003010002448463
2003010002448464
2003010002448465
2003010002448466
2003010002448467
2003010002448468
2003010002448469
2003010002448470
2003010002448471
2003010002448472
2003010002448473
2003010002448474
2003010002448475
2003010002448476
2003010002448477
2003010002448478
2003010002448479
2003010002448480
2003010002448481
2003010002448482
2003010002448483
2003010002448484
2003010002448485
2003010002448486
2003010002448487
2003010002448488
2003010002448489
2003010002448490
2003010002448491
2003010002448492
2003010002448493
2003010002448494
2003010002448495
2003010002448496
2003010002448497
2003010002448498
2003010002448499
2003010002448500
2003010002448501
2003010002448502
2003010002448503
2003010002448504
2003010002448505
2003010002448506
2003010002448507
2003010002448508
2003010002448509
2003010002448510
2003010002448511
2003010002448512
2003010002448513
2003010002448514
2003010002448515
2003010002448516
2003010002448517
2003010002448518
2003010002448519
2003010002448520
2003010002448521
2003010002448522
2003010002448523
2003010002448524
2003010002448525
2003010002448526
2003010002448527
2003010002448528
2003010002448529
2003010002448530
2003010002448531
2003010002448532
2003010002448533
2003010002448534
2003010002448535
2003010002448536
2003010002448537
2003010002448538
2003010002448539
2003010002448540
2003010002448541
2003010002448542
2003010002448543
2003010002448544
2003010002448545
2003010002448546
2003010002448547
2003010002448548
2003010002448549
2003010002448550
2003010002448551
2003010002448552
2003010002448553
2003010002448554
2003010002448555
2003010002448556
2003010002448557
2003010002448558
2003010002448559
2003010002448560
2003010002448561
2003010002448562
2003010002448563
2003010002448564
2003010002448565
2003010002448566
2003010002448567
2003010002448568
2003010002448569
2003010002448570
2003010002448571
2003010002448572
2003010002448573
2003010002448574
2003010002448575
2003010002448576
2003010002448577
2003010002448578
2003010002448579
2003010002448580
2003010002448581
2003010002448582
2003010002448583
2003010002448584
2003010002448585
2003010002448586
2003010002448587
2003010002448588
2003010002448589
2003010002448590
2003010002448591
2003010002448592
2003010002448593
2003010002448594
2003010002448595
2003010002448596
2003010002448597
2003010002448598
2003010002448599
2003010002448600
2003010002448601
2003010002448602
2003010002448603
2003010002448604
2003010002448605
2003010002448606
2003010002448607
2003010002448608
2003010002448609
2003010002448610
2003010002448611
2003010002448612
2003010002448613
2003010002448614
2003010002448615
2003010002448616
2003010002448617
2003010002448618
2003010002448619
2003010002448620
2003010002448621
2003010002448622
2003010002448623
2003010002448624
2003010002448625
2003010002448626
2003010002448627
2003010002448628
2003010002448629
2003010002448630
2003010002448631
2003010002448632
2003010002448633
2003010002448634
2003010002448635
2003010002448636
2003010002448637
2003010002448638
2003010002448639
2003010002448640
2003010002448641
2003010002448642
2003010002448643
2003010002448644
2003010002448645
2003010002448646
2003010002448647
2003010002448648
2003010002448649
2003010002448650
2003010002448651
2003010002448652
2003010002448653
2003010002448654
2003010002448655
2003010002448656
2003010002448657
2003010002448658
2003010002448659
2003010002448660
2003010002448661
2003010002448662
2003010002448663
2003010002448664
2003010002448665
2003010002448666
2003010002448667
2003010002448668
2003010002448669
2003010002448670
2003010002448671
2003010002448672
2003010002448673
2003010002448674
2003010002448675
2003010002448676
2003010002448677
2003010002448678
2003010002448679
2003010002448680
2003010002448681
2003010002448682
2003010002448683
2003010002448684
2003010002448685
2003010002448686
2003010002448687
2003010002448688
2003010002448689
2003010002448690
2003010002448691
2003010002448692
2003010002448693
2003010002448694
2003010002448695
2003010002448696
2003010002448697
2003010002448698
2003010002448699
2003010002448700
2003010002448701
2003010002448702
2003010002448703
2003010002448704
2003010002448705
2003010002448706
2003010002448707
2003010002448708
2003010002448709
2003010002448710
2003010002448711
2003010002448712
2003010002448713
2003010002448714
2003010002448715
2003010002448716
2003010002448717
2003010002448718
2003010002448719
2003010002448720
2003010002448721
2003010002448722
2003010002448723
2003010002448724
2003010002448725
2003010002448726
2003010002448727
2003010002448728
2003010002448729
2003010002448730
2003010002448731
2003010002448732
2003010002448733
2003010002448734
2003010002448735
2003010002448736
2003010002448737
2003010002448738
2003010002448739
2003010002448740
2003010002448741
2003010002448742
2003010002448743
2003010002448744
2003010002448745
2003010002448746
2003010002448747
2003010002448748
2003010002448749
2003010002448750
2003010002448751
2003010002448752
2003010002448753
2003010002448754
2003010002448755
2003010002448756
2003010002448757
2003010002448758
2003010002448759
2003010002448760
2003010002448761
2003010002448762
2003010002448763
2003010002448764
2003010002448765
2003010002448766
2003010002448767
2003010002448768
2003010002448769
2003010002448770
2003010002448771
2003010002448772
2003010002448773
2003010002448774
2003010002448775
2003010002448776
2003010002448777
2003010002448778
2003010002448779
2003010002448780
2003010002448781
2003010002448782
2003010002448783
2003010002448784
2003010002448785
2003010002448786
2003010002448787
2003010002448788
2003010002448789
2003010002448790
2003010002448791
2003010002448792
2003010002448793
2003010002448794
2003010002448795
2003010002448796
2003010002448797
2003010002448798
2003010002448799
2003010002448800
2003010002448801
2003010002448802
2003010002448803
2003010002448804
2003010002448805
2003010002448806
2003010002448807
2003010002448808
2003010002448809
2003010002448810
2003010002448811
2003010002448812
2003010002448813
2003010002448814
2003010002448815
2003010002448816
2003010002448817
2003010002448818
2003010002448819
2003010002448820
2003010002448821
2003010002448822
2003010002448823
2003010002448824
2003010002448825
2003010002448826
2003010002448827
2003010002448828
2003010002448829
2003010002448830
2003010002448831
2003010002448832
2003010002448833
2003010002448834
2003010002448835
2003010002448836
2003010002448837
2003010002448838
2003010002448839
2003010002448840
2003010002448841
2003010002448842
2003010002448843
2003010002448844
2003010002448845
2003010002448846
2003010002448847
2003010002448848
2003010002448849
2003010002448850
2003010002448851
2003010002448852
2003010002448853
2003010002448854
2003010002448855
2003010002448856
2003010002448857
2003010002448858
2003010002448859
2003010002448860
2003010002448861
2003010002448862
2003010002448863
2003010002448864
2003010002448865
2003010002448866
2003010002448867
2003010002448868
2003010002448869
2003010002448870
2003010002448871
2003010002448872
2003010002448873
2003010002448874
2003010002448875
2003010002448876
2003010002448877
2003010002448878
2003010002448879
2003010002448880
2003010002448881
2003010002448882
2003010002448883
2003010002448884
2003010002448885
2003010002448886
2003010002448887
2003010002448888
2003010002448889
2003010002448890
2003010002448891
2003010002448892
2003010002448893
2003010002448894
2003010002448895
2003010002448896
2003010002448897
2003010002448898
2003010002448899
2003010002448900
2003010002448901
2003010002448902
2003010002448903
2003010002448904
2003010002448905
2003010002448906
2003010002448907
2003010002448908
2003010002448909
2003010002448910
2003010002448911
2003010002448912
2003010002448913
2003010002448914
2003010002448915
2003010002448916
2003010002448917
2003010002448918
2003010002448919
2003010002448920
2003010002448921
2003010002448922
2003010002448923
2003010002448924
2003010002448925
2003010002448926
2003010002448927
2003010002448928
2003010002448929
2003010002448930
2003010002448931
2003010002448932
2003010002448933
2003010002448934
2003010002448935
2003010002448936
2003010002448937
2003010002448938
2003010002448939
2003010002448940
2003010002448941
2003010002448942
2003010002448943
2003010002448944
2003010002448945
2003010002448946
2003010002448947
2003010002448948
2003010002448949
2003010002448950
2003010002448951
2003010002448952
2003010002448953
2003010002448954
2003010002448955
2003010002448956
2003010002448957
2003010002448958
2003010002448959
2003010002448960
2003010002448961
2003010002448962
2003010002448963
2003010002448964
2003010002448965
2003010002448966
2003010002448967
2003010002448968
2003010002448969
2003010002448970
2003010002448971
2003010002448972
2003010002448973
2003010002448974
2003010002448975
2003010002448976
2003010002448977
2003010002448978
2003010002448979
2003010002448980
2003010002448981
2003010002448982
2003010002448983
2003010002448984
2003010002448985
2003010002448986
2003010002448987
2003010002448988
2003010002448989
2003010002448990
2003010002448991
2003010002448992
2003010002448993
2003010002448994
2003010002448995
2003010002448996
2003010002448997
2003010002448998
2003010002448999
2003010002449000
2003010002449001
2003010002449002
2003010002449003
2003010002449004
2003010002449005
2003010002449006
2003010002449007
2003010002449008
2003010002449009
2003010002449010
2003010002449011
2003010002449012
2003010002449013
2003010002449014
2003010002449015
2003010002449016
2003010002449017
2003010002449018
2003010002449019
2003010002449020
2003010002449021
2003010002449022
2003010002449023
2003010002449024
2003010002449025
2003010002449026
2003010002449027
2003010002449028
2003010002449029
2003010002449030
2003010002449031
2003010002449032
2003010002449033
2003010002449034
2003010002449035
2003010002449036
2003010002449037
2003010002449038
2003010002449039
2003010002449040
2003010002449041
2003010002449042
2003010002449043
2003010002449044
2003010002449045
2003010002449046
2003010002449047
2003010002449048
2003010002449049
2003010002449050
2003010002449051
2003010002449052
2003010002449053
2003010002449054
2003010002449055
2003010002449056
2003010002449057
2003010002449058
2003010002449059
2003010002449060
2003010002449061
2003010002449062
2003010002449063
2003010002449064
2003010002449065
2003010002449066
2003010002449067
2003010002449068
2003010002449069
2003010002449070
2003010002449071
2003010002449072
2003010002449073
2003010002449074
2003010002449075
2003010002449076
2003010002449077
2003010002449078
2003010002449079
2003010002449080
2003010002449081
2003010002449082
2003010002449083
2003010002449084
2003010002449085
2003010002449086
2003010002449087
2003010002449088
2003010002449089
2003010002449090
2003010002449091
2003010002449092
2003010002449093
2003010002449094
2003010002449095
2003010002449096
2003010002449097
2003010002449098
2003010002449099
2003010002449100
2003010002449101
2003010002449102
2003010002449103
2003010002449104
2003010002449105
2003010002449106
2003010002449107
2003010002449108
2003010002449109
2003010002449110
2003010002449111
2003010002449112
2003010002449113
2003010002449114
2003010002449115
2003010002449116
2003010002449117
2003010002449118
2003010002449119
2003010002449120
2003010002449121
2003010002449122
2003010002449123
2003010002449124
2003010002449125
2003010002449126
2003010002449127
2003010002449128
2003010002449129
2003010002449130
2003010002449131
2003010002449132
2003010002449133
2003010002449134
2003010002449135
2003010002449136
2003010002449137
2003010002449138
2003010002449139
2003010002449140
2003010002449141
2003010002449142
2003010002449143
2003010002449144
2003010002449145
2003010002449146
2003010002449147
2003010002449148
2003010002449149
2003010002449150
2003010002449151
2003010002449152
2003010002449153
2003010002449154
2003010002449155
2003010002449156
2003010002449157
2003010002449158
2003010002449159
2003010002449160
2003010002449161
2003010002449162
2003010002449163
2003010002449164
2003010002449165
2003010002449166
2003010002449167
2003010002449168
2003010002449169
2003010002449170
2003010002449171
2003010002449172
2003010002449173
2003010002449174
2003010002449175
2003010002449176
2003010002449177
2003010002449178
2003010002449179
2003010002449180
2003010002449181
2003010002449182
2003010002449183
2003010002449184
2003010002449185
2003010002449186
2003010002449187
2003010002449188
2003010002449189
2003010002449190
2003010002449191
2003010002449192
2003010002449193
2003010002449194
2003010002449195
2003010002449196
2003010002449197
2003010002449198
2003010002449199
2003010002449200
2003010002449201
2003010002449202
2003010002449203
2003010002449204
2003010002449205
2003010002449206
2003010002449207
2003010002449208
2003010002449209
2003010002449210
2003010002449211
2003010002449212
2003010002449213
2003010002449214
2003010002449215
2003010002449216
2003010002449217
2003010002449218
2003010002449219
2003010002449220
2003010002449221
2003010002449222
2003010002449223
2003010002449224
2003010002449225
2003010002449226
2003010002449227
2003010002449228
2003010002449229
2003010002449230
2003010002449231
2003010002449232
2003010002449233
2003010002449234
2003010002449235
2003010002449236
2003010002449237
2003010002449238
2003010002449239
2003010002449240
2003010002449241
2003010002449242
2003010002449243
2003010002449244
2003010002449245
2003010002449246
2003010002449247
2003010002449248
2003010002449249
2003010002449250
2003010002449251
2003010002449252
2003010002449253
2003010002449254
2003010002449255
2003010002449256
2003010002449257
2003010002449258
2003010002449259
2003010002449260
2003010002449261
2003010002449262
2003010002449263
2003010002449264
2003010002449265
2003010002449266
2003010002449267
2003010002449268
2003010002449269
2003010002449270
2003010002449271
2003010002449272
2003010002449273
2003010002449274
2003010002449275
2003010002449276
2003010002449277
2003010002449278
2003010002449279
2003010002449280
2003010002449281
2003010002449282
2003010002449283
2003010002449284
2003010002449285
2003010002449286
2003010002449287
2003010002449288
2003010002449289
2003010002449290
2003010002449291
2003010002449292
2003010002449293
2003010002449294
2003010002449295
2003010002449296
2003010002449297
2003010002449298
2003010002449299
2003010002449300
2003010002449301
2003010002449302
2003010002449303
2003010002449304
2003010002449305
2003010002449306
2003010002449307
2003010002449308
2003010002449309
2003010002449310
2003010002449311
2003010002449312
2003010002449313
2003010002449314
2003010002449315
2003010002449316
2003010002449317
2003010002449318
2003010002449319
2003010002449320
2003010002449321
2003010002449322
2003010002449323
2003010002449324
2003010002449325
2003010002449326
2003010002449327
2003010002449328
2003010002449329
2003010002449330
2003010002449331
2003010002449332
2003010002449333
2003010002449334
2003010002449335
2003010002449336
2003010002449337
2003010002449338
2003010002449339
2003010002449340
2003010002449341
2003010002449342
2003010002449343
2003010002449344
2003010002449345
2003010002449346
2003010002449347
2003010002449348
2003010002449349
2003010002449350
2003010002449351
2003010002449352
2003010002449353
2003010002449354
2003010002449355
2003010002449356
2003010002449357
2003010002449358
2003010002449359
2003010002449360
2003010002449361
2003010002449362
2003010002449363
2003010002449364
2003010002449365
2003010002449366
2003010002449367
2003010002449368
2003010002449369
2003010002449370
2003010002449371
2003010002449372
2003010002449373
2003010002449374
2003010002449375
2003010002449376
2003010002449377
2003010002449378
2003010002449379
2003010002449380
2003010002449381
2003010002449382
2003010002449383
2003010002449384
2003010002449385
2003010002449386
2003010002449387
2003010002449388
2003010002449389
2003010002449390
2003010002449391
2003010002449392
2003010002449393
2003010002449394
2003010002449395
2003010002449396
2003010002449397
2003010002449398
2003010002449399
2003010002449400
2003010002449401
2003010002449402
2003010002449403
2003010002449404
2003010002449405
2003010002449406
2003010002449407
2003010002449408
2003010002449409
2003010002449410
2003010002449411
2003010002449412
2003010002449413
2003010002449414
2003010002449415
2003010002449416
2003010002449417
2003010002449418
2003010002449419
2003010002449420
2003010002449421
2003010002449422
2003010002449423
2003010002449424
2003010002449425
2003010002449426
2003010002449427
2003010002449428
2003010002449429
2003010002449430
2003010002449431
2003010002449432
2003010002449433
2003010002449434
2003010002449435
2003010002449436
2003010002449437
2003010002449438
2003010002449439
2003010002449440
2003010002449441
2003010002449442
2003010002449443
2003010002449444
2003010002449445
2003010002449446
2003010002449447
2003010002449448
2003010002449449
2003010002449450
2003010002449451
2003010002449452
2003010002449453
2003010002449454
2003010002449455
2003010002449456
2003010002449457
2003010002449458
2003010002449459
2003010002449460
2003010002449461
2003010002449462
2003010002449463
2003010002449464
2003010002449465
2003010002449466
2003010002449467
2003010002449468
2003010002449469
2003010002449470
2003010002449471
2003010002449472
2003010002449473
2003010002449474
2003010002449475
2003010002449476
2003010002449477
2003010002449478
2003010002449479
2003010002449480
2003010002449481
2003010002449482
2003010002449483
2003010002449484
2003010002449485
2003010002449486
2003010002449487
2003010002449488
2003010002449489
2003010002449490
2003010002449491
2003010002449492
2003010002449493
2003010002449494
2003010002449495
2003010002449496
2003010002449497
2003010002449498
2003010002449499
2003010002449500
2003010002449501
2003010002449502
2003010002449503
2003010002449504
2003010002449505
2003010002449506
2003010002449507
2003010002449508
2003010002449509
2003010002449510
2003010002449511
2003010002449512
2003010002449513
2003010002449514
2003010002449515
2003010002449516
2003010002449517
2003010002449518
2003010002449519
2003010002449520
2003010002449521
2003010002449522
2003010002449523
2003010002449524
2003010002449525
2003010002449526
2003010002449527
2003010002449528
2003010002449529
2003010002449530
2003010002449531
2003010002449532
2003010002449533
2003010002449534
2003010002449535
2003010002449536
2003010002449537
2003010002449538
2003010002449539
2003010002449540
2003010002449541
2003010002449542
2003010002449543
2003010002449544
2003010002449545
2003010002449546
2003010002449547
2003010002449548
2003010002449549
2003010002449550
2003010002449551
2003010002449552
2003010002449553
2003010002449554
2003010002449555
2003010002449556
2003010002449557
2003010002449558
2003010002449559
2003010002449560
2003010002449561
2003010002449562
2003010002449563
2003010002449564
2003010002449565
2003010002449566
2003010002449567
2003010002449568
2003010002449569
2003010002449570
2003010002449571
2003010002449572
2003010002449573
2003010002449574
2003010002449575
2003010002449576
2003010002449577
2003010002449578
2003010002449579
2003010002449580
2003010002449581
2003010002449582
2003010002449583
2003010002449584
2003010002449585
2003010002449586
2003010002449587
2003010002449588
2003010002449589
2003010002449590
2003010002449591
2003010002449592
2003010002449593
2003010002449594
2003010002449595
2003010002449596
2003010002449597
2003010002449598
2003010002449599
2003010002449600
2003010002449601
2003010002449602
2003010002449603
2003010002449604
2003010002449605
2003010002449606
2003010002449607
2003010002449608
2003010002449609
2003010002449610
2003010002449611
2003010002449612
2003010002449613
2003010002449614
2003010002449615
2003010002449616
2003010002449617
2003010002449618
2003010002449619
2003010002449620
2003010002449621
2003010002449622
2003010002449623
2003010002449624
2003010002449625
2003010002449626
2003010002449627
2003010002449628
2003010002449629
2003010002449630
2003010002449631
2003010002449632
2003010002449633
2003010002449634
2003010002449635
2003010002449636
2003010002449637
2003010002449638
2003010002449639
2003010002449640
2003010002449641
2003010002449642
2003010002449643
2003010002449644
2003010002449645
2003010002449646
2003010002449647
2003010002449648
2003010002449649
2003010002449650
2003010002449651
2003010002449652
2003010002449653
2003010002449654
2003010002449655
2003010002449656
2003010002449657
2003010002449658
2003010002449659
2003010002449660
2003010002449661
2003010002449662
2003010002449663
2003010002449664
2003010002449665
2003010002449666
2003010002449667
2003010002449668
2003010002449669
2003010002449670
2003010002449671
2003010002449672
2003010002449673
2003010002449674
2003010002449675
2003010002449676
2003010002449677
2003010002449678
2003010002449679
2003010002449680
2003010002449681
2003010002449682
2003010002449683
2003010002449684
2003010002449685
2003010002449686
2003010002449687
2003010002449688
2003010002449689
2003010002449690
2003010002449691
2003010002449692
2003010002449693
2003010002449694
2003010002449695
2003010002449696
2003010002449697
2003010002449698
2003010002449699
2003010002449700
2003010002449701
2003010002449702
2003010002449703
2003010002449704
2003010002449705
2003010002449706
2003010002449707
2003010002449708
2003010002449709
2003010002449710
2003010002449711
2003010002449712
2003010002449713
2003010002449714
2003010002449715
2003010002449716
2003010002449717
2003010002449718
2003010002449719
2003010002449720
2003010002449721
2003010002449722
2003010002449723
2003010002449724
2003010002449725
2003010002449726
2003010002449727
2003010002449728
2003010002449729
2003010002449730
2003010002449731
2003010002449732
2003010002449733
2003010002449734
2003010002449735
2003010002449736
2003010002449737
2003010002449738
2003010002449739
2003010002449740
2003010002449741
2003010002449742
2003010002449743
2003010002449744
2003010002449745
2003010002449746
2003010002449747
2003010002449748
2003010002449749
2003010002449750
2003010002449751
2003010002449752
2003010002449753
2003010002449754
2003010002449755
2003010002449756
2003010002449757
2003010002449758
2003010002449759
2003010002449760
2003010002449761
2003010002449762
2003010002449763
2003010002449764
2003010002449765
2003010002449766
2003010002449767
2003010002449768
2003010002449769
2003010002449770
2003010002449771
2003010002449772
2003010002449773
2003010002449774
2003010002449775
2003010002449776
2003010002449777
2003010002449778
2003010002449779
2003010002449780
2003010002449781
2003010002449782
2003010002449783
2003010002449784
2003010002449785
2003010002449786
2003010002449787
2003010002449788
2003010002449789
2003010002449790
2003010002449791
2003010002449792
2003010002449793
2003010002449794
2003010002449795
2003010002449796
2003010002449797
2003010002449798
2003010002449799
2003010002449800
2003010002449801
2003010002449802
2003010002449803
2003010002449804
2003010002449805
2003010002449806
2003010002449807
2003010002449808
2003010002449809
2003010002449810
2003010002449811
2003010002449812
2003010002449813
2003010002449814
2003010002449815
2003010002449816
2003010002449817
2003010002449818
2003010002449819
2003010002449820
2003010002449821
2003010002449822
2003010002449823
2003010002449824
2003010002449825
2003010002449826
2003010002449827
2003010002449828
2003010002449829
2003010002449830
2003010002449831
2003010002449832
2003010002449833
2003010002449834
2003010002449835
2003010002449836
2003010002449837
2003010002449838
2003010002449839
2003010002449840
2003010002449841
2003010002449842
2003010002449843
2003010002449844
2003010002449845
2003010002449846
2003010002449847
2003010002449848
2003010002449849
2003010002449850
2003010002449851
2003010002449852
2003010002449853
2003010002449854
2003010002449855
2003010002449856
2003010002449857
2003010002449858
2003010002449859
2003010002449860
2003010002449861
2003010002449862
2003010002449863
2003010002449864
2003010002449865
2003010002449866
2003010002449867
2003010002449868
2003010002449869
2003010002449870
2003010002449871
2003010002449872
2003010002449873
2003010002449874
2003010002449875
2003010002449876
2003010002449877
2003010002449878
2003010002449879
2003010002449880
2003010002449881
2003010002449882
2003010002449883
2003010002449884
2003010002449885
2003010002449886
2003010002449887
2003010002449888
2003010002449889
2003010002449890
2003010002449891
2003010002449892
2003010002449893
2003010002449894
2003010002449895
2003010002449896
2003010002449897
2003010002449898
2003010002449899
2003010002449900
2003010002449901
2003010002449902
2003010002449903
2003010002449904
2003010002449905
2003010002449906
2003010002449907
2003010002449908
2003010002449909
2003010002449910
2003010002449911
2003010002449912
2003010002449913
2003010002449914
2003010002449915
2003010002449916
2003010002449917
2003010002449918
2003010002449919
2003010002449920
2003010002449921
2003010002449922
2003010002449923
2003010002449924
2003010002449925
2003010002449926
2003010002449927
2003010002449928
2003010002449929
2003010002449930
2003010002449931
2003010002449932
2003010002449933
2003010002449934
2003010002449935
2003010002449936
2003010002449937
2003010002449938
2003010002449939
2003010002449940
2003010002449941
2003010002449942
2003010002449943
2003010002449944
2003010002449945
2003010002449946
2003010002449947
2003010002449948
2003010002449949
2003010002449950
2003010002449951
2003010002449952
2003010002449953
2003010002449954
2003010002449955
2003010002449956
2003010002449957
2003010002449958
2003010002449959
2003010002449960
2003010002449961
2003010002449962
2003010002449963
2003010002449964
2003010002449965
2003010002449966
2003010002449967
2003010002449968
2003010002449969
2003010002449970
2003010002449971
2003010002449972
2003010002449973
2003010002449974
2003010002449975
2003010002449976
2003010002449977
2003010002449978
2003010002449979
2003010002449980
2003010002449981
2003010002449982
2003010002449983
2003010002449984
2003010002449985
2003010002449986
2003010002449987
2003010002449988
2003010002449989
2003010002449990
2003010002449991
2003010002449992
2003010002449993
2003010002449994
2003010002449995
2003010002449996
2003010002449997
2003010002449998
2003010002449999
2003010002450000
2003010002450001
2003010002450002
2003010002450003
2003010002450004
2003010002450005
2003010002450006
2003010002450007
2003010002450008
2003010002450009
2003010002450010
2003010002450011
2003010002450012
2003010002450013
2003010002450014
2003010002450015
2003010002450016
2003010002450017
2003010002450018
2003010002450019
2003010002450020
2003010002450021
2003010002450022
2003010002450023
2003010002450024
2003010002450025
2003010002450026
2003010002450027
2003010002450028
2003010002450029
2003010002450030
2003010002450031
2003010002450032
2003010002450033
2003010002450034
2003010002450035
2003010002450036
2003010002450037
2003010002450038
2003010002450039
2003010002450040
2003010002450041
2003010002450042
2003010002450043
2003010002450044
2003010002450045
2003010002450046
2003010002450047
2003010002450048
2003010002450049
2003010002450050
2003010002450051
2003010002450052
2003010002450053
2003010002450054
2003010002450055
2003010002450056
2003010002450057
2003010002450058
2003010002450059
2003010002450060
2003010002450061
2003010002450062
2003010002450063
2003010002450064
2003010002450065
2003010002450066
2003010002450067
2003010002450068
2003010002450069
2003010002450070
2003010002450071
2003010002450072
2003010002450073
2003010002450074
2003010002450075
2003010002450076
2003010002450077
2003010002450078
2003010002450079
2003010002450080
2003010002450081
2003010002450082
2003010002450083
2003010002450084
2003010002450085
2003010002450086
2003010002450087
2003010002450088
2003010002450089
2003010002450090
2003010002450091
2003010002450092
2003010002450093
2003010002450094
2003010002450095
2003010002450096
2003010002450097
2003010002450098
2003010002450099
2003010002450100
2003010002450101
2003010002450102
2003010002450103
2003010002450104
2003010002450105
2003010002450106
2003010002450107
2003010002450108
2003010002450109
2003010002450110
2003010002450111
2003010002450112
2003010002450113
2003010002450114
2003010002450115
2003010002450116
2003010002450117
2003010002450118
2003010002450119
2003010002450120
2003010002450121
2003010002450122
2003010002450123
2003010002450124
2003010002450125
2003010002450126
2003010002450127
2003010002450128
2003010002450129
2003010002450130
2003010002450131
2003010002450132
2003010002450133
2003010002450134
2003010002450135
2003010002450136
2003010002450137
2003010002450138
2003010002450139
2003010002450140
2003010002450141
2003010002450142
2003010002450143
2003010002450144
2003010002450145
2003010002450146
2003010002450147
2003010002450148
2003010002450149
2003010002450150
2003010002450151
2003010002450152
2003010002450153
2003010002450154
2003010002450155
2003010002450156
2003010002450157
2003010002450158
2003010002450159
2003010002450160
2003010002450161
2003010002450162
2003010002450163
2003010002450164
2003010002450165
2003010002450166
2003010002450167
2003010002450168
2003010002450169
2003010002450170
2003010002450171
2003010002450172
2003010002450173
2003010002450174
2003010002450175
2003010002450176
2003010002450177
2003010002450178
2003010002450179
2003010002450180
2003010002450181
2003010002450182
2003010002450183
2003010002450184
2003010002450185
2003010002450186
2003010002450187
2003010002450188
2003010002450189
2003010002450190
2003010002450191
2003010002450192
2003010002450193
2003010002450194
2003010002450195
2003010002450196
2003010002450197
2003010002450198
2003010002450199
2003010002450200
2003010002450201
2003010002450202
2003010002450203
2003010002450204
2003010002450205
2003010002450206
2003010002450207
2003010002450208
2003010002450209
2003010002450210
2003010002450211
2003010002450212
2003010002450213
2003010002450214
2003010002450215
2003010002450216
2003010002450217
2003010002450218
2003010002450219
2003010002450220
2003010002450221
2003010002450222
2003010002450223
2003010002450224
2003010002450225
2003010002450226
2003010002450227
2003010002450228
2003010002450229
2003010002450230
2003010002450231
2003010002450232
2003010002450233
2003010002450234
2003010002450235
2003010002450236
2003010002450237
2003010002450238
2003010002450239
2003010002450240
2003010002450241
2003010002450242
2003010002450243
2003010002450244
2003010002450245
2003010002450246
2003010002450247
2003010002450248
2003010002450249
2003010002450250
2003010002450251
2003010002450252
2003010002450253
2003010002450254
2003010002450255
2003010002450256
2003010002450257
2003010002450258
2003010002450259
2003010002450260
2003010002450261
2003010002450262
2003010002450263
2003010002450264
2003010002450265
2003010002450266
2003010002450267
2003010002450268
2003010002450269
2003010002450270
2003010002450271
2003010002450272
2003010002450273
2003010002450274
2003010002450275
2003010002450276
2003010002450277
2003010002450278
2003010002450279
2003010002450280
2003010002450281
2003010002450282
2003010002450283
2003010002450284
2003010002450285
2003010002450286
2003010002450287
2003010002450288
2003010002450289
2003010002450290
2003010002450291
2003010002450292
2003010002450293
2003010002450294
2003010002450295
2003010002450296
2003010002450297
2003010002450298
2003010002450299
2003010002450300
2003010002450301
2003010002450302
2003010002450303
2003010002450304
2003010002450305
2003010002450306
2003010002450307
2003010002450308
2003010002450309
2003010002450310
2003010002450311
2003010002450312
2003010002450313
2003010002450314
2003010002450315
2003010002450316
2003010002450317
2003010002450318
2003010002450319
2003010002450320
2003010002450321
2003010002450322
2003010002450323
2003010002450324
2003010002450325
2003010002450326
2003010002450327
2003010002450328
2003010002450329
2003010002450330
2003010002450331
2003010002450332
2003010002450333
2003010002450334
2003010002450335
2003010002450336
2003010002450337
2003010002450338
2003010002450339
2003010002450340
2003010002450341
2003010002450342
2003010002450343
2003010002450344
2003010002450345
2003010002450346
2003010002450347
2003010002450348
2003010002450349
2003010002450350
2003010002450351
2003010002450352
2003010002450353
2003010002450354
2003010002450355
2003010002450356
2003010002450357
2003010002450358
2003010002450359
2003010002450360
2003010002450361
2003010002450362
2003010002450363
2003010002450364
2003010002450365
2003010002450366
2003010002450367
2003010002450368
2003010002450369
2003010002450370
2003010002450371
2003010002450372
2003010002450373
2003010002450374
2003010002450375
2003010002450376
2003010002450377
2003010002450378
2003010002450379
2003010002450380
2003010002450381
2003010002450382
2003010002450383
2003010002450384
2003010002450385
2003010002450386
2003010002450387
2003010002450388
2003010002450389
2003010002450390
2003010002450391
2003010002450392
2003010002450393
2003010002450394
2003010002450395
2003010002450396
2003010002450397
2003010002450398
2003010002450399
2003010002450400
2003010002450401
2003010002450402
2003010002450403
2003010002450404
2003010002450405
2003010002450406
2003010002450407
2003010002450408
2003010002450409
2003010002450410
2003010002450411
2003010002450412
2003010002450413
2003010002450414
2003010002450415
2003010002450416
2003010002450417
2003010002450418
2003010002450419
2003010002450420
2003010002450421
2003010002450422
2003010002450423
2003010002450424
2003010002450425
2003010002450426
2003010002450427
2003010002450428
2003010002450429
2003010002450430
2003010002450431
2003010002450432
2003010002450433
2003010002450434
2003010002450435
2003010002450436
2003010002450437
2003010002450438
2003010002450439
2003010002450440
2003010002450441
2003010002450442
2003010002450443
2003010002450444
2003010002450445
2003010002450446
2003010002450447
2003010002450448
2003010002450449
2003010002450450
2003010002450451
2003010002450452
2003010002450453
2003010002450454
2003010002450455
2003010002450456
2003010002450457
2003010002450458
2003010002450459
2003010002450460
2003010002450461
2003010002450462
2003010002450463
2003010002450464
2003010002450465
2003010002450466
2003010002450467
2003010002450468
2003010002450469
2003010002450470
2003010002450471
2003010002450472
2003010002450473
2003010002450474
2003010002450475
2003010002450476
2003010002450477
2003010002450478
2003010002450479
2003010002450480
2003010002450481
2003010002450482
2003010002450483
2003010002450484
2003010002450485
2003010002450486
2003010002450487
2003010002450488
2003010002450489
2003010002450490
2003010002450491
2003010002450492
2003010002450493
2003010002450494
2003010002450495
2003010002450496
2003010002450497
2003010002450498
2003010002450499
2003010002450500
2003010002450501
2003010002450502
2003010002450503
2003010002450504
2003010002450505
2003010002450506
2003010002450507
2003010002450508
2003010002450509
2003010002450510
2003010002450511
2003010002450512
2003010002450513
2003010002450514
2003010002450515
2003010002450516
2003010002450517
2003010002450518
2003010002450519
2003010002450520
2003010002450521
2003010002450522
2003010002450523
2003010002450524
2003010002450525
2003010002450526
2003010002450527
2003010002450528
2003010002450529
2003010002450530
2003010002450531
2003010002450532
2003010002450533
2003010002450534
2003010002450535
2003010002450536
2003010002450537
2003010002450538
2003010002450539
2003010002450540
2003010002450541
2003010002450542
2003010002450543
2003010002450544
2003010002450545
2003010002450546
2003010002450547
2003010002450548
2003010002450549
2003010002450550
2003010002450551
2003010002450552
2003010002450553
2003010002450554
2003010002450555
2003010002450556
2003010002450557
2003010002450558
2003010002450559
2003010002450560
2003010002450561
2003010002450562
2003010002450563
2003010002450564
2003010002450565
2003010002450566
2003010002450567
2003010002450568
2003010002450569
2003010002450570
2003010002450571
2003010002450572
2003010002450573
2003010002450574
2003010002450575
2003010002450576
2003010002450577
2003010002450578
2003010002450579
2003010002450580
2003010002450581
2003010002450582
2003010002450583
2003010002450584
2003010002450585
2003010002450586
2003010002450587
2003010002450588
2003010002450589
2003010002450590
2003010002450591
2003010002450592
2003010002450593
2003010002450594
2003010002450595
2003010002450596
2003010002450597
2003010002450598
2003010002450599
2003010002450600
2003010002450601
2003010002450602
2003010002450603
2003010002450604
2003010002450605
2003010002450606
2003010002450607
2003010002450608
2003010002450609
2003010002450610
2003010002450611
2003010002450612
2003010002450613
2003010002450614
2003010002450615
2003010002450616
2003010002450617
2003010002450618
2003010002450619
2003010002450620
2003010002450621
2003010002450622
2003010002450623
2003010002450624
2003010002450625
2003010002450626
2003010002450627
2003010002450628
2003010002450629
2003010002450630
2003010002450631
2003010002450632
2003010002450633
2003010002450634
2003010002450635
2003010002450636
2003010002450637
2003010002450638
2003010002450639
2003010002450640
2003010002450641
2003010002450642
2003010002450643
2003010002450644
2003010002450645
2003010002450646
2003010002450647
2003010002450648
2003010002450649
2003010002450650
2003010002450651
2003010002450652
2003010002450653
2003010002450654
2003010002450655
2003010002450656
2003010002450657
2003010002450658
2003010002450659
2003010002450660
2003010002450661
2003010002450662
2003010002450663
2003010002450664
2003010002450665
2003010002450666
2003010002450667
2003010002450668
2003010002450669
2003010002450670
2003010002450671
2003010002450672
2003010002450673
2003010002450674
2003010002450675
2003010002450676
2003010002450677
2003010002450678
2003010002450679
2003010002450680
2003010002450681
2003010002450682
2003010002450683
2003010002450684
2003010002450685
2003010002450686
2003010002450687
2003010002450688
2003010002450689
2003010002450690
2003010002450691
2003010002450692
2003010002450693
2003010002450694
2003010002450695
2003010002450696
2003010002450697
2003010002450698
2003010002450699
2003010002450700
2003010002450701
2003010002450702
2003010002450703
2003010002450704
2003010002450705
2003010002450706
2003010002450707
2003010002450708
2003010002450709
2003010002450710
2003010002450711
2003010002450712
2003010002450713
2003010002450714
2003010002450715
2003010002450716
2003010002450717
2003010002450718
2003010002450719
2003010002450720
2003010002450721
2003010002450722
2003010002450723
2003010002450724
2003010002450725
2003010002450726
2003010002450727
2003010002450728
2003010002450729
2003010002450730
2003010002450731
2003010002450732
2003010002450733
2003010002450734
2003010002450735
2003010002450736
2003010002450737
2003010002450738
2003010002450739
2003010002450740
2003010002450741
2003010002450742
2003010002450743
2003010002450744
2003010002450745
2003010002450746
2003010002450747
2003010002450748
2003010002450749
2003010002450750
2003010002450751
2003010002450752
2003010002450753
2003010002450754
2003010002450755
2003010002450756
2003010002450757
2003010002450758
2003010002450759
2003010002450760
2003010002450761
2003010002450762
2003010002450763
2003010002450764
2003010002450765
2003010002450766
2003010002450767
2003010002450768
2003010002450769
2003010002450770
2003010002450771
2003010002450772
2003010002450773
2003010002450774
2003010002450775
2003010002450776
2003010002450777
2003010002450778
2003010002450779
2003010002450780
2003010002450781
2003010002450782
2003010002450783
2003010002450784
2003010002450785
2003010002450786
2003010002450787
2003010002450788
2003010002450789
2003010002450790
2003010002450791
2003010002450792
2003010002450793
2003010002450794
2003010002450795
2003010002450796
2003010002450797
2003010002450798
2003010002450799
2003010002450800
2003010002450801
2003010002450802
2003010002450803
2003010002450804
2003010002450805
2003010002450806
2003010002450807
2003010002450808
2003010002450809
2003010002450810
2003010002450811
2003010002450812
2003010002450813
2003010002450814
2003010002450815
2003010002450816
2003010002450817
2003010002450818
2003010002450819
2003010002450820
2003010002450821
2003010002450822
2003010002450823
2003010002450824
2003010002450825
2003010002450826
2003010002450827
2003010002450828
2003010002450829
2003010002450830
2003010002450831
2003010002450832
2003010002450833
2003010002450834
2003010002450835
2003010002450836
2003010002450837
2003010002450838
2003010002450839
2003010002450840
2003010002450841
2003010002450842
2003010002450843
2003010002450844
2003010002450845
2003010002450846
2003010002450847
2003010002450848
2003010002450849
2003010002450850
2003010002450851
2003010002450852
2003010002450853
2003010002450854
2003010002450855
2003010002450856
2003010002450857
2003010002450858
2003010002450859
2003010002450860
2003010002450861
2003010002450862
2003010002450863
2003010002450864
2003010002450865
2003010002450866
2003010002450867
2003010002450868
2003010002450869
2003010002450870
2003010002450871
2003010002450872
2003010002450873
2003010002450874
2003010002450875
2003010002450876
2003010002450877
2003010002450878
2003010002450879
2003010002450880
2003010002450881
2003010002450882
2003010002450883
2003010002450884
2003010002450885
2003010002450886
2003010002450887
2003010002450888
2003010002450889
2003010002450890
2003010002450891
2003010002450892
2003010002450893
2003010002450894
2003010002450895
2003010002450896
2003010002450897
2003010002450898
2003010002450899
2003010002450900
2003010002450901
2003010002450902
2003010002450903
2003010002450904
2003010002450905
2003010002450906
2003010002450907
2003010002450908
2003010002450909
2003010002450910
2003010002450911
2003010002450912
2003010002450913
2003010002450914
2003010002450915
2003010002450916
2003010002450917
2003010002450918
2003010002450919
2003010002450920
2003010002450921
2003010002450922
2003010002450923
2003010002450924
2003010002450925
2003010002450926
2003010002450927
2003010002450928
2003010002450929
2003010002450930
2003010002450931
2003010002450932
2003010002450933
2003010002450934
2003010002450935
2003010002450936
2003010002450937
2003010002450938
2003010002450939
2003010002450940
2003010002450941
2003010002450942
2003010002450943
2003010002450944
2003010002450945
2003010002450946
2003010002450947
2003010002450948
2003010002450949
2003010002450950
2003010002450951
2003010002450952
2003010002450953
2003010002450954
2003010002450955
2003010002450956
2003010002450957
2003010002450958
2003010002450959
2003010002450960
2003010002450961
2003010002450962
2003010002450963
2003010002450964
2003010002450965
2003010002450966
2003010002450967
2003010002450968
2003010002450969
2003010002450970
2003010002450971
2003010002450972
2003010002450973
2003010002450974
2003010002450975
2003010002450976
2003010002450977
2003010002450978
2003010002450979
2003010002450980
2003010002450981
2003010002450982
2003010002450983
2003010002450984
2003010002450985
2003010002450986
2003010002450987
2003010002450988
2003010002450989
2003010002450990
2003010002450991
2003010002450992
2003010002450993
2003010002450994
2003010002450995
2003010002450996
2003010002450997
2003010002450998
2003010002450999
2003010002451000
2003010002451001
2003010002451002
2003010002451003
2003010002451004
2003010002451005
2003010002451006
2003010002451007
2003010002451008
2003010002451009
2003010002451010
2003010002451011
2003010002451012
2003010002451013
2003010002451014
2003010002451015
2003010002451016
2003010002451017
2003010002451018
2003010002451019
2003010002451020
2003010002451021
2003010002451022
2003010002451023
2003010002451024
2003010002451025
2003010002451026
2003010002451027
2003010002451028
2003010002451029
2003010002451030
2003010002451031
2003010002451032
2003010002451033
2003010002451034
2003010002451035
2003010002451036
2003010002451037
2003010002451038
2003010002451039
2003010002451040
2003010002451041
2003010002451042
2003010002451043
2003010002451044
2003010002451045
2003010002451046
2003010002451047
2003010002451048
2003010002451049
2003010002451050
2003010002451051
2003010002451052
2003010002451053
2003010002451054
2003010002451055
2003010002451056
2003010002451057
2003010002451058
2003010002451059
2003010002451060
2003010002451061
2003010002451062
2003010002451063
2003010002451064
2003010002451065
2003010002451066
2003010002451067
2003010002451068
2003010002451069
2003010002451070
2003010002451071
2003010002451072
2003010002451073
2003010002451074
2003010002451075
2003010002451076
2003010002451077
2003010002451078
2003010002451079
2003010002451080
2003010002451081
2003010002451082
2003010002451083
2003010002451084
2003010002451085
2003010002451086
2003010002451087
2003010002451088
2003010002451089
2003010002451090
2003010002451091
2003010002451092
2003010002451093
2003010002451094
2003010002451095
2003010002451096
2003010002451097
2003010002451098
2003010002451099
2003010002451100
2003010002451101
2003010002451102
2003010002451103
2003010002451104
2003010002451105
2003010002451106
2003010002451107
2003010002451108
2003010002451109
2003010002451110
2003010002451111
2003010002451112
2003010002451113
2003010002451114
2003010002451115
2003010002451116
2003010002451117
2003010002451118
2003010002451119
2003010002451120
2003010002451121
2003010002451122
2003010002451123
2003010002451124
2003010002451125
2003010002451126
2003010002451127
2003010002451128
2003010002451129
2003010002451130
2003010002451131
2003010002451132
2003010002451133
2003010002451134
2003010002451135
2003010002451136
2003010002451137
2003010002451138
2003010002451139
2003010002451140
2003010002451141
2003010002451142
2003010002451143
2003010002451144
2003010002451145
2003010002451146
2003010002451147
2003010002451148
2003010002451149
2003010002451150
2003010002451151
2003010002451152
2003010002451153
2003010002451154
2003010002451155
2003010002451156
2003010002451157
2003010002451158
2003010002451159
2003010002451160
2003010002451161
2003010002451162
2003010002451163
2003010002451164
2003010002451165
2003010002451166
2003010002451167
2003010002451168
2003010002451169
2003010002451170
2003010002451171
2003010002451172
2003010002451173
2003010002451174
2003010002451175
2003010002451176
2003010002451177
2003010002451178
2003010002451179
2003010002451180
2003010002451181
2003010002451182
2003010002451183
2003010002451184
2003010002451185
2003010002451186
2003010002451187
2003010002451188
2003010002451189
2003010002451190
2003010002451191
2003010002451192
2003010002451193
2003010002451194
2003010002451195
2003010002451196
2003010002451197
2003010002451198
2003010002451199
2003010002451200
2003010002451201
2003010002451202
2003010002451203
2003010002451204
2003010002451205
2003010002451206
2003010002451207
2003010002451208
2003010002451209
2003010002451210
2003010002451211
2003010002451212
2003010002451213
2003010002451214
2003010002451215
2003010002451216
2003010002451217
2003010002451218
2003010002451219
2003010002451220
2003010002451221
2003010002451222
2003010002451223
2003010002451224
2003010002451225
2003010002451226
2003010002451227
2003010002451228
2003010002451229
2003010002451230
2003010002451231
2003010002451232
2003010002451233
2003010002451234
2003010002451235
2003010002451236
2003010002451237
2003010002451238
2003010002451239
2003010002451240
2003010002451241
2003010002451242
2003010002451243
2003010002451244
2003010002451245
2003010002451246
2003010002451247
2003010002451248
2003010002451249
2003010002451250
2003010002451251
2003010002451252
2003010002451253
2003010002451254
2003010002451255
2003010002451256
2003010002451257
2003010002451258
2003010002451259
2003010002451260
2003010002451261
2003010002451262
2003010002451263
2003010002451264
2003010002451265
2003010002451266
2003010002451267
2003010002451268
2003010002451269
2003010002451270
2003010002451271
2003010002451272
2003010002451273
2003010002451274
2003010002451275
2003010002451276
2003010002451277
2003010002451278
2003010002451279
2003010002451280
2003010002451281
2003010002451282
2003010002451283
2003010002451284
2003010002451285
2003010002451286
2003010002451287
2003010002451288
2003010002451289
2003010002451290
2003010002451291
2003010002451292
2003010002451293
2003010002451294
2003010002451295
2003010002451296
2003010002451297
2003010002451298
2003010002451299
2003010002451300
2003010002451301
2003010002451302
2003010002451303
2003010002451304
2003010002451305
2003010002451306
2003010002451307
2003010002451308
2003010002451309
2003010002451310
2003010002451311
2003010002451312
2003010002451313
2003010002451314
2003010002451315
2003010002451316
2003010002451317
2003010002451318
2003010002451319
2003010002451320
2003010002451321
2003010002451322
2003010002451323
2003010002451324
2003010002451325
2003010002451326
2003010002451327
2003010002451328
2003010002451329
2003010002451330
2003010002451331
2003010002451332
2003010002451333
2003010002451334
2003010002451335
2003010002451336
2003010002451337
2003010002451338
2003010002451339
2003010002451340
2003010002451341
2003010002451342
2003010002451343
2003010002451344
2003010002451345
2003010002451346
2003010002451347
2003010002451348
2003010002451349
2003010002451350
2003010002451351
2003010002451352
2003010002451353
2003010002451354
2003010002451355
2003010002451356
2003010002451357
2003010002451358
2003010002451359
2003010002451360
2003010002451361
2003010002451362
2003010002451363
2003010002451364
2003010002451365
2003010002451366
2003010002451367
2003010002451368
2003010002451369
2003010002451370
2003010002451371
2003010002451372
2003010002451373
2003010002451374
2003010002451375
2003010002451376
2003010002451377
2003010002451378
2003010002451379
2003010002451380
2003010002451381
2003010002451382
2003010002451383
2003010002451384
2003010002451385
2003010002451386
2003010002451387
2003010002451388
2003010002451389
2003010002451390
2003010002451391
2003010002451392
2003010002451393
2003010002451394
2003010002451395
2003010002451396
2003010002451397
2003010002451398
2003010002451399
2003010002451400
2003010002451401
2003010002451402
2003010002451403
2003010002451404
2003010002451405
2003010002451406
2003010002451407
2003010002451408
2003010002451409
2003010002451410
2003010002451411
2003010002451412
2003010002451413
2003010002451414
2003010002451415
2003010002451416
2003010002451417
2003010002451418
2003010002451419
2003010002451420
2003010002451421
2003010002451422
2003010002451423
2003010002451424
2003010002451425
2003010002451426
2003010002451427
2003010002451428
2003010002451429
2003010002451430
2003010002451431
2003010002451432
2003010002451433
2003010002451434
2003010002451435
2003010002451436
2003010002451437
2003010002451438
2003010002451439
2003010002451440
2003010002451441
2003010002451442
2003010002451443
2003010002451444
2003010002451445
2003010002451446
2003010002451447
2003010002451448
2003010002451449
2003010002451450
2003010002451451
2003010002451452
2003010002451453
2003010002451454
2003010002451455
2003010002451456
2003010002451457
2003010002451458
2003010002451459
2003010002451460
2003010002451461
2003010002451462
2003010002451463
2003010002451464
2003010002451465
2003010002451466
2003010002451467
2003010002451468
2003010002451469
2003010002451470
2003010002451471
2003010002451472
2003010002451473
2003010002451474
2003010002451475
2003010002451476
2003010002451477
2003010002451478
2003010002451479
2003010002451480
2003010002451481
2003010002451482
2003010002451483
2003010002451484
2003010002451485
2003010002451486
2003010002451487
2003010002451488
2003010002451489
2003010002451490
2003010002451491
2003010002451492
2003010002451493
2003010002451494
2003010002451495
2003010002451496
2003010002451497
2003010002451498
2003010002451499
2003010002451500
2003010002451501
2003010002451502
2003010002451503
2003010002451504
2003010002451505
2003010002451506
2003010002451507
2003010002451508
2003010002451509
2003010002451510
2003010002451511
2003010002451512
2003010002451513
2003010002451514
2003010002451515
2003010002451516
2003010002451517
2003010002451518
2003010002451519
2003010002451520
2003010002451521
2003010002451522
2003010002451523
2003010002451524
2003010002451525
2003010002451526
2003010002451527
2003010002451528
2003010002451529
2003010002451530
2003010002451531
2003010002451532
2003010002451533
2003010002451534
2003010002451535
2003010002451536
2003010002451537
2003010002451538
2003010002451539
2003010002451540
2003010002451541
2003010002451542
2003010002451543
2003010002451544
2003010002451545
2003010002451546
2003010002451547
2003010002451548
2003010002451549
2003010002451550
2003010002451551
2003010002451552
2003010002451553
2003010002451554
2003010002451555
2003010002451556
2003010002451557
2003010002451558
2003010002451559
2003010002451560
2003010002451561
2003010002451562
2003010002451563
2003010002451564
2003010002451565
2003010002451566
2003010002451567
2003010002451568
2003010002451569
2003010002451570
2003010002451571
2003010002451572
2003010002451573
2003010002451574
2003010002451575
2003010002451576
2003010002451577
2003010002451578
2003010002451579
2003010002451580
2003010002451581
2003010002451582
2003010002451583
2003010002451584
2003010002451585
2003010002451586
2003010002451587
2003010002451588
2003010002451589
2003010002451590
2003010002451591
2003010002451592
2003010002451593
2003010002451594
2003010002451595
2003010002451596
2003010002451597
2003010002451598
2003010002451599
2003010002451600
2003010002451601
2003010002451602
2003010002451603
2003010002451604
2003010002451605
2003010002451606
2003010002451607
2003010002451608
2003010002451609
2003010002451610
2003010002451611
2003010002451612
2003010002451613
2003010002451614
2003010002451615
2003010002451616
2003010002451617
2003010002451618
2003010002451619
2003010002451620
2003010002451621
2003010002451622
2003010002451623
2003010002451624
2003010002451625
2003010002451626
2003010002451627
2003010002451628
2003010002451629
2003010002451630
2003010002451631
2003010002451632
2003010002451633
2003010002451634
2003010002451635
2003010002451636
2003010002451637
2003010002451638
2003010002451639
2003010002451640
2003010002451641
2003010002451642
2003010002451643
2003010002451644
2003010002451645
2003010002451646
2003010002451647
2003010002451648
2003010002451649
2003010002451650
2003010002451651
2003010002451652
2003010002451653
2003010002451654
2003010002451655
2003010002451656
2003010002451657
2003010002451658
2003010002451659
2003010002451660
2003010002451661
2003010002451662
2003010002451663
2003010002451664
2003010002451665
2003010002451666
2003010002451667
2003010002451668
2003010002451669
2003010002451670
2003010002451671
2003010002451672
2003010002451673
2003010002451674
2003010002451675
2003010002451676
2003010002451677
2003010002451678
2003010002451679
2003010002451680
2003010002451681
2003010002451682
2003010002451683
2003010002451684
2003010002451685
2003010002451686
2003010002451687
2003010002451688
2003010002451689
2003010002451690
2003010002451691
2003010002451692
2003010002451693
2003010002451694
2003010002451695
2003010002451696
2003010002451697
2003010002451698
2003010002451699
2003010002451700
2003010002451701
2003010002451702
2003010002451703
2003010002451704
2003010002451705
2003010002451706
2003010002451707
2003010002451708
2003010002451709
2003010002451710
2003010002451711
2003010002451712
2003010002451713
2003010002451714
2003010002451715
2003010002451716
2003010002451717
2003010002451718
2003010002451719
2003010002451720
2003010002451721
2003010002451722
2003010002451723
2003010002451724
2003010002451725
2003010002451726
2003010002451727
2003010002451728
2003010002451729
2003010002451730
2003010002451731
2003010002451732
2003010002451733
2003010002451734
2003010002451735
2003010002451736
2003010002451737
2003010002451738
2003010002451739
2003010002451740
2003010002451741
2003010002451742
2003010002451743
2003010002451744
2003010002451745
2003010002451746
2003010002451747
2003010002451748
2003010002451749
2003010002451750
2003010002451751
2003010002451752
2003010002451753
2003010002451754
2003010002451755
2003010002451756
2003010002451757
2003010002451758
2003010002451759
2003010002451760
2003010002451761
2003010002451762
2003010002451763
2003010002451764
2003010002451765
2003010002451766
2003010002451767
2003010002451768
2003010002451769
2003010002451770
2003010002451771
2003010002451772
2003010002451773
2003010002451774
2003010002451775
2003010002451776
2003010002451777
2003010002451778
2003010002451779
2003010002451780
2003010002451781
2003010002451782
2003010002451783
2003010002451784
2003010002451785
2003010002451786
2003010002451787
2003010002451788
2003010002451789
2003010002451790
2003010002451791
2003010002451792
2003010002451793
2003010002451794
2003010002451795
2003010002451796
2003010002451797
2003010002451798
2003010002451799
2003010002451800
2003010002451801
2003010002451802
2003010002451803
2003010002451804
2003010002451805
2003010002451806
2003010002451807
2003010002451808
2003010002451809
2003010002451810
2003010002451811
2003010002451812
2003010002451813
2003010002451814
2003010002451815
2003010002451816
2003010002451817
2003010002451818
2003010002451819
2003010002451820
2003010002451821
2003010002451822
2003010002451823
2003010002451824
2003010002451825
2003010002451826
2003010002451827
2003010002451828
2003010002451829
2003010002451830
2003010002451831
2003010002451832
2003010002451833
2003010002451834
2003010002451835
2003010002451836
2003010002451837
2003010002451838
2003010002451839
2003010002451840
2003010002451841
2003010002451842
2003010002451843
2003010002451844
2003010002451845
2003010002451846
2003010002451847
2003010002451848
2003010002451849
2003010002451850
2003010002451851
2003010002451852
2003010002451853
2003010002451854
2003010002451855
2003010002451856
2003010002451857
2003010002451858
2003010002451859
2003010002451860
2003010002451861
2003010002451862
2003010002451863
2003010002451864
2003010002451865
2003010002451866
2003010002451867
2003010002451868
2003010002451869
2003010002451870
2003010002451871
2003010002451872
2003010002451873
2003010002451874
2003010002451875
2003010002451876
2003010002451877
2003010002451878
2003010002451879
2003010002451880
2003010002451881
2003010002451882
2003010002451883
2003010002451884
2003010002451885
2003010002451886
2003010002451887
2003010002451888
2003010002451889
2003010002451890
2003010002451891
2003010002451892
2003010002451893
2003010002451894
2003010002451895
2003010002451896
2003010002451897
2003010002451898
2003010002451899
2003010002451900
2003010002451901
2003010002451902
2003010002451903
2003010002451904
2003010002451905
2003010002451906
2003010002451907
2003010002451908
2003010002451909
2003010002451910
2003010002451911
2003010002451912
2003010002451913
2003010002451914
2003010002451915
2003010002451916
2003010002451917
2003010002451918
2003010002451919
2003010002451920
2003010002451921
2003010002451922
2003010002451923
2003010002451924
2003010002451925
2003010002451926
2003010002451927
2003010002451928
2003010002451929
2003010002451930
2003010002451931
2003010002451932
2003010002451933
2003010002451934
2003010002451935
2003010002451936
2003010002451937
2003010002451938
2003010002451939
2003010002451940
2003010002451941
2003010002451942
2003010002451943
2003010002451944
2003010002451945
2003010002451946
2003010002451947
2003010002451948
2003010002451949
2003010002451950
2003010002451951
2003010002451952
2003010002451953
2003010002451954
2003010002451955
2003010002451956
2003010002451957
2003010002451958
2003010002451959
2003010002451960
2003010002451961
2003010002451962
2003010002451963
2003010002451964
2003010002451965
2003010002451966
2003010002451967
2003010002451968
2003010002451969
2003010002451970
2003010002451971
2003010002451972
2003010002451973
2003010002451974
2003010002451975
2003010002451976
2003010002451977
2003010002451978
2003010002451979
2003010002451980
2003010002451981
2003010002451982
2003010002451983
2003010002451984
2003010002451985
2003010002451986
2003010002451987
2003010002451988
2003010002451989
2003010002451990
2003010002451991
2003010002451992
2003010002451993
2003010002451994
2003010002451995
2003010002451996
2003010002451997
2003010002451998
2003010002451999
2003010002452000
2003010002452001
2003010002452002
2003010002452003
2003010002452004
2003010002452005
2003010002452006
2003010002452007
2003010002452008
2003010002452009
2003010002452010
2003010002452011
2003010002452012
2003010002452013
2003010002452014
2003010002452015
2003010002452016
2003010002452017
2003010002452018
2003010002452019
2003010002452020
2003010002452021
2003010002452022
2003010002452023
2003010002452024
2003010002452025
2003010002452026
2003010002452027
2003010002452028
2003010002452029
2003010002452030
2003010002452031
2003010002452032
2003010002452033
2003010002452034
2003010002452035
2003010002452036
2003010002452037
2003010002452038
2003010002452039
2003010002452040
2003010002452041
2003010002452042
2003010002452043
2003010002452044
2003010002452045
2003010002452046
2003010002452047
2003010002452048
2003010002452049
2003010002452050
2003010002452051
2003010002452052
2003010002452053
2003010002452054
2003010002452055
2003010002452056
2003010002452057
2003010002452058
2003010002452059
2003010002452060
2003010002452061
2003010002452062
2003010002452063
2003010002452064
2003010002452065
2003010002452066
2003010002452067
2003010002452068
2003010002452069
2003010002452070
2003010002452071
2003010002452072
2003010002452073
2003010002452074
2003010002452075
2003010002452076
2003010002452077
2003010002452078
2003010002452079
2003010002452080
2003010002452081
2003010002452082
2003010002452083
2003010002452084
2003010002452085
2003010002452086
2003010002452087
2003010002452088
2003010002452089
2003010002452090
2003010002452091
2003010002452092
2003010002452093
2003010002452094
2003010002452095
2003010002452096
2003010002452097
2003010002452098
2003010002452099
2003010002452100
2003010002452101
2003010002452102
2003010002452103
2003010002452104
2003010002452105
2003010002452106
2003010002452107
2003010002452108
2003010002452109
2003010002452110
2003010002452111
2003010002452112
2003010002452113
2003010002452114
2003010002452115
2003010002452116
2003010002452117
2003010002452118
2003010002452119
2003010002452120
2003010002452121
2003010002452122
2003010002452123
2003010002452124
2003010002452125
2003010002452126
2003010002452127
2003010002452128
2003010002452129
2003010002452130
2003010002452131
2003010002452132
2003010002452133
2003010002452134
2003010002452135
2003010002452136
2003010002452137
2003010002452138
2003010002452139
2003010002452140
2003010002452141
2003010002452142
2003010002452143
2003010002452144
2003010002452145
2003010002452146
2003010002452147
2003010002452148
2003010002452149
2003010002452150
2003010002452151
2003010002452152
2003010002452153
2003010002452154
2003010002452155
2003010002452156
2003010002452157
2003010002452158
2003010002452159
2003010002452160
2003010002452161
2003010002452162
2003010002452163
2003010002452164
2003010002452165
2003010002452166
2003010002452167
2003010002452168
2003010002452169
2003010002452170
2003010002452171
2003010002452172
2003010002452173
2003010002452174
2003010002452175
2003010002452176
2003010002452177
2003010002452178
2003010002452179
2003010002452180
2003010002452181
2003010002452182
2003010002452183
2003010002452184
2003010002452185
2003010002452186
2003010002452187
2003010002452188
2003010002452189
2003010002452190
2003010002452191
2003010002452192
2003010002452193
2003010002452194
2003010002452195
2003010002452196
2003010002452197
2003010002452198
2003010002452199
2003010002452200
2003010002452201
2003010002452202
2003010002452203
2003010002452204
2003010002452205
2003010002452206
2003010002452207
2003010002452208
2003010002452209
2003010002452210
2003010002452211
2003010002452212
2003010002452213
2003010002452214
2003010002452215
2003010002452216
2003010002452217
2003010002452218
2003010002452219
2003010002452220
2003010002452221
2003010002452222
2003010002452223
2003010002452224
2003010002452225
2003010002452226
2003010002452227
2003010002452228
2003010002452229
2003010002452230
2003010002452231
2003010002452232
2003010002452233
2003010002452234
2003010002452235
2003010002452236
2003010002452237
2003010002452238
2003010002452239
2003010002452240
2003010002452241
2003010002452242
2003010002452243
2003010002452244
2003010002452245
2003010002452246
2003010002452247
2003010002452248
2003010002452249
2003010002452250
2003010002452251
2003010002452252
2003010002452253
2003010002452254
2003010002452255
2003010002452256
2003010002452257
2003010002452258
2003010002452259
2003010002452260
2003010002452261
2003010002452262
2003010002452263
2003010002452264
2003010002452265
2003010002452266
2003010002452267
2003010002452268
2003010002452269
2003010002452270
2003010002452271
2003010002452272
2003010002452273
2003010002452274
2003010002452275
2003010002452276
2003010002452277
2003010002452278
2003010002452279
2003010002452280
2003010002452281
2003010002452282
2003010002452283
2003010002452284
2003010002452285
2003010002452286
2003010002452287
2003010002452288
2003010002452289
2003010002452290
2003010002452291
2003010002452292
2003010002452293
2003010002452294
2003010002452295
2003010002452296
2003010002452297
2003010002452298
2003010002452299
2003010002452300
2003010002452301
2003010002452302
2003010002452303
2003010002452304
2003010002452305
2003010002452306
2003010002452307
2003010002452308
2003010002452309
2003010002452310
2003010002452311
2003010002452312
2003010002452313
2003010002452314
2003010002452315
2003010002452316
2003010002452317
2003010002452318
2003010002452319
2003010002452320
2003010002452321
2003010002452322
2003010002452323
2003010002452324
2003010002452325
2003010002452326
2003010002452327
2003010002452328
2003010002452329
2003010002452330
2003010002452331
2003010002452332
2003010002452333
2003010002452334
2003010002452335
2003010002452336
2003010002452337
2003010002452338
2003010002452339
2003010002452340
2003010002452341
2003010002452342
2003010002452343
2003010002452344
2003010002452345
2003010002452346
2003010002452347
2003010002452348
2003010002452349
2003010002452350
2003010002452351
2003010002452352
2003010002452353
2003010002452354
2003010002452355
2003010002452356
2003010002452357
2003010002452358
2003010002452359
2003010002452360
2003010002452361
2003010002452362
2003010002452363
2003010002452364
2003010002452365
2003010002452366
2003010002452367
2003010002452368
2003010002452369
2003010002452370
2003010002452371
2003010002452372
2003010002452373
2003010002452374
2003010002452375
2003010002452376
2003010002452377
2003010002452378
2003010002452379
2003010002452380
2003010002452381
2003010002452382
2003010002452383
2003010002452384
2003010002452385
2003010002452386
2003010002452387
2003010002452388
2003010002452389
2003010002452390
2003010002452391
2003010002452392
2003010002452393
2003010002452394
2003010002452395
2003010002452396
2003010002452397
2003010002452398
2003010002452399
2003010002452400
2003010002452401
2003010002452402
2003010002452403
2003010002452404
2003010002452405
2003010002452406
2003010002452407
2003010002452408
2003010002452409
2003010002452410
2003010002452411
2003010002452412
2003010002452413
2003010002452414
2003010002452415
2003010002452416
2003010002452417
2003010002452418
2003010002452419
2003010002452420
2003010002452421
2003010002452422
2003010002452423
2003010002452424
2003010002452425
2003010002452426
2003010002452427
2003010002452428
2003010002452429
2003010002452430
2003010002452431
2003010002452432
2003010002452433
2003010002452434
2003010002452435
2003010002452436
2003010002452437
2003010002452438
2003010002452439
2003010002452440
2003010002452441
2003010002452442
2003010002452443
2003010002452444
2003010002452445
2003010002452446
2003010002452447
2003010002452448
2003010002452449
2003010002452450
2003010002452451
2003010002452452
2003010002452453
2003010002452454
2003010002452455
2003010002452456
2003010002452457
2003010002452458
2003010002452459
2003010002452460
2003010002452461
2003010002452462
2003010002452463
2003010002452464
2003010002452465
2003010002452466
2003010002452467
2003010002452468
2003010002452469
2003010002452470
2003010002452471
2003010002452472
2003010002452473
2003010002452474
2003010002452475
2003010002452476
2003010002452477
2003010002452478
2003010002452479
2003010002452480
2003010002452481
2003010002452482
2003010002452483
2003010002452484
2003010002452485
2003010002452486
2003010002452487
2003010002452488
2003010002452489
2003010002452490
2003010002452491
2003010002452492
2003010002452493
2003010002452494
2003010002452495
2003010002452496
2003010002452497
2003010002452498
2003010002452499
2003010002452500
2003010002452501
2003010002452502
2003010002452503
2003010002452504
2003010002452505
2003010002452506
2003010002452507
2003010002452508
2003010002452509
2003010002452510
2003010002452511
2003010002452512
2003010002452513
2003010002452514
2003010002452515
2003010002452516
2003010002452517
2003010002452518
2003010002452519
2003010002452520
2003010002452521
2003010002452522
2003010002452523
2003010002452524
2003010002452525
2003010002452526
2003010002452527
2003010002452528
2003010002452529
2003010002452530
2003010002452531
2003010002452532
2003010002452533
2003010002452534
2003010002452535
2003010002452536
2003010002452537
2003010002452538
2003010002452539
2003010002452540
2003010002452541
2003010002452542
2003010002452543
2003010002452544
2003010002452545
2003010002452546
2003010002452547
2003010002452548
2003010002452549
2003010002452550
2003010002452551
2003010002452552
2003010002452553
2003010002452554
2003010002452555
2003010002452556
2003010002452557
2003010002452558
2003010002452559
2003010002452560
2003010002452561
2003010002452562
2003010002452563
2003010002452564
2003010002452565
2003010002452566
2003010002452567
2003010002452568
2003010002452569
2003010002452570
2003010002452571
2003010002452572
2003010002452573
2003010002452574
2003010002452575
2003010002452576
2003010002452577
2003010002452578
2003010002452579
2003010002452580
2003010002452581
2003010002452582
2003010002452583
2003010002452584
2003010002452585
2003010002452586
2003010002452587
2003010002452588
2003010002452589
2003010002452590
2003010002452591
2003010002452592
2003010002452593
2003010002452594
2003010002452595
2003010002452596
2003010002452597
2003010002452598
2003010002452599
2003010002452600
2003010002452601
2003010002452602
2003010002452603
2003010002452604
2003010002452605
2003010002452606
2003010002452607
2003010002452608
2003010002452609
2003010002452610
2003010002452611
2003010002452612
2003010002452613
2003010002452614
2003010002452615
2003010002452616
2003010002452617
2003010002452618
2003010002452619
2003010002452620
2003010002452621
2003010002452622
2003010002452623
2003010002452624
2003010002452625
2003010002452626
2003010002452627
2003010002452628
2003010002452629
2003010002452630
2003010002452631
2003010002452632
2003010002452633
2003010002452634
2003010002452635
2003010002452636
2003010002452637
2003010002452638
2003010002452639
2003010002452640
2003010002452641
2003010002452642
2003010002452643
2003010002452644
2003010002452645
2003010002452646
2003010002452647
2003010002452648
2003010002452649
2003010002452650
2003010002452651
2003010002452652
2003010002452653
2003010002452654
2003010002452655
2003010002452656
2003010002452657
2003010002452658
2003010002452659
2003010002452660
2003010002452661
2003010002452662
2003010002452663
2003010002452664
2003010002452665
2003010002452666
2003010002452667
2003010002452668
2003010002452669
2003010002452670
2003010002452671
2003010002452672
2003010002452673
2003010002452674
2003010002452675
2003010002452676
2003010002452677
2003010002452678
2003010002452679
2003010002452680
2003010002452681
2003010002452682
2003010002452683
2003010002452684
2003010002452685
2003010002452686
2003010002452687
2003010002452688
2003010002452689
2003010002452690
2003010002452691
2003010002452692
2003010002452693
2003010002452694
2003010002452695
2003010002452696
2003010002452697
2003010002452698
2003010002452699
2003010002452700
2003010002452701
2003010002452702
2003010002452703
2003010002452704
2003010002452705
2003010002452706
2003010002452707
2003010002452708
2003010002452709
2003010002452710
2003010002452711
2003010002452712
2003010002452713
2003010002452714
2003010002452715
2003010002452716
2003010002452717
2003010002452718
2003010002452719
2003010002452720
2003010002452721
2003010002452722
2003010002452723
2003010002452724
2003010002452725
2003010002452726
2003010002452727
2003010002452728
2003010002452729
2003010002452730
2003010002452731
2003010002452732
2003010002452733
2003010002452734
2003010002452735
2003010002452736
2003010002452737
2003010002452738
2003010002452739
2003010002452740
2003010002452741
2003010002452742
2003010002452743
2003010002452744
2003010002452745
2003010002452746
2003010002452747
2003010002452748
2003010002452749
2003010002452750
2003010002452751
2003010002452752
2003010002452753
2003010002452754
2003010002452755
2003010002452756
2003010002452757
2003010002452758
2003010002452759
2003010002452760
2003010002452761
2003010002452762
2003010002452763
2003010002452764
2003010002452765
2003010002452766
2003010002452767
2003010002452768
2003010002452769
2003010002452770
2003010002452771
2003010002452772
2003010002452773
2003010002452774
2003010002452775
2003010002452776
2003010002452777
2003010002452778
2003010002452779
2003010002452780
2003010002452781
2003010002452782
2003010002452783
2003010002452784
2003010002452785
2003010002452786
2003010002452787
2003010002452788
2003010002452789
2003010002452790
2003010002452791
2003010002452792
2003010002452793
2003010002452794
2003010002452795
2003010002452796
2003010002452797
2003010002452798
2003010002452799
2003010002452800
2003010002452801
2003010002452802
2003010002452803
2003010002452804
2003010002452805
2003010002452806
2003010002452807
2003010002452808
2003010002452809
2003010002452810
2003010002452811
2003010002452812
2003010002452813
2003010002452814
2003010002452815
2003010002452816
2003010002452817
2003010002452818
2003010002452819
2003010002452820
2003010002452821
2003010002452822
2003010002452823
2003010002452824
2003010002452825
2003010002452826
2003010002452827
2003010002452828
2003010002452829
2003010002452830
2003010002452831
2003010002452832
2003010002452833
2003010002452834
2003010002452835
2003010002452836
2003010002452837
2003010002452838
2003010002452839
2003010002452840
2003010002452841
2003010002452842
2003010002452843
2003010002452844
2003010002452845
2003010002452846
2003010002452847
2003010002452848
2003010002452849
2003010002452850
2003010002452851
2003010002452852
2003010002452853
2003010002452854
2003010002452855
2003010002452856
2003010002452857
2003010002452858
2003010002452859
2003010002452860
2003010002452861
2003010002452862
2003010002452863
2003010002452864
2003010002452865
2003010002452866
2003010002452867
2003010002452868
2003010002452869
2003010002452870
2003010002452871
2003010002452872
2003010002452873
2003010002452874
2003010002452875
2003010002452876
2003010002452877
2003010002452878
2003010002452879
2003010002452880
2003010002452881
2003010002452882
2003010002452883
2003010002452884
2003010002452885
2003010002452886
2003010002452887
2003010002452888
2003010002452889
2003010002452890
2003010002452891
2003010002452892
2003010002452893
2003010002452894
2003010002452895
2003010002452896
2003010002452897
2003010002452898
2003010002452899
2003010002452900
2003010002452901
2003010002452902
2003010002452903
2003010002452904
2003010002452905
2003010002452906
2003010002452907
2003010002452908
2003010002452909
2003010002452910
2003010002452911
2003010002452912
2003010002452913
2003010002452914
2003010002452915
2003010002452916
2003010002452917
2003010002452918
2003010002452919
2003010002452920
2003010002452921
2003010002452922
2003010002452923
2003010002452924
2003010002452925
2003010002452926
2003010002452927
2003010002452928
2003010002452929
2003010002452930
2003010002452931
2003010002452932
2003010002452933
2003010002452934
2003010002452935
2003010002452936
2003010002452937
2003010002452938
2003010002452939
2003010002452940
2003010002452941
2003010002452942
2003010002452943
2003010002452944
2003010002452945
2003010002452946
2003010002452947
2003010002452948
2003010002452949
2003010002452950
2003010002452951
2003010002452952
2003010002452953
2003010002452954
2003010002452955
2003010002452956
2003010002452957
2003010002452958
2003010002452959
2003010002452960
2003010002452961
2003010002452962
2003010002452963
2003010002452964
2003010002452965
2003010002452966
2003010002452967
2003010002452968
2003010002452969
2003010002452970
2003010002452971
2003010002452972
2003010002452973
2003010002452974
2003010002452975
2003010002452976
2003010002452977
2003010002452978
2003010002452979
2003010002452980
2003010002452981
2003010002452982
2003010002452983
2003010002452984
2003010002452985
2003010002452986
2003010002452987
2003010002452988
2003010002452989
2003010002452990
2003010002452991
2003010002452992
2003010002452993
2003010002452994
2003010002452995
2003010002452996
2003010002452997
2003010002452998
2003010002452999
2003010002453000
2003010002453001
2003010002453002
2003010002453003
2003010002453004
2003010002453005
2003010002453006
2003010002453007
2003010002453008
2003010002453009
2003010002453010
2003010002453011
2003010002453012
2003010002453013
2003010002453014
2003010002453015
2003010002453016
2003010002453017
2003010002453018
2003010002453019
2003010002453020
2003010002453021
2003010002453022
2003010002453023
2003010002453024
2003010002453025
2003010002453026
2003010002453027
2003010002453028
2003010002453029
2003010002453030
2003010002453031
2003010002453032
2003010002453033
2003010002453034
2003010002453035
2003010002453036
2003010002453037
2003010002453038
2003010002453039
2003010002453040
2003010002453041
2003010002453042
2003010002453043
2003010002453044
2003010002453045
2003010002453046
2003010002453047
2003010002453048
2003010002453049
2003010002453050
2003010002453051
2003010002453052
2003010002453053
2003010002453054
2003010002453055
2003010002453056
2003010002453057
2003010002453058
2003010002453059
2003010002453060
2003010002453061
2003010002453062
2003010002453063
2003010002453064
2003010002453065
2003010002453066
2003010002453067
2003010002453068
2003010002453069
2003010002453070
2003010002453071
2003010002453072
