2003010002423073
2003010002423074
2003010002423075
2003010002423076
2003010002423077
2003010002423078
2003010002423079
2003010002423080
2003010002423081
2003010002423082
2003010002423083
2003010002423084
2003010002423085
2003010002423086
2003010002423087
2003010002423088
2003010002423089
2003010002423090
2003010002423091
2003010002423092
2003010002423093
2003010002423094
2003010002423095
2003010002423096
2003010002423097
2003010002423098
2003010002423099
2003010002423100
2003010002423101
2003010002423102
2003010002423103
2003010002423104
2003010002423105
2003010002423106
2003010002423107
2003010002423108
2003010002423109
2003010002423110
2003010002423111
2003010002423112
2003010002423113
2003010002423114
2003010002423115
2003010002423116
2003010002423117
2003010002423118
2003010002423119
2003010002423120
2003010002423121
2003010002423122
2003010002423123
2003010002423124
2003010002423125
2003010002423126
2003010002423127
2003010002423128
2003010002423129
2003010002423130
2003010002423131
2003010002423132
2003010002423133
2003010002423134
2003010002423135
2003010002423136
2003010002423137
2003010002423138
2003010002423139
2003010002423140
2003010002423141
2003010002423142
2003010002423143
2003010002423144
2003010002423145
2003010002423146
2003010002423147
2003010002423148
2003010002423149
2003010002423150
2003010002423151
2003010002423152
2003010002423153
2003010002423154
2003010002423155
2003010002423156
2003010002423157
2003010002423158
2003010002423159
2003010002423160
2003010002423161
2003010002423162
2003010002423163
2003010002423164
2003010002423165
2003010002423166
2003010002423167
2003010002423168
2003010002423169
2003010002423170
2003010002423171
2003010002423172
2003010002423173
2003010002423174
2003010002423175
2003010002423176
2003010002423177
2003010002423178
2003010002423179
2003010002423180
2003010002423181
2003010002423182
2003010002423183
2003010002423184
2003010002423185
2003010002423186
2003010002423187
2003010002423188
2003010002423189
2003010002423190
2003010002423191
2003010002423192
2003010002423193
2003010002423194
2003010002423195
2003010002423196
2003010002423197
2003010002423198
2003010002423199
2003010002423200
2003010002423201
2003010002423202
2003010002423203
2003010002423204
2003010002423205
2003010002423206
2003010002423207
2003010002423208
2003010002423209
2003010002423210
2003010002423211
2003010002423212
2003010002423213
2003010002423214
2003010002423215
2003010002423216
2003010002423217
2003010002423218
2003010002423219
2003010002423220
2003010002423221
2003010002423222
2003010002423223
2003010002423224
2003010002423225
2003010002423226
2003010002423227
2003010002423228
2003010002423229
2003010002423230
2003010002423231
2003010002423232
2003010002423233
2003010002423234
2003010002423235
2003010002423236
2003010002423237
2003010002423238
2003010002423239
2003010002423240
2003010002423241
2003010002423242
2003010002423243
2003010002423244
2003010002423245
2003010002423246
2003010002423247
2003010002423248
2003010002423249
2003010002423250
2003010002423251
2003010002423252
2003010002423253
2003010002423254
2003010002423255
2003010002423256
2003010002423257
2003010002423258
2003010002423259
2003010002423260
2003010002423261
2003010002423262
2003010002423263
2003010002423264
2003010002423265
2003010002423266
2003010002423267
2003010002423268
2003010002423269
2003010002423270
2003010002423271
2003010002423272
2003010002423273
2003010002423274
2003010002423275
2003010002423276
2003010002423277
2003010002423278
2003010002423279
2003010002423280
2003010002423281
2003010002423282
2003010002423283
2003010002423284
2003010002423285
2003010002423286
2003010002423287
2003010002423288
2003010002423289
2003010002423290
2003010002423291
2003010002423292
2003010002423293
2003010002423294
2003010002423295
2003010002423296
2003010002423297
2003010002423298
2003010002423299
2003010002423300
2003010002423301
2003010002423302
2003010002423303
2003010002423304
2003010002423305
2003010002423306
2003010002423307
2003010002423308
2003010002423309
2003010002423310
2003010002423311
2003010002423312
2003010002423313
2003010002423314
2003010002423315
2003010002423316
2003010002423317
2003010002423318
2003010002423319
2003010002423320
2003010002423321
2003010002423322
2003010002423323
2003010002423324
2003010002423325
2003010002423326
2003010002423327
2003010002423328
2003010002423329
2003010002423330
2003010002423331
2003010002423332
2003010002423333
2003010002423334
2003010002423335
2003010002423336
2003010002423337
2003010002423338
2003010002423339
2003010002423340
2003010002423341
2003010002423342
2003010002423343
2003010002423344
2003010002423345
2003010002423346
2003010002423347
2003010002423348
2003010002423349
2003010002423350
2003010002423351
2003010002423352
2003010002423353
2003010002423354
2003010002423355
2003010002423356
2003010002423357
2003010002423358
2003010002423359
2003010002423360
2003010002423361
2003010002423362
2003010002423363
2003010002423364
2003010002423365
2003010002423366
2003010002423367
2003010002423368
2003010002423369
2003010002423370
2003010002423371
2003010002423372
2003010002423373
2003010002423374
2003010002423375
2003010002423376
2003010002423377
2003010002423378
2003010002423379
2003010002423380
2003010002423381
2003010002423382
2003010002423383
2003010002423384
2003010002423385
2003010002423386
2003010002423387
2003010002423388
2003010002423389
2003010002423390
2003010002423391
2003010002423392
2003010002423393
2003010002423394
2003010002423395
2003010002423396
2003010002423397
2003010002423398
2003010002423399
2003010002423400
2003010002423401
2003010002423402
2003010002423403
2003010002423404
2003010002423405
2003010002423406
2003010002423407
2003010002423408
2003010002423409
2003010002423410
2003010002423411
2003010002423412
2003010002423413
2003010002423414
2003010002423415
2003010002423416
2003010002423417
2003010002423418
2003010002423419
2003010002423420
2003010002423421
2003010002423422
2003010002423423
2003010002423424
2003010002423425
2003010002423426
2003010002423427
2003010002423428
2003010002423429
2003010002423430
2003010002423431
2003010002423432
2003010002423433
2003010002423434
2003010002423435
2003010002423436
2003010002423437
2003010002423438
2003010002423439
2003010002423440
2003010002423441
2003010002423442
2003010002423443
2003010002423444
2003010002423445
2003010002423446
2003010002423447
2003010002423448
2003010002423449
2003010002423450
2003010002423451
2003010002423452
2003010002423453
2003010002423454
2003010002423455
2003010002423456
2003010002423457
2003010002423458
2003010002423459
2003010002423460
2003010002423461
2003010002423462
2003010002423463
2003010002423464
2003010002423465
2003010002423466
2003010002423467
2003010002423468
2003010002423469
2003010002423470
2003010002423471
2003010002423472
2003010002423473
2003010002423474
2003010002423475
2003010002423476
2003010002423477
2003010002423478
2003010002423479
2003010002423480
2003010002423481
2003010002423482
2003010002423483
2003010002423484
2003010002423485
2003010002423486
2003010002423487
2003010002423488
2003010002423489
2003010002423490
2003010002423491
2003010002423492
2003010002423493
2003010002423494
2003010002423495
2003010002423496
2003010002423497
2003010002423498
2003010002423499
2003010002423500
2003010002423501
2003010002423502
2003010002423503
2003010002423504
2003010002423505
2003010002423506
2003010002423507
2003010002423508
2003010002423509
2003010002423510
2003010002423511
2003010002423512
2003010002423513
2003010002423514
2003010002423515
2003010002423516
2003010002423517
2003010002423518
2003010002423519
2003010002423520
2003010002423521
2003010002423522
2003010002423523
2003010002423524
2003010002423525
2003010002423526
2003010002423527
2003010002423528
2003010002423529
2003010002423530
2003010002423531
2003010002423532
2003010002423533
2003010002423534
2003010002423535
2003010002423536
2003010002423537
2003010002423538
2003010002423539
2003010002423540
2003010002423541
2003010002423542
2003010002423543
2003010002423544
2003010002423545
2003010002423546
2003010002423547
2003010002423548
2003010002423549
2003010002423550
2003010002423551
2003010002423552
2003010002423553
2003010002423554
2003010002423555
2003010002423556
2003010002423557
2003010002423558
2003010002423559
2003010002423560
2003010002423561
2003010002423562
2003010002423563
2003010002423564
2003010002423565
2003010002423566
2003010002423567
2003010002423568
2003010002423569
2003010002423570
2003010002423571
2003010002423572
2003010002423573
2003010002423574
2003010002423575
2003010002423576
2003010002423577
2003010002423578
2003010002423579
2003010002423580
2003010002423581
2003010002423582
2003010002423583
2003010002423584
2003010002423585
2003010002423586
2003010002423587
2003010002423588
2003010002423589
2003010002423590
2003010002423591
2003010002423592
2003010002423593
2003010002423594
2003010002423595
2003010002423596
2003010002423597
2003010002423598
2003010002423599
2003010002423600
2003010002423601
2003010002423602
2003010002423603
2003010002423604
2003010002423605
2003010002423606
2003010002423607
2003010002423608
2003010002423609
2003010002423610
2003010002423611
2003010002423612
2003010002423613
2003010002423614
2003010002423615
2003010002423616
2003010002423617
2003010002423618
2003010002423619
2003010002423620
2003010002423621
2003010002423622
2003010002423623
2003010002423624
2003010002423625
2003010002423626
2003010002423627
2003010002423628
2003010002423629
2003010002423630
2003010002423631
2003010002423632
2003010002423633
2003010002423634
2003010002423635
2003010002423636
2003010002423637
2003010002423638
2003010002423639
2003010002423640
2003010002423641
2003010002423642
2003010002423643
2003010002423644
2003010002423645
2003010002423646
2003010002423647
2003010002423648
2003010002423649
2003010002423650
2003010002423651
2003010002423652
2003010002423653
2003010002423654
2003010002423655
2003010002423656
2003010002423657
2003010002423658
2003010002423659
2003010002423660
2003010002423661
2003010002423662
2003010002423663
2003010002423664
2003010002423665
2003010002423666
2003010002423667
2003010002423668
2003010002423669
2003010002423670
2003010002423671
2003010002423672
2003010002423673
2003010002423674
2003010002423675
2003010002423676
2003010002423677
2003010002423678
2003010002423679
2003010002423680
2003010002423681
2003010002423682
2003010002423683
2003010002423684
2003010002423685
2003010002423686
2003010002423687
2003010002423688
2003010002423689
2003010002423690
2003010002423691
2003010002423692
2003010002423693
2003010002423694
2003010002423695
2003010002423696
2003010002423697
2003010002423698
2003010002423699
2003010002423700
2003010002423701
2003010002423702
2003010002423703
2003010002423704
2003010002423705
2003010002423706
2003010002423707
2003010002423708
2003010002423709
2003010002423710
2003010002423711
2003010002423712
2003010002423713
2003010002423714
2003010002423715
2003010002423716
2003010002423717
2003010002423718
2003010002423719
2003010002423720
2003010002423721
2003010002423722
2003010002423723
2003010002423724
2003010002423725
2003010002423726
2003010002423727
2003010002423728
2003010002423729
2003010002423730
2003010002423731
2003010002423732
2003010002423733
2003010002423734
2003010002423735
2003010002423736
2003010002423737
2003010002423738
2003010002423739
2003010002423740
2003010002423741
2003010002423742
2003010002423743
2003010002423744
2003010002423745
2003010002423746
2003010002423747
2003010002423748
2003010002423749
2003010002423750
2003010002423751
2003010002423752
2003010002423753
2003010002423754
2003010002423755
2003010002423756
2003010002423757
2003010002423758
2003010002423759
2003010002423760
2003010002423761
2003010002423762
2003010002423763
2003010002423764
2003010002423765
2003010002423766
2003010002423767
2003010002423768
2003010002423769
2003010002423770
2003010002423771
2003010002423772
2003010002423773
2003010002423774
2003010002423775
2003010002423776
2003010002423777
2003010002423778
2003010002423779
2003010002423780
2003010002423781
2003010002423782
2003010002423783
2003010002423784
2003010002423785
2003010002423786
2003010002423787
2003010002423788
2003010002423789
2003010002423790
2003010002423791
2003010002423792
2003010002423793
2003010002423794
2003010002423795
2003010002423796
2003010002423797
2003010002423798
2003010002423799
2003010002423800
2003010002423801
2003010002423802
2003010002423803
2003010002423804
2003010002423805
2003010002423806
2003010002423807
2003010002423808
2003010002423809
2003010002423810
2003010002423811
2003010002423812
2003010002423813
2003010002423814
2003010002423815
2003010002423816
2003010002423817
2003010002423818
2003010002423819
2003010002423820
2003010002423821
2003010002423822
2003010002423823
2003010002423824
2003010002423825
2003010002423826
2003010002423827
2003010002423828
2003010002423829
2003010002423830
2003010002423831
2003010002423832
2003010002423833
2003010002423834
2003010002423835
2003010002423836
2003010002423837
2003010002423838
2003010002423839
2003010002423840
2003010002423841
2003010002423842
2003010002423843
2003010002423844
2003010002423845
2003010002423846
2003010002423847
2003010002423848
2003010002423849
2003010002423850
2003010002423851
2003010002423852
2003010002423853
2003010002423854
2003010002423855
2003010002423856
2003010002423857
2003010002423858
2003010002423859
2003010002423860
2003010002423861
2003010002423862
2003010002423863
2003010002423864
2003010002423865
2003010002423866
2003010002423867
2003010002423868
2003010002423869
2003010002423870
2003010002423871
2003010002423872
2003010002423873
2003010002423874
2003010002423875
2003010002423876
2003010002423877
2003010002423878
2003010002423879
2003010002423880
2003010002423881
2003010002423882
2003010002423883
2003010002423884
2003010002423885
2003010002423886
2003010002423887
2003010002423888
2003010002423889
2003010002423890
2003010002423891
2003010002423892
2003010002423893
2003010002423894
2003010002423895
2003010002423896
2003010002423897
2003010002423898
2003010002423899
2003010002423900
2003010002423901
2003010002423902
2003010002423903
2003010002423904
2003010002423905
2003010002423906
2003010002423907
2003010002423908
2003010002423909
2003010002423910
2003010002423911
2003010002423912
2003010002423913
2003010002423914
2003010002423915
2003010002423916
2003010002423917
2003010002423918
2003010002423919
2003010002423920
2003010002423921
2003010002423922
2003010002423923
2003010002423924
2003010002423925
2003010002423926
2003010002423927
2003010002423928
2003010002423929
2003010002423930
2003010002423931
2003010002423932
2003010002423933
2003010002423934
2003010002423935
2003010002423936
2003010002423937
2003010002423938
2003010002423939
2003010002423940
2003010002423941
2003010002423942
2003010002423943
2003010002423944
2003010002423945
2003010002423946
2003010002423947
2003010002423948
2003010002423949
2003010002423950
2003010002423951
2003010002423952
2003010002423953
2003010002423954
2003010002423955
2003010002423956
2003010002423957
2003010002423958
2003010002423959
2003010002423960
2003010002423961
2003010002423962
2003010002423963
2003010002423964
2003010002423965
2003010002423966
2003010002423967
2003010002423968
2003010002423969
2003010002423970
2003010002423971
2003010002423972
2003010002423973
2003010002423974
2003010002423975
2003010002423976
2003010002423977
2003010002423978
2003010002423979
2003010002423980
2003010002423981
2003010002423982
2003010002423983
2003010002423984
2003010002423985
2003010002423986
2003010002423987
2003010002423988
2003010002423989
2003010002423990
2003010002423991
2003010002423992
2003010002423993
2003010002423994
2003010002423995
2003010002423996
2003010002423997
2003010002423998
2003010002423999
2003010002424000
2003010002424001
2003010002424002
2003010002424003
2003010002424004
2003010002424005
2003010002424006
2003010002424007
2003010002424008
2003010002424009
2003010002424010
2003010002424011
2003010002424012
2003010002424013
2003010002424014
2003010002424015
2003010002424016
2003010002424017
2003010002424018
2003010002424019
2003010002424020
2003010002424021
2003010002424022
2003010002424023
2003010002424024
2003010002424025
2003010002424026
2003010002424027
2003010002424028
2003010002424029
2003010002424030
2003010002424031
2003010002424032
2003010002424033
2003010002424034
2003010002424035
2003010002424036
2003010002424037
2003010002424038
2003010002424039
2003010002424040
2003010002424041
2003010002424042
2003010002424043
2003010002424044
2003010002424045
2003010002424046
2003010002424047
2003010002424048
2003010002424049
2003010002424050
2003010002424051
2003010002424052
2003010002424053
2003010002424054
2003010002424055
2003010002424056
2003010002424057
2003010002424058
2003010002424059
2003010002424060
2003010002424061
2003010002424062
2003010002424063
2003010002424064
2003010002424065
2003010002424066
2003010002424067
2003010002424068
2003010002424069
2003010002424070
2003010002424071
2003010002424072
2003010002424073
2003010002424074
2003010002424075
2003010002424076
2003010002424077
2003010002424078
2003010002424079
2003010002424080
2003010002424081
2003010002424082
2003010002424083
2003010002424084
2003010002424085
2003010002424086
2003010002424087
2003010002424088
2003010002424089
2003010002424090
2003010002424091
2003010002424092
2003010002424093
2003010002424094
2003010002424095
2003010002424096
2003010002424097
2003010002424098
2003010002424099
2003010002424100
2003010002424101
2003010002424102
2003010002424103
2003010002424104
2003010002424105
2003010002424106
2003010002424107
2003010002424108
2003010002424109
2003010002424110
2003010002424111
2003010002424112
2003010002424113
2003010002424114
2003010002424115
2003010002424116
2003010002424117
2003010002424118
2003010002424119
2003010002424120
2003010002424121
2003010002424122
2003010002424123
2003010002424124
2003010002424125
2003010002424126
2003010002424127
2003010002424128
2003010002424129
2003010002424130
2003010002424131
2003010002424132
2003010002424133
2003010002424134
2003010002424135
2003010002424136
2003010002424137
2003010002424138
2003010002424139
2003010002424140
2003010002424141
2003010002424142
2003010002424143
2003010002424144
2003010002424145
2003010002424146
2003010002424147
2003010002424148
2003010002424149
2003010002424150
2003010002424151
2003010002424152
2003010002424153
2003010002424154
2003010002424155
2003010002424156
2003010002424157
2003010002424158
2003010002424159
2003010002424160
2003010002424161
2003010002424162
2003010002424163
2003010002424164
2003010002424165
2003010002424166
2003010002424167
2003010002424168
2003010002424169
2003010002424170
2003010002424171
2003010002424172
2003010002424173
2003010002424174
2003010002424175
2003010002424176
2003010002424177
2003010002424178
2003010002424179
2003010002424180
2003010002424181
2003010002424182
2003010002424183
2003010002424184
2003010002424185
2003010002424186
2003010002424187
2003010002424188
2003010002424189
2003010002424190
2003010002424191
2003010002424192
2003010002424193
2003010002424194
2003010002424195
2003010002424196
2003010002424197
2003010002424198
2003010002424199
2003010002424200
2003010002424201
2003010002424202
2003010002424203
2003010002424204
2003010002424205
2003010002424206
2003010002424207
2003010002424208
2003010002424209
2003010002424210
2003010002424211
2003010002424212
2003010002424213
2003010002424214
2003010002424215
2003010002424216
2003010002424217
2003010002424218
2003010002424219
2003010002424220
2003010002424221
2003010002424222
2003010002424223
2003010002424224
2003010002424225
2003010002424226
2003010002424227
2003010002424228
2003010002424229
2003010002424230
2003010002424231
2003010002424232
2003010002424233
2003010002424234
2003010002424235
2003010002424236
2003010002424237
2003010002424238
2003010002424239
2003010002424240
2003010002424241
2003010002424242
2003010002424243
2003010002424244
2003010002424245
2003010002424246
2003010002424247
2003010002424248
2003010002424249
2003010002424250
2003010002424251
2003010002424252
2003010002424253
2003010002424254
2003010002424255
2003010002424256
2003010002424257
2003010002424258
2003010002424259
2003010002424260
2003010002424261
2003010002424262
2003010002424263
2003010002424264
2003010002424265
2003010002424266
2003010002424267
2003010002424268
2003010002424269
2003010002424270
2003010002424271
2003010002424272
2003010002424273
2003010002424274
2003010002424275
2003010002424276
2003010002424277
2003010002424278
2003010002424279
2003010002424280
2003010002424281
2003010002424282
2003010002424283
2003010002424284
2003010002424285
2003010002424286
2003010002424287
2003010002424288
2003010002424289
2003010002424290
2003010002424291
2003010002424292
2003010002424293
2003010002424294
2003010002424295
2003010002424296
2003010002424297
2003010002424298
2003010002424299
2003010002424300
2003010002424301
2003010002424302
2003010002424303
2003010002424304
2003010002424305
2003010002424306
2003010002424307
2003010002424308
2003010002424309
2003010002424310
2003010002424311
2003010002424312
2003010002424313
2003010002424314
2003010002424315
2003010002424316
2003010002424317
2003010002424318
2003010002424319
2003010002424320
2003010002424321
2003010002424322
2003010002424323
2003010002424324
2003010002424325
2003010002424326
2003010002424327
2003010002424328
2003010002424329
2003010002424330
2003010002424331
2003010002424332
2003010002424333
2003010002424334
2003010002424335
2003010002424336
2003010002424337
2003010002424338
2003010002424339
2003010002424340
2003010002424341
2003010002424342
2003010002424343
2003010002424344
2003010002424345
2003010002424346
2003010002424347
2003010002424348
2003010002424349
2003010002424350
2003010002424351
2003010002424352
2003010002424353
2003010002424354
2003010002424355
2003010002424356
2003010002424357
2003010002424358
2003010002424359
2003010002424360
2003010002424361
2003010002424362
2003010002424363
2003010002424364
2003010002424365
2003010002424366
2003010002424367
2003010002424368
2003010002424369
2003010002424370
2003010002424371
2003010002424372
2003010002424373
2003010002424374
2003010002424375
2003010002424376
2003010002424377
2003010002424378
2003010002424379
2003010002424380
2003010002424381
2003010002424382
2003010002424383
2003010002424384
2003010002424385
2003010002424386
2003010002424387
2003010002424388
2003010002424389
2003010002424390
2003010002424391
2003010002424392
2003010002424393
2003010002424394
2003010002424395
2003010002424396
2003010002424397
2003010002424398
2003010002424399
2003010002424400
2003010002424401
2003010002424402
2003010002424403
2003010002424404
2003010002424405
2003010002424406
2003010002424407
2003010002424408
2003010002424409
2003010002424410
2003010002424411
2003010002424412
2003010002424413
2003010002424414
2003010002424415
2003010002424416
2003010002424417
2003010002424418
2003010002424419
2003010002424420
2003010002424421
2003010002424422
2003010002424423
2003010002424424
2003010002424425
2003010002424426
2003010002424427
2003010002424428
2003010002424429
2003010002424430
2003010002424431
2003010002424432
2003010002424433
2003010002424434
2003010002424435
2003010002424436
2003010002424437
2003010002424438
2003010002424439
2003010002424440
2003010002424441
2003010002424442
2003010002424443
2003010002424444
2003010002424445
2003010002424446
2003010002424447
2003010002424448
2003010002424449
2003010002424450
2003010002424451
2003010002424452
2003010002424453
2003010002424454
2003010002424455
2003010002424456
2003010002424457
2003010002424458
2003010002424459
2003010002424460
2003010002424461
2003010002424462
2003010002424463
2003010002424464
2003010002424465
2003010002424466
2003010002424467
2003010002424468
2003010002424469
2003010002424470
2003010002424471
2003010002424472
2003010002424473
2003010002424474
2003010002424475
2003010002424476
2003010002424477
2003010002424478
2003010002424479
2003010002424480
2003010002424481
2003010002424482
2003010002424483
2003010002424484
2003010002424485
2003010002424486
2003010002424487
2003010002424488
2003010002424489
2003010002424490
2003010002424491
2003010002424492
2003010002424493
2003010002424494
2003010002424495
2003010002424496
2003010002424497
2003010002424498
2003010002424499
2003010002424500
2003010002424501
2003010002424502
2003010002424503
2003010002424504
2003010002424505
2003010002424506
2003010002424507
2003010002424508
2003010002424509
2003010002424510
2003010002424511
2003010002424512
2003010002424513
2003010002424514
2003010002424515
2003010002424516
2003010002424517
2003010002424518
2003010002424519
2003010002424520
2003010002424521
2003010002424522
2003010002424523
2003010002424524
2003010002424525
2003010002424526
2003010002424527
2003010002424528
2003010002424529
2003010002424530
2003010002424531
2003010002424532
2003010002424533
2003010002424534
2003010002424535
2003010002424536
2003010002424537
2003010002424538
2003010002424539
2003010002424540
2003010002424541
2003010002424542
2003010002424543
2003010002424544
2003010002424545
2003010002424546
2003010002424547
2003010002424548
2003010002424549
2003010002424550
2003010002424551
2003010002424552
2003010002424553
2003010002424554
2003010002424555
2003010002424556
2003010002424557
2003010002424558
2003010002424559
2003010002424560
2003010002424561
2003010002424562
2003010002424563
2003010002424564
2003010002424565
2003010002424566
2003010002424567
2003010002424568
2003010002424569
2003010002424570
2003010002424571
2003010002424572
2003010002424573
2003010002424574
2003010002424575
2003010002424576
2003010002424577
2003010002424578
2003010002424579
2003010002424580
2003010002424581
2003010002424582
2003010002424583
2003010002424584
2003010002424585
2003010002424586
2003010002424587
2003010002424588
2003010002424589
2003010002424590
2003010002424591
2003010002424592
2003010002424593
2003010002424594
2003010002424595
2003010002424596
2003010002424597
2003010002424598
2003010002424599
2003010002424600
2003010002424601
2003010002424602
2003010002424603
2003010002424604
2003010002424605
2003010002424606
2003010002424607
2003010002424608
2003010002424609
2003010002424610
2003010002424611
2003010002424612
2003010002424613
2003010002424614
2003010002424615
2003010002424616
2003010002424617
2003010002424618
2003010002424619
2003010002424620
2003010002424621
2003010002424622
2003010002424623
2003010002424624
2003010002424625
2003010002424626
2003010002424627
2003010002424628
2003010002424629
2003010002424630
2003010002424631
2003010002424632
2003010002424633
2003010002424634
2003010002424635
2003010002424636
2003010002424637
2003010002424638
2003010002424639
2003010002424640
2003010002424641
2003010002424642
2003010002424643
2003010002424644
2003010002424645
2003010002424646
2003010002424647
2003010002424648
2003010002424649
2003010002424650
2003010002424651
2003010002424652
2003010002424653
2003010002424654
2003010002424655
2003010002424656
2003010002424657
2003010002424658
2003010002424659
2003010002424660
2003010002424661
2003010002424662
2003010002424663
2003010002424664
2003010002424665
2003010002424666
2003010002424667
2003010002424668
2003010002424669
2003010002424670
2003010002424671
2003010002424672
2003010002424673
2003010002424674
2003010002424675
2003010002424676
2003010002424677
2003010002424678
2003010002424679
2003010002424680
2003010002424681
2003010002424682
2003010002424683
2003010002424684
2003010002424685
2003010002424686
2003010002424687
2003010002424688
2003010002424689
2003010002424690
2003010002424691
2003010002424692
2003010002424693
2003010002424694
2003010002424695
2003010002424696
2003010002424697
2003010002424698
2003010002424699
2003010002424700
2003010002424701
2003010002424702
2003010002424703
2003010002424704
2003010002424705
2003010002424706
2003010002424707
2003010002424708
2003010002424709
2003010002424710
2003010002424711
2003010002424712
2003010002424713
2003010002424714
2003010002424715
2003010002424716
2003010002424717
2003010002424718
2003010002424719
2003010002424720
2003010002424721
2003010002424722
2003010002424723
2003010002424724
2003010002424725
2003010002424726
2003010002424727
2003010002424728
2003010002424729
2003010002424730
2003010002424731
2003010002424732
2003010002424733
2003010002424734
2003010002424735
2003010002424736
2003010002424737
2003010002424738
2003010002424739
2003010002424740
2003010002424741
2003010002424742
2003010002424743
2003010002424744
2003010002424745
2003010002424746
2003010002424747
2003010002424748
2003010002424749
2003010002424750
2003010002424751
2003010002424752
2003010002424753
2003010002424754
2003010002424755
2003010002424756
2003010002424757
2003010002424758
2003010002424759
2003010002424760
2003010002424761
2003010002424762
2003010002424763
2003010002424764
2003010002424765
2003010002424766
2003010002424767
2003010002424768
2003010002424769
2003010002424770
2003010002424771
2003010002424772
2003010002424773
2003010002424774
2003010002424775
2003010002424776
2003010002424777
2003010002424778
2003010002424779
2003010002424780
2003010002424781
2003010002424782
2003010002424783
2003010002424784
2003010002424785
2003010002424786
2003010002424787
2003010002424788
2003010002424789
2003010002424790
2003010002424791
2003010002424792
2003010002424793
2003010002424794
2003010002424795
2003010002424796
2003010002424797
2003010002424798
2003010002424799
2003010002424800
2003010002424801
2003010002424802
2003010002424803
2003010002424804
2003010002424805
2003010002424806
2003010002424807
2003010002424808
2003010002424809
2003010002424810
2003010002424811
2003010002424812
2003010002424813
2003010002424814
2003010002424815
2003010002424816
2003010002424817
2003010002424818
2003010002424819
2003010002424820
2003010002424821
2003010002424822
2003010002424823
2003010002424824
2003010002424825
2003010002424826
2003010002424827
2003010002424828
2003010002424829
2003010002424830
2003010002424831
2003010002424832
2003010002424833
2003010002424834
2003010002424835
2003010002424836
2003010002424837
2003010002424838
2003010002424839
2003010002424840
2003010002424841
2003010002424842
2003010002424843
2003010002424844
2003010002424845
2003010002424846
2003010002424847
2003010002424848
2003010002424849
2003010002424850
2003010002424851
2003010002424852
2003010002424853
2003010002424854
2003010002424855
2003010002424856
2003010002424857
2003010002424858
2003010002424859
2003010002424860
2003010002424861
2003010002424862
2003010002424863
2003010002424864
2003010002424865
2003010002424866
2003010002424867
2003010002424868
2003010002424869
2003010002424870
2003010002424871
2003010002424872
2003010002424873
2003010002424874
2003010002424875
2003010002424876
2003010002424877
2003010002424878
2003010002424879
2003010002424880
2003010002424881
2003010002424882
2003010002424883
2003010002424884
2003010002424885
2003010002424886
2003010002424887
2003010002424888
2003010002424889
2003010002424890
2003010002424891
2003010002424892
2003010002424893
2003010002424894
2003010002424895
2003010002424896
2003010002424897
2003010002424898
2003010002424899
2003010002424900
2003010002424901
2003010002424902
2003010002424903
2003010002424904
2003010002424905
2003010002424906
2003010002424907
2003010002424908
2003010002424909
2003010002424910
2003010002424911
2003010002424912
2003010002424913
2003010002424914
2003010002424915
2003010002424916
2003010002424917
2003010002424918
2003010002424919
2003010002424920
2003010002424921
2003010002424922
2003010002424923
2003010002424924
2003010002424925
2003010002424926
2003010002424927
2003010002424928
2003010002424929
2003010002424930
2003010002424931
2003010002424932
2003010002424933
2003010002424934
2003010002424935
2003010002424936
2003010002424937
2003010002424938
2003010002424939
2003010002424940
2003010002424941
2003010002424942
2003010002424943
2003010002424944
2003010002424945
2003010002424946
2003010002424947
2003010002424948
2003010002424949
2003010002424950
2003010002424951
2003010002424952
2003010002424953
2003010002424954
2003010002424955
2003010002424956
2003010002424957
2003010002424958
2003010002424959
2003010002424960
2003010002424961
2003010002424962
2003010002424963
2003010002424964
2003010002424965
2003010002424966
2003010002424967
2003010002424968
2003010002424969
2003010002424970
2003010002424971
2003010002424972
2003010002424973
2003010002424974
2003010002424975
2003010002424976
2003010002424977
2003010002424978
2003010002424979
2003010002424980
2003010002424981
2003010002424982
2003010002424983
2003010002424984
2003010002424985
2003010002424986
2003010002424987
2003010002424988
2003010002424989
2003010002424990
2003010002424991
2003010002424992
2003010002424993
2003010002424994
2003010002424995
2003010002424996
2003010002424997
2003010002424998
2003010002424999
2003010002425000
2003010002425001
2003010002425002
2003010002425003
2003010002425004
2003010002425005
2003010002425006
2003010002425007
2003010002425008
2003010002425009
2003010002425010
2003010002425011
2003010002425012
2003010002425013
2003010002425014
2003010002425015
2003010002425016
2003010002425017
2003010002425018
2003010002425019
2003010002425020
2003010002425021
2003010002425022
2003010002425023
2003010002425024
2003010002425025
2003010002425026
2003010002425027
2003010002425028
2003010002425029
2003010002425030
2003010002425031
2003010002425032
2003010002425033
2003010002425034
2003010002425035
2003010002425036
2003010002425037
2003010002425038
2003010002425039
2003010002425040
2003010002425041
2003010002425042
2003010002425043
2003010002425044
2003010002425045
2003010002425046
2003010002425047
2003010002425048
2003010002425049
2003010002425050
2003010002425051
2003010002425052
2003010002425053
2003010002425054
2003010002425055
2003010002425056
2003010002425057
2003010002425058
2003010002425059
2003010002425060
2003010002425061
2003010002425062
2003010002425063
2003010002425064
2003010002425065
2003010002425066
2003010002425067
2003010002425068
2003010002425069
2003010002425070
2003010002425071
2003010002425072
2003010002425073
2003010002425074
2003010002425075
2003010002425076
2003010002425077
2003010002425078
2003010002425079
2003010002425080
2003010002425081
2003010002425082
2003010002425083
2003010002425084
2003010002425085
2003010002425086
2003010002425087
2003010002425088
2003010002425089
2003010002425090
2003010002425091
2003010002425092
2003010002425093
2003010002425094
2003010002425095
2003010002425096
2003010002425097
2003010002425098
2003010002425099
2003010002425100
2003010002425101
2003010002425102
2003010002425103
2003010002425104
2003010002425105
2003010002425106
2003010002425107
2003010002425108
2003010002425109
2003010002425110
2003010002425111
2003010002425112
2003010002425113
2003010002425114
2003010002425115
2003010002425116
2003010002425117
2003010002425118
2003010002425119
2003010002425120
2003010002425121
2003010002425122
2003010002425123
2003010002425124
2003010002425125
2003010002425126
2003010002425127
2003010002425128
2003010002425129
2003010002425130
2003010002425131
2003010002425132
2003010002425133
2003010002425134
2003010002425135
2003010002425136
2003010002425137
2003010002425138
2003010002425139
2003010002425140
2003010002425141
2003010002425142
2003010002425143
2003010002425144
2003010002425145
2003010002425146
2003010002425147
2003010002425148
2003010002425149
2003010002425150
2003010002425151
2003010002425152
2003010002425153
2003010002425154
2003010002425155
2003010002425156
2003010002425157
2003010002425158
2003010002425159
2003010002425160
2003010002425161
2003010002425162
2003010002425163
2003010002425164
2003010002425165
2003010002425166
2003010002425167
2003010002425168
2003010002425169
2003010002425170
2003010002425171
2003010002425172
2003010002425173
2003010002425174
2003010002425175
2003010002425176
2003010002425177
2003010002425178
2003010002425179
2003010002425180
2003010002425181
2003010002425182
2003010002425183
2003010002425184
2003010002425185
2003010002425186
2003010002425187
2003010002425188
2003010002425189
2003010002425190
2003010002425191
2003010002425192
2003010002425193
2003010002425194
2003010002425195
2003010002425196
2003010002425197
2003010002425198
2003010002425199
2003010002425200
2003010002425201
2003010002425202
2003010002425203
2003010002425204
2003010002425205
2003010002425206
2003010002425207
2003010002425208
2003010002425209
2003010002425210
2003010002425211
2003010002425212
2003010002425213
2003010002425214
2003010002425215
2003010002425216
2003010002425217
2003010002425218
2003010002425219
2003010002425220
2003010002425221
2003010002425222
2003010002425223
2003010002425224
2003010002425225
2003010002425226
2003010002425227
2003010002425228
2003010002425229
2003010002425230
2003010002425231
2003010002425232
2003010002425233
2003010002425234
2003010002425235
2003010002425236
2003010002425237
2003010002425238
2003010002425239
2003010002425240
2003010002425241
2003010002425242
2003010002425243
2003010002425244
2003010002425245
2003010002425246
2003010002425247
2003010002425248
2003010002425249
2003010002425250
2003010002425251
2003010002425252
2003010002425253
2003010002425254
2003010002425255
2003010002425256
2003010002425257
2003010002425258
2003010002425259
2003010002425260
2003010002425261
2003010002425262
2003010002425263
2003010002425264
2003010002425265
2003010002425266
2003010002425267
2003010002425268
2003010002425269
2003010002425270
2003010002425271
2003010002425272
2003010002425273
2003010002425274
2003010002425275
2003010002425276
2003010002425277
2003010002425278
2003010002425279
2003010002425280
2003010002425281
2003010002425282
2003010002425283
2003010002425284
2003010002425285
2003010002425286
2003010002425287
2003010002425288
2003010002425289
2003010002425290
2003010002425291
2003010002425292
2003010002425293
2003010002425294
2003010002425295
2003010002425296
2003010002425297
2003010002425298
2003010002425299
2003010002425300
2003010002425301
2003010002425302
2003010002425303
2003010002425304
2003010002425305
2003010002425306
2003010002425307
2003010002425308
2003010002425309
2003010002425310
2003010002425311
2003010002425312
2003010002425313
2003010002425314
2003010002425315
2003010002425316
2003010002425317
2003010002425318
2003010002425319
2003010002425320
2003010002425321
2003010002425322
2003010002425323
2003010002425324
2003010002425325
2003010002425326
2003010002425327
2003010002425328
2003010002425329
2003010002425330
2003010002425331
2003010002425332
2003010002425333
2003010002425334
2003010002425335
2003010002425336
2003010002425337
2003010002425338
2003010002425339
2003010002425340
2003010002425341
2003010002425342
2003010002425343
2003010002425344
2003010002425345
2003010002425346
2003010002425347
2003010002425348
2003010002425349
2003010002425350
2003010002425351
2003010002425352
2003010002425353
2003010002425354
2003010002425355
2003010002425356
2003010002425357
2003010002425358
2003010002425359
2003010002425360
2003010002425361
2003010002425362
2003010002425363
2003010002425364
2003010002425365
2003010002425366
2003010002425367
2003010002425368
2003010002425369
2003010002425370
2003010002425371
2003010002425372
2003010002425373
2003010002425374
2003010002425375
2003010002425376
2003010002425377
2003010002425378
2003010002425379
2003010002425380
2003010002425381
2003010002425382
2003010002425383
2003010002425384
2003010002425385
2003010002425386
2003010002425387
2003010002425388
2003010002425389
2003010002425390
2003010002425391
2003010002425392
2003010002425393
2003010002425394
2003010002425395
2003010002425396
2003010002425397
2003010002425398
2003010002425399
2003010002425400
2003010002425401
2003010002425402
2003010002425403
2003010002425404
2003010002425405
2003010002425406
2003010002425407
2003010002425408
2003010002425409
2003010002425410
2003010002425411
2003010002425412
2003010002425413
2003010002425414
2003010002425415
2003010002425416
2003010002425417
2003010002425418
2003010002425419
2003010002425420
2003010002425421
2003010002425422
2003010002425423
2003010002425424
2003010002425425
2003010002425426
2003010002425427
2003010002425428
2003010002425429
2003010002425430
2003010002425431
2003010002425432
2003010002425433
2003010002425434
2003010002425435
2003010002425436
2003010002425437
2003010002425438
2003010002425439
2003010002425440
2003010002425441
2003010002425442
2003010002425443
2003010002425444
2003010002425445
2003010002425446
2003010002425447
2003010002425448
2003010002425449
2003010002425450
2003010002425451
2003010002425452
2003010002425453
2003010002425454
2003010002425455
2003010002425456
2003010002425457
2003010002425458
2003010002425459
2003010002425460
2003010002425461
2003010002425462
2003010002425463
2003010002425464
2003010002425465
2003010002425466
2003010002425467
2003010002425468
2003010002425469
2003010002425470
2003010002425471
2003010002425472
2003010002425473
2003010002425474
2003010002425475
2003010002425476
2003010002425477
2003010002425478
2003010002425479
2003010002425480
2003010002425481
2003010002425482
2003010002425483
2003010002425484
2003010002425485
2003010002425486
2003010002425487
2003010002425488
2003010002425489
2003010002425490
2003010002425491
2003010002425492
2003010002425493
2003010002425494
2003010002425495
2003010002425496
2003010002425497
2003010002425498
2003010002425499
2003010002425500
2003010002425501
2003010002425502
2003010002425503
2003010002425504
2003010002425505
2003010002425506
2003010002425507
2003010002425508
2003010002425509
2003010002425510
2003010002425511
2003010002425512
2003010002425513
2003010002425514
2003010002425515
2003010002425516
2003010002425517
2003010002425518
2003010002425519
2003010002425520
2003010002425521
2003010002425522
2003010002425523
2003010002425524
2003010002425525
2003010002425526
2003010002425527
2003010002425528
2003010002425529
2003010002425530
2003010002425531
2003010002425532
2003010002425533
2003010002425534
2003010002425535
2003010002425536
2003010002425537
2003010002425538
2003010002425539
2003010002425540
2003010002425541
2003010002425542
2003010002425543
2003010002425544
2003010002425545
2003010002425546
2003010002425547
2003010002425548
2003010002425549
2003010002425550
2003010002425551
2003010002425552
2003010002425553
2003010002425554
2003010002425555
2003010002425556
2003010002425557
2003010002425558
2003010002425559
2003010002425560
2003010002425561
2003010002425562
2003010002425563
2003010002425564
2003010002425565
2003010002425566
2003010002425567
2003010002425568
2003010002425569
2003010002425570
2003010002425571
2003010002425572
2003010002425573
2003010002425574
2003010002425575
2003010002425576
2003010002425577
2003010002425578
2003010002425579
2003010002425580
2003010002425581
2003010002425582
2003010002425583
2003010002425584
2003010002425585
2003010002425586
2003010002425587
2003010002425588
2003010002425589
2003010002425590
2003010002425591
2003010002425592
2003010002425593
2003010002425594
2003010002425595
2003010002425596
2003010002425597
2003010002425598
2003010002425599
2003010002425600
2003010002425601
2003010002425602
2003010002425603
2003010002425604
2003010002425605
2003010002425606
2003010002425607
2003010002425608
2003010002425609
2003010002425610
2003010002425611
2003010002425612
2003010002425613
2003010002425614
2003010002425615
2003010002425616
2003010002425617
2003010002425618
2003010002425619
2003010002425620
2003010002425621
2003010002425622
2003010002425623
2003010002425624
2003010002425625
2003010002425626
2003010002425627
2003010002425628
2003010002425629
2003010002425630
2003010002425631
2003010002425632
2003010002425633
2003010002425634
2003010002425635
2003010002425636
2003010002425637
2003010002425638
2003010002425639
2003010002425640
2003010002425641
2003010002425642
2003010002425643
2003010002425644
2003010002425645
2003010002425646
2003010002425647
2003010002425648
2003010002425649
2003010002425650
2003010002425651
2003010002425652
2003010002425653
2003010002425654
2003010002425655
2003010002425656
2003010002425657
2003010002425658
2003010002425659
2003010002425660
2003010002425661
2003010002425662
2003010002425663
2003010002425664
2003010002425665
2003010002425666
2003010002425667
2003010002425668
2003010002425669
2003010002425670
2003010002425671
2003010002425672
2003010002425673
2003010002425674
2003010002425675
2003010002425676
2003010002425677
2003010002425678
2003010002425679
2003010002425680
2003010002425681
2003010002425682
2003010002425683
2003010002425684
2003010002425685
2003010002425686
2003010002425687
2003010002425688
2003010002425689
2003010002425690
2003010002425691
2003010002425692
2003010002425693
2003010002425694
2003010002425695
2003010002425696
2003010002425697
2003010002425698
2003010002425699
2003010002425700
2003010002425701
2003010002425702
2003010002425703
2003010002425704
2003010002425705
2003010002425706
2003010002425707
2003010002425708
2003010002425709
2003010002425710
2003010002425711
2003010002425712
2003010002425713
2003010002425714
2003010002425715
2003010002425716
2003010002425717
2003010002425718
2003010002425719
2003010002425720
2003010002425721
2003010002425722
2003010002425723
2003010002425724
2003010002425725
2003010002425726
2003010002425727
2003010002425728
2003010002425729
2003010002425730
2003010002425731
2003010002425732
2003010002425733
2003010002425734
2003010002425735
2003010002425736
2003010002425737
2003010002425738
2003010002425739
2003010002425740
2003010002425741
2003010002425742
2003010002425743
2003010002425744
2003010002425745
2003010002425746
2003010002425747
2003010002425748
2003010002425749
2003010002425750
2003010002425751
2003010002425752
2003010002425753
2003010002425754
2003010002425755
2003010002425756
2003010002425757
2003010002425758
2003010002425759
2003010002425760
2003010002425761
2003010002425762
2003010002425763
2003010002425764
2003010002425765
2003010002425766
2003010002425767
2003010002425768
2003010002425769
2003010002425770
2003010002425771
2003010002425772
2003010002425773
2003010002425774
2003010002425775
2003010002425776
2003010002425777
2003010002425778
2003010002425779
2003010002425780
2003010002425781
2003010002425782
2003010002425783
2003010002425784
2003010002425785
2003010002425786
2003010002425787
2003010002425788
2003010002425789
2003010002425790
2003010002425791
2003010002425792
2003010002425793
2003010002425794
2003010002425795
2003010002425796
2003010002425797
2003010002425798
2003010002425799
2003010002425800
2003010002425801
2003010002425802
2003010002425803
2003010002425804
2003010002425805
2003010002425806
2003010002425807
2003010002425808
2003010002425809
2003010002425810
2003010002425811
2003010002425812
2003010002425813
2003010002425814
2003010002425815
2003010002425816
2003010002425817
2003010002425818
2003010002425819
2003010002425820
2003010002425821
2003010002425822
2003010002425823
2003010002425824
2003010002425825
2003010002425826
2003010002425827
2003010002425828
2003010002425829
2003010002425830
2003010002425831
2003010002425832
2003010002425833
2003010002425834
2003010002425835
2003010002425836
2003010002425837
2003010002425838
2003010002425839
2003010002425840
2003010002425841
2003010002425842
2003010002425843
2003010002425844
2003010002425845
2003010002425846
2003010002425847
2003010002425848
2003010002425849
2003010002425850
2003010002425851
2003010002425852
2003010002425853
2003010002425854
2003010002425855
2003010002425856
2003010002425857
2003010002425858
2003010002425859
2003010002425860
2003010002425861
2003010002425862
2003010002425863
2003010002425864
2003010002425865
2003010002425866
2003010002425867
2003010002425868
2003010002425869
2003010002425870
2003010002425871
2003010002425872
2003010002425873
2003010002425874
2003010002425875
2003010002425876
2003010002425877
2003010002425878
2003010002425879
2003010002425880
2003010002425881
2003010002425882
2003010002425883
2003010002425884
2003010002425885
2003010002425886
2003010002425887
2003010002425888
2003010002425889
2003010002425890
2003010002425891
2003010002425892
2003010002425893
2003010002425894
2003010002425895
2003010002425896
2003010002425897
2003010002425898
2003010002425899
2003010002425900
2003010002425901
2003010002425902
2003010002425903
2003010002425904
2003010002425905
2003010002425906
2003010002425907
2003010002425908
2003010002425909
2003010002425910
2003010002425911
2003010002425912
2003010002425913
2003010002425914
2003010002425915
2003010002425916
2003010002425917
2003010002425918
2003010002425919
2003010002425920
2003010002425921
2003010002425922
2003010002425923
2003010002425924
2003010002425925
2003010002425926
2003010002425927
2003010002425928
2003010002425929
2003010002425930
2003010002425931
2003010002425932
2003010002425933
2003010002425934
2003010002425935
2003010002425936
2003010002425937
2003010002425938
2003010002425939
2003010002425940
2003010002425941
2003010002425942
2003010002425943
2003010002425944
2003010002425945
2003010002425946
2003010002425947
2003010002425948
2003010002425949
2003010002425950
2003010002425951
2003010002425952
2003010002425953
2003010002425954
2003010002425955
2003010002425956
2003010002425957
2003010002425958
2003010002425959
2003010002425960
2003010002425961
2003010002425962
2003010002425963
2003010002425964
2003010002425965
2003010002425966
2003010002425967
2003010002425968
2003010002425969
2003010002425970
2003010002425971
2003010002425972
2003010002425973
2003010002425974
2003010002425975
2003010002425976
2003010002425977
2003010002425978
2003010002425979
2003010002425980
2003010002425981
2003010002425982
2003010002425983
2003010002425984
2003010002425985
2003010002425986
2003010002425987
2003010002425988
2003010002425989
2003010002425990
2003010002425991
2003010002425992
2003010002425993
2003010002425994
2003010002425995
2003010002425996
2003010002425997
2003010002425998
2003010002425999
2003010002426000
2003010002426001
2003010002426002
2003010002426003
2003010002426004
2003010002426005
2003010002426006
2003010002426007
2003010002426008
2003010002426009
2003010002426010
2003010002426011
2003010002426012
2003010002426013
2003010002426014
2003010002426015
2003010002426016
2003010002426017
2003010002426018
2003010002426019
2003010002426020
2003010002426021
2003010002426022
2003010002426023
2003010002426024
2003010002426025
2003010002426026
2003010002426027
2003010002426028
2003010002426029
2003010002426030
2003010002426031
2003010002426032
2003010002426033
2003010002426034
2003010002426035
2003010002426036
2003010002426037
2003010002426038
2003010002426039
2003010002426040
2003010002426041
2003010002426042
2003010002426043
2003010002426044
2003010002426045
2003010002426046
2003010002426047
2003010002426048
2003010002426049
2003010002426050
2003010002426051
2003010002426052
2003010002426053
2003010002426054
2003010002426055
2003010002426056
2003010002426057
2003010002426058
2003010002426059
2003010002426060
2003010002426061
2003010002426062
2003010002426063
2003010002426064
2003010002426065
2003010002426066
2003010002426067
2003010002426068
2003010002426069
2003010002426070
2003010002426071
2003010002426072
2003010002426073
2003010002426074
2003010002426075
2003010002426076
2003010002426077
2003010002426078
2003010002426079
2003010002426080
2003010002426081
2003010002426082
2003010002426083
2003010002426084
2003010002426085
2003010002426086
2003010002426087
2003010002426088
2003010002426089
2003010002426090
2003010002426091
2003010002426092
2003010002426093
2003010002426094
2003010002426095
2003010002426096
2003010002426097
2003010002426098
2003010002426099
2003010002426100
2003010002426101
2003010002426102
2003010002426103
2003010002426104
2003010002426105
2003010002426106
2003010002426107
2003010002426108
2003010002426109
2003010002426110
2003010002426111
2003010002426112
2003010002426113
2003010002426114
2003010002426115
2003010002426116
2003010002426117
2003010002426118
2003010002426119
2003010002426120
2003010002426121
2003010002426122
2003010002426123
2003010002426124
2003010002426125
2003010002426126
2003010002426127
2003010002426128
2003010002426129
2003010002426130
2003010002426131
2003010002426132
2003010002426133
2003010002426134
2003010002426135
2003010002426136
2003010002426137
2003010002426138
2003010002426139
2003010002426140
2003010002426141
2003010002426142
2003010002426143
2003010002426144
2003010002426145
2003010002426146
2003010002426147
2003010002426148
2003010002426149
2003010002426150
2003010002426151
2003010002426152
2003010002426153
2003010002426154
2003010002426155
2003010002426156
2003010002426157
2003010002426158
2003010002426159
2003010002426160
2003010002426161
2003010002426162
2003010002426163
2003010002426164
2003010002426165
2003010002426166
2003010002426167
2003010002426168
2003010002426169
2003010002426170
2003010002426171
2003010002426172
2003010002426173
2003010002426174
2003010002426175
2003010002426176
2003010002426177
2003010002426178
2003010002426179
2003010002426180
2003010002426181
2003010002426182
2003010002426183
2003010002426184
2003010002426185
2003010002426186
2003010002426187
2003010002426188
2003010002426189
2003010002426190
2003010002426191
2003010002426192
2003010002426193
2003010002426194
2003010002426195
2003010002426196
2003010002426197
2003010002426198
2003010002426199
2003010002426200
2003010002426201
2003010002426202
2003010002426203
2003010002426204
2003010002426205
2003010002426206
2003010002426207
2003010002426208
2003010002426209
2003010002426210
2003010002426211
2003010002426212
2003010002426213
2003010002426214
2003010002426215
2003010002426216
2003010002426217
2003010002426218
2003010002426219
2003010002426220
2003010002426221
2003010002426222
2003010002426223
2003010002426224
2003010002426225
2003010002426226
2003010002426227
2003010002426228
2003010002426229
2003010002426230
2003010002426231
2003010002426232
2003010002426233
2003010002426234
2003010002426235
2003010002426236
2003010002426237
2003010002426238
2003010002426239
2003010002426240
2003010002426241
2003010002426242
2003010002426243
2003010002426244
2003010002426245
2003010002426246
2003010002426247
2003010002426248
2003010002426249
2003010002426250
2003010002426251
2003010002426252
2003010002426253
2003010002426254
2003010002426255
2003010002426256
2003010002426257
2003010002426258
2003010002426259
2003010002426260
2003010002426261
2003010002426262
2003010002426263
2003010002426264
2003010002426265
2003010002426266
2003010002426267
2003010002426268
2003010002426269
2003010002426270
2003010002426271
2003010002426272
2003010002426273
2003010002426274
2003010002426275
2003010002426276
2003010002426277
2003010002426278
2003010002426279
2003010002426280
2003010002426281
2003010002426282
2003010002426283
2003010002426284
2003010002426285
2003010002426286
2003010002426287
2003010002426288
2003010002426289
2003010002426290
2003010002426291
2003010002426292
2003010002426293
2003010002426294
2003010002426295
2003010002426296
2003010002426297
2003010002426298
2003010002426299
2003010002426300
2003010002426301
2003010002426302
2003010002426303
2003010002426304
2003010002426305
2003010002426306
2003010002426307
2003010002426308
2003010002426309
2003010002426310
2003010002426311
2003010002426312
2003010002426313
2003010002426314
2003010002426315
2003010002426316
2003010002426317
2003010002426318
2003010002426319
2003010002426320
2003010002426321
2003010002426322
2003010002426323
2003010002426324
2003010002426325
2003010002426326
2003010002426327
2003010002426328
2003010002426329
2003010002426330
2003010002426331
2003010002426332
2003010002426333
2003010002426334
2003010002426335
2003010002426336
2003010002426337
2003010002426338
2003010002426339
2003010002426340
2003010002426341
2003010002426342
2003010002426343
2003010002426344
2003010002426345
2003010002426346
2003010002426347
2003010002426348
2003010002426349
2003010002426350
2003010002426351
2003010002426352
2003010002426353
2003010002426354
2003010002426355
2003010002426356
2003010002426357
2003010002426358
2003010002426359
2003010002426360
2003010002426361
2003010002426362
2003010002426363
2003010002426364
2003010002426365
2003010002426366
2003010002426367
2003010002426368
2003010002426369
2003010002426370
2003010002426371
2003010002426372
2003010002426373
2003010002426374
2003010002426375
2003010002426376
2003010002426377
2003010002426378
2003010002426379
2003010002426380
2003010002426381
2003010002426382
2003010002426383
2003010002426384
2003010002426385
2003010002426386
2003010002426387
2003010002426388
2003010002426389
2003010002426390
2003010002426391
2003010002426392
2003010002426393
2003010002426394
2003010002426395
2003010002426396
2003010002426397
2003010002426398
2003010002426399
2003010002426400
2003010002426401
2003010002426402
2003010002426403
2003010002426404
2003010002426405
2003010002426406
2003010002426407
2003010002426408
2003010002426409
2003010002426410
2003010002426411
2003010002426412
2003010002426413
2003010002426414
2003010002426415
2003010002426416
2003010002426417
2003010002426418
2003010002426419
2003010002426420
2003010002426421
2003010002426422
2003010002426423
2003010002426424
2003010002426425
2003010002426426
2003010002426427
2003010002426428
2003010002426429
2003010002426430
2003010002426431
2003010002426432
2003010002426433
2003010002426434
2003010002426435
2003010002426436
2003010002426437
2003010002426438
2003010002426439
2003010002426440
2003010002426441
2003010002426442
2003010002426443
2003010002426444
2003010002426445
2003010002426446
2003010002426447
2003010002426448
2003010002426449
2003010002426450
2003010002426451
2003010002426452
2003010002426453
2003010002426454
2003010002426455
2003010002426456
2003010002426457
2003010002426458
2003010002426459
2003010002426460
2003010002426461
2003010002426462
2003010002426463
2003010002426464
2003010002426465
2003010002426466
2003010002426467
2003010002426468
2003010002426469
2003010002426470
2003010002426471
2003010002426472
2003010002426473
2003010002426474
2003010002426475
2003010002426476
2003010002426477
2003010002426478
2003010002426479
2003010002426480
2003010002426481
2003010002426482
2003010002426483
2003010002426484
2003010002426485
2003010002426486
2003010002426487
2003010002426488
2003010002426489
2003010002426490
2003010002426491
2003010002426492
2003010002426493
2003010002426494
2003010002426495
2003010002426496
2003010002426497
2003010002426498
2003010002426499
2003010002426500
2003010002426501
2003010002426502
2003010002426503
2003010002426504
2003010002426505
2003010002426506
2003010002426507
2003010002426508
2003010002426509
2003010002426510
2003010002426511
2003010002426512
2003010002426513
2003010002426514
2003010002426515
2003010002426516
2003010002426517
2003010002426518
2003010002426519
2003010002426520
2003010002426521
2003010002426522
2003010002426523
2003010002426524
2003010002426525
2003010002426526
2003010002426527
2003010002426528
2003010002426529
2003010002426530
2003010002426531
2003010002426532
2003010002426533
2003010002426534
2003010002426535
2003010002426536
2003010002426537
2003010002426538
2003010002426539
2003010002426540
2003010002426541
2003010002426542
2003010002426543
2003010002426544
2003010002426545
2003010002426546
2003010002426547
2003010002426548
2003010002426549
2003010002426550
2003010002426551
2003010002426552
2003010002426553
2003010002426554
2003010002426555
2003010002426556
2003010002426557
2003010002426558
2003010002426559
2003010002426560
2003010002426561
2003010002426562
2003010002426563
2003010002426564
2003010002426565
2003010002426566
2003010002426567
2003010002426568
2003010002426569
2003010002426570
2003010002426571
2003010002426572
2003010002426573
2003010002426574
2003010002426575
2003010002426576
2003010002426577
2003010002426578
2003010002426579
2003010002426580
2003010002426581
2003010002426582
2003010002426583
2003010002426584
2003010002426585
2003010002426586
2003010002426587
2003010002426588
2003010002426589
2003010002426590
2003010002426591
2003010002426592
2003010002426593
2003010002426594
2003010002426595
2003010002426596
2003010002426597
2003010002426598
2003010002426599
2003010002426600
2003010002426601
2003010002426602
2003010002426603
2003010002426604
2003010002426605
2003010002426606
2003010002426607
2003010002426608
2003010002426609
2003010002426610
2003010002426611
2003010002426612
2003010002426613
2003010002426614
2003010002426615
2003010002426616
2003010002426617
2003010002426618
2003010002426619
2003010002426620
2003010002426621
2003010002426622
2003010002426623
2003010002426624
2003010002426625
2003010002426626
2003010002426627
2003010002426628
2003010002426629
2003010002426630
2003010002426631
2003010002426632
2003010002426633
2003010002426634
2003010002426635
2003010002426636
2003010002426637
2003010002426638
2003010002426639
2003010002426640
2003010002426641
2003010002426642
2003010002426643
2003010002426644
2003010002426645
2003010002426646
2003010002426647
2003010002426648
2003010002426649
2003010002426650
2003010002426651
2003010002426652
2003010002426653
2003010002426654
2003010002426655
2003010002426656
2003010002426657
2003010002426658
2003010002426659
2003010002426660
2003010002426661
2003010002426662
2003010002426663
2003010002426664
2003010002426665
2003010002426666
2003010002426667
2003010002426668
2003010002426669
2003010002426670
2003010002426671
2003010002426672
2003010002426673
2003010002426674
2003010002426675
2003010002426676
2003010002426677
2003010002426678
2003010002426679
2003010002426680
2003010002426681
2003010002426682
2003010002426683
2003010002426684
2003010002426685
2003010002426686
2003010002426687
2003010002426688
2003010002426689
2003010002426690
2003010002426691
2003010002426692
2003010002426693
2003010002426694
2003010002426695
2003010002426696
2003010002426697
2003010002426698
2003010002426699
2003010002426700
2003010002426701
2003010002426702
2003010002426703
2003010002426704
2003010002426705
2003010002426706
2003010002426707
2003010002426708
2003010002426709
2003010002426710
2003010002426711
2003010002426712
2003010002426713
2003010002426714
2003010002426715
2003010002426716
2003010002426717
2003010002426718
2003010002426719
2003010002426720
2003010002426721
2003010002426722
2003010002426723
2003010002426724
2003010002426725
2003010002426726
2003010002426727
2003010002426728
2003010002426729
2003010002426730
2003010002426731
2003010002426732
2003010002426733
2003010002426734
2003010002426735
2003010002426736
2003010002426737
2003010002426738
2003010002426739
2003010002426740
2003010002426741
2003010002426742
2003010002426743
2003010002426744
2003010002426745
2003010002426746
2003010002426747
2003010002426748
2003010002426749
2003010002426750
2003010002426751
2003010002426752
2003010002426753
2003010002426754
2003010002426755
2003010002426756
2003010002426757
2003010002426758
2003010002426759
2003010002426760
2003010002426761
2003010002426762
2003010002426763
2003010002426764
2003010002426765
2003010002426766
2003010002426767
2003010002426768
2003010002426769
2003010002426770
2003010002426771
2003010002426772
2003010002426773
2003010002426774
2003010002426775
2003010002426776
2003010002426777
2003010002426778
2003010002426779
2003010002426780
2003010002426781
2003010002426782
2003010002426783
2003010002426784
2003010002426785
2003010002426786
2003010002426787
2003010002426788
2003010002426789
2003010002426790
2003010002426791
2003010002426792
2003010002426793
2003010002426794
2003010002426795
2003010002426796
2003010002426797
2003010002426798
2003010002426799
2003010002426800
2003010002426801
2003010002426802
2003010002426803
2003010002426804
2003010002426805
2003010002426806
2003010002426807
2003010002426808
2003010002426809
2003010002426810
2003010002426811
2003010002426812
2003010002426813
2003010002426814
2003010002426815
2003010002426816
2003010002426817
2003010002426818
2003010002426819
2003010002426820
2003010002426821
2003010002426822
2003010002426823
2003010002426824
2003010002426825
2003010002426826
2003010002426827
2003010002426828
2003010002426829
2003010002426830
2003010002426831
2003010002426832
2003010002426833
2003010002426834
2003010002426835
2003010002426836
2003010002426837
2003010002426838
2003010002426839
2003010002426840
2003010002426841
2003010002426842
2003010002426843
2003010002426844
2003010002426845
2003010002426846
2003010002426847
2003010002426848
2003010002426849
2003010002426850
2003010002426851
2003010002426852
2003010002426853
2003010002426854
2003010002426855
2003010002426856
2003010002426857
2003010002426858
2003010002426859
2003010002426860
2003010002426861
2003010002426862
2003010002426863
2003010002426864
2003010002426865
2003010002426866
2003010002426867
2003010002426868
2003010002426869
2003010002426870
2003010002426871
2003010002426872
2003010002426873
2003010002426874
2003010002426875
2003010002426876
2003010002426877
2003010002426878
2003010002426879
2003010002426880
2003010002426881
2003010002426882
2003010002426883
2003010002426884
2003010002426885
2003010002426886
2003010002426887
2003010002426888
2003010002426889
2003010002426890
2003010002426891
2003010002426892
2003010002426893
2003010002426894
2003010002426895
2003010002426896
2003010002426897
2003010002426898
2003010002426899
2003010002426900
2003010002426901
2003010002426902
2003010002426903
2003010002426904
2003010002426905
2003010002426906
2003010002426907
2003010002426908
2003010002426909
2003010002426910
2003010002426911
2003010002426912
2003010002426913
2003010002426914
2003010002426915
2003010002426916
2003010002426917
2003010002426918
2003010002426919
2003010002426920
2003010002426921
2003010002426922
2003010002426923
2003010002426924
2003010002426925
2003010002426926
2003010002426927
2003010002426928
2003010002426929
2003010002426930
2003010002426931
2003010002426932
2003010002426933
2003010002426934
2003010002426935
2003010002426936
2003010002426937
2003010002426938
2003010002426939
2003010002426940
2003010002426941
2003010002426942
2003010002426943
2003010002426944
2003010002426945
2003010002426946
2003010002426947
2003010002426948
2003010002426949
2003010002426950
2003010002426951
2003010002426952
2003010002426953
2003010002426954
2003010002426955
2003010002426956
2003010002426957
2003010002426958
2003010002426959
2003010002426960
2003010002426961
2003010002426962
2003010002426963
2003010002426964
2003010002426965
2003010002426966
2003010002426967
2003010002426968
2003010002426969
2003010002426970
2003010002426971
2003010002426972
2003010002426973
2003010002426974
2003010002426975
2003010002426976
2003010002426977
2003010002426978
2003010002426979
2003010002426980
2003010002426981
2003010002426982
2003010002426983
2003010002426984
2003010002426985
2003010002426986
2003010002426987
2003010002426988
2003010002426989
2003010002426990
2003010002426991
2003010002426992
2003010002426993
2003010002426994
2003010002426995
2003010002426996
2003010002426997
2003010002426998
2003010002426999
2003010002427000
2003010002427001
2003010002427002
2003010002427003
2003010002427004
2003010002427005
2003010002427006
2003010002427007
2003010002427008
2003010002427009
2003010002427010
2003010002427011
2003010002427012
2003010002427013
2003010002427014
2003010002427015
2003010002427016
2003010002427017
2003010002427018
2003010002427019
2003010002427020
2003010002427021
2003010002427022
2003010002427023
2003010002427024
2003010002427025
2003010002427026
2003010002427027
2003010002427028
2003010002427029
2003010002427030
2003010002427031
2003010002427032
2003010002427033
2003010002427034
2003010002427035
2003010002427036
2003010002427037
2003010002427038
2003010002427039
2003010002427040
2003010002427041
2003010002427042
2003010002427043
2003010002427044
2003010002427045
2003010002427046
2003010002427047
2003010002427048
2003010002427049
2003010002427050
2003010002427051
2003010002427052
2003010002427053
2003010002427054
2003010002427055
2003010002427056
2003010002427057
2003010002427058
2003010002427059
2003010002427060
2003010002427061
2003010002427062
2003010002427063
2003010002427064
2003010002427065
2003010002427066
2003010002427067
2003010002427068
2003010002427069
2003010002427070
2003010002427071
2003010002427072
2003010002427073
2003010002427074
2003010002427075
2003010002427076
2003010002427077
2003010002427078
2003010002427079
2003010002427080
2003010002427081
2003010002427082
2003010002427083
2003010002427084
2003010002427085
2003010002427086
2003010002427087
2003010002427088
2003010002427089
2003010002427090
2003010002427091
2003010002427092
2003010002427093
2003010002427094
2003010002427095
2003010002427096
2003010002427097
2003010002427098
2003010002427099
2003010002427100
2003010002427101
2003010002427102
2003010002427103
2003010002427104
2003010002427105
2003010002427106
2003010002427107
2003010002427108
2003010002427109
2003010002427110
2003010002427111
2003010002427112
2003010002427113
2003010002427114
2003010002427115
2003010002427116
2003010002427117
2003010002427118
2003010002427119
2003010002427120
2003010002427121
2003010002427122
2003010002427123
2003010002427124
2003010002427125
2003010002427126
2003010002427127
2003010002427128
2003010002427129
2003010002427130
2003010002427131
2003010002427132
2003010002427133
2003010002427134
2003010002427135
2003010002427136
2003010002427137
2003010002427138
2003010002427139
2003010002427140
2003010002427141
2003010002427142
2003010002427143
2003010002427144
2003010002427145
2003010002427146
2003010002427147
2003010002427148
2003010002427149
2003010002427150
2003010002427151
2003010002427152
2003010002427153
2003010002427154
2003010002427155
2003010002427156
2003010002427157
2003010002427158
2003010002427159
2003010002427160
2003010002427161
2003010002427162
2003010002427163
2003010002427164
2003010002427165
2003010002427166
2003010002427167
2003010002427168
2003010002427169
2003010002427170
2003010002427171
2003010002427172
2003010002427173
2003010002427174
2003010002427175
2003010002427176
2003010002427177
2003010002427178
2003010002427179
2003010002427180
2003010002427181
2003010002427182
2003010002427183
2003010002427184
2003010002427185
2003010002427186
2003010002427187
2003010002427188
2003010002427189
2003010002427190
2003010002427191
2003010002427192
2003010002427193
2003010002427194
2003010002427195
2003010002427196
2003010002427197
2003010002427198
2003010002427199
2003010002427200
2003010002427201
2003010002427202
2003010002427203
2003010002427204
2003010002427205
2003010002427206
2003010002427207
2003010002427208
2003010002427209
2003010002427210
2003010002427211
2003010002427212
2003010002427213
2003010002427214
2003010002427215
2003010002427216
2003010002427217
2003010002427218
2003010002427219
2003010002427220
2003010002427221
2003010002427222
2003010002427223
2003010002427224
2003010002427225
2003010002427226
2003010002427227
2003010002427228
2003010002427229
2003010002427230
2003010002427231
2003010002427232
2003010002427233
2003010002427234
2003010002427235
2003010002427236
2003010002427237
2003010002427238
2003010002427239
2003010002427240
2003010002427241
2003010002427242
2003010002427243
2003010002427244
2003010002427245
2003010002427246
2003010002427247
2003010002427248
2003010002427249
2003010002427250
2003010002427251
2003010002427252
2003010002427253
2003010002427254
2003010002427255
2003010002427256
2003010002427257
2003010002427258
2003010002427259
2003010002427260
2003010002427261
2003010002427262
2003010002427263
2003010002427264
2003010002427265
2003010002427266
2003010002427267
2003010002427268
2003010002427269
2003010002427270
2003010002427271
2003010002427272
2003010002427273
2003010002427274
2003010002427275
2003010002427276
2003010002427277
2003010002427278
2003010002427279
2003010002427280
2003010002427281
2003010002427282
2003010002427283
2003010002427284
2003010002427285
2003010002427286
2003010002427287
2003010002427288
2003010002427289
2003010002427290
2003010002427291
2003010002427292
2003010002427293
2003010002427294
2003010002427295
2003010002427296
2003010002427297
2003010002427298
2003010002427299
2003010002427300
2003010002427301
2003010002427302
2003010002427303
2003010002427304
2003010002427305
2003010002427306
2003010002427307
2003010002427308
2003010002427309
2003010002427310
2003010002427311
2003010002427312
2003010002427313
2003010002427314
2003010002427315
2003010002427316
2003010002427317
2003010002427318
2003010002427319
2003010002427320
2003010002427321
2003010002427322
2003010002427323
2003010002427324
2003010002427325
2003010002427326
2003010002427327
2003010002427328
2003010002427329
2003010002427330
2003010002427331
2003010002427332
2003010002427333
2003010002427334
2003010002427335
2003010002427336
2003010002427337
2003010002427338
2003010002427339
2003010002427340
2003010002427341
2003010002427342
2003010002427343
2003010002427344
2003010002427345
2003010002427346
2003010002427347
2003010002427348
2003010002427349
2003010002427350
2003010002427351
2003010002427352
2003010002427353
2003010002427354
2003010002427355
2003010002427356
2003010002427357
2003010002427358
2003010002427359
2003010002427360
2003010002427361
2003010002427362
2003010002427363
2003010002427364
2003010002427365
2003010002427366
2003010002427367
2003010002427368
2003010002427369
2003010002427370
2003010002427371
2003010002427372
2003010002427373
2003010002427374
2003010002427375
2003010002427376
2003010002427377
2003010002427378
2003010002427379
2003010002427380
2003010002427381
2003010002427382
2003010002427383
2003010002427384
2003010002427385
2003010002427386
2003010002427387
2003010002427388
2003010002427389
2003010002427390
2003010002427391
2003010002427392
2003010002427393
2003010002427394
2003010002427395
2003010002427396
2003010002427397
2003010002427398
2003010002427399
2003010002427400
2003010002427401
2003010002427402
2003010002427403
2003010002427404
2003010002427405
2003010002427406
2003010002427407
2003010002427408
2003010002427409
2003010002427410
2003010002427411
2003010002427412
2003010002427413
2003010002427414
2003010002427415
2003010002427416
2003010002427417
2003010002427418
2003010002427419
2003010002427420
2003010002427421
2003010002427422
2003010002427423
2003010002427424
2003010002427425
2003010002427426
2003010002427427
2003010002427428
2003010002427429
2003010002427430
2003010002427431
2003010002427432
2003010002427433
2003010002427434
2003010002427435
2003010002427436
2003010002427437
2003010002427438
2003010002427439
2003010002427440
2003010002427441
2003010002427442
2003010002427443
2003010002427444
2003010002427445
2003010002427446
2003010002427447
2003010002427448
2003010002427449
2003010002427450
2003010002427451
2003010002427452
2003010002427453
2003010002427454
2003010002427455
2003010002427456
2003010002427457
2003010002427458
2003010002427459
2003010002427460
2003010002427461
2003010002427462
2003010002427463
2003010002427464
2003010002427465
2003010002427466
2003010002427467
2003010002427468
2003010002427469
2003010002427470
2003010002427471
2003010002427472
2003010002427473
2003010002427474
2003010002427475
2003010002427476
2003010002427477
2003010002427478
2003010002427479
2003010002427480
2003010002427481
2003010002427482
2003010002427483
2003010002427484
2003010002427485
2003010002427486
2003010002427487
2003010002427488
2003010002427489
2003010002427490
2003010002427491
2003010002427492
2003010002427493
2003010002427494
2003010002427495
2003010002427496
2003010002427497
2003010002427498
2003010002427499
2003010002427500
2003010002427501
2003010002427502
2003010002427503
2003010002427504
2003010002427505
2003010002427506
2003010002427507
2003010002427508
2003010002427509
2003010002427510
2003010002427511
2003010002427512
2003010002427513
2003010002427514
2003010002427515
2003010002427516
2003010002427517
2003010002427518
2003010002427519
2003010002427520
2003010002427521
2003010002427522
2003010002427523
2003010002427524
2003010002427525
2003010002427526
2003010002427527
2003010002427528
2003010002427529
2003010002427530
2003010002427531
2003010002427532
2003010002427533
2003010002427534
2003010002427535
2003010002427536
2003010002427537
2003010002427538
2003010002427539
2003010002427540
2003010002427541
2003010002427542
2003010002427543
2003010002427544
2003010002427545
2003010002427546
2003010002427547
2003010002427548
2003010002427549
2003010002427550
2003010002427551
2003010002427552
2003010002427553
2003010002427554
2003010002427555
2003010002427556
2003010002427557
2003010002427558
2003010002427559
2003010002427560
2003010002427561
2003010002427562
2003010002427563
2003010002427564
2003010002427565
2003010002427566
2003010002427567
2003010002427568
2003010002427569
2003010002427570
2003010002427571
2003010002427572
2003010002427573
2003010002427574
2003010002427575
2003010002427576
2003010002427577
2003010002427578
2003010002427579
2003010002427580
2003010002427581
2003010002427582
2003010002427583
2003010002427584
2003010002427585
2003010002427586
2003010002427587
2003010002427588
2003010002427589
2003010002427590
2003010002427591
2003010002427592
2003010002427593
2003010002427594
2003010002427595
2003010002427596
2003010002427597
2003010002427598
2003010002427599
2003010002427600
2003010002427601
2003010002427602
2003010002427603
2003010002427604
2003010002427605
2003010002427606
2003010002427607
2003010002427608
2003010002427609
2003010002427610
2003010002427611
2003010002427612
2003010002427613
2003010002427614
2003010002427615
2003010002427616
2003010002427617
2003010002427618
2003010002427619
2003010002427620
2003010002427621
2003010002427622
2003010002427623
2003010002427624
2003010002427625
2003010002427626
2003010002427627
2003010002427628
2003010002427629
2003010002427630
2003010002427631
2003010002427632
2003010002427633
2003010002427634
2003010002427635
2003010002427636
2003010002427637
2003010002427638
2003010002427639
2003010002427640
2003010002427641
2003010002427642
2003010002427643
2003010002427644
2003010002427645
2003010002427646
2003010002427647
2003010002427648
2003010002427649
2003010002427650
2003010002427651
2003010002427652
2003010002427653
2003010002427654
2003010002427655
2003010002427656
2003010002427657
2003010002427658
2003010002427659
2003010002427660
2003010002427661
2003010002427662
2003010002427663
2003010002427664
2003010002427665
2003010002427666
2003010002427667
2003010002427668
2003010002427669
2003010002427670
2003010002427671
2003010002427672
2003010002427673
2003010002427674
2003010002427675
2003010002427676
2003010002427677
2003010002427678
2003010002427679
2003010002427680
2003010002427681
2003010002427682
2003010002427683
2003010002427684
2003010002427685
2003010002427686
2003010002427687
2003010002427688
2003010002427689
2003010002427690
2003010002427691
2003010002427692
2003010002427693
2003010002427694
2003010002427695
2003010002427696
2003010002427697
2003010002427698
2003010002427699
2003010002427700
2003010002427701
2003010002427702
2003010002427703
2003010002427704
2003010002427705
2003010002427706
2003010002427707
2003010002427708
2003010002427709
2003010002427710
2003010002427711
2003010002427712
2003010002427713
2003010002427714
2003010002427715
2003010002427716
2003010002427717
2003010002427718
2003010002427719
2003010002427720
2003010002427721
2003010002427722
2003010002427723
2003010002427724
2003010002427725
2003010002427726
2003010002427727
2003010002427728
2003010002427729
2003010002427730
2003010002427731
2003010002427732
2003010002427733
2003010002427734
2003010002427735
2003010002427736
2003010002427737
2003010002427738
2003010002427739
2003010002427740
2003010002427741
2003010002427742
2003010002427743
2003010002427744
2003010002427745
2003010002427746
2003010002427747
2003010002427748
2003010002427749
2003010002427750
2003010002427751
2003010002427752
2003010002427753
2003010002427754
2003010002427755
2003010002427756
2003010002427757
2003010002427758
2003010002427759
2003010002427760
2003010002427761
2003010002427762
2003010002427763
2003010002427764
2003010002427765
2003010002427766
2003010002427767
2003010002427768
2003010002427769
2003010002427770
2003010002427771
2003010002427772
2003010002427773
2003010002427774
2003010002427775
2003010002427776
2003010002427777
2003010002427778
2003010002427779
2003010002427780
2003010002427781
2003010002427782
2003010002427783
2003010002427784
2003010002427785
2003010002427786
2003010002427787
2003010002427788
2003010002427789
2003010002427790
2003010002427791
2003010002427792
2003010002427793
2003010002427794
2003010002427795
2003010002427796
2003010002427797
2003010002427798
2003010002427799
2003010002427800
2003010002427801
2003010002427802
2003010002427803
2003010002427804
2003010002427805
2003010002427806
2003010002427807
2003010002427808
2003010002427809
2003010002427810
2003010002427811
2003010002427812
2003010002427813
2003010002427814
2003010002427815
2003010002427816
2003010002427817
2003010002427818
2003010002427819
2003010002427820
2003010002427821
2003010002427822
2003010002427823
2003010002427824
2003010002427825
2003010002427826
2003010002427827
2003010002427828
2003010002427829
2003010002427830
2003010002427831
2003010002427832
2003010002427833
2003010002427834
2003010002427835
2003010002427836
2003010002427837
2003010002427838
2003010002427839
2003010002427840
2003010002427841
2003010002427842
2003010002427843
2003010002427844
2003010002427845
2003010002427846
2003010002427847
2003010002427848
2003010002427849
2003010002427850
2003010002427851
2003010002427852
2003010002427853
2003010002427854
2003010002427855
2003010002427856
2003010002427857
2003010002427858
2003010002427859
2003010002427860
2003010002427861
2003010002427862
2003010002427863
2003010002427864
2003010002427865
2003010002427866
2003010002427867
2003010002427868
2003010002427869
2003010002427870
2003010002427871
2003010002427872
2003010002427873
2003010002427874
2003010002427875
2003010002427876
2003010002427877
2003010002427878
2003010002427879
2003010002427880
2003010002427881
2003010002427882
2003010002427883
2003010002427884
2003010002427885
2003010002427886
2003010002427887
2003010002427888
2003010002427889
2003010002427890
2003010002427891
2003010002427892
2003010002427893
2003010002427894
2003010002427895
2003010002427896
2003010002427897
2003010002427898
2003010002427899
2003010002427900
2003010002427901
2003010002427902
2003010002427903
2003010002427904
2003010002427905
2003010002427906
2003010002427907
2003010002427908
2003010002427909
2003010002427910
2003010002427911
2003010002427912
2003010002427913
2003010002427914
2003010002427915
2003010002427916
2003010002427917
2003010002427918
2003010002427919
2003010002427920
2003010002427921
2003010002427922
2003010002427923
2003010002427924
2003010002427925
2003010002427926
2003010002427927
2003010002427928
2003010002427929
2003010002427930
2003010002427931
2003010002427932
2003010002427933
2003010002427934
2003010002427935
2003010002427936
2003010002427937
2003010002427938
2003010002427939
2003010002427940
2003010002427941
2003010002427942
2003010002427943
2003010002427944
2003010002427945
2003010002427946
2003010002427947
2003010002427948
2003010002427949
2003010002427950
2003010002427951
2003010002427952
2003010002427953
2003010002427954
2003010002427955
2003010002427956
2003010002427957
2003010002427958
2003010002427959
2003010002427960
2003010002427961
2003010002427962
2003010002427963
2003010002427964
2003010002427965
2003010002427966
2003010002427967
2003010002427968
2003010002427969
2003010002427970
2003010002427971
2003010002427972
2003010002427973
2003010002427974
2003010002427975
2003010002427976
2003010002427977
2003010002427978
2003010002427979
2003010002427980
2003010002427981
2003010002427982
2003010002427983
2003010002427984
2003010002427985
2003010002427986
2003010002427987
2003010002427988
2003010002427989
2003010002427990
2003010002427991
2003010002427992
2003010002427993
2003010002427994
2003010002427995
2003010002427996
2003010002427997
2003010002427998
2003010002427999
2003010002428000
2003010002428001
2003010002428002
2003010002428003
2003010002428004
2003010002428005
2003010002428006
2003010002428007
2003010002428008
2003010002428009
2003010002428010
2003010002428011
2003010002428012
2003010002428013
2003010002428014
2003010002428015
2003010002428016
2003010002428017
2003010002428018
2003010002428019
2003010002428020
2003010002428021
2003010002428022
2003010002428023
2003010002428024
2003010002428025
2003010002428026
2003010002428027
2003010002428028
2003010002428029
2003010002428030
2003010002428031
2003010002428032
2003010002428033
2003010002428034
2003010002428035
2003010002428036
2003010002428037
2003010002428038
2003010002428039
2003010002428040
2003010002428041
2003010002428042
2003010002428043
2003010002428044
2003010002428045
2003010002428046
2003010002428047
2003010002428048
2003010002428049
2003010002428050
2003010002428051
2003010002428052
2003010002428053
2003010002428054
2003010002428055
2003010002428056
2003010002428057
2003010002428058
2003010002428059
2003010002428060
2003010002428061
2003010002428062
2003010002428063
2003010002428064
2003010002428065
2003010002428066
2003010002428067
2003010002428068
2003010002428069
2003010002428070
2003010002428071
2003010002428072