2003010002383073
2003010002383074
2003010002383075
2003010002383076
2003010002383077
2003010002383078
2003010002383079
2003010002383080
2003010002383081
2003010002383082
2003010002383083
2003010002383084
2003010002383085
2003010002383086
2003010002383087
2003010002383088
2003010002383089
2003010002383090
2003010002383091
2003010002383092
2003010002383093
2003010002383094
2003010002383095
2003010002383096
2003010002383097
2003010002383098
2003010002383099
2003010002383100
2003010002383101
2003010002383102
2003010002383103
2003010002383104
2003010002383105
2003010002383106
2003010002383107
2003010002383108
2003010002383109
2003010002383110
2003010002383111
2003010002383112
2003010002383113
2003010002383114
2003010002383115
2003010002383116
2003010002383117
2003010002383118
2003010002383119
2003010002383120
2003010002383121
2003010002383122
2003010002383123
2003010002383124
2003010002383125
2003010002383126
2003010002383127
2003010002383128
2003010002383129
2003010002383130
2003010002383131
2003010002383132
2003010002383133
2003010002383134
2003010002383135
2003010002383136
2003010002383137
2003010002383138
2003010002383139
2003010002383140
2003010002383141
2003010002383142
2003010002383143
2003010002383144
2003010002383145
2003010002383146
2003010002383147
2003010002383148
2003010002383149
2003010002383150
2003010002383151
2003010002383152
2003010002383153
2003010002383154
2003010002383155
2003010002383156
2003010002383157
2003010002383158
2003010002383159
2003010002383160
2003010002383161
2003010002383162
2003010002383163
2003010002383164
2003010002383165
2003010002383166
2003010002383167
2003010002383168
2003010002383169
2003010002383170
2003010002383171
2003010002383172
2003010002383173
2003010002383174
2003010002383175
2003010002383176
2003010002383177
2003010002383178
2003010002383179
2003010002383180
2003010002383181
2003010002383182
2003010002383183
2003010002383184
2003010002383185
2003010002383186
2003010002383187
2003010002383188
2003010002383189
2003010002383190
2003010002383191
2003010002383192
2003010002383193
2003010002383194
2003010002383195
2003010002383196
2003010002383197
2003010002383198
2003010002383199
2003010002383200
2003010002383201
2003010002383202
2003010002383203
2003010002383204
2003010002383205
2003010002383206
2003010002383207
2003010002383208
2003010002383209
2003010002383210
2003010002383211
2003010002383212
2003010002383213
2003010002383214
2003010002383215
2003010002383216
2003010002383217
2003010002383218
2003010002383219
2003010002383220
2003010002383221
2003010002383222
2003010002383223
2003010002383224
2003010002383225
2003010002383226
2003010002383227
2003010002383228
2003010002383229
2003010002383230
2003010002383231
2003010002383232
2003010002383233
2003010002383234
2003010002383235
2003010002383236
2003010002383237
2003010002383238
2003010002383239
2003010002383240
2003010002383241
2003010002383242
2003010002383243
2003010002383244
2003010002383245
2003010002383246
2003010002383247
2003010002383248
2003010002383249
2003010002383250
2003010002383251
2003010002383252
2003010002383253
2003010002383254
2003010002383255
2003010002383256
2003010002383257
2003010002383258
2003010002383259
2003010002383260
2003010002383261
2003010002383262
2003010002383263
2003010002383264
2003010002383265
2003010002383266
2003010002383267
2003010002383268
2003010002383269
2003010002383270
2003010002383271
2003010002383272
2003010002383273
2003010002383274
2003010002383275
2003010002383276
2003010002383277
2003010002383278
2003010002383279
2003010002383280
2003010002383281
2003010002383282
2003010002383283
2003010002383284
2003010002383285
2003010002383286
2003010002383287
2003010002383288
2003010002383289
2003010002383290
2003010002383291
2003010002383292
2003010002383293
2003010002383294
2003010002383295
2003010002383296
2003010002383297
2003010002383298
2003010002383299
2003010002383300
2003010002383301
2003010002383302
2003010002383303
2003010002383304
2003010002383305
2003010002383306
2003010002383307
2003010002383308
2003010002383309
2003010002383310
2003010002383311
2003010002383312
2003010002383313
2003010002383314
2003010002383315
2003010002383316
2003010002383317
2003010002383318
2003010002383319
2003010002383320
2003010002383321
2003010002383322
2003010002383323
2003010002383324
2003010002383325
2003010002383326
2003010002383327
2003010002383328
2003010002383329
2003010002383330
2003010002383331
2003010002383332
2003010002383333
2003010002383334
2003010002383335
2003010002383336
2003010002383337
2003010002383338
2003010002383339
2003010002383340
2003010002383341
2003010002383342
2003010002383343
2003010002383344
2003010002383345
2003010002383346
2003010002383347
2003010002383348
2003010002383349
2003010002383350
2003010002383351
2003010002383352
2003010002383353
2003010002383354
2003010002383355
2003010002383356
2003010002383357
2003010002383358
2003010002383359
2003010002383360
2003010002383361
2003010002383362
2003010002383363
2003010002383364
2003010002383365
2003010002383366
2003010002383367
2003010002383368
2003010002383369
2003010002383370
2003010002383371
2003010002383372
2003010002383373
2003010002383374
2003010002383375
2003010002383376
2003010002383377
2003010002383378
2003010002383379
2003010002383380
2003010002383381
2003010002383382
2003010002383383
2003010002383384
2003010002383385
2003010002383386
2003010002383387
2003010002383388
2003010002383389
2003010002383390
2003010002383391
2003010002383392
2003010002383393
2003010002383394
2003010002383395
2003010002383396
2003010002383397
2003010002383398
2003010002383399
2003010002383400
2003010002383401
2003010002383402
2003010002383403
2003010002383404
2003010002383405
2003010002383406
2003010002383407
2003010002383408
2003010002383409
2003010002383410
2003010002383411
2003010002383412
2003010002383413
2003010002383414
2003010002383415
2003010002383416
2003010002383417
2003010002383418
2003010002383419
2003010002383420
2003010002383421
2003010002383422
2003010002383423
2003010002383424
2003010002383425
2003010002383426
2003010002383427
2003010002383428
2003010002383429
2003010002383430
2003010002383431
2003010002383432
2003010002383433
2003010002383434
2003010002383435
2003010002383436
2003010002383437
2003010002383438
2003010002383439
2003010002383440
2003010002383441
2003010002383442
2003010002383443
2003010002383444
2003010002383445
2003010002383446
2003010002383447
2003010002383448
2003010002383449
2003010002383450
2003010002383451
2003010002383452
2003010002383453
2003010002383454
2003010002383455
2003010002383456
2003010002383457
2003010002383458
2003010002383459
2003010002383460
2003010002383461
2003010002383462
2003010002383463
2003010002383464
2003010002383465
2003010002383466
2003010002383467
2003010002383468
2003010002383469
2003010002383470
2003010002383471
2003010002383472
2003010002383473
2003010002383474
2003010002383475
2003010002383476
2003010002383477
2003010002383478
2003010002383479
2003010002383480
2003010002383481
2003010002383482
2003010002383483
2003010002383484
2003010002383485
2003010002383486
2003010002383487
2003010002383488
2003010002383489
2003010002383490
2003010002383491
2003010002383492
2003010002383493
2003010002383494
2003010002383495
2003010002383496
2003010002383497
2003010002383498
2003010002383499
2003010002383500
2003010002383501
2003010002383502
2003010002383503
2003010002383504
2003010002383505
2003010002383506
2003010002383507
2003010002383508
2003010002383509
2003010002383510
2003010002383511
2003010002383512
2003010002383513
2003010002383514
2003010002383515
2003010002383516
2003010002383517
2003010002383518
2003010002383519
2003010002383520
2003010002383521
2003010002383522
2003010002383523
2003010002383524
2003010002383525
2003010002383526
2003010002383527
2003010002383528
2003010002383529
2003010002383530
2003010002383531
2003010002383532
2003010002383533
2003010002383534
2003010002383535
2003010002383536
2003010002383537
2003010002383538
2003010002383539
2003010002383540
2003010002383541
2003010002383542
2003010002383543
2003010002383544
2003010002383545
2003010002383546
2003010002383547
2003010002383548
2003010002383549
2003010002383550
2003010002383551
2003010002383552
2003010002383553
2003010002383554
2003010002383555
2003010002383556
2003010002383557
2003010002383558
2003010002383559
2003010002383560
2003010002383561
2003010002383562
2003010002383563
2003010002383564
2003010002383565
2003010002383566
2003010002383567
2003010002383568
2003010002383569
2003010002383570
2003010002383571
2003010002383572
2003010002383573
2003010002383574
2003010002383575
2003010002383576
2003010002383577
2003010002383578
2003010002383579
2003010002383580
2003010002383581
2003010002383582
2003010002383583
2003010002383584
2003010002383585
2003010002383586
2003010002383587
2003010002383588
2003010002383589
2003010002383590
2003010002383591
2003010002383592
2003010002383593
2003010002383594
2003010002383595
2003010002383596
2003010002383597
2003010002383598
2003010002383599
2003010002383600
2003010002383601
2003010002383602
2003010002383603
2003010002383604
2003010002383605
2003010002383606
2003010002383607
2003010002383608
2003010002383609
2003010002383610
2003010002383611
2003010002383612
2003010002383613
2003010002383614
2003010002383615
2003010002383616
2003010002383617
2003010002383618
2003010002383619
2003010002383620
2003010002383621
2003010002383622
2003010002383623
2003010002383624
2003010002383625
2003010002383626
2003010002383627
2003010002383628
2003010002383629
2003010002383630
2003010002383631
2003010002383632
2003010002383633
2003010002383634
2003010002383635
2003010002383636
2003010002383637
2003010002383638
2003010002383639
2003010002383640
2003010002383641
2003010002383642
2003010002383643
2003010002383644
2003010002383645
2003010002383646
2003010002383647
2003010002383648
2003010002383649
2003010002383650
2003010002383651
2003010002383652
2003010002383653
2003010002383654
2003010002383655
2003010002383656
2003010002383657
2003010002383658
2003010002383659
2003010002383660
2003010002383661
2003010002383662
2003010002383663
2003010002383664
2003010002383665
2003010002383666
2003010002383667
2003010002383668
2003010002383669
2003010002383670
2003010002383671
2003010002383672
2003010002383673
2003010002383674
2003010002383675
2003010002383676
2003010002383677
2003010002383678
2003010002383679
2003010002383680
2003010002383681
2003010002383682
2003010002383683
2003010002383684
2003010002383685
2003010002383686
2003010002383687
2003010002383688
2003010002383689
2003010002383690
2003010002383691
2003010002383692
2003010002383693
2003010002383694
2003010002383695
2003010002383696
2003010002383697
2003010002383698
2003010002383699
2003010002383700
2003010002383701
2003010002383702
2003010002383703
2003010002383704
2003010002383705
2003010002383706
2003010002383707
2003010002383708
2003010002383709
2003010002383710
2003010002383711
2003010002383712
2003010002383713
2003010002383714
2003010002383715
2003010002383716
2003010002383717
2003010002383718
2003010002383719
2003010002383720
2003010002383721
2003010002383722
2003010002383723
2003010002383724
2003010002383725
2003010002383726
2003010002383727
2003010002383728
2003010002383729
2003010002383730
2003010002383731
2003010002383732
2003010002383733
2003010002383734
2003010002383735
2003010002383736
2003010002383737
2003010002383738
2003010002383739
2003010002383740
2003010002383741
2003010002383742
2003010002383743
2003010002383744
2003010002383745
2003010002383746
2003010002383747
2003010002383748
2003010002383749
2003010002383750
2003010002383751
2003010002383752
2003010002383753
2003010002383754
2003010002383755
2003010002383756
2003010002383757
2003010002383758
2003010002383759
2003010002383760
2003010002383761
2003010002383762
2003010002383763
2003010002383764
2003010002383765
2003010002383766
2003010002383767
2003010002383768
2003010002383769
2003010002383770
2003010002383771
2003010002383772
2003010002383773
2003010002383774
2003010002383775
2003010002383776
2003010002383777
2003010002383778
2003010002383779
2003010002383780
2003010002383781
2003010002383782
2003010002383783
2003010002383784
2003010002383785
2003010002383786
2003010002383787
2003010002383788
2003010002383789
2003010002383790
2003010002383791
2003010002383792
2003010002383793
2003010002383794
2003010002383795
2003010002383796
2003010002383797
2003010002383798
2003010002383799
2003010002383800
2003010002383801
2003010002383802
2003010002383803
2003010002383804
2003010002383805
2003010002383806
2003010002383807
2003010002383808
2003010002383809
2003010002383810
2003010002383811
2003010002383812
2003010002383813
2003010002383814
2003010002383815
2003010002383816
2003010002383817
2003010002383818
2003010002383819
2003010002383820
2003010002383821
2003010002383822
2003010002383823
2003010002383824
2003010002383825
2003010002383826
2003010002383827
2003010002383828
2003010002383829
2003010002383830
2003010002383831
2003010002383832
2003010002383833
2003010002383834
2003010002383835
2003010002383836
2003010002383837
2003010002383838
2003010002383839
2003010002383840
2003010002383841
2003010002383842
2003010002383843
2003010002383844
2003010002383845
2003010002383846
2003010002383847
2003010002383848
2003010002383849
2003010002383850
2003010002383851
2003010002383852
2003010002383853
2003010002383854
2003010002383855
2003010002383856
2003010002383857
2003010002383858
2003010002383859
2003010002383860
2003010002383861
2003010002383862
2003010002383863
2003010002383864
2003010002383865
2003010002383866
2003010002383867
2003010002383868
2003010002383869
2003010002383870
2003010002383871
2003010002383872
2003010002383873
2003010002383874
2003010002383875
2003010002383876
2003010002383877
2003010002383878
2003010002383879
2003010002383880
2003010002383881
2003010002383882
2003010002383883
2003010002383884
2003010002383885
2003010002383886
2003010002383887
2003010002383888
2003010002383889
2003010002383890
2003010002383891
2003010002383892
2003010002383893
2003010002383894
2003010002383895
2003010002383896
2003010002383897
2003010002383898
2003010002383899
2003010002383900
2003010002383901
2003010002383902
2003010002383903
2003010002383904
2003010002383905
2003010002383906
2003010002383907
2003010002383908
2003010002383909
2003010002383910
2003010002383911
2003010002383912
2003010002383913
2003010002383914
2003010002383915
2003010002383916
2003010002383917
2003010002383918
2003010002383919
2003010002383920
2003010002383921
2003010002383922
2003010002383923
2003010002383924
2003010002383925
2003010002383926
2003010002383927
2003010002383928
2003010002383929
2003010002383930
2003010002383931
2003010002383932
2003010002383933
2003010002383934
2003010002383935
2003010002383936
2003010002383937
2003010002383938
2003010002383939
2003010002383940
2003010002383941
2003010002383942
2003010002383943
2003010002383944
2003010002383945
2003010002383946
2003010002383947
2003010002383948
2003010002383949
2003010002383950
2003010002383951
2003010002383952
2003010002383953
2003010002383954
2003010002383955
2003010002383956
2003010002383957
2003010002383958
2003010002383959
2003010002383960
2003010002383961
2003010002383962
2003010002383963
2003010002383964
2003010002383965
2003010002383966
2003010002383967
2003010002383968
2003010002383969
2003010002383970
2003010002383971
2003010002383972
2003010002383973
2003010002383974
2003010002383975
2003010002383976
2003010002383977
2003010002383978
2003010002383979
2003010002383980
2003010002383981
2003010002383982
2003010002383983
2003010002383984
2003010002383985
2003010002383986
2003010002383987
2003010002383988
2003010002383989
2003010002383990
2003010002383991
2003010002383992
2003010002383993
2003010002383994
2003010002383995
2003010002383996
2003010002383997
2003010002383998
2003010002383999
2003010002384000
2003010002384001
2003010002384002
2003010002384003
2003010002384004
2003010002384005
2003010002384006
2003010002384007
2003010002384008
2003010002384009
2003010002384010
2003010002384011
2003010002384012
2003010002384013
2003010002384014
2003010002384015
2003010002384016
2003010002384017
2003010002384018
2003010002384019
2003010002384020
2003010002384021
2003010002384022
2003010002384023
2003010002384024
2003010002384025
2003010002384026
2003010002384027
2003010002384028
2003010002384029
2003010002384030
2003010002384031
2003010002384032
2003010002384033
2003010002384034
2003010002384035
2003010002384036
2003010002384037
2003010002384038
2003010002384039
2003010002384040
2003010002384041
2003010002384042
2003010002384043
2003010002384044
2003010002384045
2003010002384046
2003010002384047
2003010002384048
2003010002384049
2003010002384050
2003010002384051
2003010002384052
2003010002384053
2003010002384054
2003010002384055
2003010002384056
2003010002384057
2003010002384058
2003010002384059
2003010002384060
2003010002384061
2003010002384062
2003010002384063
2003010002384064
2003010002384065
2003010002384066
2003010002384067
2003010002384068
2003010002384069
2003010002384070
2003010002384071
2003010002384072
2003010002384073
2003010002384074
2003010002384075
2003010002384076
2003010002384077
2003010002384078
2003010002384079
2003010002384080
2003010002384081
2003010002384082
2003010002384083
2003010002384084
2003010002384085
2003010002384086
2003010002384087
2003010002384088
2003010002384089
2003010002384090
2003010002384091
2003010002384092
2003010002384093
2003010002384094
2003010002384095
2003010002384096
2003010002384097
2003010002384098
2003010002384099
2003010002384100
2003010002384101
2003010002384102
2003010002384103
2003010002384104
2003010002384105
2003010002384106
2003010002384107
2003010002384108
2003010002384109
2003010002384110
2003010002384111
2003010002384112
2003010002384113
2003010002384114
2003010002384115
2003010002384116
2003010002384117
2003010002384118
2003010002384119
2003010002384120
2003010002384121
2003010002384122
2003010002384123
2003010002384124
2003010002384125
2003010002384126
2003010002384127
2003010002384128
2003010002384129
2003010002384130
2003010002384131
2003010002384132
2003010002384133
2003010002384134
2003010002384135
2003010002384136
2003010002384137
2003010002384138
2003010002384139
2003010002384140
2003010002384141
2003010002384142
2003010002384143
2003010002384144
2003010002384145
2003010002384146
2003010002384147
2003010002384148
2003010002384149
2003010002384150
2003010002384151
2003010002384152
2003010002384153
2003010002384154
2003010002384155
2003010002384156
2003010002384157
2003010002384158
2003010002384159
2003010002384160
2003010002384161
2003010002384162
2003010002384163
2003010002384164
2003010002384165
2003010002384166
2003010002384167
2003010002384168
2003010002384169
2003010002384170
2003010002384171
2003010002384172
2003010002384173
2003010002384174
2003010002384175
2003010002384176
2003010002384177
2003010002384178
2003010002384179
2003010002384180
2003010002384181
2003010002384182
2003010002384183
2003010002384184
2003010002384185
2003010002384186
2003010002384187
2003010002384188
2003010002384189
2003010002384190
2003010002384191
2003010002384192
2003010002384193
2003010002384194
2003010002384195
2003010002384196
2003010002384197
2003010002384198
2003010002384199
2003010002384200
2003010002384201
2003010002384202
2003010002384203
2003010002384204
2003010002384205
2003010002384206
2003010002384207
2003010002384208
2003010002384209
2003010002384210
2003010002384211
2003010002384212
2003010002384213
2003010002384214
2003010002384215
2003010002384216
2003010002384217
2003010002384218
2003010002384219
2003010002384220
2003010002384221
2003010002384222
2003010002384223
2003010002384224
2003010002384225
2003010002384226
2003010002384227
2003010002384228
2003010002384229
2003010002384230
2003010002384231
2003010002384232
2003010002384233
2003010002384234
2003010002384235
2003010002384236
2003010002384237
2003010002384238
2003010002384239
2003010002384240
2003010002384241
2003010002384242
2003010002384243
2003010002384244
2003010002384245
2003010002384246
2003010002384247
2003010002384248
2003010002384249
2003010002384250
2003010002384251
2003010002384252
2003010002384253
2003010002384254
2003010002384255
2003010002384256
2003010002384257
2003010002384258
2003010002384259
2003010002384260
2003010002384261
2003010002384262
2003010002384263
2003010002384264
2003010002384265
2003010002384266
2003010002384267
2003010002384268
2003010002384269
2003010002384270
2003010002384271
2003010002384272
2003010002384273
2003010002384274
2003010002384275
2003010002384276
2003010002384277
2003010002384278
2003010002384279
2003010002384280
2003010002384281
2003010002384282
2003010002384283
2003010002384284
2003010002384285
2003010002384286
2003010002384287
2003010002384288
2003010002384289
2003010002384290
2003010002384291
2003010002384292
2003010002384293
2003010002384294
2003010002384295
2003010002384296
2003010002384297
2003010002384298
2003010002384299
2003010002384300
2003010002384301
2003010002384302
2003010002384303
2003010002384304
2003010002384305
2003010002384306
2003010002384307
2003010002384308
2003010002384309
2003010002384310
2003010002384311
2003010002384312
2003010002384313
2003010002384314
2003010002384315
2003010002384316
2003010002384317
2003010002384318
2003010002384319
2003010002384320
2003010002384321
2003010002384322
2003010002384323
2003010002384324
2003010002384325
2003010002384326
2003010002384327
2003010002384328
2003010002384329
2003010002384330
2003010002384331
2003010002384332
2003010002384333
2003010002384334
2003010002384335
2003010002384336
2003010002384337
2003010002384338
2003010002384339
2003010002384340
2003010002384341
2003010002384342
2003010002384343
2003010002384344
2003010002384345
2003010002384346
2003010002384347
2003010002384348
2003010002384349
2003010002384350
2003010002384351
2003010002384352
2003010002384353
2003010002384354
2003010002384355
2003010002384356
2003010002384357
2003010002384358
2003010002384359
2003010002384360
2003010002384361
2003010002384362
2003010002384363
2003010002384364
2003010002384365
2003010002384366
2003010002384367
2003010002384368
2003010002384369
2003010002384370
2003010002384371
2003010002384372
2003010002384373
2003010002384374
2003010002384375
2003010002384376
2003010002384377
2003010002384378
2003010002384379
2003010002384380
2003010002384381
2003010002384382
2003010002384383
2003010002384384
2003010002384385
2003010002384386
2003010002384387
2003010002384388
2003010002384389
2003010002384390
2003010002384391
2003010002384392
2003010002384393
2003010002384394
2003010002384395
2003010002384396
2003010002384397
2003010002384398
2003010002384399
2003010002384400
2003010002384401
2003010002384402
2003010002384403
2003010002384404
2003010002384405
2003010002384406
2003010002384407
2003010002384408
2003010002384409
2003010002384410
2003010002384411
2003010002384412
2003010002384413
2003010002384414
2003010002384415
2003010002384416
2003010002384417
2003010002384418
2003010002384419
2003010002384420
2003010002384421
2003010002384422
2003010002384423
2003010002384424
2003010002384425
2003010002384426
2003010002384427
2003010002384428
2003010002384429
2003010002384430
2003010002384431
2003010002384432
2003010002384433
2003010002384434
2003010002384435
2003010002384436
2003010002384437
2003010002384438
2003010002384439
2003010002384440
2003010002384441
2003010002384442
2003010002384443
2003010002384444
2003010002384445
2003010002384446
2003010002384447
2003010002384448
2003010002384449
2003010002384450
2003010002384451
2003010002384452
2003010002384453
2003010002384454
2003010002384455
2003010002384456
2003010002384457
2003010002384458
2003010002384459
2003010002384460
2003010002384461
2003010002384462
2003010002384463
2003010002384464
2003010002384465
2003010002384466
2003010002384467
2003010002384468
2003010002384469
2003010002384470
2003010002384471
2003010002384472
2003010002384473
2003010002384474
2003010002384475
2003010002384476
2003010002384477
2003010002384478
2003010002384479
2003010002384480
2003010002384481
2003010002384482
2003010002384483
2003010002384484
2003010002384485
2003010002384486
2003010002384487
2003010002384488
2003010002384489
2003010002384490
2003010002384491
2003010002384492
2003010002384493
2003010002384494
2003010002384495
2003010002384496
2003010002384497
2003010002384498
2003010002384499
2003010002384500
2003010002384501
2003010002384502
2003010002384503
2003010002384504
2003010002384505
2003010002384506
2003010002384507
2003010002384508
2003010002384509
2003010002384510
2003010002384511
2003010002384512
2003010002384513
2003010002384514
2003010002384515
2003010002384516
2003010002384517
2003010002384518
2003010002384519
2003010002384520
2003010002384521
2003010002384522
2003010002384523
2003010002384524
2003010002384525
2003010002384526
2003010002384527
2003010002384528
2003010002384529
2003010002384530
2003010002384531
2003010002384532
2003010002384533
2003010002384534
2003010002384535
2003010002384536
2003010002384537
2003010002384538
2003010002384539
2003010002384540
2003010002384541
2003010002384542
2003010002384543
2003010002384544
2003010002384545
2003010002384546
2003010002384547
2003010002384548
2003010002384549
2003010002384550
2003010002384551
2003010002384552
2003010002384553
2003010002384554
2003010002384555
2003010002384556
2003010002384557
2003010002384558
2003010002384559
2003010002384560
2003010002384561
2003010002384562
2003010002384563
2003010002384564
2003010002384565
2003010002384566
2003010002384567
2003010002384568
2003010002384569
2003010002384570
2003010002384571
2003010002384572
2003010002384573
2003010002384574
2003010002384575
2003010002384576
2003010002384577
2003010002384578
2003010002384579
2003010002384580
2003010002384581
2003010002384582
2003010002384583
2003010002384584
2003010002384585
2003010002384586
2003010002384587
2003010002384588
2003010002384589
2003010002384590
2003010002384591
2003010002384592
2003010002384593
2003010002384594
2003010002384595
2003010002384596
2003010002384597
2003010002384598
2003010002384599
2003010002384600
2003010002384601
2003010002384602
2003010002384603
2003010002384604
2003010002384605
2003010002384606
2003010002384607
2003010002384608
2003010002384609
2003010002384610
2003010002384611
2003010002384612
2003010002384613
2003010002384614
2003010002384615
2003010002384616
2003010002384617
2003010002384618
2003010002384619
2003010002384620
2003010002384621
2003010002384622
2003010002384623
2003010002384624
2003010002384625
2003010002384626
2003010002384627
2003010002384628
2003010002384629
2003010002384630
2003010002384631
2003010002384632
2003010002384633
2003010002384634
2003010002384635
2003010002384636
2003010002384637
2003010002384638
2003010002384639
2003010002384640
2003010002384641
2003010002384642
2003010002384643
2003010002384644
2003010002384645
2003010002384646
2003010002384647
2003010002384648
2003010002384649
2003010002384650
2003010002384651
2003010002384652
2003010002384653
2003010002384654
2003010002384655
2003010002384656
2003010002384657
2003010002384658
2003010002384659
2003010002384660
2003010002384661
2003010002384662
2003010002384663
2003010002384664
2003010002384665
2003010002384666
2003010002384667
2003010002384668
2003010002384669
2003010002384670
2003010002384671
2003010002384672
2003010002384673
2003010002384674
2003010002384675
2003010002384676
2003010002384677
2003010002384678
2003010002384679
2003010002384680
2003010002384681
2003010002384682
2003010002384683
2003010002384684
2003010002384685
2003010002384686
2003010002384687
2003010002384688
2003010002384689
2003010002384690
2003010002384691
2003010002384692
2003010002384693
2003010002384694
2003010002384695
2003010002384696
2003010002384697
2003010002384698
2003010002384699
2003010002384700
2003010002384701
2003010002384702
2003010002384703
2003010002384704
2003010002384705
2003010002384706
2003010002384707
2003010002384708
2003010002384709
2003010002384710
2003010002384711
2003010002384712
2003010002384713
2003010002384714
2003010002384715
2003010002384716
2003010002384717
2003010002384718
2003010002384719
2003010002384720
2003010002384721
2003010002384722
2003010002384723
2003010002384724
2003010002384725
2003010002384726
2003010002384727
2003010002384728
2003010002384729
2003010002384730
2003010002384731
2003010002384732
2003010002384733
2003010002384734
2003010002384735
2003010002384736
2003010002384737
2003010002384738
2003010002384739
2003010002384740
2003010002384741
2003010002384742
2003010002384743
2003010002384744
2003010002384745
2003010002384746
2003010002384747
2003010002384748
2003010002384749
2003010002384750
2003010002384751
2003010002384752
2003010002384753
2003010002384754
2003010002384755
2003010002384756
2003010002384757
2003010002384758
2003010002384759
2003010002384760
2003010002384761
2003010002384762
2003010002384763
2003010002384764
2003010002384765
2003010002384766
2003010002384767
2003010002384768
2003010002384769
2003010002384770
2003010002384771
2003010002384772
2003010002384773
2003010002384774
2003010002384775
2003010002384776
2003010002384777
2003010002384778
2003010002384779
2003010002384780
2003010002384781
2003010002384782
2003010002384783
2003010002384784
2003010002384785
2003010002384786
2003010002384787
2003010002384788
2003010002384789
2003010002384790
2003010002384791
2003010002384792
2003010002384793
2003010002384794
2003010002384795
2003010002384796
2003010002384797
2003010002384798
2003010002384799
2003010002384800
2003010002384801
2003010002384802
2003010002384803
2003010002384804
2003010002384805
2003010002384806
2003010002384807
2003010002384808
2003010002384809
2003010002384810
2003010002384811
2003010002384812
2003010002384813
2003010002384814
2003010002384815
2003010002384816
2003010002384817
2003010002384818
2003010002384819
2003010002384820
2003010002384821
2003010002384822
2003010002384823
2003010002384824
2003010002384825
2003010002384826
2003010002384827
2003010002384828
2003010002384829
2003010002384830
2003010002384831
2003010002384832
2003010002384833
2003010002384834
2003010002384835
2003010002384836
2003010002384837
2003010002384838
2003010002384839
2003010002384840
2003010002384841
2003010002384842
2003010002384843
2003010002384844
2003010002384845
2003010002384846
2003010002384847
2003010002384848
2003010002384849
2003010002384850
2003010002384851
2003010002384852
2003010002384853
2003010002384854
2003010002384855
2003010002384856
2003010002384857
2003010002384858
2003010002384859
2003010002384860
2003010002384861
2003010002384862
2003010002384863
2003010002384864
2003010002384865
2003010002384866
2003010002384867
2003010002384868
2003010002384869
2003010002384870
2003010002384871
2003010002384872
2003010002384873
2003010002384874
2003010002384875
2003010002384876
2003010002384877
2003010002384878
2003010002384879
2003010002384880
2003010002384881
2003010002384882
2003010002384883
2003010002384884
2003010002384885
2003010002384886
2003010002384887
2003010002384888
2003010002384889
2003010002384890
2003010002384891
2003010002384892
2003010002384893
2003010002384894
2003010002384895
2003010002384896
2003010002384897
2003010002384898
2003010002384899
2003010002384900
2003010002384901
2003010002384902
2003010002384903
2003010002384904
2003010002384905
2003010002384906
2003010002384907
2003010002384908
2003010002384909
2003010002384910
2003010002384911
2003010002384912
2003010002384913
2003010002384914
2003010002384915
2003010002384916
2003010002384917
2003010002384918
2003010002384919
2003010002384920
2003010002384921
2003010002384922
2003010002384923
2003010002384924
2003010002384925
2003010002384926
2003010002384927
2003010002384928
2003010002384929
2003010002384930
2003010002384931
2003010002384932
2003010002384933
2003010002384934
2003010002384935
2003010002384936
2003010002384937
2003010002384938
2003010002384939
2003010002384940
2003010002384941
2003010002384942
2003010002384943
2003010002384944
2003010002384945
2003010002384946
2003010002384947
2003010002384948
2003010002384949
2003010002384950
2003010002384951
2003010002384952
2003010002384953
2003010002384954
2003010002384955
2003010002384956
2003010002384957
2003010002384958
2003010002384959
2003010002384960
2003010002384961
2003010002384962
2003010002384963
2003010002384964
2003010002384965
2003010002384966
2003010002384967
2003010002384968
2003010002384969
2003010002384970
2003010002384971
2003010002384972
2003010002384973
2003010002384974
2003010002384975
2003010002384976
2003010002384977
2003010002384978
2003010002384979
2003010002384980
2003010002384981
2003010002384982
2003010002384983
2003010002384984
2003010002384985
2003010002384986
2003010002384987
2003010002384988
2003010002384989
2003010002384990
2003010002384991
2003010002384992
2003010002384993
2003010002384994
2003010002384995
2003010002384996
2003010002384997
2003010002384998
2003010002384999
2003010002385000
2003010002385001
2003010002385002
2003010002385003
2003010002385004
2003010002385005
2003010002385006
2003010002385007
2003010002385008
2003010002385009
2003010002385010
2003010002385011
2003010002385012
2003010002385013
2003010002385014
2003010002385015
2003010002385016
2003010002385017
2003010002385018
2003010002385019
2003010002385020
2003010002385021
2003010002385022
2003010002385023
2003010002385024
2003010002385025
2003010002385026
2003010002385027
2003010002385028
2003010002385029
2003010002385030
2003010002385031
2003010002385032
2003010002385033
2003010002385034
2003010002385035
2003010002385036
2003010002385037
2003010002385038
2003010002385039
2003010002385040
2003010002385041
2003010002385042
2003010002385043
2003010002385044
2003010002385045
2003010002385046
2003010002385047
2003010002385048
2003010002385049
2003010002385050
2003010002385051
2003010002385052
2003010002385053
2003010002385054
2003010002385055
2003010002385056
2003010002385057
2003010002385058
2003010002385059
2003010002385060
2003010002385061
2003010002385062
2003010002385063
2003010002385064
2003010002385065
2003010002385066
2003010002385067
2003010002385068
2003010002385069
2003010002385070
2003010002385071
2003010002385072
2003010002385073
2003010002385074
2003010002385075
2003010002385076
2003010002385077
2003010002385078
2003010002385079
2003010002385080
2003010002385081
2003010002385082
2003010002385083
2003010002385084
2003010002385085
2003010002385086
2003010002385087
2003010002385088
2003010002385089
2003010002385090
2003010002385091
2003010002385092
2003010002385093
2003010002385094
2003010002385095
2003010002385096
2003010002385097
2003010002385098
2003010002385099
2003010002385100
2003010002385101
2003010002385102
2003010002385103
2003010002385104
2003010002385105
2003010002385106
2003010002385107
2003010002385108
2003010002385109
2003010002385110
2003010002385111
2003010002385112
2003010002385113
2003010002385114
2003010002385115
2003010002385116
2003010002385117
2003010002385118
2003010002385119
2003010002385120
2003010002385121
2003010002385122
2003010002385123
2003010002385124
2003010002385125
2003010002385126
2003010002385127
2003010002385128
2003010002385129
2003010002385130
2003010002385131
2003010002385132
2003010002385133
2003010002385134
2003010002385135
2003010002385136
2003010002385137
2003010002385138
2003010002385139
2003010002385140
2003010002385141
2003010002385142
2003010002385143
2003010002385144
2003010002385145
2003010002385146
2003010002385147
2003010002385148
2003010002385149
2003010002385150
2003010002385151
2003010002385152
2003010002385153
2003010002385154
2003010002385155
2003010002385156
2003010002385157
2003010002385158
2003010002385159
2003010002385160
2003010002385161
2003010002385162
2003010002385163
2003010002385164
2003010002385165
2003010002385166
2003010002385167
2003010002385168
2003010002385169
2003010002385170
2003010002385171
2003010002385172
2003010002385173
2003010002385174
2003010002385175
2003010002385176
2003010002385177
2003010002385178
2003010002385179
2003010002385180
2003010002385181
2003010002385182
2003010002385183
2003010002385184
2003010002385185
2003010002385186
2003010002385187
2003010002385188
2003010002385189
2003010002385190
2003010002385191
2003010002385192
2003010002385193
2003010002385194
2003010002385195
2003010002385196
2003010002385197
2003010002385198
2003010002385199
2003010002385200
2003010002385201
2003010002385202
2003010002385203
2003010002385204
2003010002385205
2003010002385206
2003010002385207
2003010002385208
2003010002385209
2003010002385210
2003010002385211
2003010002385212
2003010002385213
2003010002385214
2003010002385215
2003010002385216
2003010002385217
2003010002385218
2003010002385219
2003010002385220
2003010002385221
2003010002385222
2003010002385223
2003010002385224
2003010002385225
2003010002385226
2003010002385227
2003010002385228
2003010002385229
2003010002385230
2003010002385231
2003010002385232
2003010002385233
2003010002385234
2003010002385235
2003010002385236
2003010002385237
2003010002385238
2003010002385239
2003010002385240
2003010002385241
2003010002385242
2003010002385243
2003010002385244
2003010002385245
2003010002385246
2003010002385247
2003010002385248
2003010002385249
2003010002385250
2003010002385251
2003010002385252
2003010002385253
2003010002385254
2003010002385255
2003010002385256
2003010002385257
2003010002385258
2003010002385259
2003010002385260
2003010002385261
2003010002385262
2003010002385263
2003010002385264
2003010002385265
2003010002385266
2003010002385267
2003010002385268
2003010002385269
2003010002385270
2003010002385271
2003010002385272
2003010002385273
2003010002385274
2003010002385275
2003010002385276
2003010002385277
2003010002385278
2003010002385279
2003010002385280
2003010002385281
2003010002385282
2003010002385283
2003010002385284
2003010002385285
2003010002385286
2003010002385287
2003010002385288
2003010002385289
2003010002385290
2003010002385291
2003010002385292
2003010002385293
2003010002385294
2003010002385295
2003010002385296
2003010002385297
2003010002385298
2003010002385299
2003010002385300
2003010002385301
2003010002385302
2003010002385303
2003010002385304
2003010002385305
2003010002385306
2003010002385307
2003010002385308
2003010002385309
2003010002385310
2003010002385311
2003010002385312
2003010002385313
2003010002385314
2003010002385315
2003010002385316
2003010002385317
2003010002385318
2003010002385319
2003010002385320
2003010002385321
2003010002385322
2003010002385323
2003010002385324
2003010002385325
2003010002385326
2003010002385327
2003010002385328
2003010002385329
2003010002385330
2003010002385331
2003010002385332
2003010002385333
2003010002385334
2003010002385335
2003010002385336
2003010002385337
2003010002385338
2003010002385339
2003010002385340
2003010002385341
2003010002385342
2003010002385343
2003010002385344
2003010002385345
2003010002385346
2003010002385347
2003010002385348
2003010002385349
2003010002385350
2003010002385351
2003010002385352
2003010002385353
2003010002385354
2003010002385355
2003010002385356
2003010002385357
2003010002385358
2003010002385359
2003010002385360
2003010002385361
2003010002385362
2003010002385363
2003010002385364
2003010002385365
2003010002385366
2003010002385367
2003010002385368
2003010002385369
2003010002385370
2003010002385371
2003010002385372
2003010002385373
2003010002385374
2003010002385375
2003010002385376
2003010002385377
2003010002385378
2003010002385379
2003010002385380
2003010002385381
2003010002385382
2003010002385383
2003010002385384
2003010002385385
2003010002385386
2003010002385387
2003010002385388
2003010002385389
2003010002385390
2003010002385391
2003010002385392
2003010002385393
2003010002385394
2003010002385395
2003010002385396
2003010002385397
2003010002385398
2003010002385399
2003010002385400
2003010002385401
2003010002385402
2003010002385403
2003010002385404
2003010002385405
2003010002385406
2003010002385407
2003010002385408
2003010002385409
2003010002385410
2003010002385411
2003010002385412
2003010002385413
2003010002385414
2003010002385415
2003010002385416
2003010002385417
2003010002385418
2003010002385419
2003010002385420
2003010002385421
2003010002385422
2003010002385423
2003010002385424
2003010002385425
2003010002385426
2003010002385427
2003010002385428
2003010002385429
2003010002385430
2003010002385431
2003010002385432
2003010002385433
2003010002385434
2003010002385435
2003010002385436
2003010002385437
2003010002385438
2003010002385439
2003010002385440
2003010002385441
2003010002385442
2003010002385443
2003010002385444
2003010002385445
2003010002385446
2003010002385447
2003010002385448
2003010002385449
2003010002385450
2003010002385451
2003010002385452
2003010002385453
2003010002385454
2003010002385455
2003010002385456
2003010002385457
2003010002385458
2003010002385459
2003010002385460
2003010002385461
2003010002385462
2003010002385463
2003010002385464
2003010002385465
2003010002385466
2003010002385467
2003010002385468
2003010002385469
2003010002385470
2003010002385471
2003010002385472
2003010002385473
2003010002385474
2003010002385475
2003010002385476
2003010002385477
2003010002385478
2003010002385479
2003010002385480
2003010002385481
2003010002385482
2003010002385483
2003010002385484
2003010002385485
2003010002385486
2003010002385487
2003010002385488
2003010002385489
2003010002385490
2003010002385491
2003010002385492
2003010002385493
2003010002385494
2003010002385495
2003010002385496
2003010002385497
2003010002385498
2003010002385499
2003010002385500
2003010002385501
2003010002385502
2003010002385503
2003010002385504
2003010002385505
2003010002385506
2003010002385507
2003010002385508
2003010002385509
2003010002385510
2003010002385511
2003010002385512
2003010002385513
2003010002385514
2003010002385515
2003010002385516
2003010002385517
2003010002385518
2003010002385519
2003010002385520
2003010002385521
2003010002385522
2003010002385523
2003010002385524
2003010002385525
2003010002385526
2003010002385527
2003010002385528
2003010002385529
2003010002385530
2003010002385531
2003010002385532
2003010002385533
2003010002385534
2003010002385535
2003010002385536
2003010002385537
2003010002385538
2003010002385539
2003010002385540
2003010002385541
2003010002385542
2003010002385543
2003010002385544
2003010002385545
2003010002385546
2003010002385547
2003010002385548
2003010002385549
2003010002385550
2003010002385551
2003010002385552
2003010002385553
2003010002385554
2003010002385555
2003010002385556
2003010002385557
2003010002385558
2003010002385559
2003010002385560
2003010002385561
2003010002385562
2003010002385563
2003010002385564
2003010002385565
2003010002385566
2003010002385567
2003010002385568
2003010002385569
2003010002385570
2003010002385571
2003010002385572
2003010002385573
2003010002385574
2003010002385575
2003010002385576
2003010002385577
2003010002385578
2003010002385579
2003010002385580
2003010002385581
2003010002385582
2003010002385583
2003010002385584
2003010002385585
2003010002385586
2003010002385587
2003010002385588
2003010002385589
2003010002385590
2003010002385591
2003010002385592
2003010002385593
2003010002385594
2003010002385595
2003010002385596
2003010002385597
2003010002385598
2003010002385599
2003010002385600
2003010002385601
2003010002385602
2003010002385603
2003010002385604
2003010002385605
2003010002385606
2003010002385607
2003010002385608
2003010002385609
2003010002385610
2003010002385611
2003010002385612
2003010002385613
2003010002385614
2003010002385615
2003010002385616
2003010002385617
2003010002385618
2003010002385619
2003010002385620
2003010002385621
2003010002385622
2003010002385623
2003010002385624
2003010002385625
2003010002385626
2003010002385627
2003010002385628
2003010002385629
2003010002385630
2003010002385631
2003010002385632
2003010002385633
2003010002385634
2003010002385635
2003010002385636
2003010002385637
2003010002385638
2003010002385639
2003010002385640
2003010002385641
2003010002385642
2003010002385643
2003010002385644
2003010002385645
2003010002385646
2003010002385647
2003010002385648
2003010002385649
2003010002385650
2003010002385651
2003010002385652
2003010002385653
2003010002385654
2003010002385655
2003010002385656
2003010002385657
2003010002385658
2003010002385659
2003010002385660
2003010002385661
2003010002385662
2003010002385663
2003010002385664
2003010002385665
2003010002385666
2003010002385667
2003010002385668
2003010002385669
2003010002385670
2003010002385671
2003010002385672
2003010002385673
2003010002385674
2003010002385675
2003010002385676
2003010002385677
2003010002385678
2003010002385679
2003010002385680
2003010002385681
2003010002385682
2003010002385683
2003010002385684
2003010002385685
2003010002385686
2003010002385687
2003010002385688
2003010002385689
2003010002385690
2003010002385691
2003010002385692
2003010002385693
2003010002385694
2003010002385695
2003010002385696
2003010002385697
2003010002385698
2003010002385699
2003010002385700
2003010002385701
2003010002385702
2003010002385703
2003010002385704
2003010002385705
2003010002385706
2003010002385707
2003010002385708
2003010002385709
2003010002385710
2003010002385711
2003010002385712
2003010002385713
2003010002385714
2003010002385715
2003010002385716
2003010002385717
2003010002385718
2003010002385719
2003010002385720
2003010002385721
2003010002385722
2003010002385723
2003010002385724
2003010002385725
2003010002385726
2003010002385727
2003010002385728
2003010002385729
2003010002385730
2003010002385731
2003010002385732
2003010002385733
2003010002385734
2003010002385735
2003010002385736
2003010002385737
2003010002385738
2003010002385739
2003010002385740
2003010002385741
2003010002385742
2003010002385743
2003010002385744
2003010002385745
2003010002385746
2003010002385747
2003010002385748
2003010002385749
2003010002385750
2003010002385751
2003010002385752
2003010002385753
2003010002385754
2003010002385755
2003010002385756
2003010002385757
2003010002385758
2003010002385759
2003010002385760
2003010002385761
2003010002385762
2003010002385763
2003010002385764
2003010002385765
2003010002385766
2003010002385767
2003010002385768
2003010002385769
2003010002385770
2003010002385771
2003010002385772
2003010002385773
2003010002385774
2003010002385775
2003010002385776
2003010002385777
2003010002385778
2003010002385779
2003010002385780
2003010002385781
2003010002385782
2003010002385783
2003010002385784
2003010002385785
2003010002385786
2003010002385787
2003010002385788
2003010002385789
2003010002385790
2003010002385791
2003010002385792
2003010002385793
2003010002385794
2003010002385795
2003010002385796
2003010002385797
2003010002385798
2003010002385799
2003010002385800
2003010002385801
2003010002385802
2003010002385803
2003010002385804
2003010002385805
2003010002385806
2003010002385807
2003010002385808
2003010002385809
2003010002385810
2003010002385811
2003010002385812
2003010002385813
2003010002385814
2003010002385815
2003010002385816
2003010002385817
2003010002385818
2003010002385819
2003010002385820
2003010002385821
2003010002385822
2003010002385823
2003010002385824
2003010002385825
2003010002385826
2003010002385827
2003010002385828
2003010002385829
2003010002385830
2003010002385831
2003010002385832
2003010002385833
2003010002385834
2003010002385835
2003010002385836
2003010002385837
2003010002385838
2003010002385839
2003010002385840
2003010002385841
2003010002385842
2003010002385843
2003010002385844
2003010002385845
2003010002385846
2003010002385847
2003010002385848
2003010002385849
2003010002385850
2003010002385851
2003010002385852
2003010002385853
2003010002385854
2003010002385855
2003010002385856
2003010002385857
2003010002385858
2003010002385859
2003010002385860
2003010002385861
2003010002385862
2003010002385863
2003010002385864
2003010002385865
2003010002385866
2003010002385867
2003010002385868
2003010002385869
2003010002385870
2003010002385871
2003010002385872
2003010002385873
2003010002385874
2003010002385875
2003010002385876
2003010002385877
2003010002385878
2003010002385879
2003010002385880
2003010002385881
2003010002385882
2003010002385883
2003010002385884
2003010002385885
2003010002385886
2003010002385887
2003010002385888
2003010002385889
2003010002385890
2003010002385891
2003010002385892
2003010002385893
2003010002385894
2003010002385895
2003010002385896
2003010002385897
2003010002385898
2003010002385899
2003010002385900
2003010002385901
2003010002385902
2003010002385903
2003010002385904
2003010002385905
2003010002385906
2003010002385907
2003010002385908
2003010002385909
2003010002385910
2003010002385911
2003010002385912
2003010002385913
2003010002385914
2003010002385915
2003010002385916
2003010002385917
2003010002385918
2003010002385919
2003010002385920
2003010002385921
2003010002385922
2003010002385923
2003010002385924
2003010002385925
2003010002385926
2003010002385927
2003010002385928
2003010002385929
2003010002385930
2003010002385931
2003010002385932
2003010002385933
2003010002385934
2003010002385935
2003010002385936
2003010002385937
2003010002385938
2003010002385939
2003010002385940
2003010002385941
2003010002385942
2003010002385943
2003010002385944
2003010002385945
2003010002385946
2003010002385947
2003010002385948
2003010002385949
2003010002385950
2003010002385951
2003010002385952
2003010002385953
2003010002385954
2003010002385955
2003010002385956
2003010002385957
2003010002385958
2003010002385959
2003010002385960
2003010002385961
2003010002385962
2003010002385963
2003010002385964
2003010002385965
2003010002385966
2003010002385967
2003010002385968
2003010002385969
2003010002385970
2003010002385971
2003010002385972
2003010002385973
2003010002385974
2003010002385975
2003010002385976
2003010002385977
2003010002385978
2003010002385979
2003010002385980
2003010002385981
2003010002385982
2003010002385983
2003010002385984
2003010002385985
2003010002385986
2003010002385987
2003010002385988
2003010002385989
2003010002385990
2003010002385991
2003010002385992
2003010002385993
2003010002385994
2003010002385995
2003010002385996
2003010002385997
2003010002385998
2003010002385999
2003010002386000
2003010002386001
2003010002386002
2003010002386003
2003010002386004
2003010002386005
2003010002386006
2003010002386007
2003010002386008
2003010002386009
2003010002386010
2003010002386011
2003010002386012
2003010002386013
2003010002386014
2003010002386015
2003010002386016
2003010002386017
2003010002386018
2003010002386019
2003010002386020
2003010002386021
2003010002386022
2003010002386023
2003010002386024
2003010002386025
2003010002386026
2003010002386027
2003010002386028
2003010002386029
2003010002386030
2003010002386031
2003010002386032
2003010002386033
2003010002386034
2003010002386035
2003010002386036
2003010002386037
2003010002386038
2003010002386039
2003010002386040
2003010002386041
2003010002386042
2003010002386043
2003010002386044
2003010002386045
2003010002386046
2003010002386047
2003010002386048
2003010002386049
2003010002386050
2003010002386051
2003010002386052
2003010002386053
2003010002386054
2003010002386055
2003010002386056
2003010002386057
2003010002386058
2003010002386059
2003010002386060
2003010002386061
2003010002386062
2003010002386063
2003010002386064
2003010002386065
2003010002386066
2003010002386067
2003010002386068
2003010002386069
2003010002386070
2003010002386071
2003010002386072
2003010002386073
2003010002386074
2003010002386075
2003010002386076
2003010002386077
2003010002386078
2003010002386079
2003010002386080
2003010002386081
2003010002386082
2003010002386083
2003010002386084
2003010002386085
2003010002386086
2003010002386087
2003010002386088
2003010002386089
2003010002386090
2003010002386091
2003010002386092
2003010002386093
2003010002386094
2003010002386095
2003010002386096
2003010002386097
2003010002386098
2003010002386099
2003010002386100
2003010002386101
2003010002386102
2003010002386103
2003010002386104
2003010002386105
2003010002386106
2003010002386107
2003010002386108
2003010002386109
2003010002386110
2003010002386111
2003010002386112
2003010002386113
2003010002386114
2003010002386115
2003010002386116
2003010002386117
2003010002386118
2003010002386119
2003010002386120
2003010002386121
2003010002386122
2003010002386123
2003010002386124
2003010002386125
2003010002386126
2003010002386127
2003010002386128
2003010002386129
2003010002386130
2003010002386131
2003010002386132
2003010002386133
2003010002386134
2003010002386135
2003010002386136
2003010002386137
2003010002386138
2003010002386139
2003010002386140
2003010002386141
2003010002386142
2003010002386143
2003010002386144
2003010002386145
2003010002386146
2003010002386147
2003010002386148
2003010002386149
2003010002386150
2003010002386151
2003010002386152
2003010002386153
2003010002386154
2003010002386155
2003010002386156
2003010002386157
2003010002386158
2003010002386159
2003010002386160
2003010002386161
2003010002386162
2003010002386163
2003010002386164
2003010002386165
2003010002386166
2003010002386167
2003010002386168
2003010002386169
2003010002386170
2003010002386171
2003010002386172
2003010002386173
2003010002386174
2003010002386175
2003010002386176
2003010002386177
2003010002386178
2003010002386179
2003010002386180
2003010002386181
2003010002386182
2003010002386183
2003010002386184
2003010002386185
2003010002386186
2003010002386187
2003010002386188
2003010002386189
2003010002386190
2003010002386191
2003010002386192
2003010002386193
2003010002386194
2003010002386195
2003010002386196
2003010002386197
2003010002386198
2003010002386199
2003010002386200
2003010002386201
2003010002386202
2003010002386203
2003010002386204
2003010002386205
2003010002386206
2003010002386207
2003010002386208
2003010002386209
2003010002386210
2003010002386211
2003010002386212
2003010002386213
2003010002386214
2003010002386215
2003010002386216
2003010002386217
2003010002386218
2003010002386219
2003010002386220
2003010002386221
2003010002386222
2003010002386223
2003010002386224
2003010002386225
2003010002386226
2003010002386227
2003010002386228
2003010002386229
2003010002386230
2003010002386231
2003010002386232
2003010002386233
2003010002386234
2003010002386235
2003010002386236
2003010002386237
2003010002386238
2003010002386239
2003010002386240
2003010002386241
2003010002386242
2003010002386243
2003010002386244
2003010002386245
2003010002386246
2003010002386247
2003010002386248
2003010002386249
2003010002386250
2003010002386251
2003010002386252
2003010002386253
2003010002386254
2003010002386255
2003010002386256
2003010002386257
2003010002386258
2003010002386259
2003010002386260
2003010002386261
2003010002386262
2003010002386263
2003010002386264
2003010002386265
2003010002386266
2003010002386267
2003010002386268
2003010002386269
2003010002386270
2003010002386271
2003010002386272
2003010002386273
2003010002386274
2003010002386275
2003010002386276
2003010002386277
2003010002386278
2003010002386279
2003010002386280
2003010002386281
2003010002386282
2003010002386283
2003010002386284
2003010002386285
2003010002386286
2003010002386287
2003010002386288
2003010002386289
2003010002386290
2003010002386291
2003010002386292
2003010002386293
2003010002386294
2003010002386295
2003010002386296
2003010002386297
2003010002386298
2003010002386299
2003010002386300
2003010002386301
2003010002386302
2003010002386303
2003010002386304
2003010002386305
2003010002386306
2003010002386307
2003010002386308
2003010002386309
2003010002386310
2003010002386311
2003010002386312
2003010002386313
2003010002386314
2003010002386315
2003010002386316
2003010002386317
2003010002386318
2003010002386319
2003010002386320
2003010002386321
2003010002386322
2003010002386323
2003010002386324
2003010002386325
2003010002386326
2003010002386327
2003010002386328
2003010002386329
2003010002386330
2003010002386331
2003010002386332
2003010002386333
2003010002386334
2003010002386335
2003010002386336
2003010002386337
2003010002386338
2003010002386339
2003010002386340
2003010002386341
2003010002386342
2003010002386343
2003010002386344
2003010002386345
2003010002386346
2003010002386347
2003010002386348
2003010002386349
2003010002386350
2003010002386351
2003010002386352
2003010002386353
2003010002386354
2003010002386355
2003010002386356
2003010002386357
2003010002386358
2003010002386359
2003010002386360
2003010002386361
2003010002386362
2003010002386363
2003010002386364
2003010002386365
2003010002386366
2003010002386367
2003010002386368
2003010002386369
2003010002386370
2003010002386371
2003010002386372
2003010002386373
2003010002386374
2003010002386375
2003010002386376
2003010002386377
2003010002386378
2003010002386379
2003010002386380
2003010002386381
2003010002386382
2003010002386383
2003010002386384
2003010002386385
2003010002386386
2003010002386387
2003010002386388
2003010002386389
2003010002386390
2003010002386391
2003010002386392
2003010002386393
2003010002386394
2003010002386395
2003010002386396
2003010002386397
2003010002386398
2003010002386399
2003010002386400
2003010002386401
2003010002386402
2003010002386403
2003010002386404
2003010002386405
2003010002386406
2003010002386407
2003010002386408
2003010002386409
2003010002386410
2003010002386411
2003010002386412
2003010002386413
2003010002386414
2003010002386415
2003010002386416
2003010002386417
2003010002386418
2003010002386419
2003010002386420
2003010002386421
2003010002386422
2003010002386423
2003010002386424
2003010002386425
2003010002386426
2003010002386427
2003010002386428
2003010002386429
2003010002386430
2003010002386431
2003010002386432
2003010002386433
2003010002386434
2003010002386435
2003010002386436
2003010002386437
2003010002386438
2003010002386439
2003010002386440
2003010002386441
2003010002386442
2003010002386443
2003010002386444
2003010002386445
2003010002386446
2003010002386447
2003010002386448
2003010002386449
2003010002386450
2003010002386451
2003010002386452
2003010002386453
2003010002386454
2003010002386455
2003010002386456
2003010002386457
2003010002386458
2003010002386459
2003010002386460
2003010002386461
2003010002386462
2003010002386463
2003010002386464
2003010002386465
2003010002386466
2003010002386467
2003010002386468
2003010002386469
2003010002386470
2003010002386471
2003010002386472
2003010002386473
2003010002386474
2003010002386475
2003010002386476
2003010002386477
2003010002386478
2003010002386479
2003010002386480
2003010002386481
2003010002386482
2003010002386483
2003010002386484
2003010002386485
2003010002386486
2003010002386487
2003010002386488
2003010002386489
2003010002386490
2003010002386491
2003010002386492
2003010002386493
2003010002386494
2003010002386495
2003010002386496
2003010002386497
2003010002386498
2003010002386499
2003010002386500
2003010002386501
2003010002386502
2003010002386503
2003010002386504
2003010002386505
2003010002386506
2003010002386507
2003010002386508
2003010002386509
2003010002386510
2003010002386511
2003010002386512
2003010002386513
2003010002386514
2003010002386515
2003010002386516
2003010002386517
2003010002386518
2003010002386519
2003010002386520
2003010002386521
2003010002386522
2003010002386523
2003010002386524
2003010002386525
2003010002386526
2003010002386527
2003010002386528
2003010002386529
2003010002386530
2003010002386531
2003010002386532
2003010002386533
2003010002386534
2003010002386535
2003010002386536
2003010002386537
2003010002386538
2003010002386539
2003010002386540
2003010002386541
2003010002386542
2003010002386543
2003010002386544
2003010002386545
2003010002386546
2003010002386547
2003010002386548
2003010002386549
2003010002386550
2003010002386551
2003010002386552
2003010002386553
2003010002386554
2003010002386555
2003010002386556
2003010002386557
2003010002386558
2003010002386559
2003010002386560
2003010002386561
2003010002386562
2003010002386563
2003010002386564
2003010002386565
2003010002386566
2003010002386567
2003010002386568
2003010002386569
2003010002386570
2003010002386571
2003010002386572
2003010002386573
2003010002386574
2003010002386575
2003010002386576
2003010002386577
2003010002386578
2003010002386579
2003010002386580
2003010002386581
2003010002386582
2003010002386583
2003010002386584
2003010002386585
2003010002386586
2003010002386587
2003010002386588
2003010002386589
2003010002386590
2003010002386591
2003010002386592
2003010002386593
2003010002386594
2003010002386595
2003010002386596
2003010002386597
2003010002386598
2003010002386599
2003010002386600
2003010002386601
2003010002386602
2003010002386603
2003010002386604
2003010002386605
2003010002386606
2003010002386607
2003010002386608
2003010002386609
2003010002386610
2003010002386611
2003010002386612
2003010002386613
2003010002386614
2003010002386615
2003010002386616
2003010002386617
2003010002386618
2003010002386619
2003010002386620
2003010002386621
2003010002386622
2003010002386623
2003010002386624
2003010002386625
2003010002386626
2003010002386627
2003010002386628
2003010002386629
2003010002386630
2003010002386631
2003010002386632
2003010002386633
2003010002386634
2003010002386635
2003010002386636
2003010002386637
2003010002386638
2003010002386639
2003010002386640
2003010002386641
2003010002386642
2003010002386643
2003010002386644
2003010002386645
2003010002386646
2003010002386647
2003010002386648
2003010002386649
2003010002386650
2003010002386651
2003010002386652
2003010002386653
2003010002386654
2003010002386655
2003010002386656
2003010002386657
2003010002386658
2003010002386659
2003010002386660
2003010002386661
2003010002386662
2003010002386663
2003010002386664
2003010002386665
2003010002386666
2003010002386667
2003010002386668
2003010002386669
2003010002386670
2003010002386671
2003010002386672
2003010002386673
2003010002386674
2003010002386675
2003010002386676
2003010002386677
2003010002386678
2003010002386679
2003010002386680
2003010002386681
2003010002386682
2003010002386683
2003010002386684
2003010002386685
2003010002386686
2003010002386687
2003010002386688
2003010002386689
2003010002386690
2003010002386691
2003010002386692
2003010002386693
2003010002386694
2003010002386695
2003010002386696
2003010002386697
2003010002386698
2003010002386699
2003010002386700
2003010002386701
2003010002386702
2003010002386703
2003010002386704
2003010002386705
2003010002386706
2003010002386707
2003010002386708
2003010002386709
2003010002386710
2003010002386711
2003010002386712
2003010002386713
2003010002386714
2003010002386715
2003010002386716
2003010002386717
2003010002386718
2003010002386719
2003010002386720
2003010002386721
2003010002386722
2003010002386723
2003010002386724
2003010002386725
2003010002386726
2003010002386727
2003010002386728
2003010002386729
2003010002386730
2003010002386731
2003010002386732
2003010002386733
2003010002386734
2003010002386735
2003010002386736
2003010002386737
2003010002386738
2003010002386739
2003010002386740
2003010002386741
2003010002386742
2003010002386743
2003010002386744
2003010002386745
2003010002386746
2003010002386747
2003010002386748
2003010002386749
2003010002386750
2003010002386751
2003010002386752
2003010002386753
2003010002386754
2003010002386755
2003010002386756
2003010002386757
2003010002386758
2003010002386759
2003010002386760
2003010002386761
2003010002386762
2003010002386763
2003010002386764
2003010002386765
2003010002386766
2003010002386767
2003010002386768
2003010002386769
2003010002386770
2003010002386771
2003010002386772
2003010002386773
2003010002386774
2003010002386775
2003010002386776
2003010002386777
2003010002386778
2003010002386779
2003010002386780
2003010002386781
2003010002386782
2003010002386783
2003010002386784
2003010002386785
2003010002386786
2003010002386787
2003010002386788
2003010002386789
2003010002386790
2003010002386791
2003010002386792
2003010002386793
2003010002386794
2003010002386795
2003010002386796
2003010002386797
2003010002386798
2003010002386799
2003010002386800
2003010002386801
2003010002386802
2003010002386803
2003010002386804
2003010002386805
2003010002386806
2003010002386807
2003010002386808
2003010002386809
2003010002386810
2003010002386811
2003010002386812
2003010002386813
2003010002386814
2003010002386815
2003010002386816
2003010002386817
2003010002386818
2003010002386819
2003010002386820
2003010002386821
2003010002386822
2003010002386823
2003010002386824
2003010002386825
2003010002386826
2003010002386827
2003010002386828
2003010002386829
2003010002386830
2003010002386831
2003010002386832
2003010002386833
2003010002386834
2003010002386835
2003010002386836
2003010002386837
2003010002386838
2003010002386839
2003010002386840
2003010002386841
2003010002386842
2003010002386843
2003010002386844
2003010002386845
2003010002386846
2003010002386847
2003010002386848
2003010002386849
2003010002386850
2003010002386851
2003010002386852
2003010002386853
2003010002386854
2003010002386855
2003010002386856
2003010002386857
2003010002386858
2003010002386859
2003010002386860
2003010002386861
2003010002386862
2003010002386863
2003010002386864
2003010002386865
2003010002386866
2003010002386867
2003010002386868
2003010002386869
2003010002386870
2003010002386871
2003010002386872
2003010002386873
2003010002386874
2003010002386875
2003010002386876
2003010002386877
2003010002386878
2003010002386879
2003010002386880
2003010002386881
2003010002386882
2003010002386883
2003010002386884
2003010002386885
2003010002386886
2003010002386887
2003010002386888
2003010002386889
2003010002386890
2003010002386891
2003010002386892
2003010002386893
2003010002386894
2003010002386895
2003010002386896
2003010002386897
2003010002386898
2003010002386899
2003010002386900
2003010002386901
2003010002386902
2003010002386903
2003010002386904
2003010002386905
2003010002386906
2003010002386907
2003010002386908
2003010002386909
2003010002386910
2003010002386911
2003010002386912
2003010002386913
2003010002386914
2003010002386915
2003010002386916
2003010002386917
2003010002386918
2003010002386919
2003010002386920
2003010002386921
2003010002386922
2003010002386923
2003010002386924
2003010002386925
2003010002386926
2003010002386927
2003010002386928
2003010002386929
2003010002386930
2003010002386931
2003010002386932
2003010002386933
2003010002386934
2003010002386935
2003010002386936
2003010002386937
2003010002386938
2003010002386939
2003010002386940
2003010002386941
2003010002386942
2003010002386943
2003010002386944
2003010002386945
2003010002386946
2003010002386947
2003010002386948
2003010002386949
2003010002386950
2003010002386951
2003010002386952
2003010002386953
2003010002386954
2003010002386955
2003010002386956
2003010002386957
2003010002386958
2003010002386959
2003010002386960
2003010002386961
2003010002386962
2003010002386963
2003010002386964
2003010002386965
2003010002386966
2003010002386967
2003010002386968
2003010002386969
2003010002386970
2003010002386971
2003010002386972
2003010002386973
2003010002386974
2003010002386975
2003010002386976
2003010002386977
2003010002386978
2003010002386979
2003010002386980
2003010002386981
2003010002386982
2003010002386983
2003010002386984
2003010002386985
2003010002386986
2003010002386987
2003010002386988
2003010002386989
2003010002386990
2003010002386991
2003010002386992
2003010002386993
2003010002386994
2003010002386995
2003010002386996
2003010002386997
2003010002386998
2003010002386999
2003010002387000
2003010002387001
2003010002387002
2003010002387003
2003010002387004
2003010002387005
2003010002387006
2003010002387007
2003010002387008
2003010002387009
2003010002387010
2003010002387011
2003010002387012
2003010002387013
2003010002387014
2003010002387015
2003010002387016
2003010002387017
2003010002387018
2003010002387019
2003010002387020
2003010002387021
2003010002387022
2003010002387023
2003010002387024
2003010002387025
2003010002387026
2003010002387027
2003010002387028
2003010002387029
2003010002387030
2003010002387031
2003010002387032
2003010002387033
2003010002387034
2003010002387035
2003010002387036
2003010002387037
2003010002387038
2003010002387039
2003010002387040
2003010002387041
2003010002387042
2003010002387043
2003010002387044
2003010002387045
2003010002387046
2003010002387047
2003010002387048
2003010002387049
2003010002387050
2003010002387051
2003010002387052
2003010002387053
2003010002387054
2003010002387055
2003010002387056
2003010002387057
2003010002387058
2003010002387059
2003010002387060
2003010002387061
2003010002387062
2003010002387063
2003010002387064
2003010002387065
2003010002387066
2003010002387067
2003010002387068
2003010002387069
2003010002387070
2003010002387071
2003010002387072
2003010002387073
2003010002387074
2003010002387075
2003010002387076
2003010002387077
2003010002387078
2003010002387079
2003010002387080
2003010002387081
2003010002387082
2003010002387083
2003010002387084
2003010002387085
2003010002387086
2003010002387087
2003010002387088
2003010002387089
2003010002387090
2003010002387091
2003010002387092
2003010002387093
2003010002387094
2003010002387095
2003010002387096
2003010002387097
2003010002387098
2003010002387099
2003010002387100
2003010002387101
2003010002387102
2003010002387103
2003010002387104
2003010002387105
2003010002387106
2003010002387107
2003010002387108
2003010002387109
2003010002387110
2003010002387111
2003010002387112
2003010002387113
2003010002387114
2003010002387115
2003010002387116
2003010002387117
2003010002387118
2003010002387119
2003010002387120
2003010002387121
2003010002387122
2003010002387123
2003010002387124
2003010002387125
2003010002387126
2003010002387127
2003010002387128
2003010002387129
2003010002387130
2003010002387131
2003010002387132
2003010002387133
2003010002387134
2003010002387135
2003010002387136
2003010002387137
2003010002387138
2003010002387139
2003010002387140
2003010002387141
2003010002387142
2003010002387143
2003010002387144
2003010002387145
2003010002387146
2003010002387147
2003010002387148
2003010002387149
2003010002387150
2003010002387151
2003010002387152
2003010002387153
2003010002387154
2003010002387155
2003010002387156
2003010002387157
2003010002387158
2003010002387159
2003010002387160
2003010002387161
2003010002387162
2003010002387163
2003010002387164
2003010002387165
2003010002387166
2003010002387167
2003010002387168
2003010002387169
2003010002387170
2003010002387171
2003010002387172
2003010002387173
2003010002387174
2003010002387175
2003010002387176
2003010002387177
2003010002387178
2003010002387179
2003010002387180
2003010002387181
2003010002387182
2003010002387183
2003010002387184
2003010002387185
2003010002387186
2003010002387187
2003010002387188
2003010002387189
2003010002387190
2003010002387191
2003010002387192
2003010002387193
2003010002387194
2003010002387195
2003010002387196
2003010002387197
2003010002387198
2003010002387199
2003010002387200
2003010002387201
2003010002387202
2003010002387203
2003010002387204
2003010002387205
2003010002387206
2003010002387207
2003010002387208
2003010002387209
2003010002387210
2003010002387211
2003010002387212
2003010002387213
2003010002387214
2003010002387215
2003010002387216
2003010002387217
2003010002387218
2003010002387219
2003010002387220
2003010002387221
2003010002387222
2003010002387223
2003010002387224
2003010002387225
2003010002387226
2003010002387227
2003010002387228
2003010002387229
2003010002387230
2003010002387231
2003010002387232
2003010002387233
2003010002387234
2003010002387235
2003010002387236
2003010002387237
2003010002387238
2003010002387239
2003010002387240
2003010002387241
2003010002387242
2003010002387243
2003010002387244
2003010002387245
2003010002387246
2003010002387247
2003010002387248
2003010002387249
2003010002387250
2003010002387251
2003010002387252
2003010002387253
2003010002387254
2003010002387255
2003010002387256
2003010002387257
2003010002387258
2003010002387259
2003010002387260
2003010002387261
2003010002387262
2003010002387263
2003010002387264
2003010002387265
2003010002387266
2003010002387267
2003010002387268
2003010002387269
2003010002387270
2003010002387271
2003010002387272
2003010002387273
2003010002387274
2003010002387275
2003010002387276
2003010002387277
2003010002387278
2003010002387279
2003010002387280
2003010002387281
2003010002387282
2003010002387283
2003010002387284
2003010002387285
2003010002387286
2003010002387287
2003010002387288
2003010002387289
2003010002387290
2003010002387291
2003010002387292
2003010002387293
2003010002387294
2003010002387295
2003010002387296
2003010002387297
2003010002387298
2003010002387299
2003010002387300
2003010002387301
2003010002387302
2003010002387303
2003010002387304
2003010002387305
2003010002387306
2003010002387307
2003010002387308
2003010002387309
2003010002387310
2003010002387311
2003010002387312
2003010002387313
2003010002387314
2003010002387315
2003010002387316
2003010002387317
2003010002387318
2003010002387319
2003010002387320
2003010002387321
2003010002387322
2003010002387323
2003010002387324
2003010002387325
2003010002387326
2003010002387327
2003010002387328
2003010002387329
2003010002387330
2003010002387331
2003010002387332
2003010002387333
2003010002387334
2003010002387335
2003010002387336
2003010002387337
2003010002387338
2003010002387339
2003010002387340
2003010002387341
2003010002387342
2003010002387343
2003010002387344
2003010002387345
2003010002387346
2003010002387347
2003010002387348
2003010002387349
2003010002387350
2003010002387351
2003010002387352
2003010002387353
2003010002387354
2003010002387355
2003010002387356
2003010002387357
2003010002387358
2003010002387359
2003010002387360
2003010002387361
2003010002387362
2003010002387363
2003010002387364
2003010002387365
2003010002387366
2003010002387367
2003010002387368
2003010002387369
2003010002387370
2003010002387371
2003010002387372
2003010002387373
2003010002387374
2003010002387375
2003010002387376
2003010002387377
2003010002387378
2003010002387379
2003010002387380
2003010002387381
2003010002387382
2003010002387383
2003010002387384
2003010002387385
2003010002387386
2003010002387387
2003010002387388
2003010002387389
2003010002387390
2003010002387391
2003010002387392
2003010002387393
2003010002387394
2003010002387395
2003010002387396
2003010002387397
2003010002387398
2003010002387399
2003010002387400
2003010002387401
2003010002387402
2003010002387403
2003010002387404
2003010002387405
2003010002387406
2003010002387407
2003010002387408
2003010002387409
2003010002387410
2003010002387411
2003010002387412
2003010002387413
2003010002387414
2003010002387415
2003010002387416
2003010002387417
2003010002387418
2003010002387419
2003010002387420
2003010002387421
2003010002387422
2003010002387423
2003010002387424
2003010002387425
2003010002387426
2003010002387427
2003010002387428
2003010002387429
2003010002387430
2003010002387431
2003010002387432
2003010002387433
2003010002387434
2003010002387435
2003010002387436
2003010002387437
2003010002387438
2003010002387439
2003010002387440
2003010002387441
2003010002387442
2003010002387443
2003010002387444
2003010002387445
2003010002387446
2003010002387447
2003010002387448
2003010002387449
2003010002387450
2003010002387451
2003010002387452
2003010002387453
2003010002387454
2003010002387455
2003010002387456
2003010002387457
2003010002387458
2003010002387459
2003010002387460
2003010002387461
2003010002387462
2003010002387463
2003010002387464
2003010002387465
2003010002387466
2003010002387467
2003010002387468
2003010002387469
2003010002387470
2003010002387471
2003010002387472
2003010002387473
2003010002387474
2003010002387475
2003010002387476
2003010002387477
2003010002387478
2003010002387479
2003010002387480
2003010002387481
2003010002387482
2003010002387483
2003010002387484
2003010002387485
2003010002387486
2003010002387487
2003010002387488
2003010002387489
2003010002387490
2003010002387491
2003010002387492
2003010002387493
2003010002387494
2003010002387495
2003010002387496
2003010002387497
2003010002387498
2003010002387499
2003010002387500
2003010002387501
2003010002387502
2003010002387503
2003010002387504
2003010002387505
2003010002387506
2003010002387507
2003010002387508
2003010002387509
2003010002387510
2003010002387511
2003010002387512
2003010002387513
2003010002387514
2003010002387515
2003010002387516
2003010002387517
2003010002387518
2003010002387519
2003010002387520
2003010002387521
2003010002387522
2003010002387523
2003010002387524
2003010002387525
2003010002387526
2003010002387527
2003010002387528
2003010002387529
2003010002387530
2003010002387531
2003010002387532
2003010002387533
2003010002387534
2003010002387535
2003010002387536
2003010002387537
2003010002387538
2003010002387539
2003010002387540
2003010002387541
2003010002387542
2003010002387543
2003010002387544
2003010002387545
2003010002387546
2003010002387547
2003010002387548
2003010002387549
2003010002387550
2003010002387551
2003010002387552
2003010002387553
2003010002387554
2003010002387555
2003010002387556
2003010002387557
2003010002387558
2003010002387559
2003010002387560
2003010002387561
2003010002387562
2003010002387563
2003010002387564
2003010002387565
2003010002387566
2003010002387567
2003010002387568
2003010002387569
2003010002387570
2003010002387571
2003010002387572
2003010002387573
2003010002387574
2003010002387575
2003010002387576
2003010002387577
2003010002387578
2003010002387579
2003010002387580
2003010002387581
2003010002387582
2003010002387583
2003010002387584
2003010002387585
2003010002387586
2003010002387587
2003010002387588
2003010002387589
2003010002387590
2003010002387591
2003010002387592
2003010002387593
2003010002387594
2003010002387595
2003010002387596
2003010002387597
2003010002387598
2003010002387599
2003010002387600
2003010002387601
2003010002387602
2003010002387603
2003010002387604
2003010002387605
2003010002387606
2003010002387607
2003010002387608
2003010002387609
2003010002387610
2003010002387611
2003010002387612
2003010002387613
2003010002387614
2003010002387615
2003010002387616
2003010002387617
2003010002387618
2003010002387619
2003010002387620
2003010002387621
2003010002387622
2003010002387623
2003010002387624
2003010002387625
2003010002387626
2003010002387627
2003010002387628
2003010002387629
2003010002387630
2003010002387631
2003010002387632
2003010002387633
2003010002387634
2003010002387635
2003010002387636
2003010002387637
2003010002387638
2003010002387639
2003010002387640
2003010002387641
2003010002387642
2003010002387643
2003010002387644
2003010002387645
2003010002387646
2003010002387647
2003010002387648
2003010002387649
2003010002387650
2003010002387651
2003010002387652
2003010002387653
2003010002387654
2003010002387655
2003010002387656
2003010002387657
2003010002387658
2003010002387659
2003010002387660
2003010002387661
2003010002387662
2003010002387663
2003010002387664
2003010002387665
2003010002387666
2003010002387667
2003010002387668
2003010002387669
2003010002387670
2003010002387671
2003010002387672
2003010002387673
2003010002387674
2003010002387675
2003010002387676
2003010002387677
2003010002387678
2003010002387679
2003010002387680
2003010002387681
2003010002387682
2003010002387683
2003010002387684
2003010002387685
2003010002387686
2003010002387687
2003010002387688
2003010002387689
2003010002387690
2003010002387691
2003010002387692
2003010002387693
2003010002387694
2003010002387695
2003010002387696
2003010002387697
2003010002387698
2003010002387699
2003010002387700
2003010002387701
2003010002387702
2003010002387703
2003010002387704
2003010002387705
2003010002387706
2003010002387707
2003010002387708
2003010002387709
2003010002387710
2003010002387711
2003010002387712
2003010002387713
2003010002387714
2003010002387715
2003010002387716
2003010002387717
2003010002387718
2003010002387719
2003010002387720
2003010002387721
2003010002387722
2003010002387723
2003010002387724
2003010002387725
2003010002387726
2003010002387727
2003010002387728
2003010002387729
2003010002387730
2003010002387731
2003010002387732
2003010002387733
2003010002387734
2003010002387735
2003010002387736
2003010002387737
2003010002387738
2003010002387739
2003010002387740
2003010002387741
2003010002387742
2003010002387743
2003010002387744
2003010002387745
2003010002387746
2003010002387747
2003010002387748
2003010002387749
2003010002387750
2003010002387751
2003010002387752
2003010002387753
2003010002387754
2003010002387755
2003010002387756
2003010002387757
2003010002387758
2003010002387759
2003010002387760
2003010002387761
2003010002387762
2003010002387763
2003010002387764
2003010002387765
2003010002387766
2003010002387767
2003010002387768
2003010002387769
2003010002387770
2003010002387771
2003010002387772
2003010002387773
2003010002387774
2003010002387775
2003010002387776
2003010002387777
2003010002387778
2003010002387779
2003010002387780
2003010002387781
2003010002387782
2003010002387783
2003010002387784
2003010002387785
2003010002387786
2003010002387787
2003010002387788
2003010002387789
2003010002387790
2003010002387791
2003010002387792
2003010002387793
2003010002387794
2003010002387795
2003010002387796
2003010002387797
2003010002387798
2003010002387799
2003010002387800
2003010002387801
2003010002387802
2003010002387803
2003010002387804
2003010002387805
2003010002387806
2003010002387807
2003010002387808
2003010002387809
2003010002387810
2003010002387811
2003010002387812
2003010002387813
2003010002387814
2003010002387815
2003010002387816
2003010002387817
2003010002387818
2003010002387819
2003010002387820
2003010002387821
2003010002387822
2003010002387823
2003010002387824
2003010002387825
2003010002387826
2003010002387827
2003010002387828
2003010002387829
2003010002387830
2003010002387831
2003010002387832
2003010002387833
2003010002387834
2003010002387835
2003010002387836
2003010002387837
2003010002387838
2003010002387839
2003010002387840
2003010002387841
2003010002387842
2003010002387843
2003010002387844
2003010002387845
2003010002387846
2003010002387847
2003010002387848
2003010002387849
2003010002387850
2003010002387851
2003010002387852
2003010002387853
2003010002387854
2003010002387855
2003010002387856
2003010002387857
2003010002387858
2003010002387859
2003010002387860
2003010002387861
2003010002387862
2003010002387863
2003010002387864
2003010002387865
2003010002387866
2003010002387867
2003010002387868
2003010002387869
2003010002387870
2003010002387871
2003010002387872
2003010002387873
2003010002387874
2003010002387875
2003010002387876
2003010002387877
2003010002387878
2003010002387879
2003010002387880
2003010002387881
2003010002387882
2003010002387883
2003010002387884
2003010002387885
2003010002387886
2003010002387887
2003010002387888
2003010002387889
2003010002387890
2003010002387891
2003010002387892
2003010002387893
2003010002387894
2003010002387895
2003010002387896
2003010002387897
2003010002387898
2003010002387899
2003010002387900
2003010002387901
2003010002387902
2003010002387903
2003010002387904
2003010002387905
2003010002387906
2003010002387907
2003010002387908
2003010002387909
2003010002387910
2003010002387911
2003010002387912
2003010002387913
2003010002387914
2003010002387915
2003010002387916
2003010002387917
2003010002387918
2003010002387919
2003010002387920
2003010002387921
2003010002387922
2003010002387923
2003010002387924
2003010002387925
2003010002387926
2003010002387927
2003010002387928
2003010002387929
2003010002387930
2003010002387931
2003010002387932
2003010002387933
2003010002387934
2003010002387935
2003010002387936
2003010002387937
2003010002387938
2003010002387939
2003010002387940
2003010002387941
2003010002387942
2003010002387943
2003010002387944
2003010002387945
2003010002387946
2003010002387947
2003010002387948
2003010002387949
2003010002387950
2003010002387951
2003010002387952
2003010002387953
2003010002387954
2003010002387955
2003010002387956
2003010002387957
2003010002387958
2003010002387959
2003010002387960
2003010002387961
2003010002387962
2003010002387963
2003010002387964
2003010002387965
2003010002387966
2003010002387967
2003010002387968
2003010002387969
2003010002387970
2003010002387971
2003010002387972
2003010002387973
2003010002387974
2003010002387975
2003010002387976
2003010002387977
2003010002387978
2003010002387979
2003010002387980
2003010002387981
2003010002387982
2003010002387983
2003010002387984
2003010002387985
2003010002387986
2003010002387987
2003010002387988
2003010002387989
2003010002387990
2003010002387991
2003010002387992
2003010002387993
2003010002387994
2003010002387995
2003010002387996
2003010002387997
2003010002387998
2003010002387999
2003010002388000
2003010002388001
2003010002388002
2003010002388003
2003010002388004
2003010002388005
2003010002388006
2003010002388007
2003010002388008
2003010002388009
2003010002388010
2003010002388011
2003010002388012
2003010002388013
2003010002388014
2003010002388015
2003010002388016
2003010002388017
2003010002388018
2003010002388019
2003010002388020
2003010002388021
2003010002388022
2003010002388023
2003010002388024
2003010002388025
2003010002388026
2003010002388027
2003010002388028
2003010002388029
2003010002388030
2003010002388031
2003010002388032
2003010002388033
2003010002388034
2003010002388035
2003010002388036
2003010002388037
2003010002388038
2003010002388039
2003010002388040
2003010002388041
2003010002388042
2003010002388043
2003010002388044
2003010002388045
2003010002388046
2003010002388047
2003010002388048
2003010002388049
2003010002388050
2003010002388051
2003010002388052
2003010002388053
2003010002388054
2003010002388055
2003010002388056
2003010002388057
2003010002388058
2003010002388059
2003010002388060
2003010002388061
2003010002388062
2003010002388063
2003010002388064
2003010002388065
2003010002388066
2003010002388067
2003010002388068
2003010002388069
2003010002388070
2003010002388071
2003010002388072