2003010002408073
2003010002408074
2003010002408075
2003010002408076
2003010002408077
2003010002408078
2003010002408079
2003010002408080
2003010002408081
2003010002408082
2003010002408083
2003010002408084
2003010002408085
2003010002408086
2003010002408087
2003010002408088
2003010002408089
2003010002408090
2003010002408091
2003010002408092
2003010002408093
2003010002408094
2003010002408095
2003010002408096
2003010002408097
2003010002408098
2003010002408099
2003010002408100
2003010002408101
2003010002408102
2003010002408103
2003010002408104
2003010002408105
2003010002408106
2003010002408107
2003010002408108
2003010002408109
2003010002408110
2003010002408111
2003010002408112
2003010002408113
2003010002408114
2003010002408115
2003010002408116
2003010002408117
2003010002408118
2003010002408119
2003010002408120
2003010002408121
2003010002408122
2003010002408123
2003010002408124
2003010002408125
2003010002408126
2003010002408127
2003010002408128
2003010002408129
2003010002408130
2003010002408131
2003010002408132
2003010002408133
2003010002408134
2003010002408135
2003010002408136
2003010002408137
2003010002408138
2003010002408139
2003010002408140
2003010002408141
2003010002408142
2003010002408143
2003010002408144
2003010002408145
2003010002408146
2003010002408147
2003010002408148
2003010002408149
2003010002408150
2003010002408151
2003010002408152
2003010002408153
2003010002408154
2003010002408155
2003010002408156
2003010002408157
2003010002408158
2003010002408159
2003010002408160
2003010002408161
2003010002408162
2003010002408163
2003010002408164
2003010002408165
2003010002408166
2003010002408167
2003010002408168
2003010002408169
2003010002408170
2003010002408171
2003010002408172
2003010002408173
2003010002408174
2003010002408175
2003010002408176
2003010002408177
2003010002408178
2003010002408179
2003010002408180
2003010002408181
2003010002408182
2003010002408183
2003010002408184
2003010002408185
2003010002408186
2003010002408187
2003010002408188
2003010002408189
2003010002408190
2003010002408191
2003010002408192
2003010002408193
2003010002408194
2003010002408195
2003010002408196
2003010002408197
2003010002408198
2003010002408199
2003010002408200
2003010002408201
2003010002408202
2003010002408203
2003010002408204
2003010002408205
2003010002408206
2003010002408207
2003010002408208
2003010002408209
2003010002408210
2003010002408211
2003010002408212
2003010002408213
2003010002408214
2003010002408215
2003010002408216
2003010002408217
2003010002408218
2003010002408219
2003010002408220
2003010002408221
2003010002408222
2003010002408223
2003010002408224
2003010002408225
2003010002408226
2003010002408227
2003010002408228
2003010002408229
2003010002408230
2003010002408231
2003010002408232
2003010002408233
2003010002408234
2003010002408235
2003010002408236
2003010002408237
2003010002408238
2003010002408239
2003010002408240
2003010002408241
2003010002408242
2003010002408243
2003010002408244
2003010002408245
2003010002408246
2003010002408247
2003010002408248
2003010002408249
2003010002408250
2003010002408251
2003010002408252
2003010002408253
2003010002408254
2003010002408255
2003010002408256
2003010002408257
2003010002408258
2003010002408259
2003010002408260
2003010002408261
2003010002408262
2003010002408263
2003010002408264
2003010002408265
2003010002408266
2003010002408267
2003010002408268
2003010002408269
2003010002408270
2003010002408271
2003010002408272
2003010002408273
2003010002408274
2003010002408275
2003010002408276
2003010002408277
2003010002408278
2003010002408279
2003010002408280
2003010002408281
2003010002408282
2003010002408283
2003010002408284
2003010002408285
2003010002408286
2003010002408287
2003010002408288
2003010002408289
2003010002408290
2003010002408291
2003010002408292
2003010002408293
2003010002408294
2003010002408295
2003010002408296
2003010002408297
2003010002408298
2003010002408299
2003010002408300
2003010002408301
2003010002408302
2003010002408303
2003010002408304
2003010002408305
2003010002408306
2003010002408307
2003010002408308
2003010002408309
2003010002408310
2003010002408311
2003010002408312
2003010002408313
2003010002408314
2003010002408315
2003010002408316
2003010002408317
2003010002408318
2003010002408319
2003010002408320
2003010002408321
2003010002408322
2003010002408323
2003010002408324
2003010002408325
2003010002408326
2003010002408327
2003010002408328
2003010002408329
2003010002408330
2003010002408331
2003010002408332
2003010002408333
2003010002408334
2003010002408335
2003010002408336
2003010002408337
2003010002408338
2003010002408339
2003010002408340
2003010002408341
2003010002408342
2003010002408343
2003010002408344
2003010002408345
2003010002408346
2003010002408347
2003010002408348
2003010002408349
2003010002408350
2003010002408351
2003010002408352
2003010002408353
2003010002408354
2003010002408355
2003010002408356
2003010002408357
2003010002408358
2003010002408359
2003010002408360
2003010002408361
2003010002408362
2003010002408363
2003010002408364
2003010002408365
2003010002408366
2003010002408367
2003010002408368
2003010002408369
2003010002408370
2003010002408371
2003010002408372
2003010002408373
2003010002408374
2003010002408375
2003010002408376
2003010002408377
2003010002408378
2003010002408379
2003010002408380
2003010002408381
2003010002408382
2003010002408383
2003010002408384
2003010002408385
2003010002408386
2003010002408387
2003010002408388
2003010002408389
2003010002408390
2003010002408391
2003010002408392
2003010002408393
2003010002408394
2003010002408395
2003010002408396
2003010002408397
2003010002408398
2003010002408399
2003010002408400
2003010002408401
2003010002408402
2003010002408403
2003010002408404
2003010002408405
2003010002408406
2003010002408407
2003010002408408
2003010002408409
2003010002408410
2003010002408411
2003010002408412
2003010002408413
2003010002408414
2003010002408415
2003010002408416
2003010002408417
2003010002408418
2003010002408419
2003010002408420
2003010002408421
2003010002408422
2003010002408423
2003010002408424
2003010002408425
2003010002408426
2003010002408427
2003010002408428
2003010002408429
2003010002408430
2003010002408431
2003010002408432
2003010002408433
2003010002408434
2003010002408435
2003010002408436
2003010002408437
2003010002408438
2003010002408439
2003010002408440
2003010002408441
2003010002408442
2003010002408443
2003010002408444
2003010002408445
2003010002408446
2003010002408447
2003010002408448
2003010002408449
2003010002408450
2003010002408451
2003010002408452
2003010002408453
2003010002408454
2003010002408455
2003010002408456
2003010002408457
2003010002408458
2003010002408459
2003010002408460
2003010002408461
2003010002408462
2003010002408463
2003010002408464
2003010002408465
2003010002408466
2003010002408467
2003010002408468
2003010002408469
2003010002408470
2003010002408471
2003010002408472
2003010002408473
2003010002408474
2003010002408475
2003010002408476
2003010002408477
2003010002408478
2003010002408479
2003010002408480
2003010002408481
2003010002408482
2003010002408483
2003010002408484
2003010002408485
2003010002408486
2003010002408487
2003010002408488
2003010002408489
2003010002408490
2003010002408491
2003010002408492
2003010002408493
2003010002408494
2003010002408495
2003010002408496
2003010002408497
2003010002408498
2003010002408499
2003010002408500
2003010002408501
2003010002408502
2003010002408503
2003010002408504
2003010002408505
2003010002408506
2003010002408507
2003010002408508
2003010002408509
2003010002408510
2003010002408511
2003010002408512
2003010002408513
2003010002408514
2003010002408515
2003010002408516
2003010002408517
2003010002408518
2003010002408519
2003010002408520
2003010002408521
2003010002408522
2003010002408523
2003010002408524
2003010002408525
2003010002408526
2003010002408527
2003010002408528
2003010002408529
2003010002408530
2003010002408531
2003010002408532
2003010002408533
2003010002408534
2003010002408535
2003010002408536
2003010002408537
2003010002408538
2003010002408539
2003010002408540
2003010002408541
2003010002408542
2003010002408543
2003010002408544
2003010002408545
2003010002408546
2003010002408547
2003010002408548
2003010002408549
2003010002408550
2003010002408551
2003010002408552
2003010002408553
2003010002408554
2003010002408555
2003010002408556
2003010002408557
2003010002408558
2003010002408559
2003010002408560
2003010002408561
2003010002408562
2003010002408563
2003010002408564
2003010002408565
2003010002408566
2003010002408567
2003010002408568
2003010002408569
2003010002408570
2003010002408571
2003010002408572
2003010002408573
2003010002408574
2003010002408575
2003010002408576
2003010002408577
2003010002408578
2003010002408579
2003010002408580
2003010002408581
2003010002408582
2003010002408583
2003010002408584
2003010002408585
2003010002408586
2003010002408587
2003010002408588
2003010002408589
2003010002408590
2003010002408591
2003010002408592
2003010002408593
2003010002408594
2003010002408595
2003010002408596
2003010002408597
2003010002408598
2003010002408599
2003010002408600
2003010002408601
2003010002408602
2003010002408603
2003010002408604
2003010002408605
2003010002408606
2003010002408607
2003010002408608
2003010002408609
2003010002408610
2003010002408611
2003010002408612
2003010002408613
2003010002408614
2003010002408615
2003010002408616
2003010002408617
2003010002408618
2003010002408619
2003010002408620
2003010002408621
2003010002408622
2003010002408623
2003010002408624
2003010002408625
2003010002408626
2003010002408627
2003010002408628
2003010002408629
2003010002408630
2003010002408631
2003010002408632
2003010002408633
2003010002408634
2003010002408635
2003010002408636
2003010002408637
2003010002408638
2003010002408639
2003010002408640
2003010002408641
2003010002408642
2003010002408643
2003010002408644
2003010002408645
2003010002408646
2003010002408647
2003010002408648
2003010002408649
2003010002408650
2003010002408651
2003010002408652
2003010002408653
2003010002408654
2003010002408655
2003010002408656
2003010002408657
2003010002408658
2003010002408659
2003010002408660
2003010002408661
2003010002408662
2003010002408663
2003010002408664
2003010002408665
2003010002408666
2003010002408667
2003010002408668
2003010002408669
2003010002408670
2003010002408671
2003010002408672
2003010002408673
2003010002408674
2003010002408675
2003010002408676
2003010002408677
2003010002408678
2003010002408679
2003010002408680
2003010002408681
2003010002408682
2003010002408683
2003010002408684
2003010002408685
2003010002408686
2003010002408687
2003010002408688
2003010002408689
2003010002408690
2003010002408691
2003010002408692
2003010002408693
2003010002408694
2003010002408695
2003010002408696
2003010002408697
2003010002408698
2003010002408699
2003010002408700
2003010002408701
2003010002408702
2003010002408703
2003010002408704
2003010002408705
2003010002408706
2003010002408707
2003010002408708
2003010002408709
2003010002408710
2003010002408711
2003010002408712
2003010002408713
2003010002408714
2003010002408715
2003010002408716
2003010002408717
2003010002408718
2003010002408719
2003010002408720
2003010002408721
2003010002408722
2003010002408723
2003010002408724
2003010002408725
2003010002408726
2003010002408727
2003010002408728
2003010002408729
2003010002408730
2003010002408731
2003010002408732
2003010002408733
2003010002408734
2003010002408735
2003010002408736
2003010002408737
2003010002408738
2003010002408739
2003010002408740
2003010002408741
2003010002408742
2003010002408743
2003010002408744
2003010002408745
2003010002408746
2003010002408747
2003010002408748
2003010002408749
2003010002408750
2003010002408751
2003010002408752
2003010002408753
2003010002408754
2003010002408755
2003010002408756
2003010002408757
2003010002408758
2003010002408759
2003010002408760
2003010002408761
2003010002408762
2003010002408763
2003010002408764
2003010002408765
2003010002408766
2003010002408767
2003010002408768
2003010002408769
2003010002408770
2003010002408771
2003010002408772
2003010002408773
2003010002408774
2003010002408775
2003010002408776
2003010002408777
2003010002408778
2003010002408779
2003010002408780
2003010002408781
2003010002408782
2003010002408783
2003010002408784
2003010002408785
2003010002408786
2003010002408787
2003010002408788
2003010002408789
2003010002408790
2003010002408791
2003010002408792
2003010002408793
2003010002408794
2003010002408795
2003010002408796
2003010002408797
2003010002408798
2003010002408799
2003010002408800
2003010002408801
2003010002408802
2003010002408803
2003010002408804
2003010002408805
2003010002408806
2003010002408807
2003010002408808
2003010002408809
2003010002408810
2003010002408811
2003010002408812
2003010002408813
2003010002408814
2003010002408815
2003010002408816
2003010002408817
2003010002408818
2003010002408819
2003010002408820
2003010002408821
2003010002408822
2003010002408823
2003010002408824
2003010002408825
2003010002408826
2003010002408827
2003010002408828
2003010002408829
2003010002408830
2003010002408831
2003010002408832
2003010002408833
2003010002408834
2003010002408835
2003010002408836
2003010002408837
2003010002408838
2003010002408839
2003010002408840
2003010002408841
2003010002408842
2003010002408843
2003010002408844
2003010002408845
2003010002408846
2003010002408847
2003010002408848
2003010002408849
2003010002408850
2003010002408851
2003010002408852
2003010002408853
2003010002408854
2003010002408855
2003010002408856
2003010002408857
2003010002408858
2003010002408859
2003010002408860
2003010002408861
2003010002408862
2003010002408863
2003010002408864
2003010002408865
2003010002408866
2003010002408867
2003010002408868
2003010002408869
2003010002408870
2003010002408871
2003010002408872
2003010002408873
2003010002408874
2003010002408875
2003010002408876
2003010002408877
2003010002408878
2003010002408879
2003010002408880
2003010002408881
2003010002408882
2003010002408883
2003010002408884
2003010002408885
2003010002408886
2003010002408887
2003010002408888
2003010002408889
2003010002408890
2003010002408891
2003010002408892
2003010002408893
2003010002408894
2003010002408895
2003010002408896
2003010002408897
2003010002408898
2003010002408899
2003010002408900
2003010002408901
2003010002408902
2003010002408903
2003010002408904
2003010002408905
2003010002408906
2003010002408907
2003010002408908
2003010002408909
2003010002408910
2003010002408911
2003010002408912
2003010002408913
2003010002408914
2003010002408915
2003010002408916
2003010002408917
2003010002408918
2003010002408919
2003010002408920
2003010002408921
2003010002408922
2003010002408923
2003010002408924
2003010002408925
2003010002408926
2003010002408927
2003010002408928
2003010002408929
2003010002408930
2003010002408931
2003010002408932
2003010002408933
2003010002408934
2003010002408935
2003010002408936
2003010002408937
2003010002408938
2003010002408939
2003010002408940
2003010002408941
2003010002408942
2003010002408943
2003010002408944
2003010002408945
2003010002408946
2003010002408947
2003010002408948
2003010002408949
2003010002408950
2003010002408951
2003010002408952
2003010002408953
2003010002408954
2003010002408955
2003010002408956
2003010002408957
2003010002408958
2003010002408959
2003010002408960
2003010002408961
2003010002408962
2003010002408963
2003010002408964
2003010002408965
2003010002408966
2003010002408967
2003010002408968
2003010002408969
2003010002408970
2003010002408971
2003010002408972
2003010002408973
2003010002408974
2003010002408975
2003010002408976
2003010002408977
2003010002408978
2003010002408979
2003010002408980
2003010002408981
2003010002408982
2003010002408983
2003010002408984
2003010002408985
2003010002408986
2003010002408987
2003010002408988
2003010002408989
2003010002408990
2003010002408991
2003010002408992
2003010002408993
2003010002408994
2003010002408995
2003010002408996
2003010002408997
2003010002408998
2003010002408999
2003010002409000
2003010002409001
2003010002409002
2003010002409003
2003010002409004
2003010002409005
2003010002409006
2003010002409007
2003010002409008
2003010002409009
2003010002409010
2003010002409011
2003010002409012
2003010002409013
2003010002409014
2003010002409015
2003010002409016
2003010002409017
2003010002409018
2003010002409019
2003010002409020
2003010002409021
2003010002409022
2003010002409023
2003010002409024
2003010002409025
2003010002409026
2003010002409027
2003010002409028
2003010002409029
2003010002409030
2003010002409031
2003010002409032
2003010002409033
2003010002409034
2003010002409035
2003010002409036
2003010002409037
2003010002409038
2003010002409039
2003010002409040
2003010002409041
2003010002409042
2003010002409043
2003010002409044
2003010002409045
2003010002409046
2003010002409047
2003010002409048
2003010002409049
2003010002409050
2003010002409051
2003010002409052
2003010002409053
2003010002409054
2003010002409055
2003010002409056
2003010002409057
2003010002409058
2003010002409059
2003010002409060
2003010002409061
2003010002409062
2003010002409063
2003010002409064
2003010002409065
2003010002409066
2003010002409067
2003010002409068
2003010002409069
2003010002409070
2003010002409071
2003010002409072
2003010002409073
2003010002409074
2003010002409075
2003010002409076
2003010002409077
2003010002409078
2003010002409079
2003010002409080
2003010002409081
2003010002409082
2003010002409083
2003010002409084
2003010002409085
2003010002409086
2003010002409087
2003010002409088
2003010002409089
2003010002409090
2003010002409091
2003010002409092
2003010002409093
2003010002409094
2003010002409095
2003010002409096
2003010002409097
2003010002409098
2003010002409099
2003010002409100
2003010002409101
2003010002409102
2003010002409103
2003010002409104
2003010002409105
2003010002409106
2003010002409107
2003010002409108
2003010002409109
2003010002409110
2003010002409111
2003010002409112
2003010002409113
2003010002409114
2003010002409115
2003010002409116
2003010002409117
2003010002409118
2003010002409119
2003010002409120
2003010002409121
2003010002409122
2003010002409123
2003010002409124
2003010002409125
2003010002409126
2003010002409127
2003010002409128
2003010002409129
2003010002409130
2003010002409131
2003010002409132
2003010002409133
2003010002409134
2003010002409135
2003010002409136
2003010002409137
2003010002409138
2003010002409139
2003010002409140
2003010002409141
2003010002409142
2003010002409143
2003010002409144
2003010002409145
2003010002409146
2003010002409147
2003010002409148
2003010002409149
2003010002409150
2003010002409151
2003010002409152
2003010002409153
2003010002409154
2003010002409155
2003010002409156
2003010002409157
2003010002409158
2003010002409159
2003010002409160
2003010002409161
2003010002409162
2003010002409163
2003010002409164
2003010002409165
2003010002409166
2003010002409167
2003010002409168
2003010002409169
2003010002409170
2003010002409171
2003010002409172
2003010002409173
2003010002409174
2003010002409175
2003010002409176
2003010002409177
2003010002409178
2003010002409179
2003010002409180
2003010002409181
2003010002409182
2003010002409183
2003010002409184
2003010002409185
2003010002409186
2003010002409187
2003010002409188
2003010002409189
2003010002409190
2003010002409191
2003010002409192
2003010002409193
2003010002409194
2003010002409195
2003010002409196
2003010002409197
2003010002409198
2003010002409199
2003010002409200
2003010002409201
2003010002409202
2003010002409203
2003010002409204
2003010002409205
2003010002409206
2003010002409207
2003010002409208
2003010002409209
2003010002409210
2003010002409211
2003010002409212
2003010002409213
2003010002409214
2003010002409215
2003010002409216
2003010002409217
2003010002409218
2003010002409219
2003010002409220
2003010002409221
2003010002409222
2003010002409223
2003010002409224
2003010002409225
2003010002409226
2003010002409227
2003010002409228
2003010002409229
2003010002409230
2003010002409231
2003010002409232
2003010002409233
2003010002409234
2003010002409235
2003010002409236
2003010002409237
2003010002409238
2003010002409239
2003010002409240
2003010002409241
2003010002409242
2003010002409243
2003010002409244
2003010002409245
2003010002409246
2003010002409247
2003010002409248
2003010002409249
2003010002409250
2003010002409251
2003010002409252
2003010002409253
2003010002409254
2003010002409255
2003010002409256
2003010002409257
2003010002409258
2003010002409259
2003010002409260
2003010002409261
2003010002409262
2003010002409263
2003010002409264
2003010002409265
2003010002409266
2003010002409267
2003010002409268
2003010002409269
2003010002409270
2003010002409271
2003010002409272
2003010002409273
2003010002409274
2003010002409275
2003010002409276
2003010002409277
2003010002409278
2003010002409279
2003010002409280
2003010002409281
2003010002409282
2003010002409283
2003010002409284
2003010002409285
2003010002409286
2003010002409287
2003010002409288
2003010002409289
2003010002409290
2003010002409291
2003010002409292
2003010002409293
2003010002409294
2003010002409295
2003010002409296
2003010002409297
2003010002409298
2003010002409299
2003010002409300
2003010002409301
2003010002409302
2003010002409303
2003010002409304
2003010002409305
2003010002409306
2003010002409307
2003010002409308
2003010002409309
2003010002409310
2003010002409311
2003010002409312
2003010002409313
2003010002409314
2003010002409315
2003010002409316
2003010002409317
2003010002409318
2003010002409319
2003010002409320
2003010002409321
2003010002409322
2003010002409323
2003010002409324
2003010002409325
2003010002409326
2003010002409327
2003010002409328
2003010002409329
2003010002409330
2003010002409331
2003010002409332
2003010002409333
2003010002409334
2003010002409335
2003010002409336
2003010002409337
2003010002409338
2003010002409339
2003010002409340
2003010002409341
2003010002409342
2003010002409343
2003010002409344
2003010002409345
2003010002409346
2003010002409347
2003010002409348
2003010002409349
2003010002409350
2003010002409351
2003010002409352
2003010002409353
2003010002409354
2003010002409355
2003010002409356
2003010002409357
2003010002409358
2003010002409359
2003010002409360
2003010002409361
2003010002409362
2003010002409363
2003010002409364
2003010002409365
2003010002409366
2003010002409367
2003010002409368
2003010002409369
2003010002409370
2003010002409371
2003010002409372
2003010002409373
2003010002409374
2003010002409375
2003010002409376
2003010002409377
2003010002409378
2003010002409379
2003010002409380
2003010002409381
2003010002409382
2003010002409383
2003010002409384
2003010002409385
2003010002409386
2003010002409387
2003010002409388
2003010002409389
2003010002409390
2003010002409391
2003010002409392
2003010002409393
2003010002409394
2003010002409395
2003010002409396
2003010002409397
2003010002409398
2003010002409399
2003010002409400
2003010002409401
2003010002409402
2003010002409403
2003010002409404
2003010002409405
2003010002409406
2003010002409407
2003010002409408
2003010002409409
2003010002409410
2003010002409411
2003010002409412
2003010002409413
2003010002409414
2003010002409415
2003010002409416
2003010002409417
2003010002409418
2003010002409419
2003010002409420
2003010002409421
2003010002409422
2003010002409423
2003010002409424
2003010002409425
2003010002409426
2003010002409427
2003010002409428
2003010002409429
2003010002409430
2003010002409431
2003010002409432
2003010002409433
2003010002409434
2003010002409435
2003010002409436
2003010002409437
2003010002409438
2003010002409439
2003010002409440
2003010002409441
2003010002409442
2003010002409443
2003010002409444
2003010002409445
2003010002409446
2003010002409447
2003010002409448
2003010002409449
2003010002409450
2003010002409451
2003010002409452
2003010002409453
2003010002409454
2003010002409455
2003010002409456
2003010002409457
2003010002409458
2003010002409459
2003010002409460
2003010002409461
2003010002409462
2003010002409463
2003010002409464
2003010002409465
2003010002409466
2003010002409467
2003010002409468
2003010002409469
2003010002409470
2003010002409471
2003010002409472
2003010002409473
2003010002409474
2003010002409475
2003010002409476
2003010002409477
2003010002409478
2003010002409479
2003010002409480
2003010002409481
2003010002409482
2003010002409483
2003010002409484
2003010002409485
2003010002409486
2003010002409487
2003010002409488
2003010002409489
2003010002409490
2003010002409491
2003010002409492
2003010002409493
2003010002409494
2003010002409495
2003010002409496
2003010002409497
2003010002409498
2003010002409499
2003010002409500
2003010002409501
2003010002409502
2003010002409503
2003010002409504
2003010002409505
2003010002409506
2003010002409507
2003010002409508
2003010002409509
2003010002409510
2003010002409511
2003010002409512
2003010002409513
2003010002409514
2003010002409515
2003010002409516
2003010002409517
2003010002409518
2003010002409519
2003010002409520
2003010002409521
2003010002409522
2003010002409523
2003010002409524
2003010002409525
2003010002409526
2003010002409527
2003010002409528
2003010002409529
2003010002409530
2003010002409531
2003010002409532
2003010002409533
2003010002409534
2003010002409535
2003010002409536
2003010002409537
2003010002409538
2003010002409539
2003010002409540
2003010002409541
2003010002409542
2003010002409543
2003010002409544
2003010002409545
2003010002409546
2003010002409547
2003010002409548
2003010002409549
2003010002409550
2003010002409551
2003010002409552
2003010002409553
2003010002409554
2003010002409555
2003010002409556
2003010002409557
2003010002409558
2003010002409559
2003010002409560
2003010002409561
2003010002409562
2003010002409563
2003010002409564
2003010002409565
2003010002409566
2003010002409567
2003010002409568
2003010002409569
2003010002409570
2003010002409571
2003010002409572
2003010002409573
2003010002409574
2003010002409575
2003010002409576
2003010002409577
2003010002409578
2003010002409579
2003010002409580
2003010002409581
2003010002409582
2003010002409583
2003010002409584
2003010002409585
2003010002409586
2003010002409587
2003010002409588
2003010002409589
2003010002409590
2003010002409591
2003010002409592
2003010002409593
2003010002409594
2003010002409595
2003010002409596
2003010002409597
2003010002409598
2003010002409599
2003010002409600
2003010002409601
2003010002409602
2003010002409603
2003010002409604
2003010002409605
2003010002409606
2003010002409607
2003010002409608
2003010002409609
2003010002409610
2003010002409611
2003010002409612
2003010002409613
2003010002409614
2003010002409615
2003010002409616
2003010002409617
2003010002409618
2003010002409619
2003010002409620
2003010002409621
2003010002409622
2003010002409623
2003010002409624
2003010002409625
2003010002409626
2003010002409627
2003010002409628
2003010002409629
2003010002409630
2003010002409631
2003010002409632
2003010002409633
2003010002409634
2003010002409635
2003010002409636
2003010002409637
2003010002409638
2003010002409639
2003010002409640
2003010002409641
2003010002409642
2003010002409643
2003010002409644
2003010002409645
2003010002409646
2003010002409647
2003010002409648
2003010002409649
2003010002409650
2003010002409651
2003010002409652
2003010002409653
2003010002409654
2003010002409655
2003010002409656
2003010002409657
2003010002409658
2003010002409659
2003010002409660
2003010002409661
2003010002409662
2003010002409663
2003010002409664
2003010002409665
2003010002409666
2003010002409667
2003010002409668
2003010002409669
2003010002409670
2003010002409671
2003010002409672
2003010002409673
2003010002409674
2003010002409675
2003010002409676
2003010002409677
2003010002409678
2003010002409679
2003010002409680
2003010002409681
2003010002409682
2003010002409683
2003010002409684
2003010002409685
2003010002409686
2003010002409687
2003010002409688
2003010002409689
2003010002409690
2003010002409691
2003010002409692
2003010002409693
2003010002409694
2003010002409695
2003010002409696
2003010002409697
2003010002409698
2003010002409699
2003010002409700
2003010002409701
2003010002409702
2003010002409703
2003010002409704
2003010002409705
2003010002409706
2003010002409707
2003010002409708
2003010002409709
2003010002409710
2003010002409711
2003010002409712
2003010002409713
2003010002409714
2003010002409715
2003010002409716
2003010002409717
2003010002409718
2003010002409719
2003010002409720
2003010002409721
2003010002409722
2003010002409723
2003010002409724
2003010002409725
2003010002409726
2003010002409727
2003010002409728
2003010002409729
2003010002409730
2003010002409731
2003010002409732
2003010002409733
2003010002409734
2003010002409735
2003010002409736
2003010002409737
2003010002409738
2003010002409739
2003010002409740
2003010002409741
2003010002409742
2003010002409743
2003010002409744
2003010002409745
2003010002409746
2003010002409747
2003010002409748
2003010002409749
2003010002409750
2003010002409751
2003010002409752
2003010002409753
2003010002409754
2003010002409755
2003010002409756
2003010002409757
2003010002409758
2003010002409759
2003010002409760
2003010002409761
2003010002409762
2003010002409763
2003010002409764
2003010002409765
2003010002409766
2003010002409767
2003010002409768
2003010002409769
2003010002409770
2003010002409771
2003010002409772
2003010002409773
2003010002409774
2003010002409775
2003010002409776
2003010002409777
2003010002409778
2003010002409779
2003010002409780
2003010002409781
2003010002409782
2003010002409783
2003010002409784
2003010002409785
2003010002409786
2003010002409787
2003010002409788
2003010002409789
2003010002409790
2003010002409791
2003010002409792
2003010002409793
2003010002409794
2003010002409795
2003010002409796
2003010002409797
2003010002409798
2003010002409799
2003010002409800
2003010002409801
2003010002409802
2003010002409803
2003010002409804
2003010002409805
2003010002409806
2003010002409807
2003010002409808
2003010002409809
2003010002409810
2003010002409811
2003010002409812
2003010002409813
2003010002409814
2003010002409815
2003010002409816
2003010002409817
2003010002409818
2003010002409819
2003010002409820
2003010002409821
2003010002409822
2003010002409823
2003010002409824
2003010002409825
2003010002409826
2003010002409827
2003010002409828
2003010002409829
2003010002409830
2003010002409831
2003010002409832
2003010002409833
2003010002409834
2003010002409835
2003010002409836
2003010002409837
2003010002409838
2003010002409839
2003010002409840
2003010002409841
2003010002409842
2003010002409843
2003010002409844
2003010002409845
2003010002409846
2003010002409847
2003010002409848
2003010002409849
2003010002409850
2003010002409851
2003010002409852
2003010002409853
2003010002409854
2003010002409855
2003010002409856
2003010002409857
2003010002409858
2003010002409859
2003010002409860
2003010002409861
2003010002409862
2003010002409863
2003010002409864
2003010002409865
2003010002409866
2003010002409867
2003010002409868
2003010002409869
2003010002409870
2003010002409871
2003010002409872
2003010002409873
2003010002409874
2003010002409875
2003010002409876
2003010002409877
2003010002409878
2003010002409879
2003010002409880
2003010002409881
2003010002409882
2003010002409883
2003010002409884
2003010002409885
2003010002409886
2003010002409887
2003010002409888
2003010002409889
2003010002409890
2003010002409891
2003010002409892
2003010002409893
2003010002409894
2003010002409895
2003010002409896
2003010002409897
2003010002409898
2003010002409899
2003010002409900
2003010002409901
2003010002409902
2003010002409903
2003010002409904
2003010002409905
2003010002409906
2003010002409907
2003010002409908
2003010002409909
2003010002409910
2003010002409911
2003010002409912
2003010002409913
2003010002409914
2003010002409915
2003010002409916
2003010002409917
2003010002409918
2003010002409919
2003010002409920
2003010002409921
2003010002409922
2003010002409923
2003010002409924
2003010002409925
2003010002409926
2003010002409927
2003010002409928
2003010002409929
2003010002409930
2003010002409931
2003010002409932
2003010002409933
2003010002409934
2003010002409935
2003010002409936
2003010002409937
2003010002409938
2003010002409939
2003010002409940
2003010002409941
2003010002409942
2003010002409943
2003010002409944
2003010002409945
2003010002409946
2003010002409947
2003010002409948
2003010002409949
2003010002409950
2003010002409951
2003010002409952
2003010002409953
2003010002409954
2003010002409955
2003010002409956
2003010002409957
2003010002409958
2003010002409959
2003010002409960
2003010002409961
2003010002409962
2003010002409963
2003010002409964
2003010002409965
2003010002409966
2003010002409967
2003010002409968
2003010002409969
2003010002409970
2003010002409971
2003010002409972
2003010002409973
2003010002409974
2003010002409975
2003010002409976
2003010002409977
2003010002409978
2003010002409979
2003010002409980
2003010002409981
2003010002409982
2003010002409983
2003010002409984
2003010002409985
2003010002409986
2003010002409987
2003010002409988
2003010002409989
2003010002409990
2003010002409991
2003010002409992
2003010002409993
2003010002409994
2003010002409995
2003010002409996
2003010002409997
2003010002409998
2003010002409999
2003010002410000
2003010002410001
2003010002410002
2003010002410003
2003010002410004
2003010002410005
2003010002410006
2003010002410007
2003010002410008
2003010002410009
2003010002410010
2003010002410011
2003010002410012
2003010002410013
2003010002410014
2003010002410015
2003010002410016
2003010002410017
2003010002410018
2003010002410019
2003010002410020
2003010002410021
2003010002410022
2003010002410023
2003010002410024
2003010002410025
2003010002410026
2003010002410027
2003010002410028
2003010002410029
2003010002410030
2003010002410031
2003010002410032
2003010002410033
2003010002410034
2003010002410035
2003010002410036
2003010002410037
2003010002410038
2003010002410039
2003010002410040
2003010002410041
2003010002410042
2003010002410043
2003010002410044
2003010002410045
2003010002410046
2003010002410047
2003010002410048
2003010002410049
2003010002410050
2003010002410051
2003010002410052
2003010002410053
2003010002410054
2003010002410055
2003010002410056
2003010002410057
2003010002410058
2003010002410059
2003010002410060
2003010002410061
2003010002410062
2003010002410063
2003010002410064
2003010002410065
2003010002410066
2003010002410067
2003010002410068
2003010002410069
2003010002410070
2003010002410071
2003010002410072
2003010002410073
2003010002410074
2003010002410075
2003010002410076
2003010002410077
2003010002410078
2003010002410079
2003010002410080
2003010002410081
2003010002410082
2003010002410083
2003010002410084
2003010002410085
2003010002410086
2003010002410087
2003010002410088
2003010002410089
2003010002410090
2003010002410091
2003010002410092
2003010002410093
2003010002410094
2003010002410095
2003010002410096
2003010002410097
2003010002410098
2003010002410099
2003010002410100
2003010002410101
2003010002410102
2003010002410103
2003010002410104
2003010002410105
2003010002410106
2003010002410107
2003010002410108
2003010002410109
2003010002410110
2003010002410111
2003010002410112
2003010002410113
2003010002410114
2003010002410115
2003010002410116
2003010002410117
2003010002410118
2003010002410119
2003010002410120
2003010002410121
2003010002410122
2003010002410123
2003010002410124
2003010002410125
2003010002410126
2003010002410127
2003010002410128
2003010002410129
2003010002410130
2003010002410131
2003010002410132
2003010002410133
2003010002410134
2003010002410135
2003010002410136
2003010002410137
2003010002410138
2003010002410139
2003010002410140
2003010002410141
2003010002410142
2003010002410143
2003010002410144
2003010002410145
2003010002410146
2003010002410147
2003010002410148
2003010002410149
2003010002410150
2003010002410151
2003010002410152
2003010002410153
2003010002410154
2003010002410155
2003010002410156
2003010002410157
2003010002410158
2003010002410159
2003010002410160
2003010002410161
2003010002410162
2003010002410163
2003010002410164
2003010002410165
2003010002410166
2003010002410167
2003010002410168
2003010002410169
2003010002410170
2003010002410171
2003010002410172
2003010002410173
2003010002410174
2003010002410175
2003010002410176
2003010002410177
2003010002410178
2003010002410179
2003010002410180
2003010002410181
2003010002410182
2003010002410183
2003010002410184
2003010002410185
2003010002410186
2003010002410187
2003010002410188
2003010002410189
2003010002410190
2003010002410191
2003010002410192
2003010002410193
2003010002410194
2003010002410195
2003010002410196
2003010002410197
2003010002410198
2003010002410199
2003010002410200
2003010002410201
2003010002410202
2003010002410203
2003010002410204
2003010002410205
2003010002410206
2003010002410207
2003010002410208
2003010002410209
2003010002410210
2003010002410211
2003010002410212
2003010002410213
2003010002410214
2003010002410215
2003010002410216
2003010002410217
2003010002410218
2003010002410219
2003010002410220
2003010002410221
2003010002410222
2003010002410223
2003010002410224
2003010002410225
2003010002410226
2003010002410227
2003010002410228
2003010002410229
2003010002410230
2003010002410231
2003010002410232
2003010002410233
2003010002410234
2003010002410235
2003010002410236
2003010002410237
2003010002410238
2003010002410239
2003010002410240
2003010002410241
2003010002410242
2003010002410243
2003010002410244
2003010002410245
2003010002410246
2003010002410247
2003010002410248
2003010002410249
2003010002410250
2003010002410251
2003010002410252
2003010002410253
2003010002410254
2003010002410255
2003010002410256
2003010002410257
2003010002410258
2003010002410259
2003010002410260
2003010002410261
2003010002410262
2003010002410263
2003010002410264
2003010002410265
2003010002410266
2003010002410267
2003010002410268
2003010002410269
2003010002410270
2003010002410271
2003010002410272
2003010002410273
2003010002410274
2003010002410275
2003010002410276
2003010002410277
2003010002410278
2003010002410279
2003010002410280
2003010002410281
2003010002410282
2003010002410283
2003010002410284
2003010002410285
2003010002410286
2003010002410287
2003010002410288
2003010002410289
2003010002410290
2003010002410291
2003010002410292
2003010002410293
2003010002410294
2003010002410295
2003010002410296
2003010002410297
2003010002410298
2003010002410299
2003010002410300
2003010002410301
2003010002410302
2003010002410303
2003010002410304
2003010002410305
2003010002410306
2003010002410307
2003010002410308
2003010002410309
2003010002410310
2003010002410311
2003010002410312
2003010002410313
2003010002410314
2003010002410315
2003010002410316
2003010002410317
2003010002410318
2003010002410319
2003010002410320
2003010002410321
2003010002410322
2003010002410323
2003010002410324
2003010002410325
2003010002410326
2003010002410327
2003010002410328
2003010002410329
2003010002410330
2003010002410331
2003010002410332
2003010002410333
2003010002410334
2003010002410335
2003010002410336
2003010002410337
2003010002410338
2003010002410339
2003010002410340
2003010002410341
2003010002410342
2003010002410343
2003010002410344
2003010002410345
2003010002410346
2003010002410347
2003010002410348
2003010002410349
2003010002410350
2003010002410351
2003010002410352
2003010002410353
2003010002410354
2003010002410355
2003010002410356
2003010002410357
2003010002410358
2003010002410359
2003010002410360
2003010002410361
2003010002410362
2003010002410363
2003010002410364
2003010002410365
2003010002410366
2003010002410367
2003010002410368
2003010002410369
2003010002410370
2003010002410371
2003010002410372
2003010002410373
2003010002410374
2003010002410375
2003010002410376
2003010002410377
2003010002410378
2003010002410379
2003010002410380
2003010002410381
2003010002410382
2003010002410383
2003010002410384
2003010002410385
2003010002410386
2003010002410387
2003010002410388
2003010002410389
2003010002410390
2003010002410391
2003010002410392
2003010002410393
2003010002410394
2003010002410395
2003010002410396
2003010002410397
2003010002410398
2003010002410399
2003010002410400
2003010002410401
2003010002410402
2003010002410403
2003010002410404
2003010002410405
2003010002410406
2003010002410407
2003010002410408
2003010002410409
2003010002410410
2003010002410411
2003010002410412
2003010002410413
2003010002410414
2003010002410415
2003010002410416
2003010002410417
2003010002410418
2003010002410419
2003010002410420
2003010002410421
2003010002410422
2003010002410423
2003010002410424
2003010002410425
2003010002410426
2003010002410427
2003010002410428
2003010002410429
2003010002410430
2003010002410431
2003010002410432
2003010002410433
2003010002410434
2003010002410435
2003010002410436
2003010002410437
2003010002410438
2003010002410439
2003010002410440
2003010002410441
2003010002410442
2003010002410443
2003010002410444
2003010002410445
2003010002410446
2003010002410447
2003010002410448
2003010002410449
2003010002410450
2003010002410451
2003010002410452
2003010002410453
2003010002410454
2003010002410455
2003010002410456
2003010002410457
2003010002410458
2003010002410459
2003010002410460
2003010002410461
2003010002410462
2003010002410463
2003010002410464
2003010002410465
2003010002410466
2003010002410467
2003010002410468
2003010002410469
2003010002410470
2003010002410471
2003010002410472
2003010002410473
2003010002410474
2003010002410475
2003010002410476
2003010002410477
2003010002410478
2003010002410479
2003010002410480
2003010002410481
2003010002410482
2003010002410483
2003010002410484
2003010002410485
2003010002410486
2003010002410487
2003010002410488
2003010002410489
2003010002410490
2003010002410491
2003010002410492
2003010002410493
2003010002410494
2003010002410495
2003010002410496
2003010002410497
2003010002410498
2003010002410499
2003010002410500
2003010002410501
2003010002410502
2003010002410503
2003010002410504
2003010002410505
2003010002410506
2003010002410507
2003010002410508
2003010002410509
2003010002410510
2003010002410511
2003010002410512
2003010002410513
2003010002410514
2003010002410515
2003010002410516
2003010002410517
2003010002410518
2003010002410519
2003010002410520
2003010002410521
2003010002410522
2003010002410523
2003010002410524
2003010002410525
2003010002410526
2003010002410527
2003010002410528
2003010002410529
2003010002410530
2003010002410531
2003010002410532
2003010002410533
2003010002410534
2003010002410535
2003010002410536
2003010002410537
2003010002410538
2003010002410539
2003010002410540
2003010002410541
2003010002410542
2003010002410543
2003010002410544
2003010002410545
2003010002410546
2003010002410547
2003010002410548
2003010002410549
2003010002410550
2003010002410551
2003010002410552
2003010002410553
2003010002410554
2003010002410555
2003010002410556
2003010002410557
2003010002410558
2003010002410559
2003010002410560
2003010002410561
2003010002410562
2003010002410563
2003010002410564
2003010002410565
2003010002410566
2003010002410567
2003010002410568
2003010002410569
2003010002410570
2003010002410571
2003010002410572
2003010002410573
2003010002410574
2003010002410575
2003010002410576
2003010002410577
2003010002410578
2003010002410579
2003010002410580
2003010002410581
2003010002410582
2003010002410583
2003010002410584
2003010002410585
2003010002410586
2003010002410587
2003010002410588
2003010002410589
2003010002410590
2003010002410591
2003010002410592
2003010002410593
2003010002410594
2003010002410595
2003010002410596
2003010002410597
2003010002410598
2003010002410599
2003010002410600
2003010002410601
2003010002410602
2003010002410603
2003010002410604
2003010002410605
2003010002410606
2003010002410607
2003010002410608
2003010002410609
2003010002410610
2003010002410611
2003010002410612
2003010002410613
2003010002410614
2003010002410615
2003010002410616
2003010002410617
2003010002410618
2003010002410619
2003010002410620
2003010002410621
2003010002410622
2003010002410623
2003010002410624
2003010002410625
2003010002410626
2003010002410627
2003010002410628
2003010002410629
2003010002410630
2003010002410631
2003010002410632
2003010002410633
2003010002410634
2003010002410635
2003010002410636
2003010002410637
2003010002410638
2003010002410639
2003010002410640
2003010002410641
2003010002410642
2003010002410643
2003010002410644
2003010002410645
2003010002410646
2003010002410647
2003010002410648
2003010002410649
2003010002410650
2003010002410651
2003010002410652
2003010002410653
2003010002410654
2003010002410655
2003010002410656
2003010002410657
2003010002410658
2003010002410659
2003010002410660
2003010002410661
2003010002410662
2003010002410663
2003010002410664
2003010002410665
2003010002410666
2003010002410667
2003010002410668
2003010002410669
2003010002410670
2003010002410671
2003010002410672
2003010002410673
2003010002410674
2003010002410675
2003010002410676
2003010002410677
2003010002410678
2003010002410679
2003010002410680
2003010002410681
2003010002410682
2003010002410683
2003010002410684
2003010002410685
2003010002410686
2003010002410687
2003010002410688
2003010002410689
2003010002410690
2003010002410691
2003010002410692
2003010002410693
2003010002410694
2003010002410695
2003010002410696
2003010002410697
2003010002410698
2003010002410699
2003010002410700
2003010002410701
2003010002410702
2003010002410703
2003010002410704
2003010002410705
2003010002410706
2003010002410707
2003010002410708
2003010002410709
2003010002410710
2003010002410711
2003010002410712
2003010002410713
2003010002410714
2003010002410715
2003010002410716
2003010002410717
2003010002410718
2003010002410719
2003010002410720
2003010002410721
2003010002410722
2003010002410723
2003010002410724
2003010002410725
2003010002410726
2003010002410727
2003010002410728
2003010002410729
2003010002410730
2003010002410731
2003010002410732
2003010002410733
2003010002410734
2003010002410735
2003010002410736
2003010002410737
2003010002410738
2003010002410739
2003010002410740
2003010002410741
2003010002410742
2003010002410743
2003010002410744
2003010002410745
2003010002410746
2003010002410747
2003010002410748
2003010002410749
2003010002410750
2003010002410751
2003010002410752
2003010002410753
2003010002410754
2003010002410755
2003010002410756
2003010002410757
2003010002410758
2003010002410759
2003010002410760
2003010002410761
2003010002410762
2003010002410763
2003010002410764
2003010002410765
2003010002410766
2003010002410767
2003010002410768
2003010002410769
2003010002410770
2003010002410771
2003010002410772
2003010002410773
2003010002410774
2003010002410775
2003010002410776
2003010002410777
2003010002410778
2003010002410779
2003010002410780
2003010002410781
2003010002410782
2003010002410783
2003010002410784
2003010002410785
2003010002410786
2003010002410787
2003010002410788
2003010002410789
2003010002410790
2003010002410791
2003010002410792
2003010002410793
2003010002410794
2003010002410795
2003010002410796
2003010002410797
2003010002410798
2003010002410799
2003010002410800
2003010002410801
2003010002410802
2003010002410803
2003010002410804
2003010002410805
2003010002410806
2003010002410807
2003010002410808
2003010002410809
2003010002410810
2003010002410811
2003010002410812
2003010002410813
2003010002410814
2003010002410815
2003010002410816
2003010002410817
2003010002410818
2003010002410819
2003010002410820
2003010002410821
2003010002410822
2003010002410823
2003010002410824
2003010002410825
2003010002410826
2003010002410827
2003010002410828
2003010002410829
2003010002410830
2003010002410831
2003010002410832
2003010002410833
2003010002410834
2003010002410835
2003010002410836
2003010002410837
2003010002410838
2003010002410839
2003010002410840
2003010002410841
2003010002410842
2003010002410843
2003010002410844
2003010002410845
2003010002410846
2003010002410847
2003010002410848
2003010002410849
2003010002410850
2003010002410851
2003010002410852
2003010002410853
2003010002410854
2003010002410855
2003010002410856
2003010002410857
2003010002410858
2003010002410859
2003010002410860
2003010002410861
2003010002410862
2003010002410863
2003010002410864
2003010002410865
2003010002410866
2003010002410867
2003010002410868
2003010002410869
2003010002410870
2003010002410871
2003010002410872
2003010002410873
2003010002410874
2003010002410875
2003010002410876
2003010002410877
2003010002410878
2003010002410879
2003010002410880
2003010002410881
2003010002410882
2003010002410883
2003010002410884
2003010002410885
2003010002410886
2003010002410887
2003010002410888
2003010002410889
2003010002410890
2003010002410891
2003010002410892
2003010002410893
2003010002410894
2003010002410895
2003010002410896
2003010002410897
2003010002410898
2003010002410899
2003010002410900
2003010002410901
2003010002410902
2003010002410903
2003010002410904
2003010002410905
2003010002410906
2003010002410907
2003010002410908
2003010002410909
2003010002410910
2003010002410911
2003010002410912
2003010002410913
2003010002410914
2003010002410915
2003010002410916
2003010002410917
2003010002410918
2003010002410919
2003010002410920
2003010002410921
2003010002410922
2003010002410923
2003010002410924
2003010002410925
2003010002410926
2003010002410927
2003010002410928
2003010002410929
2003010002410930
2003010002410931
2003010002410932
2003010002410933
2003010002410934
2003010002410935
2003010002410936
2003010002410937
2003010002410938
2003010002410939
2003010002410940
2003010002410941
2003010002410942
2003010002410943
2003010002410944
2003010002410945
2003010002410946
2003010002410947
2003010002410948
2003010002410949
2003010002410950
2003010002410951
2003010002410952
2003010002410953
2003010002410954
2003010002410955
2003010002410956
2003010002410957
2003010002410958
2003010002410959
2003010002410960
2003010002410961
2003010002410962
2003010002410963
2003010002410964
2003010002410965
2003010002410966
2003010002410967
2003010002410968
2003010002410969
2003010002410970
2003010002410971
2003010002410972
2003010002410973
2003010002410974
2003010002410975
2003010002410976
2003010002410977
2003010002410978
2003010002410979
2003010002410980
2003010002410981
2003010002410982
2003010002410983
2003010002410984
2003010002410985
2003010002410986
2003010002410987
2003010002410988
2003010002410989
2003010002410990
2003010002410991
2003010002410992
2003010002410993
2003010002410994
2003010002410995
2003010002410996
2003010002410997
2003010002410998
2003010002410999
2003010002411000
2003010002411001
2003010002411002
2003010002411003
2003010002411004
2003010002411005
2003010002411006
2003010002411007
2003010002411008
2003010002411009
2003010002411010
2003010002411011
2003010002411012
2003010002411013
2003010002411014
2003010002411015
2003010002411016
2003010002411017
2003010002411018
2003010002411019
2003010002411020
2003010002411021
2003010002411022
2003010002411023
2003010002411024
2003010002411025
2003010002411026
2003010002411027
2003010002411028
2003010002411029
2003010002411030
2003010002411031
2003010002411032
2003010002411033
2003010002411034
2003010002411035
2003010002411036
2003010002411037
2003010002411038
2003010002411039
2003010002411040
2003010002411041
2003010002411042
2003010002411043
2003010002411044
2003010002411045
2003010002411046
2003010002411047
2003010002411048
2003010002411049
2003010002411050
2003010002411051
2003010002411052
2003010002411053
2003010002411054
2003010002411055
2003010002411056
2003010002411057
2003010002411058
2003010002411059
2003010002411060
2003010002411061
2003010002411062
2003010002411063
2003010002411064
2003010002411065
2003010002411066
2003010002411067
2003010002411068
2003010002411069
2003010002411070
2003010002411071
2003010002411072
2003010002411073
2003010002411074
2003010002411075
2003010002411076
2003010002411077
2003010002411078
2003010002411079
2003010002411080
2003010002411081
2003010002411082
2003010002411083
2003010002411084
2003010002411085
2003010002411086
2003010002411087
2003010002411088
2003010002411089
2003010002411090
2003010002411091
2003010002411092
2003010002411093
2003010002411094
2003010002411095
2003010002411096
2003010002411097
2003010002411098
2003010002411099
2003010002411100
2003010002411101
2003010002411102
2003010002411103
2003010002411104
2003010002411105
2003010002411106
2003010002411107
2003010002411108
2003010002411109
2003010002411110
2003010002411111
2003010002411112
2003010002411113
2003010002411114
2003010002411115
2003010002411116
2003010002411117
2003010002411118
2003010002411119
2003010002411120
2003010002411121
2003010002411122
2003010002411123
2003010002411124
2003010002411125
2003010002411126
2003010002411127
2003010002411128
2003010002411129
2003010002411130
2003010002411131
2003010002411132
2003010002411133
2003010002411134
2003010002411135
2003010002411136
2003010002411137
2003010002411138
2003010002411139
2003010002411140
2003010002411141
2003010002411142
2003010002411143
2003010002411144
2003010002411145
2003010002411146
2003010002411147
2003010002411148
2003010002411149
2003010002411150
2003010002411151
2003010002411152
2003010002411153
2003010002411154
2003010002411155
2003010002411156
2003010002411157
2003010002411158
2003010002411159
2003010002411160
2003010002411161
2003010002411162
2003010002411163
2003010002411164
2003010002411165
2003010002411166
2003010002411167
2003010002411168
2003010002411169
2003010002411170
2003010002411171
2003010002411172
2003010002411173
2003010002411174
2003010002411175
2003010002411176
2003010002411177
2003010002411178
2003010002411179
2003010002411180
2003010002411181
2003010002411182
2003010002411183
2003010002411184
2003010002411185
2003010002411186
2003010002411187
2003010002411188
2003010002411189
2003010002411190
2003010002411191
2003010002411192
2003010002411193
2003010002411194
2003010002411195
2003010002411196
2003010002411197
2003010002411198
2003010002411199
2003010002411200
2003010002411201
2003010002411202
2003010002411203
2003010002411204
2003010002411205
2003010002411206
2003010002411207
2003010002411208
2003010002411209
2003010002411210
2003010002411211
2003010002411212
2003010002411213
2003010002411214
2003010002411215
2003010002411216
2003010002411217
2003010002411218
2003010002411219
2003010002411220
2003010002411221
2003010002411222
2003010002411223
2003010002411224
2003010002411225
2003010002411226
2003010002411227
2003010002411228
2003010002411229
2003010002411230
2003010002411231
2003010002411232
2003010002411233
2003010002411234
2003010002411235
2003010002411236
2003010002411237
2003010002411238
2003010002411239
2003010002411240
2003010002411241
2003010002411242
2003010002411243
2003010002411244
2003010002411245
2003010002411246
2003010002411247
2003010002411248
2003010002411249
2003010002411250
2003010002411251
2003010002411252
2003010002411253
2003010002411254
2003010002411255
2003010002411256
2003010002411257
2003010002411258
2003010002411259
2003010002411260
2003010002411261
2003010002411262
2003010002411263
2003010002411264
2003010002411265
2003010002411266
2003010002411267
2003010002411268
2003010002411269
2003010002411270
2003010002411271
2003010002411272
2003010002411273
2003010002411274
2003010002411275
2003010002411276
2003010002411277
2003010002411278
2003010002411279
2003010002411280
2003010002411281
2003010002411282
2003010002411283
2003010002411284
2003010002411285
2003010002411286
2003010002411287
2003010002411288
2003010002411289
2003010002411290
2003010002411291
2003010002411292
2003010002411293
2003010002411294
2003010002411295
2003010002411296
2003010002411297
2003010002411298
2003010002411299
2003010002411300
2003010002411301
2003010002411302
2003010002411303
2003010002411304
2003010002411305
2003010002411306
2003010002411307
2003010002411308
2003010002411309
2003010002411310
2003010002411311
2003010002411312
2003010002411313
2003010002411314
2003010002411315
2003010002411316
2003010002411317
2003010002411318
2003010002411319
2003010002411320
2003010002411321
2003010002411322
2003010002411323
2003010002411324
2003010002411325
2003010002411326
2003010002411327
2003010002411328
2003010002411329
2003010002411330
2003010002411331
2003010002411332
2003010002411333
2003010002411334
2003010002411335
2003010002411336
2003010002411337
2003010002411338
2003010002411339
2003010002411340
2003010002411341
2003010002411342
2003010002411343
2003010002411344
2003010002411345
2003010002411346
2003010002411347
2003010002411348
2003010002411349
2003010002411350
2003010002411351
2003010002411352
2003010002411353
2003010002411354
2003010002411355
2003010002411356
2003010002411357
2003010002411358
2003010002411359
2003010002411360
2003010002411361
2003010002411362
2003010002411363
2003010002411364
2003010002411365
2003010002411366
2003010002411367
2003010002411368
2003010002411369
2003010002411370
2003010002411371
2003010002411372
2003010002411373
2003010002411374
2003010002411375
2003010002411376
2003010002411377
2003010002411378
2003010002411379
2003010002411380
2003010002411381
2003010002411382
2003010002411383
2003010002411384
2003010002411385
2003010002411386
2003010002411387
2003010002411388
2003010002411389
2003010002411390
2003010002411391
2003010002411392
2003010002411393
2003010002411394
2003010002411395
2003010002411396
2003010002411397
2003010002411398
2003010002411399
2003010002411400
2003010002411401
2003010002411402
2003010002411403
2003010002411404
2003010002411405
2003010002411406
2003010002411407
2003010002411408
2003010002411409
2003010002411410
2003010002411411
2003010002411412
2003010002411413
2003010002411414
2003010002411415
2003010002411416
2003010002411417
2003010002411418
2003010002411419
2003010002411420
2003010002411421
2003010002411422
2003010002411423
2003010002411424
2003010002411425
2003010002411426
2003010002411427
2003010002411428
2003010002411429
2003010002411430
2003010002411431
2003010002411432
2003010002411433
2003010002411434
2003010002411435
2003010002411436
2003010002411437
2003010002411438
2003010002411439
2003010002411440
2003010002411441
2003010002411442
2003010002411443
2003010002411444
2003010002411445
2003010002411446
2003010002411447
2003010002411448
2003010002411449
2003010002411450
2003010002411451
2003010002411452
2003010002411453
2003010002411454
2003010002411455
2003010002411456
2003010002411457
2003010002411458
2003010002411459
2003010002411460
2003010002411461
2003010002411462
2003010002411463
2003010002411464
2003010002411465
2003010002411466
2003010002411467
2003010002411468
2003010002411469
2003010002411470
2003010002411471
2003010002411472
2003010002411473
2003010002411474
2003010002411475
2003010002411476
2003010002411477
2003010002411478
2003010002411479
2003010002411480
2003010002411481
2003010002411482
2003010002411483
2003010002411484
2003010002411485
2003010002411486
2003010002411487
2003010002411488
2003010002411489
2003010002411490
2003010002411491
2003010002411492
2003010002411493
2003010002411494
2003010002411495
2003010002411496
2003010002411497
2003010002411498
2003010002411499
2003010002411500
2003010002411501
2003010002411502
2003010002411503
2003010002411504
2003010002411505
2003010002411506
2003010002411507
2003010002411508
2003010002411509
2003010002411510
2003010002411511
2003010002411512
2003010002411513
2003010002411514
2003010002411515
2003010002411516
2003010002411517
2003010002411518
2003010002411519
2003010002411520
2003010002411521
2003010002411522
2003010002411523
2003010002411524
2003010002411525
2003010002411526
2003010002411527
2003010002411528
2003010002411529
2003010002411530
2003010002411531
2003010002411532
2003010002411533
2003010002411534
2003010002411535
2003010002411536
2003010002411537
2003010002411538
2003010002411539
2003010002411540
2003010002411541
2003010002411542
2003010002411543
2003010002411544
2003010002411545
2003010002411546
2003010002411547
2003010002411548
2003010002411549
2003010002411550
2003010002411551
2003010002411552
2003010002411553
2003010002411554
2003010002411555
2003010002411556
2003010002411557
2003010002411558
2003010002411559
2003010002411560
2003010002411561
2003010002411562
2003010002411563
2003010002411564
2003010002411565
2003010002411566
2003010002411567
2003010002411568
2003010002411569
2003010002411570
2003010002411571
2003010002411572
2003010002411573
2003010002411574
2003010002411575
2003010002411576
2003010002411577
2003010002411578
2003010002411579
2003010002411580
2003010002411581
2003010002411582
2003010002411583
2003010002411584
2003010002411585
2003010002411586
2003010002411587
2003010002411588
2003010002411589
2003010002411590
2003010002411591
2003010002411592
2003010002411593
2003010002411594
2003010002411595
2003010002411596
2003010002411597
2003010002411598
2003010002411599
2003010002411600
2003010002411601
2003010002411602
2003010002411603
2003010002411604
2003010002411605
2003010002411606
2003010002411607
2003010002411608
2003010002411609
2003010002411610
2003010002411611
2003010002411612
2003010002411613
2003010002411614
2003010002411615
2003010002411616
2003010002411617
2003010002411618
2003010002411619
2003010002411620
2003010002411621
2003010002411622
2003010002411623
2003010002411624
2003010002411625
2003010002411626
2003010002411627
2003010002411628
2003010002411629
2003010002411630
2003010002411631
2003010002411632
2003010002411633
2003010002411634
2003010002411635
2003010002411636
2003010002411637
2003010002411638
2003010002411639
2003010002411640
2003010002411641
2003010002411642
2003010002411643
2003010002411644
2003010002411645
2003010002411646
2003010002411647
2003010002411648
2003010002411649
2003010002411650
2003010002411651
2003010002411652
2003010002411653
2003010002411654
2003010002411655
2003010002411656
2003010002411657
2003010002411658
2003010002411659
2003010002411660
2003010002411661
2003010002411662
2003010002411663
2003010002411664
2003010002411665
2003010002411666
2003010002411667
2003010002411668
2003010002411669
2003010002411670
2003010002411671
2003010002411672
2003010002411673
2003010002411674
2003010002411675
2003010002411676
2003010002411677
2003010002411678
2003010002411679
2003010002411680
2003010002411681
2003010002411682
2003010002411683
2003010002411684
2003010002411685
2003010002411686
2003010002411687
2003010002411688
2003010002411689
2003010002411690
2003010002411691
2003010002411692
2003010002411693
2003010002411694
2003010002411695
2003010002411696
2003010002411697
2003010002411698
2003010002411699
2003010002411700
2003010002411701
2003010002411702
2003010002411703
2003010002411704
2003010002411705
2003010002411706
2003010002411707
2003010002411708
2003010002411709
2003010002411710
2003010002411711
2003010002411712
2003010002411713
2003010002411714
2003010002411715
2003010002411716
2003010002411717
2003010002411718
2003010002411719
2003010002411720
2003010002411721
2003010002411722
2003010002411723
2003010002411724
2003010002411725
2003010002411726
2003010002411727
2003010002411728
2003010002411729
2003010002411730
2003010002411731
2003010002411732
2003010002411733
2003010002411734
2003010002411735
2003010002411736
2003010002411737
2003010002411738
2003010002411739
2003010002411740
2003010002411741
2003010002411742
2003010002411743
2003010002411744
2003010002411745
2003010002411746
2003010002411747
2003010002411748
2003010002411749
2003010002411750
2003010002411751
2003010002411752
2003010002411753
2003010002411754
2003010002411755
2003010002411756
2003010002411757
2003010002411758
2003010002411759
2003010002411760
2003010002411761
2003010002411762
2003010002411763
2003010002411764
2003010002411765
2003010002411766
2003010002411767
2003010002411768
2003010002411769
2003010002411770
2003010002411771
2003010002411772
2003010002411773
2003010002411774
2003010002411775
2003010002411776
2003010002411777
2003010002411778
2003010002411779
2003010002411780
2003010002411781
2003010002411782
2003010002411783
2003010002411784
2003010002411785
2003010002411786
2003010002411787
2003010002411788
2003010002411789
2003010002411790
2003010002411791
2003010002411792
2003010002411793
2003010002411794
2003010002411795
2003010002411796
2003010002411797
2003010002411798
2003010002411799
2003010002411800
2003010002411801
2003010002411802
2003010002411803
2003010002411804
2003010002411805
2003010002411806
2003010002411807
2003010002411808
2003010002411809
2003010002411810
2003010002411811
2003010002411812
2003010002411813
2003010002411814
2003010002411815
2003010002411816
2003010002411817
2003010002411818
2003010002411819
2003010002411820
2003010002411821
2003010002411822
2003010002411823
2003010002411824
2003010002411825
2003010002411826
2003010002411827
2003010002411828
2003010002411829
2003010002411830
2003010002411831
2003010002411832
2003010002411833
2003010002411834
2003010002411835
2003010002411836
2003010002411837
2003010002411838
2003010002411839
2003010002411840
2003010002411841
2003010002411842
2003010002411843
2003010002411844
2003010002411845
2003010002411846
2003010002411847
2003010002411848
2003010002411849
2003010002411850
2003010002411851
2003010002411852
2003010002411853
2003010002411854
2003010002411855
2003010002411856
2003010002411857
2003010002411858
2003010002411859
2003010002411860
2003010002411861
2003010002411862
2003010002411863
2003010002411864
2003010002411865
2003010002411866
2003010002411867
2003010002411868
2003010002411869
2003010002411870
2003010002411871
2003010002411872
2003010002411873
2003010002411874
2003010002411875
2003010002411876
2003010002411877
2003010002411878
2003010002411879
2003010002411880
2003010002411881
2003010002411882
2003010002411883
2003010002411884
2003010002411885
2003010002411886
2003010002411887
2003010002411888
2003010002411889
2003010002411890
2003010002411891
2003010002411892
2003010002411893
2003010002411894
2003010002411895
2003010002411896
2003010002411897
2003010002411898
2003010002411899
2003010002411900
2003010002411901
2003010002411902
2003010002411903
2003010002411904
2003010002411905
2003010002411906
2003010002411907
2003010002411908
2003010002411909
2003010002411910
2003010002411911
2003010002411912
2003010002411913
2003010002411914
2003010002411915
2003010002411916
2003010002411917
2003010002411918
2003010002411919
2003010002411920
2003010002411921
2003010002411922
2003010002411923
2003010002411924
2003010002411925
2003010002411926
2003010002411927
2003010002411928
2003010002411929
2003010002411930
2003010002411931
2003010002411932
2003010002411933
2003010002411934
2003010002411935
2003010002411936
2003010002411937
2003010002411938
2003010002411939
2003010002411940
2003010002411941
2003010002411942
2003010002411943
2003010002411944
2003010002411945
2003010002411946
2003010002411947
2003010002411948
2003010002411949
2003010002411950
2003010002411951
2003010002411952
2003010002411953
2003010002411954
2003010002411955
2003010002411956
2003010002411957
2003010002411958
2003010002411959
2003010002411960
2003010002411961
2003010002411962
2003010002411963
2003010002411964
2003010002411965
2003010002411966
2003010002411967
2003010002411968
2003010002411969
2003010002411970
2003010002411971
2003010002411972
2003010002411973
2003010002411974
2003010002411975
2003010002411976
2003010002411977
2003010002411978
2003010002411979
2003010002411980
2003010002411981
2003010002411982
2003010002411983
2003010002411984
2003010002411985
2003010002411986
2003010002411987
2003010002411988
2003010002411989
2003010002411990
2003010002411991
2003010002411992
2003010002411993
2003010002411994
2003010002411995
2003010002411996
2003010002411997
2003010002411998
2003010002411999
2003010002412000
2003010002412001
2003010002412002
2003010002412003
2003010002412004
2003010002412005
2003010002412006
2003010002412007
2003010002412008
2003010002412009
2003010002412010
2003010002412011
2003010002412012
2003010002412013
2003010002412014
2003010002412015
2003010002412016
2003010002412017
2003010002412018
2003010002412019
2003010002412020
2003010002412021
2003010002412022
2003010002412023
2003010002412024
2003010002412025
2003010002412026
2003010002412027
2003010002412028
2003010002412029
2003010002412030
2003010002412031
2003010002412032
2003010002412033
2003010002412034
2003010002412035
2003010002412036
2003010002412037
2003010002412038
2003010002412039
2003010002412040
2003010002412041
2003010002412042
2003010002412043
2003010002412044
2003010002412045
2003010002412046
2003010002412047
2003010002412048
2003010002412049
2003010002412050
2003010002412051
2003010002412052
2003010002412053
2003010002412054
2003010002412055
2003010002412056
2003010002412057
2003010002412058
2003010002412059
2003010002412060
2003010002412061
2003010002412062
2003010002412063
2003010002412064
2003010002412065
2003010002412066
2003010002412067
2003010002412068
2003010002412069
2003010002412070
2003010002412071
2003010002412072
2003010002412073
2003010002412074
2003010002412075
2003010002412076
2003010002412077
2003010002412078
2003010002412079
2003010002412080
2003010002412081
2003010002412082
2003010002412083
2003010002412084
2003010002412085
2003010002412086
2003010002412087
2003010002412088
2003010002412089
2003010002412090
2003010002412091
2003010002412092
2003010002412093
2003010002412094
2003010002412095
2003010002412096
2003010002412097
2003010002412098
2003010002412099
2003010002412100
2003010002412101
2003010002412102
2003010002412103
2003010002412104
2003010002412105
2003010002412106
2003010002412107
2003010002412108
2003010002412109
2003010002412110
2003010002412111
2003010002412112
2003010002412113
2003010002412114
2003010002412115
2003010002412116
2003010002412117
2003010002412118
2003010002412119
2003010002412120
2003010002412121
2003010002412122
2003010002412123
2003010002412124
2003010002412125
2003010002412126
2003010002412127
2003010002412128
2003010002412129
2003010002412130
2003010002412131
2003010002412132
2003010002412133
2003010002412134
2003010002412135
2003010002412136
2003010002412137
2003010002412138
2003010002412139
2003010002412140
2003010002412141
2003010002412142
2003010002412143
2003010002412144
2003010002412145
2003010002412146
2003010002412147
2003010002412148
2003010002412149
2003010002412150
2003010002412151
2003010002412152
2003010002412153
2003010002412154
2003010002412155
2003010002412156
2003010002412157
2003010002412158
2003010002412159
2003010002412160
2003010002412161
2003010002412162
2003010002412163
2003010002412164
2003010002412165
2003010002412166
2003010002412167
2003010002412168
2003010002412169
2003010002412170
2003010002412171
2003010002412172
2003010002412173
2003010002412174
2003010002412175
2003010002412176
2003010002412177
2003010002412178
2003010002412179
2003010002412180
2003010002412181
2003010002412182
2003010002412183
2003010002412184
2003010002412185
2003010002412186
2003010002412187
2003010002412188
2003010002412189
2003010002412190
2003010002412191
2003010002412192
2003010002412193
2003010002412194
2003010002412195
2003010002412196
2003010002412197
2003010002412198
2003010002412199
2003010002412200
2003010002412201
2003010002412202
2003010002412203
2003010002412204
2003010002412205
2003010002412206
2003010002412207
2003010002412208
2003010002412209
2003010002412210
2003010002412211
2003010002412212
2003010002412213
2003010002412214
2003010002412215
2003010002412216
2003010002412217
2003010002412218
2003010002412219
2003010002412220
2003010002412221
2003010002412222
2003010002412223
2003010002412224
2003010002412225
2003010002412226
2003010002412227
2003010002412228
2003010002412229
2003010002412230
2003010002412231
2003010002412232
2003010002412233
2003010002412234
2003010002412235
2003010002412236
2003010002412237
2003010002412238
2003010002412239
2003010002412240
2003010002412241
2003010002412242
2003010002412243
2003010002412244
2003010002412245
2003010002412246
2003010002412247
2003010002412248
2003010002412249
2003010002412250
2003010002412251
2003010002412252
2003010002412253
2003010002412254
2003010002412255
2003010002412256
2003010002412257
2003010002412258
2003010002412259
2003010002412260
2003010002412261
2003010002412262
2003010002412263
2003010002412264
2003010002412265
2003010002412266
2003010002412267
2003010002412268
2003010002412269
2003010002412270
2003010002412271
2003010002412272
2003010002412273
2003010002412274
2003010002412275
2003010002412276
2003010002412277
2003010002412278
2003010002412279
2003010002412280
2003010002412281
2003010002412282
2003010002412283
2003010002412284
2003010002412285
2003010002412286
2003010002412287
2003010002412288
2003010002412289
2003010002412290
2003010002412291
2003010002412292
2003010002412293
2003010002412294
2003010002412295
2003010002412296
2003010002412297
2003010002412298
2003010002412299
2003010002412300
2003010002412301
2003010002412302
2003010002412303
2003010002412304
2003010002412305
2003010002412306
2003010002412307
2003010002412308
2003010002412309
2003010002412310
2003010002412311
2003010002412312
2003010002412313
2003010002412314
2003010002412315
2003010002412316
2003010002412317
2003010002412318
2003010002412319
2003010002412320
2003010002412321
2003010002412322
2003010002412323
2003010002412324
2003010002412325
2003010002412326
2003010002412327
2003010002412328
2003010002412329
2003010002412330
2003010002412331
2003010002412332
2003010002412333
2003010002412334
2003010002412335
2003010002412336
2003010002412337
2003010002412338
2003010002412339
2003010002412340
2003010002412341
2003010002412342
2003010002412343
2003010002412344
2003010002412345
2003010002412346
2003010002412347
2003010002412348
2003010002412349
2003010002412350
2003010002412351
2003010002412352
2003010002412353
2003010002412354
2003010002412355
2003010002412356
2003010002412357
2003010002412358
2003010002412359
2003010002412360
2003010002412361
2003010002412362
2003010002412363
2003010002412364
2003010002412365
2003010002412366
2003010002412367
2003010002412368
2003010002412369
2003010002412370
2003010002412371
2003010002412372
2003010002412373
2003010002412374
2003010002412375
2003010002412376
2003010002412377
2003010002412378
2003010002412379
2003010002412380
2003010002412381
2003010002412382
2003010002412383
2003010002412384
2003010002412385
2003010002412386
2003010002412387
2003010002412388
2003010002412389
2003010002412390
2003010002412391
2003010002412392
2003010002412393
2003010002412394
2003010002412395
2003010002412396
2003010002412397
2003010002412398
2003010002412399
2003010002412400
2003010002412401
2003010002412402
2003010002412403
2003010002412404
2003010002412405
2003010002412406
2003010002412407
2003010002412408
2003010002412409
2003010002412410
2003010002412411
2003010002412412
2003010002412413
2003010002412414
2003010002412415
2003010002412416
2003010002412417
2003010002412418
2003010002412419
2003010002412420
2003010002412421
2003010002412422
2003010002412423
2003010002412424
2003010002412425
2003010002412426
2003010002412427
2003010002412428
2003010002412429
2003010002412430
2003010002412431
2003010002412432
2003010002412433
2003010002412434
2003010002412435
2003010002412436
2003010002412437
2003010002412438
2003010002412439
2003010002412440
2003010002412441
2003010002412442
2003010002412443
2003010002412444
2003010002412445
2003010002412446
2003010002412447
2003010002412448
2003010002412449
2003010002412450
2003010002412451
2003010002412452
2003010002412453
2003010002412454
2003010002412455
2003010002412456
2003010002412457
2003010002412458
2003010002412459
2003010002412460
2003010002412461
2003010002412462
2003010002412463
2003010002412464
2003010002412465
2003010002412466
2003010002412467
2003010002412468
2003010002412469
2003010002412470
2003010002412471
2003010002412472
2003010002412473
2003010002412474
2003010002412475
2003010002412476
2003010002412477
2003010002412478
2003010002412479
2003010002412480
2003010002412481
2003010002412482
2003010002412483
2003010002412484
2003010002412485
2003010002412486
2003010002412487
2003010002412488
2003010002412489
2003010002412490
2003010002412491
2003010002412492
2003010002412493
2003010002412494
2003010002412495
2003010002412496
2003010002412497
2003010002412498
2003010002412499
2003010002412500
2003010002412501
2003010002412502
2003010002412503
2003010002412504
2003010002412505
2003010002412506
2003010002412507
2003010002412508
2003010002412509
2003010002412510
2003010002412511
2003010002412512
2003010002412513
2003010002412514
2003010002412515
2003010002412516
2003010002412517
2003010002412518
2003010002412519
2003010002412520
2003010002412521
2003010002412522
2003010002412523
2003010002412524
2003010002412525
2003010002412526
2003010002412527
2003010002412528
2003010002412529
2003010002412530
2003010002412531
2003010002412532
2003010002412533
2003010002412534
2003010002412535
2003010002412536
2003010002412537
2003010002412538
2003010002412539
2003010002412540
2003010002412541
2003010002412542
2003010002412543
2003010002412544
2003010002412545
2003010002412546
2003010002412547
2003010002412548
2003010002412549
2003010002412550
2003010002412551
2003010002412552
2003010002412553
2003010002412554
2003010002412555
2003010002412556
2003010002412557
2003010002412558
2003010002412559
2003010002412560
2003010002412561
2003010002412562
2003010002412563
2003010002412564
2003010002412565
2003010002412566
2003010002412567
2003010002412568
2003010002412569
2003010002412570
2003010002412571
2003010002412572
2003010002412573
2003010002412574
2003010002412575
2003010002412576
2003010002412577
2003010002412578
2003010002412579
2003010002412580
2003010002412581
2003010002412582
2003010002412583
2003010002412584
2003010002412585
2003010002412586
2003010002412587
2003010002412588
2003010002412589
2003010002412590
2003010002412591
2003010002412592
2003010002412593
2003010002412594
2003010002412595
2003010002412596
2003010002412597
2003010002412598
2003010002412599
2003010002412600
2003010002412601
2003010002412602
2003010002412603
2003010002412604
2003010002412605
2003010002412606
2003010002412607
2003010002412608
2003010002412609
2003010002412610
2003010002412611
2003010002412612
2003010002412613
2003010002412614
2003010002412615
2003010002412616
2003010002412617
2003010002412618
2003010002412619
2003010002412620
2003010002412621
2003010002412622
2003010002412623
2003010002412624
2003010002412625
2003010002412626
2003010002412627
2003010002412628
2003010002412629
2003010002412630
2003010002412631
2003010002412632
2003010002412633
2003010002412634
2003010002412635
2003010002412636
2003010002412637
2003010002412638
2003010002412639
2003010002412640
2003010002412641
2003010002412642
2003010002412643
2003010002412644
2003010002412645
2003010002412646
2003010002412647
2003010002412648
2003010002412649
2003010002412650
2003010002412651
2003010002412652
2003010002412653
2003010002412654
2003010002412655
2003010002412656
2003010002412657
2003010002412658
2003010002412659
2003010002412660
2003010002412661
2003010002412662
2003010002412663
2003010002412664
2003010002412665
2003010002412666
2003010002412667
2003010002412668
2003010002412669
2003010002412670
2003010002412671
2003010002412672
2003010002412673
2003010002412674
2003010002412675
2003010002412676
2003010002412677
2003010002412678
2003010002412679
2003010002412680
2003010002412681
2003010002412682
2003010002412683
2003010002412684
2003010002412685
2003010002412686
2003010002412687
2003010002412688
2003010002412689
2003010002412690
2003010002412691
2003010002412692
2003010002412693
2003010002412694
2003010002412695
2003010002412696
2003010002412697
2003010002412698
2003010002412699
2003010002412700
2003010002412701
2003010002412702
2003010002412703
2003010002412704
2003010002412705
2003010002412706
2003010002412707
2003010002412708
2003010002412709
2003010002412710
2003010002412711
2003010002412712
2003010002412713
2003010002412714
2003010002412715
2003010002412716
2003010002412717
2003010002412718
2003010002412719
2003010002412720
2003010002412721
2003010002412722
2003010002412723
2003010002412724
2003010002412725
2003010002412726
2003010002412727
2003010002412728
2003010002412729
2003010002412730
2003010002412731
2003010002412732
2003010002412733
2003010002412734
2003010002412735
2003010002412736
2003010002412737
2003010002412738
2003010002412739
2003010002412740
2003010002412741
2003010002412742
2003010002412743
2003010002412744
2003010002412745
2003010002412746
2003010002412747
2003010002412748
2003010002412749
2003010002412750
2003010002412751
2003010002412752
2003010002412753
2003010002412754
2003010002412755
2003010002412756
2003010002412757
2003010002412758
2003010002412759
2003010002412760
2003010002412761
2003010002412762
2003010002412763
2003010002412764
2003010002412765
2003010002412766
2003010002412767
2003010002412768
2003010002412769
2003010002412770
2003010002412771
2003010002412772
2003010002412773
2003010002412774
2003010002412775
2003010002412776
2003010002412777
2003010002412778
2003010002412779
2003010002412780
2003010002412781
2003010002412782
2003010002412783
2003010002412784
2003010002412785
2003010002412786
2003010002412787
2003010002412788
2003010002412789
2003010002412790
2003010002412791
2003010002412792
2003010002412793
2003010002412794
2003010002412795
2003010002412796
2003010002412797
2003010002412798
2003010002412799
2003010002412800
2003010002412801
2003010002412802
2003010002412803
2003010002412804
2003010002412805
2003010002412806
2003010002412807
2003010002412808
2003010002412809
2003010002412810
2003010002412811
2003010002412812
2003010002412813
2003010002412814
2003010002412815
2003010002412816
2003010002412817
2003010002412818
2003010002412819
2003010002412820
2003010002412821
2003010002412822
2003010002412823
2003010002412824
2003010002412825
2003010002412826
2003010002412827
2003010002412828
2003010002412829
2003010002412830
2003010002412831
2003010002412832
2003010002412833
2003010002412834
2003010002412835
2003010002412836
2003010002412837
2003010002412838
2003010002412839
2003010002412840
2003010002412841
2003010002412842
2003010002412843
2003010002412844
2003010002412845
2003010002412846
2003010002412847
2003010002412848
2003010002412849
2003010002412850
2003010002412851
2003010002412852
2003010002412853
2003010002412854
2003010002412855
2003010002412856
2003010002412857
2003010002412858
2003010002412859
2003010002412860
2003010002412861
2003010002412862
2003010002412863
2003010002412864
2003010002412865
2003010002412866
2003010002412867
2003010002412868
2003010002412869
2003010002412870
2003010002412871
2003010002412872
2003010002412873
2003010002412874
2003010002412875
2003010002412876
2003010002412877
2003010002412878
2003010002412879
2003010002412880
2003010002412881
2003010002412882
2003010002412883
2003010002412884
2003010002412885
2003010002412886
2003010002412887
2003010002412888
2003010002412889
2003010002412890
2003010002412891
2003010002412892
2003010002412893
2003010002412894
2003010002412895
2003010002412896
2003010002412897
2003010002412898
2003010002412899
2003010002412900
2003010002412901
2003010002412902
2003010002412903
2003010002412904
2003010002412905
2003010002412906
2003010002412907
2003010002412908
2003010002412909
2003010002412910
2003010002412911
2003010002412912
2003010002412913
2003010002412914
2003010002412915
2003010002412916
2003010002412917
2003010002412918
2003010002412919
2003010002412920
2003010002412921
2003010002412922
2003010002412923
2003010002412924
2003010002412925
2003010002412926
2003010002412927
2003010002412928
2003010002412929
2003010002412930
2003010002412931
2003010002412932
2003010002412933
2003010002412934
2003010002412935
2003010002412936
2003010002412937
2003010002412938
2003010002412939
2003010002412940
2003010002412941
2003010002412942
2003010002412943
2003010002412944
2003010002412945
2003010002412946
2003010002412947
2003010002412948
2003010002412949
2003010002412950
2003010002412951
2003010002412952
2003010002412953
2003010002412954
2003010002412955
2003010002412956
2003010002412957
2003010002412958
2003010002412959
2003010002412960
2003010002412961
2003010002412962
2003010002412963
2003010002412964
2003010002412965
2003010002412966
2003010002412967
2003010002412968
2003010002412969
2003010002412970
2003010002412971
2003010002412972
2003010002412973
2003010002412974
2003010002412975
2003010002412976
2003010002412977
2003010002412978
2003010002412979
2003010002412980
2003010002412981
2003010002412982
2003010002412983
2003010002412984
2003010002412985
2003010002412986
2003010002412987
2003010002412988
2003010002412989
2003010002412990
2003010002412991
2003010002412992
2003010002412993
2003010002412994
2003010002412995
2003010002412996
2003010002412997
2003010002412998
2003010002412999
2003010002413000
2003010002413001
2003010002413002
2003010002413003
2003010002413004
2003010002413005
2003010002413006
2003010002413007
2003010002413008
2003010002413009
2003010002413010
2003010002413011
2003010002413012
2003010002413013
2003010002413014
2003010002413015
2003010002413016
2003010002413017
2003010002413018
2003010002413019
2003010002413020
2003010002413021
2003010002413022
2003010002413023
2003010002413024
2003010002413025
2003010002413026
2003010002413027
2003010002413028
2003010002413029
2003010002413030
2003010002413031
2003010002413032
2003010002413033
2003010002413034
2003010002413035
2003010002413036
2003010002413037
2003010002413038
2003010002413039
2003010002413040
2003010002413041
2003010002413042
2003010002413043
2003010002413044
2003010002413045
2003010002413046
2003010002413047
2003010002413048
2003010002413049
2003010002413050
2003010002413051
2003010002413052
2003010002413053
2003010002413054
2003010002413055
2003010002413056
2003010002413057
2003010002413058
2003010002413059
2003010002413060
2003010002413061
2003010002413062
2003010002413063
2003010002413064
2003010002413065
2003010002413066
2003010002413067
2003010002413068
2003010002413069
2003010002413070
2003010002413071
2003010002413072
