863566010035018
863566010035026
863566010035034
863566010035042
863566010035059
863566010035067
863566010035075
863566010035083
863566010035091
863566010035109
863566010035117
863566010035125
863566010035133
863566010035141
863566010035158
863566010035166
863566010035174
863566010035182
863566010035190
863566010035208
863566010035216
863566010035224
863566010035232
863566010035240
863566010035257
863566010035265
863566010035273
863566010035281
863566010035299
863566010035307
863566010035315
863566010035323
863566010035331
863566010035349
863566010035356
863566010035364
863566010035372
863566010035380
863566010035398
863566010035406
863566010035414
863566010035422
863566010035430
863566010035448
863566010035455
863566010035463
863566010035471
863566010035489
863566010035497
863566010035505
863566010035513
863566010035521
863566010035539
863566010035547
863566010035554
863566010035562
863566010035570
863566010035588
863566010035596
863566010035604
863566010035612
863566010035620
863566010035638
863566010035646
863566010035653
863566010035661
863566010035679
863566010035687
863566010035695
863566010035703
863566010035711
863566010035729
863566010035737
863566010035745
863566010035752
863566010035760
863566010035778
863566010035786
863566010035794
863566010035802
863566010035810
863566010035828
863566010035836
863566010035844
863566010035851
863566010035869
863566010035877
863566010035885
863566010035893
863566010035901
863566010035919
863566010035927
863566010035935
863566010035943
863566010035950
863566010035968
863566010035976
863566010035984
863566010035992
863566010036008
863566010036016
863566010036024
863566010036032
863566010036040
863566010036057
863566010036065
863566010036073
863566010036081
863566010036099
863566010036107
863566010036115
863566010036123
863566010036131
863566010036149
863566010036156
863566010036164
863566010036172
863566010036180
863566010036198
863566010036206
863566010036214
863566010036222
863566010036230
863566010036248
863566010036255
863566010036263
863566010036271
863566010036289
863566010036297
863566010036305
863566010036313
863566010036321
863566010036339
863566010036347
863566010036354
863566010036362
863566010036370
863566010036388
863566010036396
863566010036404
863566010036412
863566010036420
863566010036438
863566010036446
863566010036453
863566010036461
863566010036479
863566010036487
863566010036495
863566010036503
863566010036511
863566010036529
863566010036537
863566010036545
863566010036552
863566010036560
863566010036578
863566010036586
863566010036594
863566010036602
863566010036610
863566010036628
863566010036636
863566010036644
863566010036651
863566010036669
863566010036677
863566010036685
863566010036693
863566010036701
863566010036719
863566010036727
863566010036735
863566010036743
863566010036750
863566010036768
863566010036776
863566010036784
863566010036792
863566010036800
863566010036818
863566010036826
863566010036834
863566010036842
863566010036859
863566010036867
863566010036875
863566010036883
863566010036891
863566010036909
863566010036917
863566010036925
863566010036933
863566010036941
863566010036958
863566010036966
863566010036974
863566010036982
863566010036990
863566010037006
863566010037014
863566010037022
863566010037030
863566010037048
863566010037055
863566010037063
863566010037071
863566010037089
863566010037097
863566010037105
863566010037113
863566010037121
863566010037139
863566010037147
863566010037154
863566010037162
863566010037170
863566010037188
863566010037196
863566010037204
863566010037212
863566010037220
863566010037238
863566010037246
863566010037253
863566010037261
863566010037279
863566010037287
863566010037295
863566010037303
863566010037311
863566010037329
863566010037337
863566010037345
863566010037352
863566010037360
863566010037378
863566010037386
863566010037394
863566010037402
863566010037410
863566010037428
863566010037436
863566010037444
863566010037451
863566010037469
863566010037477
863566010037485
863566010037493
863566010037501
863566010037519
863566010037527
863566010037535
863566010037543
863566010037550
863566010037568
863566010037576
863566010037584
863566010037592
863566010037600
863566010037618
863566010037626
863566010037634
863566010037642
863566010037659
863566010037667
863566010037675
863566010037683
863566010037691
863566010037709
863566010037717
863566010037725
863566010037733
863566010037741
863566010037758
863566010037766
863566010037774
863566010037782
863566010037790
863566010037808
863566010037816
863566010037824
863566010037832
863566010037840
863566010037857
863566010037865
863566010037873
863566010037881
863566010037899
863566010037907
863566010037915
863566010037923
863566010037931
863566010037949
863566010037956
863566010037964
863566010037972
863566010037980
863566010037998
863566010038004
863566010038012
863566010038020
863566010038038
863566010038046
863566010038053
863566010038061
863566010038079
863566010038087
863566010038095
863566010038103
863566010038111
863566010038129
863566010038137
863566010038145
863566010038152
863566010038160
863566010038178
863566010038186
863566010038194
863566010038202
863566010038210
863566010038228
863566010038236
863566010038244
863566010038251
863566010038269
863566010038277
863566010038285
863566010038293
863566010038301
863566010038319
863566010038327
863566010038335
863566010038343
863566010038350
863566010038368
863566010038376
863566010038384
863566010038392
863566010038400
863566010038418
863566010038426
863566010038434
863566010038442
863566010038459
863566010038467
863566010038475
863566010038483
863566010038491
863566010038509
863566010038517
863566010038525
863566010038533
863566010038541
863566010038558
863566010038566
863566010038574
863566010038582
863566010038590
863566010038608
863566010038616
863566010038624
863566010038632
863566010038640
863566010038657
863566010038665
863566010038673
863566010038681
863566010038699
863566010038707
863566010038715
863566010038723
863566010038731
863566010038749
863566010038756
863566010038764
863566010038772
863566010038780
863566010038798
863566010038806
863566010038814
863566010038822
863566010038830
863566010038848
863566010038855
863566010038863
863566010038871
863566010038889
863566010038897
863566010038905
863566010038913
863566010038921
863566010038939
863566010038947
863566010038954
863566010038962
863566010038970
863566010038988
863566010038996
863566010039002
863566010039010
863566010039028
863566010039036
863566010039044
863566010039051
863566010039069
863566010039077
863566010039085
863566010039093
863566010039101
863566010039119
863566010039127
863566010039135
863566010039143
863566010039150
863566010039168
863566010039176
863566010039184
863566010039192
863566010039200
863566010039218
863566010039226
863566010039234
863566010039242
863566010039259
863566010039267
863566010039275
863566010039283
863566010039291
863566010039309
863566010039317
863566010039325
863566010039333
863566010039341
863566010039358
863566010039366
863566010039374
863566010039382
863566010039390
863566010039408
863566010039416
863566010039424
863566010039432
863566010039440
863566010039457
863566010039465
863566010039473
863566010039481
863566010039499
863566010039507
863566010039515
863566010039523
863566010039531
863566010039549
863566010039556
863566010039564
863566010039572
863566010039580
863566010039598
863566010039606
863566010039614
863566010039622
863566010039630
863566010039648
863566010039655
863566010039663
863566010039671
863566010039689
863566010039697
863566010039705
863566010039713
863566010039721
863566010039739
863566010039747
863566010039754
863566010039762
863566010039770
863566010039788
863566010039796
863566010039804
863566010039812
863566010039820
863566010039838
863566010039846
863566010039853
863566010039861
863566010039879
863566010039887
863566010039895
863566010039903
863566010039911
863566010039929
863566010039937
863566010039945
863566010039952
863566010039960
863566010039978
863566010039986
863566010039994
863566010040000
863566010040018
863566010040026
863566010040034
863566010040042
863566010040059
863566010040067
863566010040075
863566010040083
863566010040091
863566010040109
863566010040117
863566010040125
863566010040133
863566010040141
863566010040158
863566010040166
863566010040174
863566010040182
863566010040190
863566010040208
863566010040216
863566010040224
863566010040232
863566010040240
863566010040257
863566010040265
863566010040273
863566010040281
863566010040299
863566010040307
863566010040315
863566010040323
863566010040331
863566010040349
863566010040356
863566010040364
863566010040372
863566010040380
863566010040398
863566010040406
863566010040414
863566010040422
863566010040430
863566010040448
863566010040455
863566010040463
863566010040471
863566010040489
863566010040497
863566010040505
863566010040513
863566010040521
863566010040539
863566010040547
863566010040554
863566010040562
863566010040570
863566010040588
863566010040596
863566010040604
863566010040612
863566010040620
863566010040638
863566010040646
863566010040653
863566010040661
863566010040679
863566010040687
863566010040695
863566010040703
863566010040711
863566010040729
863566010040737
863566010040745
863566010040752
863566010040760
863566010040778
863566010040786
863566010040794
863566010040802
863566010040810
863566010040828
863566010040836
863566010040844
863566010040851
863566010040869
863566010040877
863566010040885
863566010040893
863566010040901
863566010040919
863566010040927
863566010040935
863566010040943
863566010040950
863566010040968
863566010040976
863566010040984
863566010040992
863566010041008
863566010041016
863566010041024
863566010041032
863566010041040
863566010041057
863566010041065
863566010041073
863566010041081
863566010041099
863566010041107
863566010041115
863566010041123
863566010041131
863566010041149
863566010041156
863566010041164
863566010041172
863566010041180
863566010041198
863566010041206
863566010041214
863566010041222
863566010041230
863566010041248
863566010041255
863566010041263
863566010041271
863566010041289
863566010041297
863566010041305
863566010041313
863566010041321
863566010041339
863566010041347
863566010041354
863566010041362
863566010041370
863566010041388
863566010041396
863566010041404
863566010041412
863566010041420
863566010041438
863566010041446
863566010041453
863566010041461
863566010041479
863566010041487
863566010041495
863566010041503
863566010041511
863566010041529
863566010041537
863566010041545
863566010041552
863566010041560
863566010041578
863566010041586
863566010041594
863566010041602
863566010041610
863566010041628
863566010041636
863566010041644
863566010041651
863566010041669
863566010041677
863566010041685
863566010041693
863566010041701
863566010041719
863566010041727
863566010041735
863566010041743
863566010041750
863566010041768
863566010041776
863566010041784
863566010041792
863566010041800
863566010041818
863566010041826
863566010041834
863566010041842
863566010041859
863566010041867
863566010041875
863566010041883
863566010041891
863566010041909
863566010041917
863566010041925
863566010041933
863566010041941
863566010041958
863566010041966
863566010041974
863566010041982
863566010041990
863566010042006
863566010042014
863566010042022
863566010042030
863566010042048
863566010042055
863566010042063
863566010042071
863566010042089
863566010042097
863566010042105
863566010042113
863566010042121
863566010042139
863566010042147
863566010042154
863566010042162
863566010042170
863566010042188
863566010042196
863566010042204
863566010042212
863566010042220
863566010042238
863566010042246
863566010042253
863566010042261
863566010042279
863566010042287
863566010042295
863566010042303
863566010042311
863566010042329
863566010042337
863566010042345
863566010042352
863566010042360
863566010042378
863566010042386
863566010042394
863566010042402
863566010042410
863566010042428
863566010042436
863566010042444
863566010042451
863566010042469
863566010042477
863566010042485
863566010042493
863566010042501
863566010042519
863566010042527
863566010042535
863566010042543
863566010042550
863566010042568
863566010042576
863566010042584
863566010042592
863566010042600
863566010042618
863566010042626
863566010042634
863566010042642
863566010042659
863566010042667
863566010042675
863566010042683
863566010042691
863566010042709
863566010042717
863566010042725
863566010042733
863566010042741
863566010042758
863566010042766
863566010042774
863566010042782
863566010042790
863566010042808
863566010042816
863566010042824
863566010042832
863566010042840
863566010042857
863566010042865
863566010042873
863566010042881
863566010042899
863566010042907
863566010042915
863566010042923
863566010042931
863566010042949
863566010042956
863566010042964
863566010042972
863566010042980
863566010042998
863566010043004
863566010043012
863566010043020
863566010043038
863566010043046
863566010043053
863566010043061
863566010043079
863566010043087
863566010043095
863566010043103
863566010043111
863566010043129
863566010043137
863566010043145
863566010043152
863566010043160
863566010043178
863566010043186
863566010043194
863566010043202
863566010043210
863566010043228
863566010043236
863566010043244
863566010043251
863566010043269
863566010043277
863566010043285
863566010043293
863566010043301
863566010043319
863566010043327
863566010043335
863566010043343
863566010043350
863566010043368
863566010043376
863566010043384
863566010043392
863566010043400
863566010043418
863566010043426
863566010043434
863566010043442
863566010043459
863566010043467
863566010043475
863566010043483
863566010043491
863566010043509
863566010043517
863566010043525
863566010043533
863566010043541
863566010043558
863566010043566
863566010043574
863566010043582
863566010043590
863566010043608
863566010043616
863566010043624
863566010043632
863566010043640
863566010043657
863566010043665
863566010043673
863566010043681
863566010043699
863566010043707
863566010043715
863566010043723
863566010043731
863566010043749
863566010043756
863566010043764
863566010043772
863566010043780
863566010043798
863566010043806
863566010043814
863566010043822
863566010043830
863566010043848
863566010043855
863566010043863
863566010043871
863566010043889
863566010043897
863566010043905
863566010043913
863566010043921
863566010043939
863566010043947
863566010043954
863566010043962
863566010043970
863566010043988
863566010043996
863566010044002
863566010044010
863566010044028
863566010044036
863566010044044
863566010044051
863566010044069
863566010044077
863566010044085
863566010044093
863566010044101
863566010044119
863566010044127
863566010044135
863566010044143
863566010044150
863566010044168
863566010044176
863566010044184
863566010044192
863566010044200
863566010044218
863566010044226
863566010044234
863566010044242
863566010044259
863566010044267
863566010044275
863566010044283
863566010044291
863566010044309
863566010044317
863566010044325
863566010044333
863566010044341
863566010044358
863566010044366
863566010044374
863566010044382
863566010044390
863566010044408
863566010044416
863566010044424
863566010044432
863566010044440
863566010044457
863566010044465
863566010044473
863566010044481
863566010044499
863566010044507
863566010044515
863566010044523
863566010044531
863566010044549
863566010044556
863566010044564
863566010044572
863566010044580
863566010044598
863566010044606
863566010044614
863566010044622
863566010044630
863566010044648
863566010044655
863566010044663
863566010044671
863566010044689
863566010044697
863566010044705
863566010044713
863566010044721
863566010044739
863566010044747
863566010044754
863566010044762
863566010044770
863566010044788
863566010044796
863566010044804
863566010044812
863566010044820
863566010044838
863566010044846
863566010044853
863566010044861
863566010044879
863566010044887
863566010044895
863566010044903
863566010044911
863566010044929
863566010044937
863566010044945
863566010044952
863566010044960
863566010044978
863566010044986
863566010044994
863566010045009
863566010045017
863566010045025
863566010045033
863566010045041
863566010045058
863566010045066
863566010045074
863566010045082
863566010045090
863566010045108
863566010045116
863566010045124
863566010045132
863566010045140
863566010045157
863566010045165
863566010045173
863566010045181
863566010045199
863566010045207
863566010045215
863566010045223
863566010045231
863566010045249
863566010045256
863566010045264
863566010045272
863566010045280
863566010045298
863566010045306
863566010045314
863566010045322
863566010045330
863566010045348
863566010045355
863566010045363
863566010045371
863566010045389
863566010045397
863566010045405
863566010045413
863566010045421
863566010045439
863566010045447
863566010045454
863566010045462
863566010045470
863566010045488
863566010045496
863566010045504
863566010045512
863566010045520
863566010045538
863566010045546
863566010045553
863566010045561
863566010045579
863566010045587
863566010045595
863566010045603
863566010045611
863566010045629
863566010045637
863566010045645
863566010045652
863566010045660
863566010045678
863566010045686
863566010045694
863566010045702
863566010045710
863566010045728
863566010045736
863566010045744
863566010045751
863566010045769
863566010045777
863566010045785
863566010045793
863566010045801
863566010045819
863566010045827
863566010045835
863566010045843
863566010045850
863566010045868
863566010045876
863566010045884
863566010045892
863566010045900
863566010045918
863566010045926
863566010045934
863566010045942
863566010045959
863566010045967
863566010045975
863566010045983
863566010045991
863566010046007
863566010046015
863566010046023
863566010046031
863566010046049
863566010046056
863566010046064
863566010046072
863566010046080
863566010046098
863566010046106
863566010046114
863566010046122
863566010046130
863566010046148
863566010046155
863566010046163
863566010046171
863566010046189
863566010046197
863566010046205
863566010046213
863566010046221
863566010046239
863566010046247
863566010046254
863566010046262
863566010046270
863566010046288
863566010046296
863566010046304
863566010046312
863566010046320
863566010046338
863566010046346
863566010046353
863566010046361
863566010046379
863566010046387
863566010046395
863566010046403
863566010046411
863566010046429
863566010046437
863566010046445
863566010046452
863566010046460
863566010046478
863566010046486
863566010046494
863566010046502
863566010046510
863566010046528
863566010046536
863566010046544
863566010046551
863566010046569
863566010046577
863566010046585
863566010046593
863566010046601
863566010046619
863566010046627
863566010046635
863566010046643
863566010046650
863566010046668
863566010046676
863566010046684
863566010046692
863566010046700
863566010046718
863566010046726
863566010046734
863566010046742
863566010046759
863566010046767
863566010046775
863566010046783
863566010046791
863566010046809
863566010046817
863566010046825
863566010046833
863566010046841
863566010046858
863566010046866
863566010046874
863566010046882
863566010046890
863566010046908
863566010046916
863566010046924
863566010046932
863566010046940
863566010046957
863566010046965
863566010046973
863566010046981
863566010046999
863566010047005
863566010047013
863566010047021
863566010047039
863566010047047
863566010047054
863566010047062
863566010047070
863566010047088
863566010047096
863566010047104
863566010047112
863566010047120
863566010047138
863566010047146
863566010047153
863566010047161
863566010047179
863566010047187
863566010047195
863566010047203
863566010047211
863566010047229
863566010047237
863566010047245
863566010047252
863566010047260
863566010047278
863566010047286
863566010047294
863566010047302
863566010047310
863566010047328
863566010047336
863566010047344
863566010047351
863566010047369
863566010047377
863566010047385
863566010047393
863566010047401
863566010047419
863566010047427
863566010047435
863566010047443
863566010047450
863566010047468
863566010047476
863566010047484
863566010047492
863566010047500
863566010047518
863566010047526
863566010047534
863566010047542
863566010047559
863566010047567
863566010047575
863566010047583
863566010047591
863566010047609
863566010047617
863566010047625
863566010047633
863566010047641
863566010047658
863566010047666
863566010047674
863566010047682
863566010047690
863566010047708
863566010047716
863566010047724
863566010047732
863566010047740
863566010047757
863566010047765
863566010047773
863566010047781
863566010047799
863566010047807
863566010047815
863566010047823
863566010047831
863566010047849
863566010047856
863566010047864
863566010047872
863566010047880
863566010047898
863566010047906
863566010047914
863566010047922
863566010047930
863566010047948
863566010047955
863566010047963
863566010047971
863566010047989
863566010047997
863566010048003
863566010048011
863566010048029
863566010048037
863566010048045
863566010048052
863566010048060
863566010048078
863566010048086
863566010048094
863566010048102
863566010048110
863566010048128
863566010048136
863566010048144
863566010048151
863566010048169
863566010048177
863566010048185
863566010048193
863566010048201
863566010048219
863566010048227
863566010048235
863566010048243
863566010048250
863566010048268
863566010048276
863566010048284
863566010048292
863566010048300
863566010048318
863566010048326
863566010048334
863566010048342
863566010048359
863566010048367
863566010048375
863566010048383
863566010048391
863566010048409
863566010048417
863566010048425
863566010048433
863566010048441
863566010048458
863566010048466
863566010048474
863566010048482
863566010048490
863566010048508
863566010048516
863566010048524
863566010048532
863566010048540
863566010048557
863566010048565
863566010048573
863566010048581
863566010048599
863566010048607
863566010048615
863566010048623
863566010048631
863566010048649
863566010048656
863566010048664
863566010048672
863566010048680
863566010048698
863566010048706
863566010048714
863566010048722
863566010048730
863566010048748
863566010048755
863566010048763
863566010048771
863566010048789
863566010048797
863566010048805
863566010048813
863566010048821
863566010048839
863566010048847
863566010048854
863566010048862
863566010048870
863566010048888
863566010048896
863566010048904
863566010048912
863566010048920
863566010048938
863566010048946
863566010048953
863566010048961
863566010048979
863566010048987
863566010048995
863566010049001
863566010049019
863566010049027
863566010049035
863566010049043
863566010049050
863566010049068
863566010049076
863566010049084
863566010049092
863566010049100
863566010049118
863566010049126
863566010049134
863566010049142
863566010049159
863566010049167
863566010049175
863566010049183
863566010049191
863566010049209
863566010049217
863566010049225
863566010049233
863566010049241
863566010049258
863566010049266
863566010049274
863566010049282
863566010049290
863566010049308
863566010049316
863566010049324
863566010049332
863566010049340
863566010049357
863566010049365
863566010049373
863566010049381
863566010049399
863566010049407
863566010049415
863566010049423
863566010049431
863566010049449
863566010049456
863566010049464
863566010049472
863566010049480
863566010049498
863566010049506
863566010049514
863566010049522
863566010049530
863566010049548
863566010049555
863566010049563
863566010049571
863566010049589
863566010049597
863566010049605
863566010049613
863566010049621
863566010049639
863566010049647
863566010049654
863566010049662
863566010049670
863566010049688
863566010049696
863566010049704
863566010049712
863566010049720
863566010049738
863566010049746
863566010049753
863566010049761
863566010049779
863566010049787
863566010049795
863566010049803
863566010049811
863566010049829
863566010049837
863566010049845
863566010049852
863566010049860
863566010049878
863566010049886
863566010049894
863566010049902
863566010049910
863566010049928
863566010049936
863566010049944
863566010049951
863566010049969
863566010049977
863566010049985
863566010049993
863566010050009
863566010050017
863566010050025
863566010050033
863566010050041
863566010050058
863566010050066
863566010050074
863566010050082
863566010050090
863566010050108
863566010050116
863566010050124
863566010050132
863566010050140
863566010050157
863566010050165
863566010050173
863566010050181
863566010050199
863566010050207
863566010050215
863566010050223
863566010050231
863566010050249
863566010050256
863566010050264
863566010050272
863566010050280
863566010050298
863566010050306
863566010050314
863566010050322
863566010050330
863566010050348
863566010050355
863566010050363
863566010050371
863566010050389
863566010050397
863566010050405
863566010050413
863566010050421
863566010050439
863566010050447
863566010050454
863566010050462
863566010050470
863566010050488
863566010050496
863566010050504
863566010050512
863566010050520
863566010050538
863566010050546
863566010050553
863566010050561
863566010050579
863566010050587
863566010050595
863566010050603
863566010050611
863566010050629
863566010050637
863566010050645
863566010050652
863566010050660
863566010050678
863566010050686
863566010050694
863566010050702
863566010050710
863566010050728
863566010050736
863566010050744
863566010050751
863566010050769
863566010050777
863566010050785
863566010050793
863566010050801
863566010050819
863566010050827
863566010050835
863566010050843
863566010050850
863566010050868
863566010050876
863566010050884
863566010050892
863566010050900
863566010050918
863566010050926
863566010050934
863566010050942
863566010050959
863566010050967
863566010050975
863566010050983
863566010050991
863566010051007
863566010051015
863566010051023
863566010051031
863566010051049
863566010051056
863566010051064
863566010051072
863566010051080
863566010051098
863566010051106
863566010051114
863566010051122
863566010051130
863566010051148
863566010051155
863566010051163
863566010051171
863566010051189
863566010051197
863566010051205
863566010051213
863566010051221
863566010051239
863566010051247
863566010051254
863566010051262
863566010051270
863566010051288
863566010051296
863566010051304
863566010051312
863566010051320
863566010051338
863566010051346
863566010051353
863566010051361
863566010051379
863566010051387
863566010051395
863566010051403
863566010051411
863566010051429
863566010051437
863566010051445
863566010051452
863566010051460
863566010051478
863566010051486
863566010051494
863566010051502
863566010051510
863566010051528
863566010051536
863566010051544
863566010051551
863566010051569
863566010051577
863566010051585
863566010051593
863566010051601
863566010051619
863566010051627
863566010051635
863566010051643
863566010051650
863566010051668
863566010051676
863566010051684
863566010051692
863566010051700
863566010051718
863566010051726
863566010051734
863566010051742
863566010051759
863566010051767
863566010051775
863566010051783
863566010051791
863566010051809
863566010051817
863566010051825
863566010051833
863566010051841
863566010051858
863566010051866
863566010051874
863566010051882
863566010051890
863566010051908
863566010051916
863566010051924
863566010051932
863566010051940
863566010051957
863566010051965
863566010051973
863566010051981
863566010051999
863566010052005
863566010052013
863566010052021
863566010052039
863566010052047
863566010052054
863566010052062
863566010052070
863566010052088
863566010052096
863566010052104
863566010052112
863566010052120
863566010052138
863566010052146
863566010052153
863566010052161
863566010052179
863566010052187
863566010052195
863566010052203
863566010052211
863566010052229
863566010052237
863566010052245
863566010052252
863566010052260
863566010052278
863566010052286
863566010052294
863566010052302
863566010052310
863566010052328
863566010052336
863566010052344
863566010052351
863566010052369
863566010052377
863566010052385
863566010052393
863566010052401
863566010052419
863566010052427
863566010052435
863566010052443
863566010052450
863566010052468
863566010052476
863566010052484
863566010052492
863566010052500
863566010052518
863566010052526
863566010052534
863566010052542
863566010052559
863566010052567
863566010052575
863566010052583
863566010052591
863566010052609
863566010052617
863566010052625
863566010052633
863566010052641
863566010052658
863566010052666
863566010052674
863566010052682
863566010052690
863566010052708
863566010052716
863566010052724
863566010052732
863566010052740
863566010052757
863566010052765
863566010052773
863566010052781
863566010052799
863566010052807
863566010052815
863566010052823
863566010052831
863566010052849
863566010052856
863566010052864
863566010052872
863566010052880
863566010052898
863566010052906
863566010052914
863566010052922
863566010052930
863566010052948
863566010052955
863566010052963
863566010052971
863566010052989
863566010052997
863566010053003
863566010053011
863566010053029
863566010053037
863566010053045
863566010053052
863566010053060
863566010053078
863566010053086
863566010053094
863566010053102
863566010053110
863566010053128
863566010053136
863566010053144
863566010053151
863566010053169
863566010053177
863566010053185
863566010053193
863566010053201
863566010053219
863566010053227
863566010053235
863566010053243
863566010053250
863566010053268
863566010053276
863566010053284
863566010053292
863566010053300
863566010053318
863566010053326
863566010053334
863566010053342
863566010053359
863566010053367
863566010053375
863566010053383
863566010053391
863566010053409
863566010053417
863566010053425
863566010053433
863566010053441
863566010053458
863566010053466
863566010053474
863566010053482
863566010053490
863566010053508
863566010053516
863566010053524
863566010053532
863566010053540
863566010053557
863566010053565
863566010053573
863566010053581
863566010053599
863566010053607
863566010053615
863566010053623
863566010053631
863566010053649
863566010053656
863566010053664
863566010053672
863566010053680
863566010053698
863566010053706
863566010053714
863566010053722
863566010053730
863566010053748
863566010053755
863566010053763
863566010053771
863566010053789
863566010053797
863566010053805
863566010053813
863566010053821
863566010053839
863566010053847
863566010053854
863566010053862
863566010053870
863566010053888
863566010053896
863566010053904
863566010053912
863566010053920
863566010053938
863566010053946
863566010053953
863566010053961
863566010053979
863566010053987
863566010053995
863566010054001
863566010054019
863566010054027
863566010054035
863566010054043
863566010054050
863566010054068
863566010054076
863566010054084
863566010054092
863566010054100
863566010054118
863566010054126
863566010054134
863566010054142
863566010054159
863566010054167
863566010054175
863566010054183
863566010054191
863566010054209
863566010054217
863566010054225
863566010054233
863566010054241
863566010054258
863566010054266
863566010054274
863566010054282
863566010054290
863566010054308
863566010054316
863566010054324
863566010054332
863566010054340
863566010054357
863566010054365
863566010054373
863566010054381
863566010054399
863566010054407
863566010054415
863566010054423
863566010054431
863566010054449
863566010054456
863566010054464
863566010054472
863566010054480
863566010054498
863566010054506
863566010054514
863566010054522
863566010054530
863566010054548
863566010054555
863566010054563
863566010054571
863566010054589
863566010054597
863566010054605
863566010054613
863566010054621
863566010054639
863566010054647
863566010054654
863566010054662
863566010054670
863566010054688
863566010054696
863566010054704
863566010054712
863566010054720
863566010054738
863566010054746
863566010054753
863566010054761
863566010054779
863566010054787
863566010054795
863566010054803
863566010054811
863566010054829
863566010054837
863566010054845
863566010054852
863566010054860
863566010054878
863566010054886
863566010054894
863566010054902
863566010054910
863566010054928
863566010054936
863566010054944
863566010054951
863566010054969
863566010054977
863566010054985
863566010054993
863566010055008
863566010055016
863566010055024
863566010055032
863566010055040
863566010055057
863566010055065
863566010055073
863566010055081
863566010055099
863566010055107
863566010055115
863566010055123
863566010055131
863566010055149
863566010055156
863566010055164
863566010055172
863566010055180
863566010055198
863566010055206
863566010055214
863566010055222
863566010055230
863566010055248
863566010055255
863566010055263
863566010055271
863566010055289
863566010055297
863566010055305
863566010055313
863566010055321
863566010055339
863566010055347
863566010055354
863566010055362
863566010055370
863566010055388
863566010055396
863566010055404
863566010055412
863566010055420
863566010055438
863566010055446
863566010055453
863566010055461
863566010055479
863566010055487
863566010055495
863566010055503
863566010055511
863566010055529
863566010055537
863566010055545
863566010055552
863566010055560
863566010055578
863566010055586
863566010055594
863566010055602
863566010055610
863566010055628
863566010055636
863566010055644
863566010055651
863566010055669
863566010055677
863566010055685
863566010055693
863566010055701
863566010055719
863566010055727
863566010055735
863566010055743
863566010055750
863566010055768
863566010055776
863566010055784
863566010055792
863566010055800
863566010055818
863566010055826
863566010055834
863566010055842
863566010055859
863566010055867
863566010055875
863566010055883
863566010055891
863566010055909
863566010055917
863566010055925
863566010055933
863566010055941
863566010055958
863566010055966
863566010055974
863566010055982
863566010055990
863566010056006
863566010056014
863566010056022
863566010056030
863566010056048
863566010056055
863566010056063
863566010056071
863566010056089
863566010056097
863566010056105
863566010056113
863566010056121
863566010056139
863566010056147
863566010056154
863566010056162
863566010056170
863566010056188
863566010056196
863566010056204
863566010056212
863566010056220
863566010056238
863566010056246
863566010056253
863566010056261
863566010056279
863566010056287
863566010056295
863566010056303
863566010056311
863566010056329
863566010056337
863566010056345
863566010056352
863566010056360
863566010056378
863566010056386
863566010056394
863566010056402
863566010056410
863566010056428
863566010056436
863566010056444
863566010056451
863566010056469
863566010056477
863566010056485
863566010056493
863566010056501
863566010056519
863566010056527
863566010056535
863566010056543
863566010056550
863566010056568
863566010056576
863566010056584
863566010056592
863566010056600
863566010056618
863566010056626
863566010056634
863566010056642
863566010056659
863566010056667
863566010056675
863566010056683
863566010056691
863566010056709
863566010056717
863566010056725
863566010056733
863566010056741
863566010056758
863566010056766
863566010056774
863566010056782
863566010056790
863566010056808
863566010056816
863566010056824
863566010056832
863566010056840
863566010056857
863566010056865
863566010056873
863566010056881
863566010056899
863566010056907
863566010056915
863566010056923
863566010056931
863566010056949
863566010056956
863566010056964
863566010056972
863566010056980
863566010056998
863566010057004
863566010057012
863566010057020
863566010057038
863566010057046
863566010057053
863566010057061
863566010057079
863566010057087
863566010057095
863566010057103
863566010057111
863566010057129
863566010057137
863566010057145
863566010057152
863566010057160
863566010057178
863566010057186
863566010057194
863566010057202
863566010057210
863566010057228
863566010057236
863566010057244
863566010057251
863566010057269
863566010057277
863566010057285
863566010057293
863566010057301
863566010057319
863566010057327
863566010057335
863566010057343
863566010057350
863566010057368
863566010057376
863566010057384
863566010057392
863566010057400
863566010057418
863566010057426
863566010057434
863566010057442
863566010057459
863566010057467
863566010057475
863566010057483
863566010057491
863566010057509
863566010057517
863566010057525
863566010057533
863566010057541
863566010057558
863566010057566
863566010057574
863566010057582
863566010057590
863566010057608
863566010057616
863566010057624
863566010057632
863566010057640
863566010057657
863566010057665
863566010057673
863566010057681
863566010057699
863566010057707
863566010057715
863566010057723
863566010057731
863566010057749
863566010057756
863566010057764
863566010057772
863566010057780
863566010057798
863566010057806
863566010057814
863566010057822
863566010057830
863566010057848
863566010057855
863566010057863
863566010057871
863566010057889
863566010057897
863566010057905
863566010057913
863566010057921
863566010057939
863566010057947
863566010057954
863566010057962
863566010057970
863566010057988
863566010057996
863566010058002
863566010058010
863566010058028
863566010058036
863566010058044
863566010058051
863566010058069
863566010058077
863566010058085
863566010058093
863566010058101
863566010058119
863566010058127
863566010058135
863566010058143
863566010058150
863566010058168
863566010058176
863566010058184
863566010058192
863566010058200
863566010058218
863566010058226
863566010058234
863566010058242
863566010058259
863566010058267
863566010058275
863566010058283
863566010058291
863566010058309
863566010058317
863566010058325
863566010058333
863566010058341
863566010058358
863566010058366
863566010058374
863566010058382
863566010058390
863566010058408
863566010058416
863566010058424
863566010058432
863566010058440
863566010058457
863566010058465
863566010058473
863566010058481
863566010058499
863566010058507
863566010058515
863566010058523
863566010058531
863566010058549
863566010058556
863566010058564
863566010058572
863566010058580
863566010058598
863566010058606
863566010058614
863566010058622
863566010058630
863566010058648
863566010058655
863566010058663
863566010058671
863566010058689
863566010058697
863566010058705
863566010058713
863566010058721
863566010058739
863566010058747
863566010058754
863566010058762
863566010058770
863566010058788
863566010058796
863566010058804
863566010058812
863566010058820
863566010058838
863566010058846
863566010058853
863566010058861
863566010058879
863566010058887
863566010058895
863566010058903
863566010058911
863566010058929
863566010058937
863566010058945
863566010058952
863566010058960
863566010058978
863566010058986
863566010058994
863566010059000
863566010059018
863566010059026
863566010059034
863566010059042
863566010059059
863566010059067
863566010059075
863566010059083
863566010059091
863566010059109
863566010059117
863566010059125
863566010059133
863566010059141
863566010059158
863566010059166
863566010059174
863566010059182
863566010059190
863566010059208
863566010059216
863566010059224
863566010059232
863566010059240
863566010059257
863566010059265
863566010059273
863566010059281
863566010059299
863566010059307
863566010059315
863566010059323
863566010059331
863566010059349
863566010059356
863566010059364
863566010059372
863566010059380
863566010059398
863566010059406
863566010059414
863566010059422
863566010059430
863566010059448
863566010059455
863566010059463
863566010059471
863566010059489
863566010059497
863566010059505
863566010059513
863566010059521
863566010059539
863566010059547
863566010059554
863566010059562
863566010059570
863566010059588
863566010059596
863566010059604
863566010059612
863566010059620
863566010059638
863566010059646
863566010059653
863566010059661
863566010059679
863566010059687
863566010059695
863566010059703
863566010059711
863566010059729
863566010059737
863566010059745
863566010059752
863566010059760
863566010059778
863566010059786
863566010059794
863566010059802
863566010059810
863566010059828
863566010059836
863566010059844
863566010059851
863566010059869
863566010059877
863566010059885
863566010059893
863566010059901
863566010059919
863566010059927
863566010059935
863566010059943
863566010059950
863566010059968
863566010059976
863566010059984
863566010059992
863566010060008
