868120163957944
868120163957951
868120163957969
868120163957977
868120163957985
868120163957993
868120163958009
868120163958017
868120163958025
868120163958033
868120163958041
868120163958058
868120163958066
868120163958074
868120163958082
868120163958090
868120163958108
868120163958116
868120163958124
868120163958132
868120163958140
868120163958157
868120163958165
868120163958173
868120163958181
868120163958199
868120163958207
868120163958215
868120163958223
868120163958231
868120163958249
868120163958256
868120163958264
868120163958272
868120163958280
868120163958298
868120163958306
868120163958314
868120163958322
868120163958330
868120163958348
868120163958355
868120163958363
868120163958371
868120163958389
868120163958397
868120163958405
868120163958413
868120163958421
868120163958439
868120163958447
868120163958454
868120163958462
868120163958470
868120163958488
868120163958496
868120163958504
868120163958512
868120163958520
868120163958538
868120163958546
868120163958553
868120163958561
868120163958579
868120163958587
868120163958595
868120163958603
868120163958611
868120163958629
868120163958637
868120163958645
868120163958652
868120163958660
868120163958678
868120163958686
868120163958694
868120163958702
868120163958710
868120163958728
868120163958736
868120163958744
868120163958751
868120163958769
868120163958777
868120163958785
868120163958793
868120163958801
868120163958819
868120163958827
868120163958835
868120163958843
868120163958850
868120163958868
868120163958876
868120163958884
868120163958892
868120163958900
868120163958918
868120163958926
868120163958934
868120163958942
868120163958959
868120163958967
868120163958975
868120163958983
868120163958991
868120163959007
868120163959015
868120163959023
868120163959031
868120163959049
868120163959056
868120163959064
868120163959072
868120163959080
868120163959098
868120163959106
868120163959114
868120163959122
868120163959130
868120163959148
868120163959155
868120163959163
868120163959171
868120163959189
868120163959197
868120163959205
868120163959213
868120163959221
868120163959239
868120163959247
868120163959254
868120163959262
868120163959270
868120163959288
868120163959296
868120163959304
868120163959312
868120163959320
868120163959338
868120163959346
868120163959353
868120163959361
868120163959379
868120163959387
868120163959395
868120163959403
868120163959411
868120163959429
868120163959437
868120163959445
868120163959452
868120163959460
868120163959478
868120163959486
868120163959494
868120163959502
868120163959510
868120163959528
868120163959536
868120163959544
868120163959551
868120163959569
868120163959577
868120163959585
868120163959593
868120163959601
868120163959619
868120163959627
868120163959635
868120163959643
868120163959650
868120163959668
868120163959676
868120163959684
868120163959692
868120163959700
868120163959718
868120163959726
868120163959734
868120163959742
868120163959759
868120163959767
868120163959775
868120163959783
868120163959791
868120163959809
868120163959817
868120163959825
868120163959833
868120163959841
868120163959858
868120163959866
868120163959874
868120163959882
868120163959890
868120163959908
868120163959916
868120163959924
868120163959932
868120163959940
868120163959957
868120163959965
868120163959973
868120163959981
868120163959999
868120163960005
868120163960013
868120163960021
868120163960039
868120163960047
868120163960054
868120163960062
868120163960070
868120163960088
868120163960096
868120163960104
868120163960112
868120163960120
868120163960138
868120163960146
868120163960153
868120163960161
868120163960179
868120163960187
868120163960195
868120163960203
868120163960211
868120163960229
868120163960237
868120163960245
868120163960252
868120163960260
868120163960278
868120163960286
868120163960294
868120163960302
868120163960310
868120163960328
868120163960336
868120163960344
868120163960351
868120163960369
868120163960377
868120163960385
868120163960393
868120163960401
868120163960419
868120163960427
868120163960435
868120163960443
868120163960450
868120163960468
868120163960476
868120163960484
868120163960492
868120163960500
868120163960518
868120163960526
868120163960534
868120163960542
868120163960559
868120163960567
868120163960575
868120163960583
868120163960591
868120163960609
868120163960617
868120163960625
868120163960633
868120163960641
868120163960658
868120163960666
868120163960674
868120163960682
868120163960690
868120163960708
868120163960716
868120163960724
868120163960732
868120163960740
868120163960757
868120163960765
868120163960773
868120163960781
868120163960799
868120163960807
868120163960815
868120163960823
868120163960831
868120163960849
868120163960856
868120163960864
868120163960872
868120163960880
868120163960898
868120163960906
868120163960914
868120163960922
868120163960930
868120163960948
868120163960955
868120163960963
868120163960971
868120163960989
868120163960997
868120163961003
868120163961011
868120163961029
868120163961037
868120163961045
868120163961052
868120163961060
868120163961078
868120163961086
868120163961094
868120163961102
868120163961110
868120163961128
868120163961136
868120163961144
868120163961151
868120163961169
868120163961177
868120163961185
868120163961193
868120163961201
868120163961219
868120163961227
868120163961235
868120163961243
868120163961250
868120163961268
868120163961276
868120163961284
868120163961292
868120163961300
868120163961318
868120163961326
868120163961334
868120163961342
868120163961359
868120163961367
868120163961375
868120163961383
868120163961391
868120163961409
868120163961417
868120163961425
868120163961433
868120163961441
868120163961458
868120163961466
868120163961474
868120163961482
868120163961490
868120163961508
868120163961516
868120163961524
868120163961532
868120163961540
868120163961557
868120163961565
868120163961573
868120163961581
868120163961599
868120163961607
868120163961615
868120163961623
868120163961631
868120163961649
868120163961656
868120163961664
868120163961672
868120163961680
868120163961698
868120163961706
868120163961714
868120163961722
868120163961730
868120163961748
868120163961755
868120163961763
868120163961771
868120163961789
868120163961797
868120163961805
868120163961813
868120163961821
868120163961839
868120163961847
868120163961854
868120163961862
868120163961870
868120163961888
868120163961896
868120163961904
868120163961912
868120163961920
868120163961938
868120163961946
868120163961953
868120163961961
868120163961979
868120163961987
868120163961995
868120163962001
868120163962019
868120163962027
868120163962035
868120163962043
868120163962050
868120163962068
868120163962076
868120163962084
868120163962092
868120163962100
868120163962118
868120163962126
868120163962134
868120163962142
868120163962159
868120163962167
868120163962175
868120163962183
868120163962191
868120163962209
868120163962217
868120163962225
868120163962233
868120163962241
868120163962258
868120163962266
868120163962274
868120163962282
868120163962290
868120163962308
868120163962316
868120163962324
868120163962332
868120163962340
868120163962357
868120163962365
868120163962373
868120163962381
868120163962399
868120163962407
868120163962415
868120163962423
868120163962431
868120163962449
868120163962456
868120163962464
868120163962472
868120163962480
868120163962498
868120163962506
868120163962514
868120163962522
868120163962530
868120163962548
868120163962555
868120163962563
868120163962571
868120163962589
868120163962597
868120163962605
868120163962613
868120163962621
868120163962639
868120163962647
868120163962654
868120163962662
868120163962670
868120163962688
868120163962696
868120163962704
868120163962712
868120163962720
868120163962738
868120163962746
868120163962753
868120163962761
868120163962779
868120163962787
868120163962795
868120163962803
868120163962811
868120163962829
868120163962837
868120163962845
868120163962852
868120163962860
868120163962878
868120163962886
868120163962894
868120163962902
868120163962910
868120163962928
868120163962936
868120163962944
868120163962951
868120163962969
868120163962977
868120163962985
868120163962993
868120163963009
868120163963017
868120163963025
868120163963033
868120163963041
868120163963058
868120163963066
868120163963074
868120163963082
868120163963090
868120163963108
868120163963116
868120163963124
868120163963132
868120163963140
868120163963157
868120163963165
868120163963173
868120163963181
868120163963199
868120163963207
868120163963215
868120163963223
868120163963231
868120163963249
868120163963256
868120163963264
868120163963272
868120163963280
868120163963298
868120163963306
868120163963314
868120163963322
868120163963330
868120163963348
868120163963355
868120163963363
868120163963371
868120163963389
868120163963397
868120163963405
868120163963413
868120163963421
868120163963439
868120163963447
868120163963454
868120163963462
868120163963470
868120163963488
868120163963496
868120163963504
868120163963512
868120163963520
868120163963538
868120163963546
868120163963553
868120163963561
868120163963579
868120163963587
868120163963595
868120163963603
868120163963611
868120163963629
868120163963637
868120163963645
868120163963652
868120163963660
868120163963678
868120163963686
868120163963694
868120163963702
868120163963710
868120163963728
868120163963736
868120163963744
868120163963751
868120163963769
868120163963777
868120163963785
868120163963793
868120163963801
868120163963819
868120163963827
868120163963835
868120163963843
868120163963850
868120163963868
868120163963876
868120163963884
868120163963892
868120163963900
868120163963918
868120163963926
868120163963934
868120163963942
868120163963959
868120163963967
868120163963975
868120163963983
868120163963991
868120163964007
868120163964015
868120163964023
868120163964031
868120163964049
868120163964056
868120163964064
868120163964072
868120163964080
868120163964098
868120163964106
868120163964114
868120163964122
868120163964130
868120163964148
868120163964155
868120163964163
868120163964171
868120163964189
868120163964197
868120163964205
868120163964213
868120163964221
868120163964239
868120163964247
868120163964254
868120163964262
868120163964270
868120163964288
868120163964296
868120163964304
868120163964312
868120163964320
868120163964338
868120163964346
868120163964353
868120163964361
868120163964379
868120163964387
868120163964395
868120163964403
868120163964411
868120163964429
868120163964437
868120163964445
868120163964452
868120163964460
868120163964478
868120163964486
868120163964494
868120163964502
868120163964510
868120163964528
868120163964536
868120163964544
868120163964551
868120163964569
868120163964577
868120163964585
868120163964593
868120163964601
868120163964619
868120163964627
868120163964635
868120163964643
868120163964650
868120163964668
868120163964676
868120163964684
868120163964692
868120163964700
868120163964718
868120163964726
868120163964734
868120163964742
868120163964759
868120163964767
868120163964775
868120163964783
868120163964791
868120163964809
868120163964817
868120163964825
868120163964833
868120163964841
868120163964858
868120163964866
868120163964874
868120163964882
868120163964890
868120163964908
868120163964916
868120163964924
868120163964932
868120163964940
868120163964957
868120163964965
868120163964973
868120163964981
868120163964999
868120163965004
868120163965012
868120163965020
868120163965038
868120163965046
868120163965053
868120163965061
868120163965079
868120163965087
868120163965095
868120163965103
868120163965111
868120163965129
868120163965137
868120163965145
868120163965152
868120163965160
868120163965178
868120163965186
868120163965194
868120163965202
868120163965210
868120163965228
868120163965236
868120163965244
868120163965251
868120163965269
868120163965277
868120163965285
868120163965293
868120163965301
868120163965319
868120163965327
868120163965335
868120163965343
868120163965350
868120163965368
868120163965376
868120163965384
868120163965392
868120163965400
868120163965418
868120163965426
868120163965434
868120163965442
868120163965459
868120163965467
868120163965475
868120163965483
868120163965491
868120163965509
868120163965517
868120163965525
868120163965533
868120163965541
868120163965558
868120163965566
868120163965574
868120163965582
868120163965590
868120163965608
868120163965616
868120163965624
868120163965632
868120163965640
868120163965657
868120163965665
868120163965673
868120163965681
868120163965699
868120163965707
868120163965715
868120163965723
868120163965731
868120163965749
868120163965756
868120163965764
868120163965772
868120163965780
868120163965798
868120163965806
868120163965814
868120163965822
868120163965830
868120163965848
868120163965855
868120163965863
868120163965871
868120163965889
868120163965897
868120163965905
868120163965913
868120163965921
868120163965939
868120163965947
868120163965954
868120163965962
868120163965970
868120163965988
868120163965996
868120163966002
868120163966010
868120163966028
868120163966036
868120163966044
868120163966051
868120163966069
868120163966077
868120163966085
868120163966093
868120163966101
868120163966119
868120163966127
868120163966135
868120163966143
868120163966150
868120163966168
868120163966176
868120163966184
868120163966192
868120163966200
868120163966218
868120163966226
868120163966234
868120163966242
868120163966259
868120163966267
868120163966275
868120163966283
868120163966291
868120163966309
868120163966317
868120163966325
868120163966333
868120163966341
868120163966358
868120163966366
868120163966374
868120163966382
868120163966390
868120163966408
868120163966416
868120163966424
868120163966432
868120163966440
868120163966457
868120163966465
868120163966473
868120163966481
868120163966499
868120163966507
868120163966515
868120163966523
868120163966531
868120163966549
868120163966556
868120163966564
868120163966572
868120163966580
868120163966598
868120163966606
868120163966614
868120163966622
868120163966630
868120163966648
868120163966655
868120163966663
868120163966671
868120163966689
868120163966697
868120163966705
868120163966713
868120163966721
868120163966739
868120163966747
868120163966754
868120163966762
868120163966770
868120163966788
868120163966796
868120163966804
868120163966812
868120163966820
868120163966838
868120163966846
868120163966853
868120163966861
868120163966879
868120163966887
868120163966895
868120163966903
868120163966911
868120163966929
868120163966937
868120163966945
868120163966952
868120163966960
868120163966978
868120163966986
868120163966994
868120163967000
868120163967018
868120163967026
868120163967034
868120163967042
868120163967059
868120163967067
868120163967075
868120163967083
868120163967091
868120163967109
868120163967117
868120163967125
868120163967133
868120163967141
868120163967158
868120163967166
868120163967174
868120163967182
868120163967190
868120163967208
868120163967216
868120163967224
868120163967232
868120163967240
868120163967257
868120163967265
868120163967273
868120163967281
868120163967299
868120163967307
868120163967315
868120163967323
868120163967331
868120163967349
868120163967356
868120163967364
868120163967372
868120163967380
868120163967398
868120163967406
868120163967414
868120163967422
868120163967430
868120163967448
868120163967455
868120163967463
868120163967471
868120163967489
868120163967497
868120163967505
868120163967513
868120163967521
868120163967539
868120163967547
868120163967554
868120163967562
868120163967570
868120163967588
868120163967596
868120163967604
868120163967612
868120163967620
868120163967638
868120163967646
868120163967653
868120163967661
868120163967679
868120163967687
868120163967695
868120163967703
868120163967711
868120163967729
868120163967737
868120163967745
868120163967752
868120163967760
868120163967778
868120163967786
868120163967794
868120163967802
868120163967810
868120163967828
868120163967836
868120163967844
868120163967851
868120163967869
868120163967877
868120163967885
868120163967893
868120163967901
868120163967919
868120163967927
868120163967935
868120163967943
868120163967950
868120163967968
868120163967976
868120163967984
868120163967992
868120163968008
868120163968016
868120163968024
868120163968032
868120163968040
868120163968057
868120163968065
868120163968073
868120163968081
868120163968099
868120163968107
868120163968115
868120163968123
868120163968131
868120163968149
868120163968156
868120163968164
868120163968172
868120163968180
868120163968198
868120163968206
868120163968214
868120163968222
868120163968230
868120163968248
868120163968255
868120163968263
868120163968271
868120163968289
868120163968297
868120163968305
868120163968313
868120163968321
868120163968339
868120163968347
868120163968354
868120163968362
868120163968370
868120163968388
868120163968396
868120163968404
868120163968412
868120163968420
868120163968438
868120163968446
868120163968453
868120163968461
868120163968479
868120163968487
868120163968495
868120163968503
868120163968511
868120163968529
868120163968537
868120163968545
868120163968552
868120163968560
868120163968578
868120163968586
868120163968594
868120163968602
868120163968610
868120163968628
868120163968636
868120163968644
868120163968651
868120163968669
868120163968677
868120163968685
868120163968693
868120163968701
868120163968719
868120163968727
868120163968735
868120163968743
868120163968750
868120163968768
868120163968776
868120163968784
868120163968792
868120163968800
868120163968818
868120163968826
868120163968834
868120163968842
868120163968859
868120163968867
868120163968875
868120163968883
868120163968891
868120163968909
868120163968917
868120163968925
868120163968933
868120163968941
868120163968958
868120163968966
868120163968974
868120163968982
868120163968990
868120163969006
868120163969014
868120163969022
868120163969030
868120163969048
868120163969055
868120163969063
868120163969071
868120163969089
868120163969097
868120163969105
868120163969113
868120163969121
868120163969139
868120163969147
868120163969154
868120163969162
868120163969170
868120163969188
868120163969196
868120163969204
868120163969212
868120163969220
868120163969238
868120163969246
868120163969253
868120163969261
868120163969279
868120163969287
868120163969295
868120163969303
868120163969311
868120163969329
868120163969337
868120163969345
868120163969352
868120163969360
868120163969378
868120163969386
868120163969394
868120163969402
868120163969410
868120163969428
868120163969436
868120163969444
868120163969451
868120163969469
868120163969477
868120163969485
868120163969493
868120163969501
868120163969519
868120163969527
868120163969535
868120163969543
868120163969550
868120163969568
868120163969576
868120163969584
868120163969592
868120163969600
868120163969618
868120163969626
868120163969634
868120163969642
868120163969659
868120163969667
868120163969675
868120163969683
868120163969691
868120163969709
868120163969717
868120163969725
868120163969733
868120163969741
868120163969758
868120163969766
868120163969774
868120163969782
868120163969790
868120163969808
868120163969816
868120163969824
868120163969832
868120163969840
868120163969857
868120163969865
868120163969873
868120163969881
868120163969899
868120163969907
868120163969915
868120163969923
868120163969931
868120163969949
868120163969956
868120163969964
868120163969972
868120163969980
868120163969998
868120163970004
868120163970012
868120163970020
868120163970038
868120163970046
868120163970053
868120163970061
868120163970079
868120163970087
868120163970095
868120163970103
868120163970111
868120163970129
868120163970137
868120163970145
868120163970152
868120163970160
868120163970178
868120163970186
868120163970194
868120163970202
868120163970210
868120163970228
868120163970236
868120163970244
868120163970251
868120163970269
868120163970277
868120163970285
868120163970293
868120163970301
868120163970319
868120163970327
868120163970335
868120163970343
868120163970350
868120163970368
868120163970376
868120163970384
868120163970392
868120163970400
868120163970418
868120163970426
868120163970434
868120163970442
868120163970459
868120163970467
868120163970475
868120163970483
868120163970491
868120163970509
868120163970517
868120163970525
868120163970533
868120163970541
868120163970558
868120163970566
868120163970574
868120163970582
868120163970590
868120163970608
868120163970616
868120163970624
868120163970632
868120163970640
868120163970657
868120163970665
868120163970673
868120163970681
868120163970699
868120163970707
868120163970715
868120163970723
868120163970731
868120163970749
868120163970756
868120163970764
868120163970772
868120163970780
868120163970798
868120163970806
868120163970814
868120163970822
868120163970830
868120163970848
868120163970855
868120163970863
868120163970871
868120163970889
868120163970897
868120163970905
868120163970913
868120163970921
868120163970939
868120163970947
868120163970954
868120163970962
868120163970970
868120163970988
868120163970996
868120163971002
868120163971010
868120163971028
868120163971036
868120163971044
868120163971051
868120163971069
868120163971077
868120163971085
868120163971093
868120163971101
868120163971119
868120163971127
868120163971135
868120163971143
868120163971150
868120163971168
868120163971176
868120163971184
868120163971192
868120163971200
868120163971218
868120163971226
868120163971234
868120163971242
868120163971259
868120163971267
868120163971275
868120163971283
868120163971291
868120163971309
868120163971317
868120163971325
868120163971333
868120163971341
868120163971358
868120163971366
868120163971374
868120163971382
868120163971390
868120163971408
868120163971416
868120163971424
868120163971432
868120163971440
868120163971457
868120163971465
868120163971473
868120163971481
868120163971499
868120163971507
868120163971515
868120163971523
868120163971531
868120163971549
868120163971556
868120163971564
868120163971572
868120163971580
868120163971598
868120163971606
868120163971614
868120163971622
868120163971630
868120163971648
868120163971655
868120163971663
868120163971671
868120163971689
868120163971697
868120163971705
868120163971713
868120163971721
868120163971739
868120163971747
868120163971754
868120163971762
868120163971770
868120163971788
868120163971796
868120163971804
868120163971812
868120163971820
868120163971838
868120163971846
868120163971853
868120163971861
868120163971879
868120163971887
868120163971895
868120163971903
868120163971911
868120163971929
868120163971937
868120163971945
868120163971952
868120163971960
868120163971978
868120163971986
868120163971994
868120163972000
868120163972018
868120163972026
868120163972034
868120163972042
868120163972059
868120163972067
868120163972075
868120163972083
868120163972091
868120163972109
868120163972117
868120163972125
868120163972133
868120163972141
868120163972158
868120163972166
868120163972174
868120163972182
868120163972190
868120163972208
868120163972216
868120163972224
868120163972232
868120163972240
868120163972257
868120163972265
868120163972273
868120163972281
868120163972299
868120163972307
868120163972315
868120163972323
868120163972331
868120163972349
868120163972356
868120163972364
868120163972372
868120163972380
868120163972398
868120163972406
868120163972414
868120163972422
868120163972430
868120163972448
868120163972455
868120163972463
868120163972471
868120163972489
868120163972497
868120163972505
868120163972513
868120163972521
868120163972539
868120163972547
868120163972554
868120163972562
868120163972570
868120163972588
868120163972596
868120163972604
868120163972612
868120163972620
868120163972638
868120163972646
868120163972653
868120163972661
868120163972679
868120163972687
868120163972695
868120163972703
868120163972711
868120163972729
868120163972737
868120163972745
868120163972752
868120163972760
868120163972778
868120163972786
868120163972794
868120163972802
868120163972810
868120163972828
868120163972836
868120163972844
868120163972851
868120163972869
868120163972877
868120163972885
868120163972893
868120163972901
868120163972919
868120163972927
868120163972935
868120163972943
868120163972950
868120163972968
868120163972976
868120163972984
868120163972992
868120163973008
868120163973016
868120163973024
868120163973032
868120163973040
868120163973057
868120163973065
868120163973073
868120163973081
868120163973099
868120163973107
868120163973115
868120163973123
868120163973131
868120163973149
868120163973156
868120163973164
868120163973172
868120163973180
868120163973198
868120163973206
868120163973214
868120163973222
868120163973230
868120163973248
868120163973255
868120163973263
868120163973271
868120163973289
868120163973297
868120163973305
868120163973313
868120163973321
868120163973339
868120163973347
868120163973354
868120163973362
868120163973370
868120163973388
868120163973396
868120163973404
868120163973412
868120163973420
868120163973438
868120163973446
868120163973453
868120163973461
868120163973479
868120163973487
868120163973495
868120163973503
868120163973511
868120163973529
868120163973537
868120163973545
868120163973552
868120163973560
868120163973578
868120163973586
868120163973594
868120163973602
868120163973610
868120163973628
868120163973636
868120163973644
868120163973651
868120163973669
868120163973677
868120163973685
868120163973693
868120163973701
868120163973719
868120163973727
868120163973735
868120163973743
868120163973750
868120163973768
868120163973776
868120163973784
868120163973792
868120163973800
868120163973818
868120163973826
868120163973834
868120163973842
868120163973859
868120163973867
868120163973875
868120163973883
868120163973891
868120163973909
868120163973917
868120163973925
868120163973933
868120163973941
868120163973958
868120163973966
868120163973974
868120163973982
868120163973990
868120163974006
868120163974014
868120163974022
868120163974030
868120163974048
868120163974055
868120163974063
868120163974071
868120163974089
868120163974097
868120163974105
868120163974113
868120163974121
868120163974139
868120163974147
868120163974154
868120163974162
868120163974170
868120163974188
868120163974196
868120163974204
868120163974212
868120163974220
868120163974238
868120163974246
868120163974253
868120163974261
868120163974279
868120163974287
868120163974295
868120163974303
868120163974311
868120163974329
868120163974337
868120163974345
868120163974352
868120163974360
868120163974378
868120163974386
868120163974394
868120163974402
868120163974410
868120163974428
868120163974436
868120163974444
868120163974451
868120163974469
868120163974477
868120163974485
868120163974493
868120163974501
868120163974519
868120163974527
868120163974535
868120163974543
868120163974550
868120163974568
868120163974576
868120163974584
868120163974592
868120163974600
868120163974618
868120163974626
868120163974634
868120163974642
868120163974659
868120163974667
868120163974675
868120163974683
868120163974691
868120163974709
868120163974717
868120163974725
868120163974733
868120163974741
868120163974758
868120163974766
868120163974774
868120163974782
868120163974790
868120163974808
868120163974816
868120163974824
868120163974832
868120163974840
868120163974857
868120163974865
868120163974873
868120163974881
868120163974899
868120163974907
868120163974915
868120163974923
868120163974931
868120163974949
868120163974956
868120163974964
868120163974972
868120163974980
868120163974998
868120163975003
868120163975011
868120163975029
868120163975037
868120163975045
868120163975052
868120163975060
868120163975078
868120163975086
868120163975094
868120163975102
868120163975110
868120163975128
868120163975136
868120163975144
868120163975151
868120163975169
868120163975177
868120163975185
868120163975193
868120163975201
868120163975219
868120163975227
868120163975235
868120163975243
868120163975250
868120163975268
868120163975276
868120163975284
868120163975292
868120163975300
868120163975318
868120163975326
868120163975334
868120163975342
868120163975359
868120163975367
868120163975375
868120163975383
868120163975391
868120163975409
868120163975417
868120163975425
868120163975433
868120163975441
868120163975458
868120163975466
868120163975474
868120163975482
868120163975490
868120163975508
868120163975516
868120163975524
868120163975532
868120163975540
868120163975557
868120163975565
868120163975573
868120163975581
868120163975599
868120163975607
868120163975615
868120163975623
868120163975631
868120163975649
868120163975656
868120163975664
868120163975672
868120163975680
868120163975698
868120163975706
868120163975714
868120163975722
868120163975730
868120163975748
868120163975755
868120163975763
868120163975771
868120163975789
868120163975797
868120163975805
868120163975813
868120163975821
868120163975839
868120163975847
868120163975854
868120163975862
868120163975870
868120163975888
868120163975896
868120163975904
868120163975912
868120163975920
868120163975938
868120163975946
868120163975953
868120163975961
868120163975979
868120163975987
868120163975995
868120163976001
868120163976019
868120163976027
868120163976035
868120163976043
868120163976050
868120163976068
868120163976076
868120163976084
868120163976092
868120163976100
868120163976118
868120163976126
868120163976134
868120163976142
868120163976159
868120163976167
868120163976175
868120163976183
868120163976191
868120163976209
868120163976217
868120163976225
868120163976233
868120163976241
868120163976258
868120163976266
868120163976274
868120163976282
868120163976290
868120163976308
868120163976316
868120163976324
868120163976332
868120163976340
868120163976357
868120163976365
868120163976373
868120163976381
868120163976399
868120163976407
868120163976415
868120163976423
868120163976431
868120163976449
868120163976456
868120163976464
868120163976472
868120163976480
868120163976498
868120163976506
868120163976514
868120163976522
868120163976530
868120163976548
868120163976555
868120163976563
868120163976571
868120163976589
868120163976597
868120163976605
868120163976613
868120163976621
868120163976639
868120163976647
868120163976654
868120163976662
868120163976670
868120163976688
868120163976696
868120163976704
868120163976712
868120163976720
868120163976738
868120163976746
868120163976753
868120163976761
868120163976779
868120163976787
868120163976795
868120163976803
868120163976811
868120163976829
868120163976837
868120163976845
868120163976852
868120163976860
868120163976878
868120163976886
868120163976894
868120163976902
868120163976910
868120163976928
868120163976936
868120163976944
868120163976951
868120163976969
868120163976977
868120163976985
868120163976993
868120163977009
868120163977017
868120163977025
868120163977033
868120163977041
868120163977058
868120163977066
868120163977074
868120163977082
868120163977090
868120163977108
868120163977116
868120163977124
868120163977132
868120163977140
868120163977157
868120163977165
868120163977173
868120163977181
868120163977199
868120163977207
868120163977215
868120163977223
868120163977231
868120163977249
868120163977256
868120163977264
868120163977272
868120163977280
868120163977298
868120163977306
868120163977314
868120163977322
868120163977330
868120163977348
868120163977355
868120163977363
868120163977371
868120163977389
868120163977397
868120163977405
868120163977413
868120163977421
868120163977439
868120163977447
868120163977454
868120163977462
868120163977470
868120163977488
868120163977496
868120163977504
868120163977512
868120163977520
868120163977538
868120163977546
868120163977553
868120163977561
868120163977579
868120163977587
868120163977595
868120163977603
868120163977611
868120163977629
868120163977637
868120163977645
868120163977652
868120163977660
868120163977678
868120163977686
868120163977694
868120163977702
868120163977710
868120163977728
868120163977736
868120163977744
868120163977751
868120163977769
868120163977777
868120163977785
868120163977793
868120163977801
868120163977819
868120163977827
868120163977835
868120163977843
868120163977850
868120163977868
868120163977876
868120163977884
868120163977892
868120163977900
868120163977918
868120163977926
868120163977934
868120163977942
868120163977959
868120163977967
868120163977975
868120163977983
868120163977991
868120163978007
868120163978015
868120163978023
868120163978031
868120163978049
868120163978056
868120163978064
868120163978072
868120163978080
868120163978098
868120163978106
868120163978114
868120163978122
868120163978130
868120163978148
868120163978155
868120163978163
868120163978171
868120163978189
868120163978197
868120163978205
868120163978213
868120163978221
868120163978239
868120163978247
868120163978254
868120163978262
868120163978270
868120163978288
868120163978296
868120163978304
868120163978312
868120163978320
868120163978338
868120163978346
868120163978353
868120163978361
868120163978379
868120163978387
868120163978395
868120163978403
868120163978411
868120163978429
868120163978437
868120163978445
868120163978452
868120163978460
868120163978478
868120163978486
868120163978494
868120163978502
868120163978510
868120163978528
868120163978536
868120163978544
868120163978551
868120163978569
868120163978577
868120163978585
868120163978593
868120163978601
868120163978619
868120163978627
868120163978635
868120163978643
868120163978650
868120163978668
868120163978676
868120163978684
868120163978692
868120163978700
868120163978718
868120163978726
868120163978734
868120163978742
868120163978759
868120163978767
868120163978775
868120163978783
868120163978791
868120163978809
868120163978817
868120163978825
868120163978833
868120163978841
868120163978858
868120163978866
868120163978874
868120163978882
868120163978890
868120163978908
868120163978916
868120163978924
868120163978932
868120163978940
868120163978957
868120163978965
868120163978973
868120163978981
868120163978999
868120163979005
868120163979013
868120163979021
868120163979039
868120163979047
868120163979054
868120163979062
868120163979070
868120163979088
868120163979096
868120163979104
868120163979112
868120163979120
868120163979138
868120163979146
868120163979153
868120163979161
868120163979179
868120163979187
868120163979195
868120163979203
868120163979211
868120163979229
868120163979237
868120163979245
868120163979252
868120163979260
868120163979278
868120163979286
868120163979294
868120163979302
868120163979310
868120163979328
868120163979336
868120163979344
868120163979351
868120163979369
868120163979377
868120163979385
868120163979393
868120163979401
868120163979419
868120163979427
868120163979435
868120163979443
868120163979450
868120163979468
868120163979476
868120163979484
868120163979492
868120163979500
868120163979518
868120163979526
868120163979534
868120163979542
868120163979559
868120163979567
868120163979575
868120163979583
868120163979591
868120163979609
868120163979617
868120163979625
868120163979633
868120163979641
868120163979658
868120163979666
868120163979674
868120163979682
868120163979690
868120163979708
868120163979716
868120163979724
868120163979732
868120163979740
868120163979757
868120163979765
868120163979773
868120163979781
868120163979799
868120163979807
868120163979815
868120163979823
868120163979831
868120163979849
868120163979856
868120163979864
868120163979872
868120163979880
868120163979898
868120163979906
868120163979914
868120163979922
868120163979930
868120163979948
868120163979955
868120163979963
868120163979971
868120163979989
868120163979997
868120163980003
868120163980011
868120163980029
868120163980037
868120163980045
868120163980052
868120163980060
868120163980078
868120163980086
868120163980094
868120163980102
868120163980110
868120163980128
868120163980136
868120163980144
868120163980151
868120163980169
868120163980177
868120163980185
868120163980193
868120163980201
868120163980219
868120163980227
868120163980235
868120163980243
868120163980250
868120163980268
868120163980276
868120163980284
868120163980292
868120163980300
868120163980318
868120163980326
868120163980334
868120163980342
868120163980359
868120163980367
868120163980375
868120163980383
868120163980391
868120163980409
868120163980417
868120163980425
868120163980433
868120163980441
868120163980458
868120163980466
868120163980474
868120163980482
868120163980490
868120163980508
868120163980516
868120163980524
868120163980532
868120163980540
868120163980557
868120163980565
868120163980573
868120163980581
868120163980599
868120163980607
868120163980615
868120163980623
868120163980631
868120163980649
868120163980656
868120163980664
868120163980672
868120163980680
868120163980698
868120163980706
868120163980714
868120163980722
868120163980730
868120163980748
868120163980755
868120163980763
868120163980771
868120163980789
868120163980797
868120163980805
868120163980813
868120163980821
868120163980839
868120163980847
868120163980854
868120163980862
868120163980870
868120163980888
868120163980896
868120163980904
868120163980912
868120163980920
868120163980938
868120163980946
868120163980953
868120163980961
868120163980979
868120163980987
868120163980995
868120163981001
868120163981019
868120163981027
868120163981035
868120163981043
868120163981050
868120163981068
868120163981076
868120163981084
868120163981092
868120163981100
868120163981118
868120163981126
868120163981134
868120163981142
868120163981159
868120163981167
868120163981175
868120163981183
868120163981191
868120163981209
868120163981217
868120163981225
868120163981233
868120163981241
868120163981258
868120163981266
868120163981274
868120163981282
868120163981290
868120163981308
868120163981316
868120163981324
868120163981332
868120163981340
868120163981357
868120163981365
868120163981373
868120163981381
868120163981399
868120163981407
868120163981415
868120163981423
868120163981431
868120163981449
868120163981456
868120163981464
868120163981472
868120163981480
868120163981498
868120163981506
868120163981514
868120163981522
868120163981530
868120163981548
868120163981555
868120163981563
868120163981571
868120163981589
868120163981597
868120163981605
868120163981613
868120163981621
868120163981639
868120163981647
868120163981654
868120163981662
868120163981670
868120163981688
868120163981696
868120163981704
868120163981712
868120163981720
868120163981738
868120163981746
868120163981753
868120163981761
868120163981779
868120163981787
868120163981795
868120163981803
868120163981811
868120163981829
868120163981837
868120163981845
868120163981852
868120163981860
868120163981878
868120163981886
868120163981894
868120163981902
868120163981910
868120163981928
868120163981936
868120163981944
868120163981951
868120163981969
868120163981977
868120163981985
868120163981993
868120163982009
868120163982017
868120163982025
868120163982033
868120163982041
868120163982058
868120163982066
868120163982074
868120163982082
868120163982090
868120163982108
868120163982116
868120163982124
868120163982132
868120163982140
868120163982157
868120163982165
868120163982173
868120163982181
868120163982199
868120163982207
868120163982215
868120163982223
868120163982231
868120163982249
868120163982256
868120163982264
868120163982272
868120163982280
868120163982298
868120163982306
868120163982314
868120163982322
868120163982330
868120163982348
868120163982355
868120163982363
868120163982371
868120163982389
868120163982397
868120163982405
868120163982413
868120163982421
868120163982439
868120163982447
868120163982454
868120163982462
868120163982470
868120163982488
868120163982496
868120163982504
868120163982512
868120163982520
868120163982538
868120163982546
868120163982553
868120163982561
868120163982579
868120163982587
868120163982595
868120163982603
868120163982611
868120163982629
868120163982637
868120163982645
868120163982652
868120163982660
868120163982678
868120163982686
868120163982694
868120163982702
868120163982710
868120163982728
868120163982736
868120163982744
868120163982751
868120163982769
868120163982777
868120163982785
868120163982793
868120163982801
868120163982819
868120163982827
868120163982835
868120163982843
868120163982850
868120163982868
868120163982876
868120163982884
868120163982892
868120163982900
868120163982918
868120163982926
868120163982934
868120163982942
868120163982959
868120163982967
868120163982975
868120163982983
868120163982991
868120163983007
868120163983015
868120163983023
868120163983031
868120163983049
868120163983056
868120163983064
868120163983072
868120163983080
868120163983098
868120163983106
868120163983114
868120163983122
868120163983130
868120163983148
868120163983155
868120163983163
868120163983171
868120163983189
868120163983197
868120163983205
868120163983213
868120163983221
868120163983239
868120163983247
868120163983254
868120163983262
868120163983270
868120163983288
868120163983296
868120163983304
868120163983312
868120163983320
868120163983338
868120163983346
868120163983353
868120163983361
868120163983379
868120163983387
868120163983395
868120163983403
868120163983411
868120163983429
868120163983437
868120163983445
868120163983452
868120163983460
868120163983478
868120163983486
868120163983494
868120163983502
868120163983510
868120163983528
868120163983536
868120163983544
868120163983551
868120163983569
868120163983577
868120163983585
868120163983593
868120163983601
868120163983619
868120163983627
868120163983635
868120163983643
868120163983650
868120163983668
868120163983676
868120163983684
868120163983692
868120163983700
868120163983718
868120163983726
868120163983734
868120163983742
868120163983759
868120163983767
868120163983775
868120163983783
868120163983791
868120163983809
868120163983817
868120163983825
868120163983833
868120163983841
868120163983858
868120163983866
868120163983874
868120163983882
868120163983890
868120163983908
868120163983916
868120163983924
868120163983932
868120163983940
868120163983957
868120163983965
868120163983973
868120163983981
868120163983999
868120163984005
868120163984013
868120163984021
868120163984039
868120163984047
868120163984054
868120163984062
868120163984070
868120163984088
868120163984096
868120163984104
868120163984112
868120163984120
868120163984138
868120163984146
868120163984153
868120163984161
868120163984179
868120163984187
868120163984195
868120163984203
868120163984211
868120163984229
868120163984237
868120163984245
868120163984252
868120163984260
868120163984278
868120163984286
868120163984294
868120163984302
868120163984310
868120163984328
868120163984336
868120163984344
868120163984351
868120163984369
868120163984377
868120163984385
868120163984393
868120163984401
868120163984419
868120163984427
868120163984435
868120163984443
868120163984450
868120163984468
868120163984476
868120163984484
868120163984492
868120163984500
868120163984518
868120163984526
868120163984534
868120163984542
868120163984559
868120163984567
868120163984575
868120163984583
868120163984591
868120163984609
868120163984617
868120163984625
868120163984633
868120163984641
868120163984658
868120163984666
868120163984674
868120163984682
868120163984690
868120163984708
868120163984716
868120163984724
868120163984732
868120163984740
868120163984757
868120163984765
868120163984773
868120163984781
868120163984799
868120163984807
868120163984815
868120163984823
868120163984831
868120163984849
868120163984856
868120163984864
868120163984872
868120163984880
868120163984898
868120163984906
868120163984914
868120163984922
868120163984930
868120163984948
868120163984955
868120163984963
868120163984971
868120163984989
868120163984997
868120163985002
868120163985010
868120163985028
868120163985036
868120163985044
868120163985051
868120163985069
868120163985077
868120163985085
868120163985093
868120163985101
868120163985119
868120163985127
868120163985135
868120163985143
868120163985150
868120163985168
868120163985176
868120163985184
868120163985192
868120163985200
868120163985218
868120163985226
868120163985234
868120163985242
868120163985259
868120163985267
868120163985275
868120163985283
868120163985291
868120163985309
868120163985317
868120163985325
868120163985333
868120163985341
868120163985358
868120163985366
868120163985374
868120163985382
868120163985390
868120163985408
868120163985416
868120163985424
868120163985432
868120163985440
868120163985457
868120163985465
868120163985473
868120163985481
868120163985499
868120163985507
868120163985515
868120163985523
868120163985531
868120163985549
868120163985556
868120163985564
868120163985572
868120163985580
868120163985598
868120163985606
868120163985614
868120163985622
868120163985630
868120163985648
868120163985655
868120163985663
868120163985671
868120163985689
868120163985697
868120163985705
868120163985713
868120163985721
868120163985739
868120163985747
868120163985754
868120163985762
868120163985770
868120163985788
868120163985796
868120163985804
868120163985812
868120163985820
868120163985838
868120163985846
868120163985853
868120163985861
868120163985879
868120163985887
868120163985895
868120163985903
868120163985911
868120163985929
868120163985937
868120163985945
868120163985952
868120163985960
868120163985978
868120163985986
868120163985994
868120163986000
868120163986018
868120163986026
868120163986034
868120163986042
868120163986059
868120163986067
868120163986075
868120163986083
868120163986091
868120163986109
868120163986117
868120163986125
868120163986133
868120163986141
868120163986158
868120163986166
868120163986174
868120163986182
868120163986190
868120163986208
868120163986216
868120163986224
868120163986232
868120163986240
868120163986257
868120163986265
868120163986273
868120163986281
868120163986299
868120163986307
868120163986315
868120163986323
868120163986331
868120163986349
868120163986356
868120163986364
868120163986372
868120163986380
868120163986398
868120163986406
868120163986414
868120163986422
868120163986430
868120163986448
868120163986455
868120163986463
868120163986471
868120163986489
868120163986497
868120163986505
868120163986513
868120163986521
868120163986539
868120163986547
868120163986554
868120163986562
868120163986570
868120163986588
868120163986596
868120163986604
868120163986612
868120163986620
868120163986638
868120163986646
868120163986653
868120163986661
868120163986679
868120163986687
868120163986695
868120163986703
868120163986711
868120163986729
868120163986737
868120163986745
868120163986752
868120163986760
868120163986778
868120163986786
868120163986794
868120163986802
868120163986810
868120163986828
868120163986836
868120163986844
868120163986851
868120163986869
868120163986877
868120163986885
868120163986893
868120163986901
868120163986919
868120163986927
868120163986935
868120163986943
868120163986950
868120163986968
868120163986976
868120163986984
868120163986992
868120163987008
868120163987016
868120163987024
868120163987032
868120163987040
868120163987057
868120163987065
868120163987073
868120163987081
868120163987099
868120163987107
868120163987115
868120163987123
868120163987131
868120163987149
868120163987156
868120163987164
868120163987172
868120163987180
868120163987198
868120163987206
868120163987214
868120163987222
868120163987230
868120163987248
868120163987255
868120163987263
868120163987271
868120163987289
868120163987297
868120163987305
868120163987313
868120163987321
868120163987339
868120163987347
868120163987354
868120163987362
868120163987370
868120163987388
868120163987396
868120163987404
868120163987412
868120163987420
868120163987438
868120163987446
868120163987453
868120163987461
868120163987479
868120163987487
868120163987495
868120163987503
868120163987511
868120163987529
868120163987537
868120163987545
868120163987552
868120163987560
868120163987578
868120163987586
868120163987594
868120163987602
868120163987610
868120163987628
868120163987636
868120163987644
868120163987651
868120163987669
868120163987677
868120163987685
868120163987693
868120163987701
868120163987719
868120163987727
868120163987735
868120163987743
868120163987750
868120163987768
868120163987776
868120163987784
868120163987792
868120163987800
868120163987818
868120163987826
868120163987834
868120163987842
868120163987859
868120163987867
868120163987875
868120163987883
868120163987891
868120163987909
868120163987917
868120163987925
868120163987933
