868120168554449
868120168554456
868120168554464
868120168554472
868120168554480
868120168554498
868120168554506
868120168554514
868120168554522
868120168554530
868120168554548
868120168554555
868120168554563
868120168554571
868120168554589
868120168554597
868120168554605
868120168554613
868120168554621
868120168554639
868120168554647
868120168554654
868120168554662
868120168554670
868120168554688
868120168554696
868120168554704
868120168554712
868120168554720
868120168554738
868120168554746
868120168554753
868120168554761
868120168554779
868120168554787
868120168554795
868120168554803
868120168554811
868120168554829
868120168554837
868120168554845
868120168554852
868120168554860
868120168554878
868120168554886
868120168554894
868120168554902
868120168554910
868120168554928
868120168554936
868120168554944
868120168554951
868120168554969
868120168554977
868120168554985
868120168554993
868120168555008
868120168555016
868120168555024
868120168555032
868120168555040
868120168555057
868120168555065
868120168555073
868120168555081
868120168555099
868120168555107
868120168555115
868120168555123
868120168555131
868120168555149
868120168555156
868120168555164
868120168555172
868120168555180
868120168555198
868120168555206
868120168555214
868120168555222
868120168555230
868120168555248
868120168555255
868120168555263
868120168555271
868120168555289
868120168555297
868120168555305
868120168555313
868120168555321
868120168555339
868120168555347
868120168555354
868120168555362
868120168555370
868120168555388
868120168555396
868120168555404
868120168555412
868120168555420
868120168555438
868120168555446
868120168555453
868120168555461
868120168555479
868120168555487
868120168555495
868120168555503
868120168555511
868120168555529
868120168555537
868120168555545
868120168555552
868120168555560
868120168555578
868120168555586
868120168555594
868120168555602
868120168555610
868120168555628
868120168555636
868120168555644
868120168555651
868120168555669
868120168555677
868120168555685
868120168555693
868120168555701
868120168555719
868120168555727
868120168555735
868120168555743
868120168555750
868120168555768
868120168555776
868120168555784
868120168555792
868120168555800
868120168555818
868120168555826
868120168555834
868120168555842
868120168555859
868120168555867
868120168555875
868120168555883
868120168555891
868120168555909
868120168555917
868120168555925
868120168555933
868120168555941
868120168555958
868120168555966
868120168555974
868120168555982
868120168555990
868120168556006
868120168556014
868120168556022
868120168556030
868120168556048
868120168556055
868120168556063
868120168556071
868120168556089
868120168556097
868120168556105
868120168556113
868120168556121
868120168556139
868120168556147
868120168556154
868120168556162
868120168556170
868120168556188
868120168556196
868120168556204
868120168556212
868120168556220
868120168556238
868120168556246
868120168556253
868120168556261
868120168556279
868120168556287
868120168556295
868120168556303
868120168556311
868120168556329
868120168556337
868120168556345
868120168556352
868120168556360
868120168556378
868120168556386
868120168556394
868120168556402
868120168556410
868120168556428
868120168556436
868120168556444
868120168556451
868120168556469
868120168556477
868120168556485
868120168556493
868120168556501
868120168556519
868120168556527
868120168556535
868120168556543
868120168556550
868120168556568
868120168556576
868120168556584
868120168556592
868120168556600
868120168556618
868120168556626
868120168556634
868120168556642
868120168556659
868120168556667
868120168556675
868120168556683
868120168556691
868120168556709
868120168556717
868120168556725
868120168556733
868120168556741
868120168556758
868120168556766
868120168556774
868120168556782
868120168556790
868120168556808
868120168556816
868120168556824
868120168556832
868120168556840
868120168556857
868120168556865
868120168556873
868120168556881
868120168556899
868120168556907
868120168556915
868120168556923
868120168556931
868120168556949
868120168556956
868120168556964
868120168556972
868120168556980
868120168556998
868120168557004
868120168557012
868120168557020
868120168557038
868120168557046
868120168557053
868120168557061
868120168557079
868120168557087
868120168557095
868120168557103
868120168557111
868120168557129
868120168557137
868120168557145
868120168557152
868120168557160
868120168557178
868120168557186
868120168557194
868120168557202
868120168557210
868120168557228
868120168557236
868120168557244
868120168557251
868120168557269
868120168557277
868120168557285
868120168557293
868120168557301
868120168557319
868120168557327
868120168557335
868120168557343
868120168557350
868120168557368
868120168557376
868120168557384
868120168557392
868120168557400
868120168557418
868120168557426
868120168557434
868120168557442
868120168557459
868120168557467
868120168557475
868120168557483
868120168557491
868120168557509
868120168557517
868120168557525
868120168557533
868120168557541
868120168557558
868120168557566
868120168557574
868120168557582
868120168557590
868120168557608
868120168557616
868120168557624
868120168557632
868120168557640
868120168557657
868120168557665
868120168557673
868120168557681
868120168557699
868120168557707
868120168557715
868120168557723
868120168557731
868120168557749
868120168557756
868120168557764
868120168557772
868120168557780
868120168557798
868120168557806
868120168557814
868120168557822
868120168557830
868120168557848
868120168557855
868120168557863
868120168557871
868120168557889
868120168557897
868120168557905
868120168557913
868120168557921
868120168557939
868120168557947
868120168557954
868120168557962
868120168557970
868120168557988
868120168557996
868120168558002
868120168558010
868120168558028
868120168558036
868120168558044
868120168558051
868120168558069
868120168558077
868120168558085
868120168558093
868120168558101
868120168558119
868120168558127
868120168558135
868120168558143
868120168558150
868120168558168
868120168558176
868120168558184
868120168558192
868120168558200
868120168558218
868120168558226
868120168558234
868120168558242
868120168558259
868120168558267
868120168558275
868120168558283
868120168558291
868120168558309
868120168558317
868120168558325
868120168558333
868120168558341
868120168558358
868120168558366
868120168558374
868120168558382
868120168558390
868120168558408
868120168558416
868120168558424
868120168558432
868120168558440
868120168558457
868120168558465
868120168558473
868120168558481
868120168558499
868120168558507
868120168558515
868120168558523
868120168558531
868120168558549
868120168558556
868120168558564
868120168558572
868120168558580
868120168558598
868120168558606
868120168558614
868120168558622
868120168558630
868120168558648
868120168558655
868120168558663
868120168558671
868120168558689
868120168558697
868120168558705
868120168558713
868120168558721
868120168558739
868120168558747
868120168558754
868120168558762
868120168558770
868120168558788
868120168558796
868120168558804
868120168558812
868120168558820
868120168558838
868120168558846
868120168558853
868120168558861
868120168558879
868120168558887
868120168558895
868120168558903
868120168558911
868120168558929
868120168558937
868120168558945
868120168558952
868120168558960
868120168558978
868120168558986
868120168558994
868120168559000
868120168559018
868120168559026
868120168559034
868120168559042
868120168559059
868120168559067
868120168559075
868120168559083
868120168559091
868120168559109
868120168559117
868120168559125
868120168559133
868120168559141
868120168559158
868120168559166
868120168559174
868120168559182
868120168559190
868120168559208
868120168559216
868120168559224
868120168559232
868120168559240
868120168559257
868120168559265
868120168559273
868120168559281
868120168559299
868120168559307
868120168559315
868120168559323
868120168559331
868120168559349
868120168559356
868120168559364
868120168559372
868120168559380
868120168559398
868120168559406
868120168559414
868120168559422
868120168559430
868120168559448
868120168559455
868120168559463
868120168559471
868120168559489
868120168559497
868120168559505
868120168559513
868120168559521
868120168559539
868120168559547
868120168559554
868120168559562
868120168559570
868120168559588
868120168559596
868120168559604
868120168559612
868120168559620
868120168559638
868120168559646
868120168559653
868120168559661
868120168559679
868120168559687
868120168559695
868120168559703
868120168559711
868120168559729
868120168559737
868120168559745
868120168559752
868120168559760
868120168559778
868120168559786
868120168559794
868120168559802
868120168559810
868120168559828
868120168559836
868120168559844
868120168559851
868120168559869
868120168559877
868120168559885
868120168559893
868120168559901
868120168559919
868120168559927
868120168559935
868120168559943
868120168559950
868120168559968
868120168559976
868120168559984
868120168559992
868120168560008
868120168560016
868120168560024
868120168560032
868120168560040
868120168560057
868120168560065
868120168560073
868120168560081
868120168560099
868120168560107
868120168560115
868120168560123
868120168560131
868120168560149
868120168560156
868120168560164
868120168560172
868120168560180
868120168560198
868120168560206
868120168560214
868120168560222
868120168560230
868120168560248
868120168560255
868120168560263
868120168560271
868120168560289
868120168560297
868120168560305
868120168560313
868120168560321
868120168560339
868120168560347
868120168560354
868120168560362
868120168560370
868120168560388
868120168560396
868120168560404
868120168560412
868120168560420
868120168560438
868120168560446
868120168560453
868120168560461
868120168560479
868120168560487
868120168560495
868120168560503
868120168560511
868120168560529
868120168560537
868120168560545
868120168560552
868120168560560
868120168560578
868120168560586
868120168560594
868120168560602
868120168560610
868120168560628
868120168560636
868120168560644
868120168560651
868120168560669
868120168560677
868120168560685
868120168560693
868120168560701
868120168560719
868120168560727
868120168560735
868120168560743
868120168560750
868120168560768
868120168560776
868120168560784
868120168560792
868120168560800
868120168560818
868120168560826
868120168560834
868120168560842
868120168560859
868120168560867
868120168560875
868120168560883
868120168560891
868120168560909
868120168560917
868120168560925
868120168560933
868120168560941
868120168560958
868120168560966
868120168560974
868120168560982
868120168560990
868120168561006
868120168561014
868120168561022
868120168561030
868120168561048
868120168561055
868120168561063
868120168561071
868120168561089
868120168561097
868120168561105
868120168561113
868120168561121
868120168561139
868120168561147
868120168561154
868120168561162
868120168561170
868120168561188
868120168561196
868120168561204
868120168561212
868120168561220
868120168561238
868120168561246
868120168561253
868120168561261
868120168561279
868120168561287
868120168561295
868120168561303
868120168561311
868120168561329
868120168561337
868120168561345
868120168561352
868120168561360
868120168561378
868120168561386
868120168561394
868120168561402
868120168561410
868120168561428
868120168561436
868120168561444
868120168561451
868120168561469
868120168561477
868120168561485
868120168561493
868120168561501
868120168561519
868120168561527
868120168561535
868120168561543
868120168561550
868120168561568
868120168561576
868120168561584
868120168561592
868120168561600
868120168561618
868120168561626
868120168561634
868120168561642
868120168561659
868120168561667
868120168561675
868120168561683
868120168561691
868120168561709
868120168561717
868120168561725
868120168561733
868120168561741
868120168561758
868120168561766
868120168561774
868120168561782
868120168561790
868120168561808
868120168561816
868120168561824
868120168561832
868120168561840
868120168561857
868120168561865
868120168561873
868120168561881
868120168561899
868120168561907
868120168561915
868120168561923
868120168561931
868120168561949
868120168561956
868120168561964
868120168561972
868120168561980
868120168561998
868120168562004
868120168562012
868120168562020
868120168562038
868120168562046
868120168562053
868120168562061
868120168562079
868120168562087
868120168562095
868120168562103
868120168562111
868120168562129
868120168562137
868120168562145
868120168562152
868120168562160
868120168562178
868120168562186
868120168562194
868120168562202
868120168562210
868120168562228
868120168562236
868120168562244
868120168562251
868120168562269
868120168562277
868120168562285
868120168562293
868120168562301
868120168562319
868120168562327
868120168562335
868120168562343
868120168562350
868120168562368
868120168562376
868120168562384
868120168562392
868120168562400
868120168562418
868120168562426
868120168562434
868120168562442
868120168562459
868120168562467
868120168562475
868120168562483
868120168562491
868120168562509
868120168562517
868120168562525
868120168562533
868120168562541
868120168562558
868120168562566
868120168562574
868120168562582
868120168562590
868120168562608
868120168562616
868120168562624
868120168562632
868120168562640
868120168562657
868120168562665
868120168562673
868120168562681
868120168562699
868120168562707
868120168562715
868120168562723
868120168562731
868120168562749
868120168562756
868120168562764
868120168562772
868120168562780
868120168562798
868120168562806
868120168562814
868120168562822
868120168562830
868120168562848
868120168562855
868120168562863
868120168562871
868120168562889
868120168562897
868120168562905
868120168562913
868120168562921
868120168562939
868120168562947
868120168562954
868120168562962
868120168562970
868120168562988
868120168562996
868120168563002
868120168563010
868120168563028
868120168563036
868120168563044
868120168563051
868120168563069
868120168563077
868120168563085
868120168563093
868120168563101
868120168563119
868120168563127
868120168563135
868120168563143
868120168563150
868120168563168
868120168563176
868120168563184
868120168563192
868120168563200
868120168563218
868120168563226
868120168563234
868120168563242
868120168563259
868120168563267
868120168563275
868120168563283
868120168563291
868120168563309
868120168563317
868120168563325
868120168563333
868120168563341
868120168563358
868120168563366
868120168563374
868120168563382
868120168563390
868120168563408
868120168563416
868120168563424
868120168563432
868120168563440
868120168563457
868120168563465
868120168563473
868120168563481
868120168563499
868120168563507
868120168563515
868120168563523
868120168563531
868120168563549
868120168563556
868120168563564
868120168563572
868120168563580
868120168563598
868120168563606
868120168563614
868120168563622
868120168563630
868120168563648
868120168563655
868120168563663
868120168563671
868120168563689
868120168563697
868120168563705
868120168563713
868120168563721
868120168563739
868120168563747
868120168563754
868120168563762
868120168563770
868120168563788
868120168563796
868120168563804
868120168563812
868120168563820
868120168563838
868120168563846
868120168563853
868120168563861
868120168563879
868120168563887
868120168563895
868120168563903
868120168563911
868120168563929
868120168563937
868120168563945
868120168563952
868120168563960
868120168563978
868120168563986
868120168563994
868120168564000
868120168564018
868120168564026
868120168564034
868120168564042
868120168564059
868120168564067
868120168564075
868120168564083
868120168564091
868120168564109
868120168564117
868120168564125
868120168564133
868120168564141
868120168564158
868120168564166
868120168564174
868120168564182
868120168564190
868120168564208
868120168564216
868120168564224
868120168564232
868120168564240
868120168564257
868120168564265
868120168564273
868120168564281
868120168564299
868120168564307
868120168564315
868120168564323
868120168564331
868120168564349
868120168564356
868120168564364
868120168564372
868120168564380
868120168564398
868120168564406
868120168564414
868120168564422
868120168564430
