868120171296046
868120171296053
868120171296061
868120171296079
868120171296087
868120171296095
868120171296103
868120171296111
868120171296129
868120171296137
868120171296145
868120171296152
868120171296160
868120171296178
868120171296186
868120171296194
868120171296202
868120171296210
868120171296228
868120171296236
868120171296244
868120171296251
868120171296269
868120171296277
868120171296285
868120171296293
868120171296301
868120171296319
868120171296327
868120171296335
868120171296343
868120171296350
868120171296368
868120171296376
868120171296384
868120171296392
868120171296400
868120171296418
868120171296426
868120171296434
868120171296442
868120171296459
868120171296467
868120171296475
868120171296483
868120171296491
868120171296509
868120171296517
868120171296525
868120171296533
868120171296541
868120171296558
868120171296566
868120171296574
868120171296582
868120171296590
868120171296608
868120171296616
868120171296624
868120171296632
868120171296640
868120171296657
868120171296665
868120171296673
868120171296681
868120171296699
868120171296707
868120171296715
868120171296723
868120171296731
868120171296749
868120171296756
868120171296764
868120171296772
868120171296780
868120171296798
868120171296806
868120171296814
868120171296822
868120171296830
868120171296848
868120171296855
868120171296863
868120171296871
868120171296889
868120171296897
868120171296905
868120171296913
868120171296921
868120171296939
868120171296947
868120171296954
868120171296962
868120171296970
868120171296988
868120171296996
868120171297002
868120171297010
868120171297028
868120171297036
868120171297044
868120171297051
868120171297069
868120171297077
868120171297085
868120171297093
868120171297101
868120171297119
868120171297127
868120171297135
868120171297143
868120171297150
868120171297168
868120171297176
868120171297184
868120171297192
868120171297200
868120171297218
868120171297226
868120171297234
868120171297242
868120171297259
868120171297267
868120171297275
868120171297283
868120171297291
868120171297309
868120171297317
868120171297325
868120171297333
868120171297341
868120171297358
868120171297366
868120171297374
868120171297382
868120171297390
868120171297408
868120171297416
868120171297424
868120171297432
868120171297440
868120171297457
868120171297465
868120171297473
868120171297481
868120171297499
868120171297507
868120171297515
868120171297523
868120171297531
868120171297549
868120171297556
868120171297564
868120171297572
868120171297580
868120171297598
868120171297606
868120171297614
868120171297622
868120171297630
868120171297648
868120171297655
868120171297663
868120171297671
868120171297689
868120171297697
868120171297705
868120171297713
868120171297721
868120171297739
868120171297747
868120171297754
868120171297762
868120171297770
868120171297788
868120171297796
868120171297804
868120171297812
868120171297820
868120171297838
868120171297846
868120171297853
868120171297861
868120171297879
868120171297887
868120171297895
868120171297903
868120171297911
868120171297929
868120171297937
868120171297945
868120171297952
868120171297960
868120171297978
868120171297986
868120171297994
868120171298000
868120171298018
868120171298026
868120171298034
868120171298042
868120171298059
868120171298067
868120171298075
868120171298083
868120171298091
868120171298109
868120171298117
868120171298125
868120171298133
868120171298141
868120171298158
868120171298166
868120171298174
868120171298182
868120171298190
868120171298208
868120171298216
868120171298224
868120171298232
868120171298240
868120171298257
868120171298265
868120171298273
868120171298281
868120171298299
868120171298307
868120171298315
868120171298323
868120171298331
868120171298349
868120171298356
868120171298364
868120171298372
868120171298380
868120171298398
868120171298406
868120171298414
868120171298422
868120171298430
868120171298448
868120171298455
868120171298463
868120171298471
868120171298489
868120171298497
868120171298505
868120171298513
868120171298521
868120171298539
868120171298547
868120171298554
868120171298562
868120171298570
868120171298588
868120171298596
868120171298604
868120171298612
868120171298620
868120171298638
868120171298646
868120171298653
868120171298661
868120171298679
868120171298687
868120171298695
868120171298703
868120171298711
868120171298729
868120171298737
868120171298745
868120171298752
868120171298760
868120171298778
868120171298786
868120171298794
868120171298802
868120171298810
868120171298828
868120171298836
868120171298844
868120171298851
868120171298869
868120171298877
868120171298885
868120171298893
868120171298901
868120171298919
868120171298927
868120171298935
868120171298943
868120171298950
868120171298968
868120171298976
868120171298984
868120171298992
868120171299008
868120171299016
868120171299024
868120171299032
868120171299040
868120171299057
868120171299065
868120171299073
868120171299081
868120171299099
868120171299107
868120171299115
868120171299123
868120171299131
868120171299149
868120171299156
868120171299164
868120171299172
868120171299180
868120171299198
868120171299206
868120171299214
868120171299222
868120171299230
868120171299248
868120171299255
868120171299263
868120171299271
868120171299289
868120171299297
868120171299305
868120171299313
868120171299321
868120171299339
868120171299347
868120171299354
868120171299362
868120171299370
868120171299388
868120171299396
868120171299404
868120171299412
868120171299420
868120171299438
868120171299446
868120171299453
868120171299461
868120171299479
868120171299487
868120171299495
868120171299503
868120171299511
868120171299529
868120171299537
868120171299545
868120171299552
868120171299560
868120171299578
868120171299586
868120171299594
868120171299602
868120171299610
868120171299628
868120171299636
868120171299644
868120171299651
868120171299669
868120171299677
868120171299685
868120171299693
868120171299701
868120171299719
868120171299727
868120171299735
868120171299743
868120171299750
868120171299768
868120171299776
868120171299784
868120171299792
868120171299800
868120171299818
868120171299826
868120171299834
868120171299842
868120171299859
868120171299867
868120171299875
868120171299883
868120171299891
868120171299909
868120171299917
868120171299925
868120171299933
868120171299941
868120171299958
868120171299966
868120171299974
868120171299982
868120171299990
868120171300004
868120171300012
868120171300020
868120171300038
868120171300046
868120171300053
868120171300061
868120171300079
868120171300087
868120171300095
868120171300103
868120171300111
868120171300129
868120171300137
868120171300145
868120171300152
868120171300160
868120171300178
868120171300186
868120171300194
868120171300202
868120171300210
868120171300228
868120171300236
868120171300244
868120171300251
868120171300269
868120171300277
868120171300285
868120171300293
868120171300301
868120171300319
868120171300327
868120171300335
868120171300343
868120171300350
868120171300368
868120171300376
868120171300384
868120171300392
868120171300400
868120171300418
868120171300426
868120171300434
868120171300442
868120171300459
868120171300467
868120171300475
868120171300483
868120171300491
868120171300509
868120171300517
868120171300525
868120171300533
868120171300541
868120171300558
868120171300566
868120171300574
868120171300582
868120171300590
868120171300608
868120171300616
868120171300624
868120171300632
868120171300640
868120171300657
868120171300665
868120171300673
868120171300681
868120171300699
868120171300707
868120171300715
868120171300723
868120171300731
868120171300749
868120171300756
868120171300764
868120171300772
868120171300780
868120171300798
868120171300806
868120171300814
868120171300822
868120171300830
868120171300848
868120171300855
868120171300863
868120171300871
868120171300889
868120171300897
868120171300905
868120171300913
868120171300921
868120171300939
868120171300947
868120171300954
868120171300962
868120171300970
868120171300988
868120171300996
868120171301002
868120171301010
868120171301028
868120171301036
868120171301044
868120171301051
868120171301069
868120171301077
868120171301085
868120171301093
868120171301101
868120171301119
868120171301127
868120171301135
868120171301143
868120171301150
868120171301168
868120171301176
868120171301184
868120171301192
868120171301200
868120171301218
868120171301226
868120171301234
868120171301242
868120171301259
868120171301267
868120171301275
868120171301283
868120171301291
868120171301309
868120171301317
868120171301325
868120171301333
868120171301341
868120171301358
868120171301366
868120171301374
868120171301382
868120171301390
868120171301408
868120171301416
868120171301424
868120171301432
868120171301440
868120171301457
868120171301465
868120171301473
868120171301481
868120171301499
868120171301507
868120171301515
868120171301523
868120171301531
868120171301549
868120171301556
868120171301564
868120171301572
868120171301580
868120171301598
868120171301606
868120171301614
868120171301622
868120171301630
868120171301648
868120171301655
868120171301663
868120171301671
868120171301689
868120171301697
868120171301705
868120171301713
868120171301721
868120171301739
868120171301747
868120171301754
868120171301762
868120171301770
868120171301788
868120171301796
868120171301804
868120171301812
868120171301820
868120171301838
868120171301846
868120171301853
868120171301861
868120171301879
868120171301887
868120171301895
868120171301903
868120171301911
868120171301929
868120171301937
868120171301945
868120171301952
868120171301960
868120171301978
868120171301986
868120171301994
868120171302000
868120171302018
868120171302026
868120171302034
868120171302042
868120171302059
868120171302067
868120171302075
868120171302083
868120171302091
868120171302109
868120171302117
868120171302125
868120171302133
868120171302141
868120171302158
868120171302166
868120171302174
868120171302182
868120171302190
868120171302208
868120171302216
868120171302224
868120171302232
868120171302240
868120171302257
868120171302265
868120171302273
868120171302281
868120171302299
868120171302307
868120171302315
868120171302323
868120171302331
868120171302349
868120171302356
868120171302364
868120171302372
868120171302380
868120171302398
868120171302406
868120171302414
868120171302422
868120171302430
868120171302448
868120171302455
868120171302463
868120171302471
868120171302489
868120171302497
868120171302505
868120171302513
868120171302521
868120171302539
868120171302547
868120171302554
868120171302562
868120171302570
868120171302588
868120171302596
868120171302604
868120171302612
868120171302620
868120171302638
868120171302646
868120171302653
868120171302661
868120171302679
868120171302687
868120171302695
868120171302703
868120171302711
868120171302729
868120171302737
868120171302745
868120171302752
868120171302760
868120171302778
868120171302786
868120171302794
868120171302802
868120171302810
868120171302828
868120171302836
868120171302844
868120171302851
868120171302869
868120171302877
868120171302885
868120171302893
868120171302901
868120171302919
868120171302927
868120171302935
868120171302943
868120171302950
868120171302968
868120171302976
868120171302984
868120171302992
868120171303008
868120171303016
868120171303024
868120171303032
868120171303040
868120171303057
868120171303065
868120171303073
868120171303081
868120171303099
868120171303107
868120171303115
868120171303123
868120171303131
868120171303149
868120171303156
868120171303164
868120171303172
868120171303180
868120171303198
868120171303206
868120171303214
868120171303222
868120171303230
868120171303248
868120171303255
868120171303263
868120171303271
868120171303289
868120171303297
868120171303305
868120171303313
868120171303321
868120171303339
868120171303347
868120171303354
868120171303362
868120171303370
868120171303388
868120171303396
868120171303404
868120171303412
868120171303420
868120171303438
868120171303446
868120171303453
868120171303461
868120171303479
868120171303487
868120171303495
868120171303503
868120171303511
868120171303529
868120171303537
868120171303545
868120171303552
868120171303560
868120171303578
868120171303586
868120171303594
868120171303602
868120171303610
868120171303628
868120171303636
868120171303644
868120171303651
868120171303669
868120171303677
868120171303685
868120171303693
868120171303701
868120171303719
868120171303727
868120171303735
868120171303743
868120171303750
868120171303768
868120171303776
868120171303784
868120171303792
868120171303800
868120171303818
868120171303826
868120171303834
868120171303842
868120171303859
868120171303867
868120171303875
868120171303883
868120171303891
868120171303909
868120171303917
868120171303925
868120171303933
868120171303941
868120171303958
868120171303966
868120171303974
868120171303982
868120171303990
868120171304006
868120171304014
868120171304022
868120171304030
868120171304048
868120171304055
868120171304063
868120171304071
868120171304089
868120171304097
868120171304105
868120171304113
868120171304121
868120171304139
868120171304147
868120171304154
868120171304162
868120171304170
868120171304188
868120171304196
868120171304204
868120171304212
868120171304220
868120171304238
868120171304246
868120171304253
868120171304261
868120171304279
868120171304287
868120171304295
868120171304303
868120171304311
868120171304329
868120171304337
868120171304345
868120171304352
868120171304360
868120171304378
868120171304386
868120171304394
868120171304402
868120171304410
868120171304428
868120171304436
868120171304444
868120171304451
868120171304469
868120171304477
868120171304485
868120171304493
868120171304501
868120171304519
868120171304527
868120171304535
868120171304543
868120171304550
868120171304568
868120171304576
868120171304584
868120171304592
868120171304600
868120171304618
868120171304626
868120171304634
868120171304642
868120171304659
868120171304667
868120171304675
868120171304683
868120171304691
868120171304709
868120171304717
868120171304725
868120171304733
868120171304741
868120171304758
868120171304766
868120171304774
868120171304782
868120171304790
868120171304808
868120171304816
868120171304824
868120171304832
868120171304840
868120171304857
868120171304865
868120171304873
868120171304881
868120171304899
868120171304907
868120171304915
868120171304923
868120171304931
868120171304949
868120171304956
868120171304964
868120171304972
868120171304980
868120171304998
868120171305003
868120171305011
868120171305029
868120171305037
868120171305045
868120171305052
868120171305060
868120171305078
868120171305086
868120171305094
868120171305102
868120171305110
868120171305128
868120171305136
868120171305144
868120171305151
868120171305169
868120171305177
868120171305185
868120171305193
868120171305201
868120171305219
868120171305227
868120171305235
868120171305243
868120171305250
868120171305268
868120171305276
868120171305284
868120171305292
868120171305300
868120171305318
868120171305326
868120171305334
868120171305342
868120171305359
868120171305367
868120171305375
868120171305383
868120171305391
868120171305409
868120171305417
868120171305425
868120171305433
868120171305441
868120171305458
868120171305466
868120171305474
868120171305482
868120171305490
868120171305508
868120171305516
868120171305524
868120171305532
868120171305540
868120171305557
868120171305565
868120171305573
868120171305581
868120171305599
868120171305607
868120171305615
868120171305623
868120171305631
868120171305649
868120171305656
868120171305664
868120171305672
868120171305680
868120171305698
868120171305706
868120171305714
868120171305722
868120171305730
868120171305748
868120171305755
868120171305763
868120171305771
868120171305789
868120171305797
868120171305805
868120171305813
868120171305821
868120171305839
868120171305847
868120171305854
868120171305862
868120171305870
868120171305888
868120171305896
868120171305904
868120171305912
868120171305920
868120171305938
868120171305946
868120171305953
868120171305961
868120171305979
868120171305987
868120171305995
868120171306001
868120171306019
868120171306027
868120171306035
868120171306043
868120171306050
868120171306068
868120171306076
868120171306084
868120171306092
868120171306100
868120171306118
868120171306126
868120171306134
868120171306142
868120171306159
868120171306167
868120171306175
868120171306183
868120171306191
868120171306209
868120171306217
868120171306225
868120171306233
868120171306241
868120171306258
868120171306266
868120171306274
868120171306282
868120171306290
868120171306308
868120171306316
868120171306324
868120171306332
868120171306340
868120171306357
868120171306365
868120171306373
868120171306381
868120171306399
868120171306407
868120171306415
868120171306423
868120171306431
868120171306449
868120171306456
868120171306464
868120171306472
868120171306480
868120171306498
868120171306506
868120171306514
868120171306522
868120171306530
868120171306548
868120171306555
868120171306563
868120171306571
868120171306589
868120171306597
868120171306605
868120171306613
868120171306621
868120171306639
868120171306647
868120171306654
868120171306662
868120171306670
868120171306688
868120171306696
868120171306704
868120171306712
868120171306720
868120171306738
868120171306746
868120171306753
868120171306761
868120171306779
868120171306787
868120171306795
868120171306803
868120171306811
868120171306829
868120171306837
868120171306845
868120171306852
868120171306860
868120171306878
868120171306886
868120171306894
868120171306902
868120171306910
868120171306928
868120171306936
868120171306944
868120171306951
868120171306969
868120171306977
868120171306985
868120171306993
868120171307009
868120171307017
868120171307025
868120171307033
868120171307041
868120171307058
868120171307066
868120171307074
868120171307082
868120171307090
868120171307108
868120171307116
868120171307124
868120171307132
868120171307140
868120171307157
868120171307165
868120171307173
868120171307181
868120171307199
868120171307207
868120171307215
868120171307223
868120171307231
868120171307249
868120171307256
868120171307264
868120171307272
868120171307280
868120171307298
868120171307306
868120171307314
868120171307322
868120171307330
868120171307348
868120171307355
868120171307363
868120171307371
868120171307389
868120171307397
868120171307405
868120171307413
868120171307421
868120171307439
868120171307447
868120171307454
868120171307462
868120171307470
868120171307488
868120171307496
868120171307504
868120171307512
868120171307520
868120171307538
868120171307546
868120171307553
868120171307561
868120171307579
868120171307587
868120171307595
868120171307603
868120171307611
868120171307629
868120171307637
868120171307645
868120171307652
868120171307660
868120171307678
868120171307686
868120171307694
868120171307702
868120171307710
868120171307728
868120171307736
868120171307744
868120171307751
868120171307769
868120171307777
868120171307785
868120171307793
868120171307801
868120171307819
868120171307827
868120171307835
868120171307843
868120171307850
868120171307868
868120171307876
868120171307884
868120171307892
868120171307900
868120171307918
868120171307926
868120171307934
868120171307942
868120171307959
868120171307967
868120171307975
868120171307983
868120171307991
868120171308007
868120171308015
868120171308023
868120171308031
868120171308049
868120171308056
868120171308064
868120171308072
868120171308080
868120171308098
868120171308106
868120171308114
868120171308122
868120171308130
868120171308148
868120171308155
868120171308163
868120171308171
868120171308189
868120171308197
868120171308205
868120171308213
868120171308221
868120171308239
868120171308247
868120171308254
868120171308262
868120171308270
868120171308288
868120171308296
868120171308304
868120171308312
868120171308320
868120171308338
868120171308346
868120171308353
868120171308361
868120171308379
868120171308387
868120171308395
868120171308403
868120171308411
868120171308429
868120171308437
868120171308445
868120171308452
868120171308460
868120171308478
868120171308486
868120171308494
868120171308502
868120171308510
868120171308528
868120171308536
868120171308544
868120171308551
868120171308569
868120171308577
868120171308585
868120171308593
868120171308601
868120171308619
868120171308627
868120171308635
868120171308643
868120171308650
868120171308668
868120171308676
868120171308684
868120171308692
868120171308700
868120171308718
868120171308726
868120171308734
868120171308742
868120171308759
868120171308767
868120171308775
868120171308783
868120171308791
868120171308809
868120171308817
868120171308825
868120171308833
868120171308841
868120171308858
868120171308866
868120171308874
868120171308882
868120171308890
868120171308908
868120171308916
868120171308924
868120171308932
868120171308940
868120171308957
868120171308965
868120171308973
868120171308981
868120171308999
868120171309005
868120171309013
868120171309021
868120171309039
868120171309047
868120171309054
868120171309062
868120171309070
868120171309088
868120171309096
868120171309104
868120171309112
868120171309120
868120171309138
868120171309146
868120171309153
868120171309161
868120171309179
868120171309187
868120171309195
868120171309203
868120171309211
868120171309229
868120171309237
868120171309245
868120171309252
868120171309260
868120171309278
868120171309286
868120171309294
868120171309302
868120171309310
868120171309328
868120171309336
868120171309344
868120171309351
868120171309369
868120171309377
868120171309385
868120171309393
868120171309401
868120171309419
868120171309427
868120171309435
868120171309443
868120171309450
868120171309468
868120171309476
868120171309484
868120171309492
868120171309500
868120171309518
868120171309526
868120171309534
868120171309542
868120171309559
868120171309567
868120171309575
868120171309583
868120171309591
868120171309609
868120171309617
868120171309625
868120171309633
868120171309641
868120171309658
868120171309666
868120171309674
868120171309682
868120171309690
868120171309708
868120171309716
868120171309724
868120171309732
868120171309740
868120171309757
868120171309765
868120171309773
868120171309781
868120171309799
868120171309807
868120171309815
868120171309823
868120171309831
868120171309849
868120171309856
868120171309864
868120171309872
868120171309880
868120171309898
868120171309906
868120171309914
868120171309922
868120171309930
868120171309948
868120171309955
868120171309963
868120171309971
868120171309989
868120171309997
868120171310003
868120171310011
868120171310029
868120171310037
868120171310045
868120171310052
868120171310060
868120171310078
868120171310086
868120171310094
868120171310102
868120171310110
868120171310128
868120171310136
868120171310144
868120171310151
868120171310169
868120171310177
868120171310185
868120171310193
868120171310201
868120171310219
868120171310227
868120171310235
868120171310243
868120171310250
868120171310268
868120171310276
868120171310284
868120171310292
868120171310300
868120171310318
868120171310326
868120171310334
868120171310342
868120171310359
868120171310367
868120171310375
868120171310383
868120171310391
868120171310409
868120171310417
868120171310425
868120171310433
868120171310441
868120171310458
868120171310466
868120171310474
868120171310482
868120171310490
868120171310508
868120171310516
868120171310524
868120171310532
868120171310540
868120171310557
868120171310565
868120171310573
868120171310581
868120171310599
868120171310607
868120171310615
868120171310623
868120171310631
868120171310649
868120171310656
868120171310664
868120171310672
868120171310680
868120171310698
868120171310706
868120171310714
868120171310722
868120171310730
868120171310748
868120171310755
868120171310763
868120171310771
868120171310789
868120171310797
868120171310805
868120171310813
868120171310821
868120171310839
868120171310847
868120171310854
868120171310862
868120171310870
868120171310888
868120171310896
868120171310904
868120171310912
868120171310920
868120171310938
868120171310946
868120171310953
868120171310961
868120171310979
868120171310987
868120171310995
868120171311001
868120171311019
868120171311027
868120171311035
