868120180295989
868120180295997
868120180296003
868120180296011
868120180296029
868120180296037
868120180296045
868120180296052
868120180296060
868120180296078
868120180296086
868120180296094
868120180296102
868120180296110
868120180296128
868120180296136
868120180296144
868120180296151
868120180296169
868120180296177
868120180296185
868120180296193
868120180296201
868120180296219
868120180296227
868120180296235
868120180296243
868120180296250
868120180296268
868120180296276
868120180296284
868120180296292
868120180296300
868120180296318
868120180296326
868120180296334
868120180296342
868120180296359
868120180296367
868120180296375
868120180296383
868120180296391
868120180296409
868120180296417
868120180296425
868120180296433
868120180296441
868120180296458
868120180296466
868120180296474
868120180296482
868120180296490
868120180296508
868120180296516
868120180296524
868120180296532
868120180296540
868120180296557
868120180296565
868120180296573
868120180296581
868120180296599
868120180296607
868120180296615
868120180296623
868120180296631
868120180296649
868120180296656
868120180296664
868120180296672
868120180296680
868120180296698
868120180296706
868120180296714
868120180296722
868120180296730
868120180296748
868120180296755
868120180296763
868120180296771
868120180296789
868120180296797
868120180296805
868120180296813
868120180296821
868120180296839
868120180296847
868120180296854
868120180296862
868120180296870
868120180296888
868120180296896
868120180296904
868120180296912
868120180296920
868120180296938
868120180296946
868120180296953
868120180296961
868120180296979
868120180296987
868120180296995
868120180297001
868120180297019
868120180297027
868120180297035
868120180297043
868120180297050
868120180297068
868120180297076
868120180297084
868120180297092
868120180297100
868120180297118
868120180297126
868120180297134
868120180297142
868120180297159
868120180297167
868120180297175
868120180297183
868120180297191
868120180297209
868120180297217
868120180297225
868120180297233
868120180297241
868120180297258
868120180297266
868120180297274
868120180297282
868120180297290
868120180297308
868120180297316
868120180297324
868120180297332
868120180297340
868120180297357
868120180297365
868120180297373
868120180297381
868120180297399
868120180297407
868120180297415
868120180297423
868120180297431
868120180297449
868120180297456
868120180297464
868120180297472
868120180297480
868120180297498
868120180297506
868120180297514
868120180297522
868120180297530
868120180297548
868120180297555
868120180297563
868120180297571
868120180297589
868120180297597
868120180297605
868120180297613
868120180297621
868120180297639
868120180297647
868120180297654
868120180297662
868120180297670
868120180297688
868120180297696
868120180297704
868120180297712
868120180297720
868120180297738
868120180297746
868120180297753
868120180297761
868120180297779
868120180297787
868120180297795
868120180297803
868120180297811
868120180297829
868120180297837
868120180297845
868120180297852
868120180297860
868120180297878
868120180297886
868120180297894
868120180297902
868120180297910
868120180297928
868120180297936
868120180297944
868120180297951
868120180297969
868120180297977
868120180297985
868120180297993
868120180298009
868120180298017
868120180298025
868120180298033
868120180298041
868120180298058
868120180298066
868120180298074
868120180298082
868120180298090
868120180298108
868120180298116
868120180298124
868120180298132
868120180298140
868120180298157
868120180298165
868120180298173
868120180298181
868120180298199
868120180298207
868120180298215
868120180298223
868120180298231
868120180298249
868120180298256
868120180298264
868120180298272
868120180298280
868120180298298
868120180298306
868120180298314
868120180298322
868120180298330
868120180298348
868120180298355
868120180298363
868120180298371
868120180298389
868120180298397
868120180298405
868120180298413
868120180298421
868120180298439
868120180298447
868120180298454
868120180298462
868120180298470
868120180298488
868120180298496
868120180298504
868120180298512
868120180298520
868120180298538
868120180298546
868120180298553
868120180298561
868120180298579
868120180298587
868120180298595
868120180298603
868120180298611
868120180298629
868120180298637
868120180298645
868120180298652
868120180298660
868120180298678
868120180298686
868120180298694
868120180298702
868120180298710
868120180298728
868120180298736
868120180298744
868120180298751
868120180298769
868120180298777
868120180298785
868120180298793
868120180298801
868120180298819
868120180298827
868120180298835
868120180298843
868120180298850
868120180298868
868120180298876
868120180298884
868120180298892
868120180298900
868120180298918
868120180298926
868120180298934
868120180298942
868120180298959
868120180298967
868120180298975
868120180298983
868120180298991
868120180299007
868120180299015
868120180299023
868120180299031
868120180299049
868120180299056
868120180299064
868120180299072
868120180299080
868120180299098
868120180299106
868120180299114
868120180299122
868120180299130
868120180299148
868120180299155
868120180299163
868120180299171
868120180299189
868120180299197
868120180299205
868120180299213
868120180299221
868120180299239
868120180299247
868120180299254
868120180299262
868120180299270
868120180299288
868120180299296
868120180299304
868120180299312
868120180299320
868120180299338
868120180299346
868120180299353
868120180299361
868120180299379
868120180299387
868120180299395
868120180299403
868120180299411
868120180299429
868120180299437
868120180299445
868120180299452
868120180299460
868120180299478
868120180299486
868120180299494
868120180299502
868120180299510
868120180299528
868120180299536
868120180299544
868120180299551
868120180299569
868120180299577
868120180299585
868120180299593
868120180299601
868120180299619
868120180299627
868120180299635
868120180299643
868120180299650
868120180299668
868120180299676
868120180299684
868120180299692
868120180299700
868120180299718
868120180299726
868120180299734
868120180299742
868120180299759
868120180299767
868120180299775
868120180299783
868120180299791
868120180299809
868120180299817
868120180299825
868120180299833
868120180299841
868120180299858
868120180299866
868120180299874
868120180299882
868120180299890
868120180299908
868120180299916
868120180299924
868120180299932
868120180299940
868120180299957
868120180299965
868120180299973
868120180299981
868120180299999
868120180300003
868120180300011
868120180300029
868120180300037
868120180300045
868120180300052
868120180300060
868120180300078
868120180300086
868120180300094
868120180300102
868120180300110
868120180300128
868120180300136
868120180300144
868120180300151
868120180300169
868120180300177
868120180300185
868120180300193
868120180300201
868120180300219
868120180300227
868120180300235
868120180300243
868120180300250
868120180300268
868120180300276
868120180300284
868120180300292
868120180300300
868120180300318
868120180300326
868120180300334
868120180300342
868120180300359
868120180300367
868120180300375
868120180300383
868120180300391
868120180300409
868120180300417
868120180300425
868120180300433
868120180300441
868120180300458
868120180300466
868120180300474
868120180300482
868120180300490
868120180300508
868120180300516
868120180300524
868120180300532
868120180300540
868120180300557
868120180300565
868120180300573
868120180300581
868120180300599
868120180300607
868120180300615
868120180300623
868120180300631
868120180300649
868120180300656
868120180300664
868120180300672
868120180300680
868120180300698
868120180300706
868120180300714
868120180300722
868120180300730
868120180300748
868120180300755
868120180300763
868120180300771
868120180300789
868120180300797
868120180300805
868120180300813
868120180300821
868120180300839
868120180300847
868120180300854
868120180300862
868120180300870
868120180300888
868120180300896
868120180300904
868120180300912
868120180300920
868120180300938
868120180300946
868120180300953
868120180300961
868120180300979
868120180300987
868120180300995
868120180301001
868120180301019
868120180301027
868120180301035
868120180301043
868120180301050
868120180301068
868120180301076
868120180301084
868120180301092
868120180301100
868120180301118
868120180301126
868120180301134
868120180301142
868120180301159
868120180301167
868120180301175
868120180301183
868120180301191
868120180301209
868120180301217
868120180301225
868120180301233
868120180301241
868120180301258
868120180301266
868120180301274
868120180301282
868120180301290
868120180301308
868120180301316
868120180301324
868120180301332
868120180301340
868120180301357
868120180301365
868120180301373
868120180301381
868120180301399
868120180301407
868120180301415
868120180301423
868120180301431
868120180301449
868120180301456
868120180301464
868120180301472
868120180301480
868120180301498
868120180301506
868120180301514
868120180301522
868120180301530
868120180301548
868120180301555
868120180301563
868120180301571
868120180301589
868120180301597
868120180301605
868120180301613
868120180301621
868120180301639
868120180301647
868120180301654
868120180301662
868120180301670
868120180301688
868120180301696
868120180301704
868120180301712
868120180301720
868120180301738
868120180301746
868120180301753
868120180301761
868120180301779
868120180301787
868120180301795
868120180301803
868120180301811
868120180301829
868120180301837
868120180301845
868120180301852
868120180301860
868120180301878
868120180301886
868120180301894
868120180301902
868120180301910
868120180301928
868120180301936
868120180301944
868120180301951
868120180301969
868120180301977
868120180301985
868120180301993
868120180302009
868120180302017
868120180302025
868120180302033
868120180302041
868120180302058
868120180302066
868120180302074
868120180302082
868120180302090
868120180302108
868120180302116
868120180302124
868120180302132
868120180302140
868120180302157
868120180302165
868120180302173
868120180302181
868120180302199
868120180302207
868120180302215
868120180302223
868120180302231
868120180302249
868120180302256
868120180302264
868120180302272
868120180302280
868120180302298
868120180302306
868120180302314
868120180302322
868120180302330
868120180302348
868120180302355
868120180302363
868120180302371
868120180302389
868120180302397
868120180302405
868120180302413
868120180302421
868120180302439
868120180302447
868120180302454
868120180302462
868120180302470
868120180302488
868120180302496
868120180302504
868120180302512
868120180302520
868120180302538
868120180302546
868120180302553
868120180302561
868120180302579
868120180302587
868120180302595
868120180302603
868120180302611
868120180302629
868120180302637
868120180302645
868120180302652
868120180302660
868120180302678
868120180302686
868120180302694
868120180302702
868120180302710
868120180302728
868120180302736
868120180302744
868120180302751
868120180302769
868120180302777
868120180302785
868120180302793
868120180302801
868120180302819
868120180302827
868120180302835
868120180302843
868120180302850
868120180302868
868120180302876
868120180302884
868120180302892
868120180302900
868120180302918
868120180302926
868120180302934
868120180302942
868120180302959
868120180302967
868120180302975
868120180302983
868120180302991
868120180303007
868120180303015
868120180303023
868120180303031
868120180303049
868120180303056
868120180303064
868120180303072
868120180303080
868120180303098
868120180303106
868120180303114
868120180303122
868120180303130
868120180303148
868120180303155
868120180303163
868120180303171
868120180303189
868120180303197
868120180303205
868120180303213
868120180303221
868120180303239
868120180303247
868120180303254
868120180303262
868120180303270
868120180303288
868120180303296
868120180303304
868120180303312
868120180303320
868120180303338
868120180303346
868120180303353
868120180303361
868120180303379
868120180303387
868120180303395
868120180303403
868120180303411
868120180303429
868120180303437
868120180303445
868120180303452
868120180303460
868120180303478
868120180303486
868120180303494
868120180303502
868120180303510
868120180303528
868120180303536
868120180303544
868120180303551
868120180303569
868120180303577
868120180303585
868120180303593
868120180303601
868120180303619
868120180303627
868120180303635
868120180303643
868120180303650
868120180303668
868120180303676
868120180303684
868120180303692
868120180303700
868120180303718
868120180303726
868120180303734
868120180303742
868120180303759
868120180303767
868120180303775
868120180303783
868120180303791
868120180303809
868120180303817
868120180303825
868120180303833
868120180303841
868120180303858
868120180303866
868120180303874
868120180303882
868120180303890
868120180303908
868120180303916
868120180303924
868120180303932
868120180303940
868120180303957
868120180303965
868120180303973
868120180303981
868120180303999
868120180304005
868120180304013
868120180304021
868120180304039
868120180304047
868120180304054
868120180304062
868120180304070
868120180304088
868120180304096
868120180304104
868120180304112
868120180304120
868120180304138
868120180304146
868120180304153
868120180304161
868120180304179
868120180304187
868120180304195
868120180304203
868120180304211
868120180304229
868120180304237
868120180304245
868120180304252
868120180304260
868120180304278
868120180304286
868120180304294
868120180304302
868120180304310
868120180304328
868120180304336
868120180304344
868120180304351
868120180304369
868120180304377
868120180304385
868120180304393
868120180304401
868120180304419
868120180304427
868120180304435
868120180304443
868120180304450
868120180304468
868120180304476
868120180304484
868120180304492
868120180304500
868120180304518
868120180304526
868120180304534
868120180304542
868120180304559
868120180304567
868120180304575
868120180304583
868120180304591
868120180304609
868120180304617
868120180304625
868120180304633
868120180304641
868120180304658
868120180304666
868120180304674
868120180304682
868120180304690
868120180304708
868120180304716
868120180304724
868120180304732
868120180304740
868120180304757
868120180304765
868120180304773
868120180304781
868120180304799
868120180304807
868120180304815
868120180304823
868120180304831
868120180304849
868120180304856
868120180304864
868120180304872
868120180304880
868120180304898
868120180304906
868120180304914
868120180304922
868120180304930
868120180304948
868120180304955
868120180304963
868120180304971
868120180304989
868120180304997
868120180305002
868120180305010
868120180305028
868120180305036
868120180305044
868120180305051
868120180305069
868120180305077
868120180305085
868120180305093
868120180305101
868120180305119
868120180305127
868120180305135
868120180305143
868120180305150
868120180305168
868120180305176
868120180305184
868120180305192
868120180305200
868120180305218
868120180305226
868120180305234
868120180305242
868120180305259
868120180305267
868120180305275
868120180305283
868120180305291
868120180305309
868120180305317
868120180305325
868120180305333
868120180305341
868120180305358
868120180305366
868120180305374
868120180305382
868120180305390
868120180305408
868120180305416
868120180305424
868120180305432
868120180305440
868120180305457
868120180305465
868120180305473
868120180305481
868120180305499
868120180305507
868120180305515
868120180305523
868120180305531
868120180305549
868120180305556
868120180305564
868120180305572
868120180305580
868120180305598
868120180305606
868120180305614
868120180305622
868120180305630
868120180305648
868120180305655
868120180305663
868120180305671
868120180305689
868120180305697
868120180305705
868120180305713
868120180305721
868120180305739
868120180305747
868120180305754
868120180305762
868120180305770
868120180305788
868120180305796
868120180305804
868120180305812
868120180305820
868120180305838
868120180305846
868120180305853
868120180305861
868120180305879
868120180305887
868120180305895
868120180305903
868120180305911
868120180305929
868120180305937
868120180305945
868120180305952
868120180305960
868120180305978
868120180305986
868120180305994
868120180306000
868120180306018
868120180306026
868120180306034
868120180306042
868120180306059
868120180306067
868120180306075
868120180306083
868120180306091
868120180306109
868120180306117
868120180306125
868120180306133
868120180306141
868120180306158
868120180306166
868120180306174
868120180306182
868120180306190
868120180306208
868120180306216
868120180306224
868120180306232
868120180306240
868120180306257
868120180306265
868120180306273
868120180306281
868120180306299
868120180306307
868120180306315
868120180306323
868120180306331
868120180306349
868120180306356
868120180306364
868120180306372
868120180306380
868120180306398
868120180306406
868120180306414
868120180306422
868120180306430
868120180306448
868120180306455
868120180306463
868120180306471
868120180306489
868120180306497
868120180306505
868120180306513
868120180306521
868120180306539
868120180306547
868120180306554
868120180306562
868120180306570
868120180306588
868120180306596
868120180306604
868120180306612
868120180306620
868120180306638
868120180306646
868120180306653
868120180306661
868120180306679
868120180306687
868120180306695
868120180306703
868120180306711
868120180306729
868120180306737
868120180306745
868120180306752
868120180306760
868120180306778
868120180306786
868120180306794
868120180306802
868120180306810
868120180306828
868120180306836
868120180306844
868120180306851
868120180306869
868120180306877
868120180306885
868120180306893
868120180306901
868120180306919
868120180306927
868120180306935
868120180306943
868120180306950
868120180306968
868120180306976
868120180306984
868120180306992
868120180307008
868120180307016
868120180307024
868120180307032
868120180307040
868120180307057
868120180307065
868120180307073
868120180307081
868120180307099
868120180307107
868120180307115
868120180307123
868120180307131
868120180307149
868120180307156
868120180307164
868120180307172
868120180307180
868120180307198
868120180307206
868120180307214
868120180307222
868120180307230
868120180307248
868120180307255
868120180307263
868120180307271
868120180307289
868120180307297
868120180307305
868120180307313
868120180307321
868120180307339
868120180307347
868120180307354
868120180307362
868120180307370
868120180307388
868120180307396
868120180307404
868120180307412
868120180307420
868120180307438
868120180307446
868120180307453
868120180307461
868120180307479
868120180307487
868120180307495
868120180307503
868120180307511
868120180307529
868120180307537
868120180307545
868120180307552
868120180307560
868120180307578
868120180307586
868120180307594
868120180307602
868120180307610
868120180307628
868120180307636
868120180307644
868120180307651
868120180307669
868120180307677
868120180307685
868120180307693
868120180307701
868120180307719
868120180307727
868120180307735
868120180307743
868120180307750
868120180307768
868120180307776
868120180307784
868120180307792
868120180307800
868120180307818
868120180307826
868120180307834
868120180307842
868120180307859
868120180307867
868120180307875
868120180307883
868120180307891
868120180307909
868120180307917
868120180307925
868120180307933
868120180307941
868120180307958
868120180307966
868120180307974
868120180307982
868120180307990
868120180308006
868120180308014
868120180308022
868120180308030
868120180308048
868120180308055
868120180308063
868120180308071
868120180308089
868120180308097
868120180308105
868120180308113
868120180308121
868120180308139
868120180308147
868120180308154
868120180308162
868120180308170
868120180308188
868120180308196
868120180308204
868120180308212
868120180308220
868120180308238
868120180308246
868120180308253
868120180308261
868120180308279
868120180308287
868120180308295
868120180308303
868120180308311
868120180308329
868120180308337
868120180308345
868120180308352
868120180308360
868120180308378
868120180308386
868120180308394
868120180308402
868120180308410
868120180308428
868120180308436
868120180308444
868120180308451
868120180308469
868120180308477
868120180308485
868120180308493
868120180308501
868120180308519
868120180308527
868120180308535
868120180308543
868120180308550
868120180308568
868120180308576
868120180308584
868120180308592
868120180308600
868120180308618
868120180308626
868120180308634
868120180308642
868120180308659
868120180308667
868120180308675
868120180308683
868120180308691
868120180308709
868120180308717
868120180308725
868120180308733
868120180308741
868120180308758
868120180308766
868120180308774
868120180308782
868120180308790
868120180308808
868120180308816
868120180308824
868120180308832
868120180308840
868120180308857
868120180308865
868120180308873
868120180308881
868120180308899
868120180308907
868120180308915
868120180308923
868120180308931
868120180308949
868120180308956
868120180308964
868120180308972
868120180308980
868120180308998
868120180309004
868120180309012
868120180309020
868120180309038
868120180309046
868120180309053
868120180309061
868120180309079
868120180309087
868120180309095
868120180309103
868120180309111
868120180309129
868120180309137
868120180309145
868120180309152
868120180309160
868120180309178
868120180309186
868120180309194
868120180309202
868120180309210
868120180309228
868120180309236
868120180309244
868120180309251
868120180309269
868120180309277
868120180309285
868120180309293
868120180309301
868120180309319
868120180309327
868120180309335
868120180309343
868120180309350
868120180309368
868120180309376
868120180309384
868120180309392
868120180309400
868120180309418
868120180309426
868120180309434
868120180309442
868120180309459
868120180309467
868120180309475
868120180309483
868120180309491
868120180309509
868120180309517
868120180309525
868120180309533
868120180309541
868120180309558
868120180309566
868120180309574
868120180309582
868120180309590
868120180309608
868120180309616
868120180309624
868120180309632
868120180309640
868120180309657
868120180309665
868120180309673
868120180309681
868120180309699
868120180309707
868120180309715
868120180309723
868120180309731
868120180309749
868120180309756
868120180309764
868120180309772
868120180309780
868120180309798
868120180309806
868120180309814
868120180309822
868120180309830
868120180309848
868120180309855
868120180309863
868120180309871
868120180309889
868120180309897
868120180309905
868120180309913
868120180309921
868120180309939
868120180309947
868120180309954
868120180309962
868120180309970
868120180309988
868120180309996
868120180310002
868120180310010
868120180310028
868120180310036
868120180310044
868120180310051
868120180310069
868120180310077
868120180310085
868120180310093
868120180310101
868120180310119
868120180310127
868120180310135
868120180310143
868120180310150
868120180310168
868120180310176
868120180310184
868120180310192
868120180310200
868120180310218
868120180310226
868120180310234
868120180310242
868120180310259
868120180310267
868120180310275
868120180310283
868120180310291
868120180310309
868120180310317
868120180310325
868120180310333
868120180310341
868120180310358
868120180310366
868120180310374
868120180310382
868120180310390
868120180310408
868120180310416
868120180310424
868120180310432
868120180310440
868120180310457
868120180310465
868120180310473
868120180310481
868120180310499
868120180310507
868120180310515
868120180310523
868120180310531
868120180310549
868120180310556
868120180310564
868120180310572
868120180310580
868120180310598
868120180310606
868120180310614
868120180310622
868120180310630
868120180310648
868120180310655
868120180310663
868120180310671
868120180310689
868120180310697
868120180310705
868120180310713
868120180310721
868120180310739
868120180310747
868120180310754
868120180310762
868120180310770
868120180310788
868120180310796
868120180310804
868120180310812
868120180310820
868120180310838
868120180310846
868120180310853
868120180310861
868120180310879
868120180310887
868120180310895
868120180310903
868120180310911
868120180310929
868120180310937
868120180310945
868120180310952
868120180310960
868120180310978
868120180310986
868120180310994
868120180311000
868120180311018
868120180311026
868120180311034
868120180311042
868120180311059
868120180311067
868120180311075
868120180311083
868120180311091
868120180311109
868120180311117
868120180311125
868120180311133
868120180311141
868120180311158
868120180311166
868120180311174
868120180311182
868120180311190
868120180311208
868120180311216
868120180311224
868120180311232
868120180311240
868120180311257
868120180311265
868120180311273
868120180311281
868120180311299
868120180311307
868120180311315
868120180311323
868120180311331
868120180311349
868120180311356
868120180311364
868120180311372
868120180311380
868120180311398
868120180311406
868120180311414
868120180311422
868120180311430
868120180311448
868120180311455
868120180311463
868120180311471
868120180311489
868120180311497
868120180311505
868120180311513
868120180311521
868120180311539
868120180311547
868120180311554
868120180311562
868120180311570
868120180311588
868120180311596
868120180311604
868120180311612
868120180311620
868120180311638
868120180311646
868120180311653
868120180311661
868120180311679
868120180311687
868120180311695
868120180311703
868120180311711
868120180311729
868120180311737
868120180311745
868120180311752
868120180311760
868120180311778
868120180311786
868120180311794
868120180311802
868120180311810
868120180311828
868120180311836
868120180311844
868120180311851
868120180311869
868120180311877
868120180311885
868120180311893
868120180311901
868120180311919
868120180311927
868120180311935
868120180311943
868120180311950
868120180311968
868120180311976
868120180311984
868120180311992
868120180312008
868120180312016
868120180312024
868120180312032
868120180312040
868120180312057
868120180312065
868120180312073
868120180312081
868120180312099
868120180312107
868120180312115
868120180312123
868120180312131
868120180312149
868120180312156
868120180312164
868120180312172
868120180312180
868120180312198
868120180312206
868120180312214
868120180312222
868120180312230
868120180312248
868120180312255
868120180312263
868120180312271
868120180312289
868120180312297
868120180312305
868120180312313
868120180312321
868120180312339
868120180312347
868120180312354
868120180312362
868120180312370
868120180312388
868120180312396
868120180312404
868120180312412
868120180312420
868120180312438
868120180312446
868120180312453
868120180312461
868120180312479
868120180312487
868120180312495
868120180312503
868120180312511
868120180312529
868120180312537
868120180312545
868120180312552
868120180312560
868120180312578
868120180312586
868120180312594
868120180312602
868120180312610
868120180312628
868120180312636
868120180312644
868120180312651
868120180312669
868120180312677
868120180312685
868120180312693
868120180312701
868120180312719
868120180312727
868120180312735
868120180312743
868120180312750
868120180312768
868120180312776
868120180312784
868120180312792
868120180312800
868120180312818
868120180312826
868120180312834
868120180312842
868120180312859
868120180312867
868120180312875
868120180312883
868120180312891
868120180312909
868120180312917
868120180312925
868120180312933
868120180312941
868120180312958
868120180312966
868120180312974
868120180312982
868120180312990
868120180313006
868120180313014
868120180313022
868120180313030
868120180313048
868120180313055
868120180313063
868120180313071
868120180313089
868120180313097
868120180313105
868120180313113
868120180313121
868120180313139
868120180313147
868120180313154
868120180313162
868120180313170
868120180313188
868120180313196
868120180313204
868120180313212
868120180313220
868120180313238
868120180313246
868120180313253
868120180313261
868120180313279
868120180313287
868120180313295
868120180313303
868120180313311
868120180313329
868120180313337
868120180313345
868120180313352
868120180313360
868120180313378
868120180313386
868120180313394
868120180313402
868120180313410
868120180313428
868120180313436
868120180313444
868120180313451
868120180313469
868120180313477
868120180313485
868120180313493
868120180313501
868120180313519
868120180313527
868120180313535
868120180313543
868120180313550
868120180313568
868120180313576
868120180313584
868120180313592
868120180313600
868120180313618
868120180313626
868120180313634
868120180313642
868120180313659
868120180313667
868120180313675
868120180313683
868120180313691
868120180313709
868120180313717
868120180313725
868120180313733
868120180313741
868120180313758
868120180313766
868120180313774
868120180313782
868120180313790
868120180313808
868120180313816
868120180313824
868120180313832
868120180313840
868120180313857
868120180313865
868120180313873
868120180313881
868120180313899
868120180313907
868120180313915
868120180313923
868120180313931
868120180313949
868120180313956
868120180313964
868120180313972
868120180313980
868120180313998
868120180314004
868120180314012
868120180314020
868120180314038
868120180314046
868120180314053
868120180314061
868120180314079
868120180314087
868120180314095
868120180314103
868120180314111
868120180314129
868120180314137
868120180314145
868120180314152
868120180314160
868120180314178
868120180314186
868120180314194
868120180314202
868120180314210
868120180314228
868120180314236
868120180314244
868120180314251
868120180314269
868120180314277
868120180314285
868120180314293
868120180314301
868120180314319
868120180314327
868120180314335
868120180314343
868120180314350
868120180314368
868120180314376
868120180314384
868120180314392
868120180314400
868120180314418
868120180314426
868120180314434
868120180314442
868120180314459
868120180314467
868120180314475
868120180314483
868120180314491
868120180314509
868120180314517
868120180314525
868120180314533
868120180314541
868120180314558
868120180314566
868120180314574
868120180314582
868120180314590
868120180314608
868120180314616
868120180314624
868120180314632
868120180314640
868120180314657
868120180314665
868120180314673
868120180314681
868120180314699
868120180314707
868120180314715
868120180314723
868120180314731
868120180314749
868120180314756
868120180314764
868120180314772
868120180314780
868120180314798
868120180314806
868120180314814
868120180314822
868120180314830
868120180314848
868120180314855
868120180314863
868120180314871
868120180314889
868120180314897
868120180314905
868120180314913
868120180314921
868120180314939
868120180314947
868120180314954
868120180314962
868120180314970
868120180314988
868120180314996
868120180315001
868120180315019
868120180315027
868120180315035
868120180315043
868120180315050
868120180315068
868120180315076
868120180315084
868120180315092
868120180315100
868120180315118
868120180315126
868120180315134
868120180315142
868120180315159
868120180315167
868120180315175
868120180315183
868120180315191
868120180315209
868120180315217
868120180315225
868120180315233
868120180315241
868120180315258
868120180315266
868120180315274
868120180315282
868120180315290
868120180315308
868120180315316
868120180315324
868120180315332
868120180315340
868120180315357
868120180315365
868120180315373
868120180315381
868120180315399
868120180315407
868120180315415
868120180315423
868120180315431
868120180315449
868120180315456
868120180315464
868120180315472
868120180315480
868120180315498
868120180315506
868120180315514
868120180315522
868120180315530
868120180315548
868120180315555
868120180315563
868120180315571
868120180315589
868120180315597
868120180315605
868120180315613
868120180315621
868120180315639
868120180315647
868120180315654
868120180315662
868120180315670
868120180315688
868120180315696
868120180315704
868120180315712
868120180315720
868120180315738
868120180315746
868120180315753
868120180315761
868120180315779
868120180315787
868120180315795
868120180315803
868120180315811
868120180315829
868120180315837
868120180315845
868120180315852
868120180315860
868120180315878
868120180315886
868120180315894
868120180315902
868120180315910
868120180315928
868120180315936
868120180315944
868120180315951
868120180315969
868120180315977
