868120162935941
868120162935958
868120162935966
868120162935974
868120162935982
868120162935990
868120162936006
868120162936014
868120162936022
868120162936030
868120162936048
868120162936055
868120162936063
868120162936071
868120162936089
868120162936097
868120162936105
868120162936113
868120162936121
868120162936139
868120162936147
868120162936154
868120162936162
868120162936170
868120162936188
868120162936196
868120162936204
868120162936212
868120162936220
868120162936238
868120162936246
868120162936253
868120162936261
868120162936279
868120162936287
868120162936295
868120162936303
868120162936311
868120162936329
868120162936337
868120162936345
868120162936352
868120162936360
868120162936378
868120162936386
868120162936394
868120162936402
868120162936410
868120162936428
868120162936436
868120162936444
868120162936451
868120162936469
868120162936477
868120162936485
868120162936493
868120162936501
868120162936519
868120162936527
868120162936535
868120162936543
868120162936550
868120162936568
868120162936576
868120162936584
868120162936592
868120162936600
868120162936618
868120162936626
868120162936634
868120162936642
868120162936659
868120162936667
868120162936675
868120162936683
868120162936691
868120162936709
868120162936717
868120162936725
868120162936733
868120162936741
868120162936758
868120162936766
868120162936774
868120162936782
868120162936790
868120162936808
868120162936816
868120162936824
868120162936832
868120162936840
868120162936857
868120162936865
868120162936873
868120162936881
868120162936899
868120162936907
868120162936915
868120162936923
868120162936931
868120162936949
868120162936956
868120162936964
868120162936972
868120162936980
868120162936998
868120162937004
868120162937012
868120162937020
868120162937038
868120162937046
868120162937053
868120162937061
868120162937079
868120162937087
868120162937095
868120162937103
868120162937111
868120162937129
868120162937137
868120162937145
868120162937152
868120162937160
868120162937178
868120162937186
868120162937194
868120162937202
868120162937210
868120162937228
868120162937236
868120162937244
868120162937251
868120162937269
868120162937277
868120162937285
868120162937293
868120162937301
868120162937319
868120162937327
868120162937335
868120162937343
868120162937350
868120162937368
868120162937376
868120162937384
868120162937392
868120162937400
868120162937418
868120162937426
868120162937434
868120162937442
868120162937459
868120162937467
868120162937475
868120162937483
868120162937491
868120162937509
868120162937517
868120162937525
868120162937533
868120162937541
868120162937558
868120162937566
868120162937574
868120162937582
868120162937590
868120162937608
868120162937616
868120162937624
868120162937632
868120162937640
868120162937657
868120162937665
868120162937673
868120162937681
868120162937699
868120162937707
868120162937715
868120162937723
868120162937731
868120162937749
868120162937756
868120162937764
868120162937772
868120162937780
868120162937798
868120162937806
868120162937814
868120162937822
868120162937830
868120162937848
868120162937855
868120162937863
868120162937871
868120162937889
868120162937897
868120162937905
868120162937913
868120162937921
868120162937939
868120162937947
868120162937954
868120162937962
868120162937970
868120162937988
868120162937996
868120162938002
868120162938010
868120162938028
868120162938036
868120162938044
868120162938051
868120162938069
868120162938077
868120162938085
868120162938093
868120162938101
868120162938119
868120162938127
868120162938135
868120162938143
868120162938150
868120162938168
868120162938176
868120162938184
868120162938192
868120162938200
868120162938218
868120162938226
868120162938234
868120162938242
868120162938259
868120162938267
868120162938275
868120162938283
868120162938291
868120162938309
868120162938317
868120162938325
868120162938333
868120162938341
868120162938358
868120162938366
868120162938374
868120162938382
868120162938390
868120162938408
868120162938416
868120162938424
868120162938432
868120162938440
868120162938457
868120162938465
868120162938473
868120162938481
868120162938499
868120162938507
868120162938515
868120162938523
868120162938531
868120162938549
868120162938556
868120162938564
868120162938572
868120162938580
868120162938598
868120162938606
868120162938614
868120162938622
868120162938630
868120162938648
868120162938655
868120162938663
868120162938671
868120162938689
868120162938697
868120162938705
868120162938713
868120162938721
868120162938739
868120162938747
868120162938754
868120162938762
868120162938770
868120162938788
868120162938796
868120162938804
868120162938812
868120162938820
868120162938838
868120162938846
868120162938853
868120162938861
868120162938879
868120162938887
868120162938895
868120162938903
868120162938911
868120162938929
868120162938937
868120162938945
868120162938952
868120162938960
868120162938978
868120162938986
868120162938994
868120162939000
868120162939018
868120162939026
868120162939034
868120162939042
868120162939059
868120162939067
868120162939075
868120162939083
868120162939091
868120162939109
868120162939117
868120162939125
868120162939133
868120162939141
868120162939158
868120162939166
868120162939174
868120162939182
868120162939190
868120162939208
868120162939216
868120162939224
868120162939232
868120162939240
868120162939257
868120162939265
868120162939273
868120162939281
868120162939299
868120162939307
868120162939315
868120162939323
868120162939331
868120162939349
868120162939356
868120162939364
868120162939372
868120162939380
868120162939398
868120162939406
868120162939414
868120162939422
868120162939430
868120162939448
868120162939455
868120162939463
868120162939471
868120162939489
868120162939497
868120162939505
868120162939513
868120162939521
868120162939539
868120162939547
868120162939554
868120162939562
868120162939570
868120162939588
868120162939596
868120162939604
868120162939612
868120162939620
868120162939638
868120162939646
868120162939653
868120162939661
868120162939679
868120162939687
868120162939695
868120162939703
868120162939711
868120162939729
868120162939737
868120162939745
868120162939752
868120162939760
868120162939778
868120162939786
868120162939794
868120162939802
868120162939810
868120162939828
868120162939836
868120162939844
868120162939851
868120162939869
868120162939877
868120162939885
868120162939893
868120162939901
868120162939919
868120162939927
868120162939935
868120162939943
868120162939950
868120162939968
868120162939976
868120162939984
868120162939992
868120162940008
868120162940016
868120162940024
868120162940032
868120162940040
868120162940057
868120162940065
868120162940073
868120162940081
868120162940099
868120162940107
868120162940115
868120162940123
868120162940131
868120162940149
868120162940156
868120162940164
868120162940172
868120162940180
868120162940198
868120162940206
868120162940214
868120162940222
868120162940230
868120162940248
868120162940255
868120162940263
868120162940271
868120162940289
868120162940297
868120162940305
868120162940313
868120162940321
868120162940339
868120162940347
868120162940354
868120162940362
868120162940370
868120162940388
868120162940396
868120162940404
868120162940412
868120162940420
868120162940438
868120162940446
868120162940453
868120162940461
868120162940479
868120162940487
868120162940495
868120162940503
868120162940511
868120162940529
868120162940537
868120162940545
868120162940552
868120162940560
868120162940578
868120162940586
868120162940594
868120162940602
868120162940610
868120162940628
868120162940636
868120162940644
868120162940651
868120162940669
868120162940677
868120162940685
868120162940693
868120162940701
868120162940719
868120162940727
868120162940735
868120162940743
868120162940750
868120162940768
868120162940776
868120162940784
868120162940792
868120162940800
868120162940818
868120162940826
868120162940834
868120162940842
868120162940859
868120162940867
868120162940875
868120162940883
868120162940891
868120162940909
868120162940917
868120162940925
868120162940933
868120162940941
868120162940958
868120162940966
868120162940974
868120162940982
868120162940990
868120162941006
868120162941014
868120162941022
868120162941030
868120162941048
868120162941055
868120162941063
868120162941071
868120162941089
868120162941097
868120162941105
868120162941113
868120162941121
868120162941139
868120162941147
868120162941154
868120162941162
868120162941170
868120162941188
868120162941196
868120162941204
868120162941212
868120162941220
868120162941238
868120162941246
868120162941253
868120162941261
868120162941279
868120162941287
868120162941295
868120162941303
868120162941311
868120162941329
868120162941337
868120162941345
868120162941352
868120162941360
868120162941378
868120162941386
868120162941394
868120162941402
868120162941410
868120162941428
868120162941436
868120162941444
868120162941451
868120162941469
868120162941477
868120162941485
868120162941493
868120162941501
868120162941519
868120162941527
868120162941535
868120162941543
868120162941550
868120162941568
868120162941576
868120162941584
868120162941592
868120162941600
868120162941618
868120162941626
868120162941634
868120162941642
868120162941659
868120162941667
868120162941675
868120162941683
868120162941691
868120162941709
868120162941717
868120162941725
868120162941733
868120162941741
868120162941758
868120162941766
868120162941774
868120162941782
868120162941790
868120162941808
868120162941816
868120162941824
868120162941832
868120162941840
868120162941857
868120162941865
868120162941873
868120162941881
868120162941899
868120162941907
868120162941915
868120162941923
868120162941931
868120162941949
868120162941956
868120162941964
868120162941972
868120162941980
868120162941998
868120162942004
868120162942012
868120162942020
868120162942038
868120162942046
868120162942053
868120162942061
868120162942079
868120162942087
868120162942095
868120162942103
868120162942111
868120162942129
868120162942137
868120162942145
868120162942152
868120162942160
868120162942178
868120162942186
868120162942194
868120162942202
868120162942210
868120162942228
868120162942236
868120162942244
868120162942251
868120162942269
868120162942277
868120162942285
868120162942293
868120162942301
868120162942319
868120162942327
868120162942335
868120162942343
868120162942350
868120162942368
868120162942376
868120162942384
868120162942392
868120162942400
868120162942418
868120162942426
868120162942434
868120162942442
868120162942459
868120162942467
868120162942475
868120162942483
868120162942491
868120162942509
868120162942517
868120162942525
868120162942533
868120162942541
868120162942558
868120162942566
868120162942574
868120162942582
868120162942590
868120162942608
868120162942616
868120162942624
868120162942632
868120162942640
868120162942657
868120162942665
868120162942673
868120162942681
868120162942699
868120162942707
868120162942715
868120162942723
868120162942731
868120162942749
868120162942756
868120162942764
868120162942772
868120162942780
868120162942798
868120162942806
868120162942814
868120162942822
868120162942830
868120162942848
868120162942855
868120162942863
868120162942871
868120162942889
868120162942897
868120162942905
868120162942913
868120162942921
868120162942939
868120162942947
868120162942954
868120162942962
868120162942970
868120162942988
868120162942996
868120162943002
868120162943010
868120162943028
868120162943036
868120162943044
868120162943051
868120162943069
868120162943077
868120162943085
868120162943093
868120162943101
868120162943119
868120162943127
868120162943135
868120162943143
868120162943150
868120162943168
868120162943176
868120162943184
868120162943192
868120162943200
868120162943218
868120162943226
868120162943234
868120162943242
868120162943259
868120162943267
868120162943275
868120162943283
868120162943291
868120162943309
868120162943317
868120162943325
868120162943333
868120162943341
868120162943358
868120162943366
868120162943374
868120162943382
868120162943390
868120162943408
868120162943416
868120162943424
868120162943432
868120162943440
868120162943457
868120162943465
868120162943473
868120162943481
868120162943499
868120162943507
868120162943515
868120162943523
868120162943531
868120162943549
868120162943556
868120162943564
868120162943572
868120162943580
868120162943598
868120162943606
868120162943614
868120162943622
868120162943630
868120162943648
868120162943655
868120162943663
868120162943671
868120162943689
868120162943697
868120162943705
868120162943713
868120162943721
868120162943739
868120162943747
868120162943754
868120162943762
868120162943770
868120162943788
868120162943796
868120162943804
868120162943812
868120162943820
868120162943838
868120162943846
868120162943853
868120162943861
868120162943879
868120162943887
868120162943895
868120162943903
868120162943911
868120162943929
868120162943937
868120162943945
868120162943952
868120162943960
868120162943978
868120162943986
868120162943994
868120162944000
868120162944018
868120162944026
868120162944034
868120162944042
868120162944059
868120162944067
868120162944075
868120162944083
868120162944091
868120162944109
868120162944117
868120162944125
868120162944133
868120162944141
868120162944158
868120162944166
868120162944174
868120162944182
868120162944190
868120162944208
868120162944216
868120162944224
868120162944232
868120162944240
868120162944257
868120162944265
868120162944273
868120162944281
868120162944299
868120162944307
868120162944315
868120162944323
868120162944331
868120162944349
868120162944356
868120162944364
868120162944372
868120162944380
868120162944398
868120162944406
868120162944414
868120162944422
868120162944430
868120162944448
868120162944455
868120162944463
868120162944471
868120162944489
868120162944497
868120162944505
868120162944513
868120162944521
868120162944539
868120162944547
868120162944554
868120162944562
868120162944570
868120162944588
868120162944596
868120162944604
868120162944612
868120162944620
868120162944638
868120162944646
868120162944653
868120162944661
868120162944679
868120162944687
868120162944695
868120162944703
868120162944711
868120162944729
868120162944737
868120162944745
868120162944752
868120162944760
868120162944778
868120162944786
868120162944794
868120162944802
868120162944810
868120162944828
868120162944836
868120162944844
868120162944851
868120162944869
868120162944877
868120162944885
868120162944893
868120162944901
868120162944919
868120162944927
868120162944935
868120162944943
868120162944950
868120162944968
868120162944976
868120162944984
868120162944992
868120162945007
868120162945015
868120162945023
868120162945031
868120162945049
868120162945056
868120162945064
868120162945072
868120162945080
868120162945098
868120162945106
868120162945114
868120162945122
868120162945130
868120162945148
868120162945155
868120162945163
868120162945171
868120162945189
868120162945197
868120162945205
868120162945213
868120162945221
868120162945239
868120162945247
868120162945254
868120162945262
868120162945270
868120162945288
868120162945296
868120162945304
868120162945312
868120162945320
868120162945338
868120162945346
868120162945353
868120162945361
868120162945379
868120162945387
868120162945395
868120162945403
868120162945411
868120162945429
868120162945437
868120162945445
868120162945452
868120162945460
868120162945478
868120162945486
868120162945494
868120162945502
868120162945510
868120162945528
868120162945536
868120162945544
868120162945551
868120162945569
868120162945577
868120162945585
868120162945593
868120162945601
868120162945619
868120162945627
868120162945635
868120162945643
868120162945650
868120162945668
868120162945676
868120162945684
868120162945692
868120162945700
868120162945718
868120162945726
868120162945734
868120162945742
868120162945759
868120162945767
868120162945775
868120162945783
868120162945791
868120162945809
868120162945817
868120162945825
868120162945833
868120162945841
868120162945858
868120162945866
868120162945874
868120162945882
868120162945890
868120162945908
868120162945916
868120162945924
868120162945932
868120162945940
868120162945957
868120162945965
868120162945973
868120162945981
868120162945999
868120162946005
868120162946013
868120162946021
868120162946039
868120162946047
868120162946054
868120162946062
868120162946070
868120162946088
868120162946096
868120162946104
868120162946112
868120162946120
868120162946138
868120162946146
868120162946153
868120162946161
868120162946179
868120162946187
868120162946195
868120162946203
868120162946211
868120162946229
868120162946237
868120162946245
868120162946252
868120162946260
868120162946278
868120162946286
868120162946294
868120162946302
868120162946310
868120162946328
868120162946336
868120162946344
868120162946351
868120162946369
868120162946377
868120162946385
868120162946393
868120162946401
868120162946419
868120162946427
868120162946435
868120162946443
868120162946450
868120162946468
868120162946476
868120162946484
868120162946492
868120162946500
868120162946518
868120162946526
868120162946534
868120162946542
868120162946559
868120162946567
868120162946575
868120162946583
868120162946591
868120162946609
868120162946617
868120162946625
868120162946633
868120162946641
868120162946658
868120162946666
868120162946674
868120162946682
868120162946690
868120162946708
868120162946716
868120162946724
868120162946732
868120162946740
868120162946757
868120162946765
868120162946773
868120162946781
868120162946799
868120162946807
868120162946815
868120162946823
868120162946831
868120162946849
868120162946856
868120162946864
868120162946872
868120162946880
868120162946898
868120162946906
868120162946914
868120162946922
868120162946930
868120162946948
868120162946955
868120162946963
868120162946971
868120162946989
868120162946997
868120162947003
868120162947011
868120162947029
868120162947037
868120162947045
868120162947052
868120162947060
868120162947078
868120162947086
868120162947094
868120162947102
868120162947110
868120162947128
868120162947136
868120162947144
868120162947151
868120162947169
868120162947177
868120162947185
868120162947193
868120162947201
868120162947219
868120162947227
868120162947235
868120162947243
868120162947250
868120162947268
868120162947276
868120162947284
868120162947292
868120162947300
868120162947318
868120162947326
868120162947334
868120162947342
868120162947359
868120162947367
868120162947375
868120162947383
868120162947391
868120162947409
868120162947417
868120162947425
868120162947433
868120162947441
868120162947458
868120162947466
868120162947474
868120162947482
868120162947490
868120162947508
868120162947516
868120162947524
868120162947532
868120162947540
868120162947557
868120162947565
868120162947573
868120162947581
868120162947599
868120162947607
868120162947615
868120162947623
868120162947631
868120162947649
868120162947656
868120162947664
868120162947672
868120162947680
868120162947698
868120162947706
868120162947714
868120162947722
868120162947730
868120162947748
868120162947755
868120162947763
868120162947771
868120162947789
868120162947797
868120162947805
868120162947813
868120162947821
868120162947839
868120162947847
868120162947854
868120162947862
868120162947870
868120162947888
868120162947896
868120162947904
868120162947912
868120162947920
868120162947938
868120162947946
868120162947953
868120162947961
868120162947979
868120162947987
868120162947995
868120162948001
868120162948019
868120162948027
868120162948035
868120162948043
868120162948050
868120162948068
868120162948076
868120162948084
868120162948092
868120162948100
868120162948118
868120162948126
868120162948134
868120162948142
868120162948159
868120162948167
868120162948175
868120162948183
868120162948191
868120162948209
868120162948217
868120162948225
868120162948233
868120162948241
868120162948258
868120162948266
868120162948274
868120162948282
868120162948290
868120162948308
868120162948316
868120162948324
868120162948332
868120162948340
868120162948357
868120162948365
868120162948373
868120162948381
868120162948399
868120162948407
868120162948415
868120162948423
868120162948431
868120162948449
868120162948456
868120162948464
868120162948472
868120162948480
868120162948498
868120162948506
868120162948514
868120162948522
868120162948530
868120162948548
868120162948555
868120162948563
868120162948571
868120162948589
868120162948597
868120162948605
868120162948613
868120162948621
868120162948639
868120162948647
868120162948654
868120162948662
868120162948670
868120162948688
868120162948696
868120162948704
868120162948712
868120162948720
868120162948738
868120162948746
868120162948753
868120162948761
868120162948779
868120162948787
868120162948795
868120162948803
868120162948811
868120162948829
868120162948837
868120162948845
868120162948852
868120162948860
868120162948878
868120162948886
868120162948894
868120162948902
868120162948910
868120162948928
868120162948936
868120162948944
868120162948951
868120162948969
868120162948977
868120162948985
868120162948993
868120162949009
868120162949017
868120162949025
868120162949033
868120162949041
868120162949058
868120162949066
868120162949074
868120162949082
868120162949090
868120162949108
868120162949116
868120162949124
868120162949132
868120162949140
868120162949157
868120162949165
868120162949173
868120162949181
868120162949199
868120162949207
868120162949215
868120162949223
868120162949231
868120162949249
868120162949256
868120162949264
868120162949272
868120162949280
868120162949298
868120162949306
868120162949314
868120162949322
868120162949330
868120162949348
868120162949355
868120162949363
868120162949371
868120162949389
868120162949397
868120162949405
868120162949413
868120162949421
868120162949439
868120162949447
868120162949454
868120162949462
868120162949470
868120162949488
868120162949496
868120162949504
868120162949512
868120162949520
868120162949538
868120162949546
868120162949553
868120162949561
868120162949579
868120162949587
868120162949595
868120162949603
868120162949611
868120162949629
868120162949637
868120162949645
868120162949652
868120162949660
868120162949678
868120162949686
868120162949694
868120162949702
868120162949710
868120162949728
868120162949736
868120162949744
868120162949751
868120162949769
868120162949777
868120162949785
868120162949793
868120162949801
868120162949819
868120162949827
868120162949835
868120162949843
868120162949850
868120162949868
868120162949876
868120162949884
868120162949892
868120162949900
868120162949918
868120162949926
868120162949934
868120162949942
868120162949959
868120162949967
868120162949975
868120162949983
868120162949991
868120162950007
868120162950015
868120162950023
868120162950031
868120162950049
868120162950056
868120162950064
868120162950072
868120162950080
868120162950098
868120162950106
868120162950114
868120162950122
868120162950130
868120162950148
868120162950155
868120162950163
868120162950171
868120162950189
868120162950197
868120162950205
868120162950213
868120162950221
868120162950239
868120162950247
868120162950254
868120162950262
868120162950270
868120162950288
868120162950296
868120162950304
868120162950312
868120162950320
868120162950338
868120162950346
868120162950353
868120162950361
868120162950379
868120162950387
868120162950395
868120162950403
868120162950411
868120162950429
868120162950437
868120162950445
868120162950452
868120162950460
868120162950478
868120162950486
868120162950494
868120162950502
868120162950510
868120162950528
868120162950536
868120162950544
868120162950551
868120162950569
868120162950577
868120162950585
868120162950593
868120162950601
868120162950619
868120162950627
868120162950635
868120162950643
868120162950650
868120162950668
868120162950676
868120162950684
868120162950692
868120162950700
868120162950718
868120162950726
868120162950734
868120162950742
868120162950759
868120162950767
868120162950775
868120162950783
868120162950791
868120162950809
868120162950817
868120162950825
868120162950833
868120162950841
868120162950858
868120162950866
868120162950874
868120162950882
868120162950890
868120162950908
868120162950916
868120162950924
868120162950932
868120162950940
868120162950957
868120162950965
868120162950973
868120162950981
868120162950999
868120162951005
868120162951013
868120162951021
868120162951039
868120162951047
868120162951054
868120162951062
868120162951070
868120162951088
868120162951096
868120162951104
868120162951112
868120162951120
868120162951138
868120162951146
868120162951153
868120162951161
868120162951179
868120162951187
868120162951195
868120162951203
868120162951211
868120162951229
868120162951237
868120162951245
868120162951252
868120162951260
868120162951278
868120162951286
868120162951294
868120162951302
868120162951310
868120162951328
868120162951336
868120162951344
868120162951351
868120162951369
868120162951377
868120162951385
868120162951393
868120162951401
868120162951419
868120162951427
868120162951435
868120162951443
868120162951450
868120162951468
868120162951476
868120162951484
868120162951492
868120162951500
868120162951518
868120162951526
868120162951534
868120162951542
868120162951559
868120162951567
868120162951575
868120162951583
868120162951591
868120162951609
868120162951617
868120162951625
868120162951633
868120162951641
868120162951658
868120162951666
868120162951674
868120162951682
868120162951690
868120162951708
868120162951716
868120162951724
868120162951732
868120162951740
868120162951757
868120162951765
868120162951773
868120162951781
868120162951799
868120162951807
868120162951815
868120162951823
868120162951831
868120162951849
868120162951856
868120162951864
868120162951872
868120162951880
868120162951898
868120162951906
868120162951914
868120162951922
868120162951930
868120162951948
868120162951955
868120162951963
868120162951971
868120162951989
868120162951997
868120162952003
868120162952011
868120162952029
868120162952037
868120162952045
868120162952052
868120162952060
868120162952078
868120162952086
868120162952094
868120162952102
868120162952110
868120162952128
868120162952136
868120162952144
868120162952151
868120162952169
868120162952177
868120162952185
868120162952193
868120162952201
868120162952219
868120162952227
868120162952235
868120162952243
868120162952250
868120162952268
868120162952276
868120162952284
868120162952292
868120162952300
868120162952318
868120162952326
868120162952334
868120162952342
868120162952359
868120162952367
868120162952375
868120162952383
868120162952391
868120162952409
868120162952417
868120162952425
868120162952433
868120162952441
868120162952458
868120162952466
868120162952474
868120162952482
868120162952490
868120162952508
868120162952516
868120162952524
868120162952532
868120162952540
868120162952557
868120162952565
868120162952573
868120162952581
868120162952599
868120162952607
868120162952615
868120162952623
868120162952631
868120162952649
868120162952656
868120162952664
868120162952672
868120162952680
868120162952698
868120162952706
868120162952714
868120162952722
868120162952730
868120162952748
868120162952755
868120162952763
868120162952771
868120162952789
868120162952797
868120162952805
868120162952813
868120162952821
868120162952839
868120162952847
868120162952854
868120162952862
868120162952870
868120162952888
868120162952896
868120162952904
868120162952912
868120162952920
868120162952938
868120162952946
868120162952953
868120162952961
868120162952979
868120162952987
868120162952995
868120162953001
868120162953019
868120162953027
868120162953035
868120162953043
868120162953050
868120162953068
868120162953076
868120162953084
868120162953092
868120162953100
868120162953118
868120162953126
868120162953134
868120162953142
868120162953159
868120162953167
868120162953175
868120162953183
868120162953191
868120162953209
868120162953217
868120162953225
868120162953233
868120162953241
868120162953258
868120162953266
868120162953274
868120162953282
868120162953290
868120162953308
868120162953316
868120162953324
868120162953332
868120162953340
868120162953357
868120162953365
868120162953373
868120162953381
868120162953399
868120162953407
868120162953415
868120162953423
868120162953431
868120162953449
868120162953456
868120162953464
868120162953472
868120162953480
868120162953498
868120162953506
868120162953514
868120162953522
868120162953530
868120162953548
868120162953555
868120162953563
868120162953571
868120162953589
868120162953597
868120162953605
868120162953613
868120162953621
868120162953639
868120162953647
868120162953654
868120162953662
868120162953670
868120162953688
868120162953696
868120162953704
868120162953712
868120162953720
868120162953738
868120162953746
868120162953753
868120162953761
868120162953779
868120162953787
868120162953795
868120162953803
868120162953811
868120162953829
868120162953837
868120162953845
868120162953852
868120162953860
868120162953878
868120162953886
868120162953894
868120162953902
868120162953910
868120162953928
868120162953936
868120162953944
868120162953951
868120162953969
868120162953977
868120162953985
868120162953993
868120162954009
868120162954017
868120162954025
868120162954033
868120162954041
868120162954058
868120162954066
868120162954074
868120162954082
868120162954090
868120162954108
868120162954116
868120162954124
868120162954132
868120162954140
868120162954157
868120162954165
868120162954173
868120162954181
868120162954199
868120162954207
868120162954215
868120162954223
868120162954231
868120162954249
868120162954256
868120162954264
868120162954272
868120162954280
868120162954298
868120162954306
868120162954314
868120162954322
868120162954330
868120162954348
868120162954355
868120162954363
868120162954371
868120162954389
868120162954397
868120162954405
868120162954413
868120162954421
868120162954439
868120162954447
868120162954454
868120162954462
868120162954470
868120162954488
868120162954496
868120162954504
868120162954512
868120162954520
868120162954538
868120162954546
868120162954553
868120162954561
868120162954579
868120162954587
868120162954595
868120162954603
868120162954611
868120162954629
868120162954637
868120162954645
868120162954652
868120162954660
868120162954678
868120162954686
868120162954694
868120162954702
868120162954710
868120162954728
868120162954736
868120162954744
868120162954751
868120162954769
868120162954777
868120162954785
868120162954793
868120162954801
868120162954819
868120162954827
868120162954835
868120162954843
868120162954850
868120162954868
868120162954876
868120162954884
868120162954892
868120162954900
868120162954918
868120162954926
868120162954934
868120162954942
868120162954959
868120162954967
868120162954975
868120162954983
868120162954991
868120162955006
868120162955014
868120162955022
868120162955030
868120162955048
868120162955055
868120162955063
868120162955071
868120162955089
868120162955097
868120162955105
868120162955113
868120162955121
868120162955139
868120162955147
868120162955154
868120162955162
868120162955170
868120162955188
868120162955196
868120162955204
868120162955212
868120162955220
868120162955238
868120162955246
868120162955253
868120162955261
868120162955279
868120162955287
868120162955295
868120162955303
868120162955311
868120162955329
868120162955337
868120162955345
868120162955352
868120162955360
868120162955378
868120162955386
868120162955394
868120162955402
868120162955410
868120162955428
868120162955436
868120162955444
868120162955451
868120162955469
868120162955477
868120162955485
868120162955493
868120162955501
868120162955519
868120162955527
868120162955535
868120162955543
868120162955550
868120162955568
868120162955576
868120162955584
868120162955592
868120162955600
868120162955618
868120162955626
868120162955634
868120162955642
868120162955659
868120162955667
868120162955675
868120162955683
868120162955691
868120162955709
868120162955717
868120162955725
868120162955733
868120162955741
868120162955758
868120162955766
868120162955774
868120162955782
868120162955790
868120162955808
868120162955816
868120162955824
868120162955832
868120162955840
868120162955857
868120162955865
868120162955873
868120162955881
868120162955899
868120162955907
868120162955915
868120162955923
868120162955931
868120162955949
868120162955956
868120162955964
868120162955972
868120162955980
868120162955998
868120162956004
868120162956012
868120162956020
868120162956038
868120162956046
868120162956053
868120162956061
868120162956079
868120162956087
868120162956095
868120162956103
868120162956111
868120162956129
868120162956137
868120162956145
868120162956152
868120162956160
868120162956178
868120162956186
868120162956194
868120162956202
868120162956210
868120162956228
868120162956236
868120162956244
868120162956251
868120162956269
868120162956277
868120162956285
868120162956293
868120162956301
868120162956319
868120162956327
868120162956335
868120162956343
868120162956350
868120162956368
868120162956376
868120162956384
868120162956392
868120162956400
868120162956418
868120162956426
868120162956434
868120162956442
868120162956459
868120162956467
868120162956475
868120162956483
868120162956491
868120162956509
868120162956517
868120162956525
868120162956533
868120162956541
868120162956558
868120162956566
868120162956574
868120162956582
868120162956590
868120162956608
868120162956616
868120162956624
868120162956632
868120162956640
868120162956657
868120162956665
868120162956673
868120162956681
868120162956699
868120162956707
868120162956715
868120162956723
868120162956731
868120162956749
868120162956756
868120162956764
868120162956772
868120162956780
868120162956798
868120162956806
868120162956814
868120162956822
868120162956830
868120162956848
868120162956855
868120162956863
868120162956871
868120162956889
868120162956897
868120162956905
868120162956913
868120162956921
868120162956939
868120162956947
868120162956954
868120162956962
868120162956970
868120162956988
868120162956996
868120162957002
868120162957010
868120162957028
868120162957036
868120162957044
868120162957051
868120162957069
868120162957077
868120162957085
868120162957093
868120162957101
868120162957119
868120162957127
868120162957135
868120162957143
868120162957150
868120162957168
868120162957176
868120162957184
868120162957192
868120162957200
868120162957218
868120162957226
868120162957234
868120162957242
868120162957259
868120162957267
868120162957275
868120162957283
868120162957291
868120162957309
868120162957317
868120162957325
868120162957333
868120162957341
868120162957358
868120162957366
868120162957374
868120162957382
868120162957390
868120162957408
868120162957416
868120162957424
868120162957432
868120162957440
868120162957457
868120162957465
868120162957473
868120162957481
868120162957499
868120162957507
868120162957515
868120162957523
868120162957531
868120162957549
868120162957556
868120162957564
868120162957572
868120162957580
868120162957598
868120162957606
868120162957614
868120162957622
868120162957630
868120162957648
868120162957655
868120162957663
868120162957671
868120162957689
868120162957697
868120162957705
868120162957713
868120162957721
868120162957739
868120162957747
868120162957754
868120162957762
868120162957770
868120162957788
868120162957796
868120162957804
868120162957812
868120162957820
868120162957838
868120162957846
868120162957853
868120162957861
868120162957879
868120162957887
868120162957895
868120162957903
868120162957911
868120162957929
868120162957937
868120162957945
868120162957952
868120162957960
868120162957978
868120162957986
868120162957994
868120162958000
868120162958018
868120162958026
868120162958034
868120162958042
868120162958059
868120162958067
868120162958075
868120162958083
868120162958091
868120162958109
868120162958117
868120162958125
868120162958133
868120162958141
868120162958158
868120162958166
868120162958174
868120162958182
868120162958190
868120162958208
868120162958216
868120162958224
868120162958232
868120162958240
868120162958257
868120162958265
868120162958273
868120162958281
868120162958299
868120162958307
868120162958315
868120162958323
868120162958331
868120162958349
868120162958356
868120162958364
868120162958372
868120162958380
868120162958398
868120162958406
868120162958414
868120162958422
868120162958430
868120162958448
868120162958455
868120162958463
868120162958471
868120162958489
868120162958497
868120162958505
868120162958513
868120162958521
868120162958539
868120162958547
868120162958554
868120162958562
868120162958570
868120162958588
868120162958596
868120162958604
868120162958612
868120162958620
868120162958638
868120162958646
868120162958653
868120162958661
868120162958679
868120162958687
868120162958695
868120162958703
868120162958711
868120162958729
868120162958737
868120162958745
868120162958752
868120162958760
868120162958778
868120162958786
868120162958794
868120162958802
868120162958810
868120162958828
868120162958836
868120162958844
868120162958851
868120162958869
868120162958877
868120162958885
868120162958893
868120162958901
868120162958919
868120162958927
868120162958935
868120162958943
868120162958950
868120162958968
868120162958976
868120162958984
868120162958992
868120162959008
868120162959016
868120162959024
868120162959032
868120162959040
868120162959057
868120162959065
868120162959073
868120162959081
868120162959099
868120162959107
868120162959115
868120162959123
868120162959131
868120162959149
868120162959156
868120162959164
868120162959172
868120162959180
868120162959198
868120162959206
868120162959214
868120162959222
868120162959230
868120162959248
868120162959255
868120162959263
868120162959271
868120162959289
868120162959297
868120162959305
868120162959313
868120162959321
868120162959339
868120162959347
868120162959354
868120162959362
868120162959370
868120162959388
868120162959396
868120162959404
868120162959412
868120162959420
868120162959438
868120162959446
868120162959453
868120162959461
868120162959479
868120162959487
868120162959495
868120162959503
868120162959511
868120162959529
868120162959537
868120162959545
868120162959552
868120162959560
868120162959578
868120162959586
868120162959594
868120162959602
868120162959610
868120162959628
868120162959636
868120162959644
868120162959651
868120162959669
868120162959677
868120162959685
868120162959693
868120162959701
868120162959719
868120162959727
868120162959735
868120162959743
868120162959750
868120162959768
868120162959776
868120162959784
868120162959792
868120162959800
868120162959818
868120162959826
868120162959834
868120162959842
868120162959859
868120162959867
868120162959875
868120162959883
868120162959891
868120162959909
868120162959917
868120162959925
868120162959933
868120162959941
868120162959958
868120162959966
868120162959974
868120162959982
868120162959990
868120162960006
868120162960014
868120162960022
868120162960030
868120162960048
868120162960055
868120162960063
868120162960071
868120162960089
868120162960097
868120162960105
868120162960113
868120162960121
868120162960139
868120162960147
868120162960154
868120162960162
868120162960170
868120162960188
868120162960196
868120162960204
868120162960212
868120162960220
868120162960238
868120162960246
868120162960253
868120162960261
868120162960279
868120162960287
868120162960295
868120162960303
868120162960311
868120162960329
868120162960337
868120162960345
868120162960352
868120162960360
868120162960378
868120162960386
868120162960394
868120162960402
868120162960410
868120162960428
868120162960436
868120162960444
868120162960451
868120162960469
868120162960477
868120162960485
868120162960493
868120162960501
868120162960519
868120162960527
868120162960535
868120162960543
868120162960550
868120162960568
868120162960576
868120162960584
868120162960592
868120162960600
868120162960618
868120162960626
868120162960634
868120162960642
868120162960659
868120162960667
868120162960675
868120162960683
868120162960691
868120162960709
868120162960717
868120162960725
868120162960733
868120162960741
868120162960758
868120162960766
868120162960774
868120162960782
868120162960790
868120162960808
868120162960816
868120162960824
868120162960832
868120162960840
868120162960857
868120162960865
868120162960873
868120162960881
868120162960899
868120162960907
868120162960915
868120162960923
868120162960931
868120162960949
868120162960956
868120162960964
868120162960972
868120162960980
868120162960998
868120162961004
868120162961012
868120162961020
868120162961038
868120162961046
868120162961053
868120162961061
868120162961079
868120162961087
868120162961095
868120162961103
868120162961111
868120162961129
868120162961137
868120162961145
868120162961152
868120162961160
868120162961178
868120162961186
868120162961194
868120162961202
868120162961210
868120162961228
868120162961236
868120162961244
868120162961251
868120162961269
868120162961277
868120162961285
868120162961293
868120162961301
868120162961319
868120162961327
868120162961335
868120162961343
868120162961350
868120162961368
868120162961376
868120162961384
868120162961392
868120162961400
868120162961418
868120162961426
868120162961434
868120162961442
868120162961459
868120162961467
868120162961475
868120162961483
868120162961491
868120162961509
868120162961517
868120162961525
868120162961533
868120162961541
868120162961558
868120162961566
868120162961574
868120162961582
868120162961590
868120162961608
868120162961616
868120162961624
868120162961632
868120162961640
868120162961657
868120162961665
868120162961673
868120162961681
868120162961699
868120162961707
868120162961715
868120162961723
868120162961731
868120162961749
868120162961756
868120162961764
868120162961772
868120162961780
868120162961798
868120162961806
868120162961814
868120162961822
868120162961830
868120162961848
868120162961855
868120162961863
868120162961871
868120162961889
868120162961897
868120162961905
868120162961913
868120162961921
868120162961939
868120162961947
868120162961954
868120162961962
868120162961970
868120162961988
868120162961996
868120162962002
868120162962010
868120162962028
868120162962036
868120162962044
868120162962051
868120162962069
868120162962077
868120162962085
868120162962093
868120162962101
868120162962119
868120162962127
868120162962135
868120162962143
868120162962150
868120162962168
868120162962176
868120162962184
868120162962192
868120162962200
868120162962218
868120162962226
868120162962234
868120162962242
868120162962259
868120162962267
868120162962275
868120162962283
868120162962291
868120162962309
868120162962317
868120162962325
868120162962333
868120162962341
868120162962358
868120162962366
868120162962374
868120162962382
868120162962390
868120162962408
868120162962416
868120162962424
868120162962432
868120162962440
868120162962457
868120162962465
868120162962473
868120162962481
868120162962499
868120162962507
868120162962515
868120162962523
868120162962531
868120162962549
868120162962556
868120162962564
868120162962572
868120162962580
868120162962598
868120162962606
868120162962614
868120162962622
868120162962630
868120162962648
868120162962655
868120162962663
868120162962671
868120162962689
868120162962697
868120162962705
868120162962713
868120162962721
868120162962739
868120162962747
868120162962754
868120162962762
868120162962770
868120162962788
868120162962796
868120162962804
868120162962812
868120162962820
868120162962838
868120162962846
868120162962853
868120162962861
868120162962879
868120162962887
868120162962895
868120162962903
868120162962911
868120162962929
868120162962937
868120162962945
868120162962952
868120162962960
868120162962978
868120162962986
868120162962994
868120162963000
868120162963018
868120162963026
868120162963034
868120162963042
868120162963059
868120162963067
868120162963075
868120162963083
868120162963091
868120162963109
868120162963117
868120162963125
868120162963133
868120162963141
868120162963158
868120162963166
868120162963174
868120162963182
868120162963190
868120162963208
868120162963216
868120162963224
868120162963232
868120162963240
868120162963257
868120162963265
868120162963273
868120162963281
868120162963299
868120162963307
868120162963315
868120162963323
868120162963331
868120162963349
868120162963356
868120162963364
868120162963372
868120162963380
868120162963398
868120162963406
868120162963414
868120162963422
868120162963430
868120162963448
868120162963455
868120162963463
868120162963471
868120162963489
868120162963497
868120162963505
868120162963513
868120162963521
868120162963539
868120162963547
868120162963554
868120162963562
868120162963570
868120162963588
868120162963596
868120162963604
868120162963612
868120162963620
868120162963638
868120162963646
868120162963653
868120162963661
868120162963679
868120162963687
868120162963695
868120162963703
868120162963711
868120162963729
868120162963737
868120162963745
868120162963752
868120162963760
868120162963778
868120162963786
868120162963794
868120162963802
868120162963810
868120162963828
868120162963836
868120162963844
868120162963851
868120162963869
868120162963877
868120162963885
868120162963893
868120162963901
868120162963919
868120162963927
868120162963935
868120162963943
868120162963950
868120162963968
868120162963976
868120162963984
868120162963992
868120162964008
868120162964016
868120162964024
868120162964032
868120162964040
868120162964057
868120162964065
868120162964073
868120162964081
868120162964099
868120162964107
868120162964115
868120162964123
868120162964131
868120162964149
868120162964156
868120162964164
868120162964172
868120162964180
868120162964198
868120162964206
868120162964214
868120162964222
868120162964230
868120162964248
868120162964255
868120162964263
868120162964271
868120162964289
868120162964297
868120162964305
868120162964313
868120162964321
868120162964339
868120162964347
868120162964354
868120162964362
868120162964370
868120162964388
868120162964396
868120162964404
868120162964412
868120162964420
868120162964438
868120162964446
868120162964453
868120162964461
868120162964479
868120162964487
868120162964495
868120162964503
868120162964511
868120162964529
868120162964537
868120162964545
868120162964552
868120162964560
868120162964578
868120162964586
868120162964594
868120162964602
868120162964610
868120162964628
868120162964636
868120162964644
868120162964651
868120162964669
868120162964677
868120162964685
868120162964693
868120162964701
868120162964719
868120162964727
868120162964735
868120162964743
868120162964750
868120162964768
868120162964776
868120162964784
868120162964792
868120162964800
868120162964818
868120162964826
868120162964834
868120162964842
868120162964859
868120162964867
868120162964875
868120162964883
868120162964891
868120162964909
868120162964917
868120162964925
868120162964933
868120162964941
868120162964958
868120162964966
868120162964974
868120162964982
868120162964990
868120162965005
868120162965013
868120162965021
868120162965039
868120162965047
868120162965054
868120162965062
868120162965070
868120162965088
868120162965096
868120162965104
868120162965112
868120162965120
868120162965138
868120162965146
868120162965153
868120162965161
868120162965179
868120162965187
868120162965195
868120162965203
868120162965211
868120162965229
868120162965237
868120162965245
868120162965252
868120162965260
868120162965278
868120162965286
868120162965294
868120162965302
868120162965310
868120162965328
868120162965336
868120162965344
868120162965351
868120162965369
868120162965377
868120162965385
868120162965393
868120162965401
868120162965419
868120162965427
868120162965435
868120162965443
868120162965450
868120162965468
868120162965476
868120162965484
868120162965492
868120162965500
868120162965518
868120162965526
868120162965534
868120162965542
868120162965559
868120162965567
868120162965575
868120162965583
868120162965591
868120162965609
868120162965617
868120162965625
868120162965633
868120162965641
868120162965658
868120162965666
868120162965674
868120162965682
868120162965690
868120162965708
868120162965716
868120162965724
868120162965732
868120162965740
868120162965757
868120162965765
868120162965773
868120162965781
868120162965799
868120162965807
868120162965815
868120162965823
868120162965831
868120162965849
868120162965856
868120162965864
868120162965872
868120162965880
868120162965898
868120162965906
868120162965914
868120162965922
868120162965930