863666010120016
863666010120024
863666010120032
863666010120040
863666010120057
863666010120065
863666010120073
863666010120081
863666010120099
863666010120107
863666010120115
863666010120123
863666010120131
863666010120149
863666010120156
863666010120164
863666010120172
863666010120180
863666010120198
863666010120206
863666010120214
863666010120222
863666010120230
863666010120248
863666010120255
863666010120263
863666010120271
863666010120289
863666010120297
863666010120305
863666010120313
863666010120321
863666010120339
863666010120347
863666010120354
863666010120362
863666010120370
863666010120388
863666010120396
863666010120404
863666010120412
863666010120420
863666010120438
863666010120446
863666010120453
863666010120461
863666010120479
863666010120487
863666010120495
863666010120503
863666010120511
863666010120529
863666010120537
863666010120545
863666010120552
863666010120560
863666010120578
863666010120586
863666010120594
863666010120602
863666010120610
863666010120628
863666010120636
863666010120644
863666010120651
863666010120669
863666010120677
863666010120685
863666010120693
863666010120701
863666010120719
863666010120727
863666010120735
863666010120743
863666010120750
863666010120768
863666010120776
863666010120784
863666010120792
863666010120800
863666010120818
863666010120826
863666010120834
863666010120842
863666010120859
863666010120867
863666010120875
863666010120883
863666010120891
863666010120909
863666010120917
863666010120925
863666010120933
863666010120941
863666010120958
863666010120966
863666010120974
863666010120982
863666010120990
863666010121006
863666010121014
863666010121022
863666010121030
863666010121048
863666010121055
863666010121063
863666010121071
863666010121089
863666010121097
863666010121105
863666010121113
863666010121121
863666010121139
863666010121147
863666010121154
863666010121162
863666010121170
863666010121188
863666010121196
863666010121204
863666010121212
863666010121220
863666010121238
863666010121246
863666010121253
863666010121261
863666010121279
863666010121287
863666010121295
863666010121303
863666010121311
863666010121329
863666010121337
863666010121345
863666010121352
863666010121360
863666010121378
863666010121386
863666010121394
863666010121402
863666010121410
863666010121428
863666010121436
863666010121444
863666010121451
863666010121469
863666010121477
863666010121485
863666010121493
863666010121501
863666010121519
863666010121527
863666010121535
863666010121543
863666010121550
863666010121568
863666010121576
863666010121584
863666010121592
863666010121600
863666010121618
863666010121626
863666010121634
863666010121642
863666010121659
863666010121667
863666010121675
863666010121683
863666010121691
863666010121709
863666010121717
863666010121725
863666010121733
863666010121741
863666010121758
863666010121766
863666010121774
863666010121782
863666010121790
863666010121808
863666010121816
863666010121824
863666010121832
863666010121840
863666010121857
863666010121865
863666010121873
863666010121881
863666010121899
863666010121907
863666010121915
863666010121923
863666010121931
863666010121949
863666010121956
863666010121964
863666010121972
863666010121980
863666010121998
863666010122004
863666010122012
863666010122020
863666010122038
863666010122046
863666010122053
863666010122061
863666010122079
863666010122087
863666010122095
863666010122103
863666010122111
863666010122129
863666010122137
863666010122145
863666010122152
863666010122160
863666010122178
863666010122186
863666010122194
863666010122202
863666010122210
863666010122228
863666010122236
863666010122244
863666010122251
863666010122269
863666010122277
863666010122285
863666010122293
863666010122301
863666010122319
863666010122327
863666010122335
863666010122343
863666010122350
863666010122368
863666010122376
863666010122384
863666010122392
863666010122400
863666010122418
863666010122426
863666010122434
863666010122442
863666010122459
863666010122467
863666010122475
863666010122483
863666010122491
863666010122509
863666010122517
863666010122525
863666010122533
863666010122541
863666010122558
863666010122566
863666010122574
863666010122582
863666010122590
863666010122608
863666010122616
863666010122624
863666010122632
863666010122640
863666010122657
863666010122665
863666010122673
863666010122681
863666010122699
863666010122707
863666010122715
863666010122723
863666010122731
863666010122749
863666010122756
863666010122764
863666010122772
863666010122780
863666010122798
863666010122806
863666010122814
863666010122822
863666010122830
863666010122848
863666010122855
863666010122863
863666010122871
863666010122889
863666010122897
863666010122905
863666010122913
863666010122921
863666010122939
863666010122947
863666010122954
863666010122962
863666010122970
863666010122988
863666010122996
863666010123002
863666010123010
863666010123028
863666010123036
863666010123044
863666010123051
863666010123069
863666010123077
863666010123085
863666010123093
863666010123101
863666010123119
863666010123127
863666010123135
863666010123143
863666010123150
863666010123168
863666010123176
863666010123184
863666010123192
863666010123200
863666010123218
863666010123226
863666010123234
863666010123242
863666010123259
863666010123267
863666010123275
863666010123283
863666010123291
863666010123309
863666010123317
863666010123325
863666010123333
863666010123341
863666010123358
863666010123366
863666010123374
863666010123382
863666010123390
863666010123408
863666010123416
863666010123424
863666010123432
863666010123440
863666010123457
863666010123465
863666010123473
863666010123481
863666010123499
863666010123507
863666010123515
863666010123523
863666010123531
863666010123549
863666010123556
863666010123564
863666010123572
863666010123580
863666010123598
863666010123606
863666010123614
863666010123622
863666010123630
863666010123648
863666010123655
863666010123663
863666010123671
863666010123689
863666010123697
863666010123705
863666010123713
863666010123721
863666010123739
863666010123747
863666010123754
863666010123762
863666010123770
863666010123788
863666010123796
863666010123804
863666010123812
863666010123820
863666010123838
863666010123846
863666010123853
863666010123861
863666010123879
863666010123887
863666010123895
863666010123903
863666010123911
863666010123929
863666010123937
863666010123945
863666010123952
863666010123960
863666010123978
863666010123986
863666010123994
863666010124000
863666010124018
863666010124026
863666010124034
863666010124042
863666010124059
863666010124067
863666010124075
863666010124083
863666010124091
863666010124109
863666010124117
863666010124125
863666010124133
863666010124141
863666010124158
863666010124166
863666010124174
863666010124182
863666010124190
863666010124208
863666010124216
863666010124224
863666010124232
863666010124240
863666010124257
863666010124265
863666010124273
863666010124281
863666010124299
863666010124307
863666010124315
863666010124323
863666010124331
863666010124349
863666010124356
863666010124364
863666010124372
863666010124380
863666010124398
863666010124406
863666010124414
863666010124422
863666010124430
863666010124448
863666010124455
863666010124463
863666010124471
863666010124489
863666010124497
863666010124505
863666010124513
863666010124521
863666010124539
863666010124547
863666010124554
863666010124562
863666010124570
863666010124588
863666010124596
863666010124604
863666010124612
863666010124620
863666010124638
863666010124646
863666010124653
863666010124661
863666010124679
863666010124687
863666010124695
863666010124703
863666010124711
863666010124729
863666010124737
863666010124745
863666010124752
863666010124760
863666010124778
863666010124786
863666010124794
863666010124802
863666010124810
863666010124828
863666010124836
863666010124844
863666010124851
863666010124869
863666010124877
863666010124885
863666010124893
863666010124901
863666010124919
863666010124927
863666010124935
863666010124943
863666010124950
863666010124968
863666010124976
863666010124984
863666010124992
863666010125007
863666010125015
863666010125023
863666010125031
863666010125049
863666010125056
863666010125064
863666010125072
863666010125080
863666010125098
863666010125106
863666010125114
863666010125122
863666010125130
863666010125148
863666010125155
863666010125163
863666010125171
863666010125189
863666010125197
863666010125205
863666010125213
863666010125221
863666010125239
863666010125247
863666010125254
863666010125262
863666010125270
863666010125288
863666010125296
863666010125304
863666010125312
863666010125320
863666010125338
863666010125346
863666010125353
863666010125361
863666010125379
863666010125387
863666010125395
863666010125403
863666010125411
863666010125429
863666010125437
863666010125445
863666010125452
863666010125460
863666010125478
863666010125486
863666010125494
863666010125502
863666010125510
863666010125528
863666010125536
863666010125544
863666010125551
863666010125569
863666010125577
863666010125585
863666010125593
863666010125601
863666010125619
863666010125627
863666010125635
863666010125643
863666010125650
863666010125668
863666010125676
863666010125684
863666010125692
863666010125700
863666010125718
863666010125726
863666010125734
863666010125742
863666010125759
863666010125767
863666010125775
863666010125783
863666010125791
863666010125809
863666010125817
863666010125825
863666010125833
863666010125841
863666010125858
863666010125866
863666010125874
863666010125882
863666010125890
863666010125908
863666010125916
863666010125924
863666010125932
863666010125940
863666010125957
863666010125965
863666010125973
863666010125981
863666010125999
863666010126005
863666010126013
863666010126021
863666010126039
863666010126047
863666010126054
863666010126062
863666010126070
863666010126088
863666010126096
863666010126104
863666010126112
863666010126120
863666010126138
863666010126146
863666010126153
863666010126161
863666010126179
863666010126187
863666010126195
863666010126203
863666010126211
863666010126229
863666010126237
863666010126245
863666010126252
863666010126260
863666010126278
863666010126286
863666010126294
863666010126302
863666010126310
863666010126328
863666010126336
863666010126344
863666010126351
863666010126369
863666010126377
863666010126385
863666010126393
863666010126401
863666010126419
863666010126427
863666010126435
863666010126443
863666010126450
863666010126468
863666010126476
863666010126484
863666010126492
863666010126500
863666010126518
863666010126526
863666010126534
863666010126542
863666010126559
863666010126567
863666010126575
863666010126583
863666010126591
863666010126609
863666010126617
863666010126625
863666010126633
863666010126641
863666010126658
863666010126666
863666010126674
863666010126682
863666010126690
863666010126708
863666010126716
863666010126724
863666010126732
863666010126740
863666010126757
863666010126765
863666010126773
863666010126781
863666010126799
863666010126807
863666010126815
863666010126823
863666010126831
863666010126849
863666010126856
863666010126864
863666010126872
863666010126880
863666010126898
863666010126906
863666010126914
863666010126922
863666010126930
863666010126948
863666010126955
863666010126963
863666010126971
863666010126989
863666010126997
863666010127003
863666010127011
863666010127029
863666010127037
863666010127045
863666010127052
863666010127060
863666010127078
863666010127086
863666010127094
863666010127102
863666010127110
863666010127128
863666010127136
863666010127144
863666010127151
863666010127169
863666010127177
863666010127185
863666010127193
863666010127201
863666010127219
863666010127227
863666010127235
863666010127243
863666010127250
863666010127268
863666010127276
863666010127284
863666010127292
863666010127300
863666010127318
863666010127326
863666010127334
863666010127342
863666010127359
863666010127367
863666010127375
863666010127383
863666010127391
863666010127409
863666010127417
863666010127425
863666010127433
863666010127441
863666010127458
863666010127466
863666010127474
863666010127482
863666010127490
863666010127508
863666010127516
863666010127524
863666010127532
863666010127540
863666010127557
863666010127565
863666010127573
863666010127581
863666010127599
863666010127607
863666010127615
863666010127623
863666010127631
863666010127649
863666010127656
863666010127664
863666010127672
863666010127680
863666010127698
863666010127706
863666010127714
863666010127722
863666010127730
863666010127748
863666010127755
863666010127763
863666010127771
863666010127789
863666010127797
863666010127805
863666010127813
863666010127821
863666010127839
863666010127847
863666010127854
863666010127862
863666010127870
863666010127888
863666010127896
863666010127904
863666010127912
863666010127920
863666010127938
863666010127946
863666010127953
863666010127961
863666010127979
863666010127987
863666010127995
863666010128001
863666010128019
863666010128027
863666010128035
863666010128043
863666010128050
863666010128068
863666010128076
863666010128084
863666010128092
863666010128100
863666010128118
863666010128126
863666010128134
863666010128142
863666010128159
863666010128167
863666010128175
863666010128183
863666010128191
863666010128209
863666010128217
863666010128225
863666010128233
863666010128241
863666010128258
863666010128266
863666010128274
863666010128282
863666010128290
863666010128308
863666010128316
863666010128324
863666010128332
863666010128340
863666010128357
863666010128365
863666010128373
863666010128381
863666010128399
863666010128407
863666010128415
863666010128423
863666010128431
863666010128449
863666010128456
863666010128464
863666010128472
863666010128480
863666010128498
863666010128506
863666010128514
863666010128522
863666010128530
863666010128548
863666010128555
863666010128563
863666010128571
863666010128589
863666010128597
863666010128605
863666010128613
863666010128621
863666010128639
863666010128647
863666010128654
863666010128662
863666010128670
863666010128688
863666010128696
863666010128704
863666010128712
863666010128720
863666010128738
863666010128746
863666010128753
863666010128761
863666010128779
863666010128787
863666010128795
863666010128803
863666010128811
863666010128829
863666010128837
863666010128845
863666010128852
863666010128860
863666010128878
863666010128886
863666010128894
863666010128902
863666010128910
863666010128928
863666010128936
863666010128944
863666010128951
863666010128969
863666010128977
863666010128985
863666010128993
863666010129009
863666010129017
863666010129025
863666010129033
863666010129041
863666010129058
863666010129066
863666010129074
863666010129082
863666010129090
863666010129108
863666010129116
863666010129124
863666010129132
863666010129140
863666010129157
863666010129165
863666010129173
863666010129181
863666010129199
863666010129207
863666010129215
863666010129223
863666010129231
863666010129249
863666010129256
863666010129264
863666010129272
863666010129280
863666010129298
863666010129306
863666010129314
863666010129322
863666010129330
863666010129348
863666010129355
863666010129363
863666010129371
863666010129389
863666010129397
863666010129405
863666010129413
863666010129421
863666010129439
863666010129447
863666010129454
863666010129462
863666010129470
863666010129488
863666010129496
863666010129504
863666010129512
863666010129520
863666010129538
863666010129546
863666010129553
863666010129561
863666010129579
863666010129587
863666010129595
863666010129603
863666010129611
863666010129629
863666010129637
863666010129645
863666010129652
863666010129660
863666010129678
863666010129686
863666010129694
863666010129702
863666010129710
863666010129728
863666010129736
863666010129744
863666010129751
863666010129769
863666010129777
863666010129785
863666010129793
863666010129801
863666010129819
863666010129827
863666010129835
863666010129843
863666010129850
863666010129868
863666010129876
863666010129884
863666010129892
863666010129900
863666010129918
863666010129926
863666010129934
863666010129942
863666010129959
863666010129967
863666010129975
863666010129983
863666010129991
863666010130007
