868120165069342
868120165069359
868120165069367
868120165069375
868120165069383
868120165069391
868120165069409
868120165069417
868120165069425
868120165069433
868120165069441
868120165069458
868120165069466
868120165069474
868120165069482
868120165069490
868120165069508
868120165069516
868120165069524
868120165069532
868120165069540
868120165069557
868120165069565
868120165069573
868120165069581
868120165069599
868120165069607
868120165069615
868120165069623
868120165069631
868120165069649
868120165069656
868120165069664
868120165069672
868120165069680
868120165069698
868120165069706
868120165069714
868120165069722
868120165069730
868120165069748
868120165069755
868120165069763
868120165069771
868120165069789
868120165069797
868120165069805
868120165069813
868120165069821
868120165069839
868120165069847
868120165069854
868120165069862
868120165069870
868120165069888
868120165069896
868120165069904
868120165069912
868120165069920
868120165069938
868120165069946
868120165069953
868120165069961
868120165069979
868120165069987
868120165069995
868120165070001
868120165070019
868120165070027
868120165070035
868120165070043
868120165070050
868120165070068
868120165070076
868120165070084
868120165070092
868120165070100
868120165070118
868120165070126
868120165070134
868120165070142
868120165070159
868120165070167
868120165070175
868120165070183
868120165070191
868120165070209
868120165070217
868120165070225
868120165070233
868120165070241
868120165070258
868120165070266
868120165070274
868120165070282
868120165070290
868120165070308
868120165070316
868120165070324
868120165070332
868120165070340
868120165070357
868120165070365
868120165070373
868120165070381
868120165070399
868120165070407
868120165070415
868120165070423
868120165070431
868120165070449
868120165070456
868120165070464
868120165070472
868120165070480
868120165070498
868120165070506
868120165070514
868120165070522
868120165070530
868120165070548
868120165070555
868120165070563
868120165070571
868120165070589
868120165070597
868120165070605
868120165070613
868120165070621
868120165070639
868120165070647
868120165070654
868120165070662
868120165070670
868120165070688
868120165070696
868120165070704
868120165070712
868120165070720
868120165070738
868120165070746
868120165070753
868120165070761
868120165070779
868120165070787
868120165070795
868120165070803
868120165070811
868120165070829
868120165070837
868120165070845
868120165070852
868120165070860
868120165070878
868120165070886
868120165070894
868120165070902
868120165070910
868120165070928
868120165070936
868120165070944
868120165070951
868120165070969
868120165070977
868120165070985
868120165070993
868120165071009
868120165071017
868120165071025
868120165071033
868120165071041
868120165071058
868120165071066
868120165071074
868120165071082
868120165071090
868120165071108
868120165071116
868120165071124
868120165071132
868120165071140
868120165071157
868120165071165
868120165071173
868120165071181
868120165071199
868120165071207
868120165071215
868120165071223
868120165071231
868120165071249
868120165071256
868120165071264
868120165071272
868120165071280
868120165071298
868120165071306
868120165071314
868120165071322
868120165071330
868120165071348
868120165071355
868120165071363
868120165071371
868120165071389
868120165071397
868120165071405
868120165071413
868120165071421
868120165071439
868120165071447
868120165071454
868120165071462
868120165071470
868120165071488
868120165071496
868120165071504
868120165071512
868120165071520
868120165071538
868120165071546
868120165071553
868120165071561
868120165071579
868120165071587
868120165071595
868120165071603
868120165071611
868120165071629
868120165071637
868120165071645
868120165071652
868120165071660
868120165071678
868120165071686
868120165071694
868120165071702
868120165071710
868120165071728
868120165071736
868120165071744
868120165071751
868120165071769
868120165071777
868120165071785
868120165071793
868120165071801
868120165071819
868120165071827
868120165071835
868120165071843
868120165071850
868120165071868
868120165071876
868120165071884
868120165071892
868120165071900
868120165071918
868120165071926
868120165071934
868120165071942
868120165071959
868120165071967
868120165071975
868120165071983
868120165071991
868120165072007
868120165072015
868120165072023
868120165072031
868120165072049
868120165072056
868120165072064
868120165072072
868120165072080
868120165072098
868120165072106
868120165072114
868120165072122
868120165072130
868120165072148
868120165072155
868120165072163
868120165072171
868120165072189
868120165072197
868120165072205
868120165072213
868120165072221
868120165072239
868120165072247
868120165072254
868120165072262
868120165072270
868120165072288
868120165072296
868120165072304
868120165072312
868120165072320
868120165072338
868120165072346
868120165072353
868120165072361
868120165072379
868120165072387
868120165072395
868120165072403
868120165072411
868120165072429
868120165072437
868120165072445
868120165072452
868120165072460
868120165072478
868120165072486
868120165072494
868120165072502
868120165072510
868120165072528
868120165072536
868120165072544
868120165072551
868120165072569
868120165072577
868120165072585
868120165072593
868120165072601
868120165072619
868120165072627
868120165072635
868120165072643
868120165072650
868120165072668
868120165072676
868120165072684
868120165072692
868120165072700
868120165072718
868120165072726
868120165072734
868120165072742
868120165072759
868120165072767
868120165072775
868120165072783
868120165072791
868120165072809
868120165072817
868120165072825
868120165072833
868120165072841
868120165072858
868120165072866
868120165072874
868120165072882
868120165072890
868120165072908
868120165072916
868120165072924
868120165072932
868120165072940
868120165072957
868120165072965
868120165072973
868120165072981
868120165072999
868120165073005
868120165073013
868120165073021
868120165073039
868120165073047
868120165073054
868120165073062
868120165073070
868120165073088
868120165073096
868120165073104
868120165073112
868120165073120
868120165073138
868120165073146
868120165073153
868120165073161
868120165073179
868120165073187
868120165073195
868120165073203
868120165073211
868120165073229
868120165073237
868120165073245
868120165073252
868120165073260
868120165073278
868120165073286
868120165073294
868120165073302
868120165073310
868120165073328
868120165073336
868120165073344
868120165073351
868120165073369
868120165073377
868120165073385
868120165073393
868120165073401
868120165073419
868120165073427
868120165073435
868120165073443
868120165073450
868120165073468
868120165073476
868120165073484
868120165073492
868120165073500
868120165073518
868120165073526
868120165073534
868120165073542
868120165073559
868120165073567
868120165073575
868120165073583
868120165073591
868120165073609
868120165073617
868120165073625
868120165073633
868120165073641
868120165073658
868120165073666
868120165073674
868120165073682
868120165073690
868120165073708
868120165073716
868120165073724
868120165073732
868120165073740
868120165073757
868120165073765
868120165073773
868120165073781
868120165073799
868120165073807
868120165073815
868120165073823
868120165073831
868120165073849
868120165073856
868120165073864
868120165073872
868120165073880
868120165073898
868120165073906
868120165073914
868120165073922
868120165073930
868120165073948
868120165073955
868120165073963
868120165073971
868120165073989
868120165073997
868120165074003
868120165074011
868120165074029
868120165074037
868120165074045
868120165074052
868120165074060
868120165074078
868120165074086
868120165074094
868120165074102
868120165074110
868120165074128
868120165074136
868120165074144
868120165074151
868120165074169
868120165074177
868120165074185
868120165074193
868120165074201
868120165074219
868120165074227
868120165074235
868120165074243
868120165074250
868120165074268
868120165074276
868120165074284
868120165074292
868120165074300
868120165074318
868120165074326
868120165074334
868120165074342
868120165074359
868120165074367
868120165074375
868120165074383
868120165074391
868120165074409
868120165074417
868120165074425
868120165074433
868120165074441
868120165074458
868120165074466
868120165074474
868120165074482
868120165074490
868120165074508
868120165074516
868120165074524
868120165074532
868120165074540
868120165074557
868120165074565
868120165074573
868120165074581
868120165074599
868120165074607
868120165074615
868120165074623
868120165074631
868120165074649
868120165074656
868120165074664
868120165074672
868120165074680
868120165074698
868120165074706
868120165074714
868120165074722
868120165074730
868120165074748
868120165074755
868120165074763
868120165074771
868120165074789
868120165074797
868120165074805
868120165074813
868120165074821
868120165074839
868120165074847
868120165074854
868120165074862
868120165074870
868120165074888
868120165074896
868120165074904
868120165074912
868120165074920
868120165074938
868120165074946
868120165074953
868120165074961
868120165074979
868120165074987
868120165074995
868120165075000
868120165075018
868120165075026
868120165075034
868120165075042
868120165075059
868120165075067
868120165075075
868120165075083
868120165075091
868120165075109
868120165075117
868120165075125
868120165075133
868120165075141
868120165075158
868120165075166
868120165075174
868120165075182
868120165075190
868120165075208
868120165075216
868120165075224
868120165075232
868120165075240
868120165075257
868120165075265
868120165075273
868120165075281
868120165075299
868120165075307
868120165075315
868120165075323
868120165075331
868120165075349
868120165075356
868120165075364
868120165075372
868120165075380
868120165075398
868120165075406
868120165075414
868120165075422
868120165075430
868120165075448
868120165075455
868120165075463
868120165075471
868120165075489
868120165075497
868120165075505
868120165075513
868120165075521
868120165075539
868120165075547
868120165075554
868120165075562
868120165075570
868120165075588
868120165075596
868120165075604
868120165075612
868120165075620
868120165075638
868120165075646
868120165075653
868120165075661
868120165075679
868120165075687
868120165075695
868120165075703
868120165075711
868120165075729
868120165075737
868120165075745
868120165075752
868120165075760
868120165075778
868120165075786
868120165075794
868120165075802
868120165075810
868120165075828
868120165075836
868120165075844
868120165075851
868120165075869
868120165075877
868120165075885
868120165075893
868120165075901
868120165075919
868120165075927
868120165075935
868120165075943
868120165075950
868120165075968
868120165075976
868120165075984
868120165075992
868120165076008
868120165076016
868120165076024
868120165076032
868120165076040
868120165076057
868120165076065
868120165076073
868120165076081
868120165076099
868120165076107
868120165076115
868120165076123
868120165076131
868120165076149
868120165076156
868120165076164
868120165076172
868120165076180
868120165076198
868120165076206
868120165076214
868120165076222
868120165076230
868120165076248
868120165076255
868120165076263
868120165076271
868120165076289
868120165076297
868120165076305
868120165076313
868120165076321
868120165076339
868120165076347
868120165076354
868120165076362
868120165076370
868120165076388
868120165076396
868120165076404
868120165076412
868120165076420
868120165076438
868120165076446
868120165076453
868120165076461
868120165076479
868120165076487
868120165076495
868120165076503
868120165076511
868120165076529
868120165076537
868120165076545
868120165076552
868120165076560
868120165076578
868120165076586
868120165076594
868120165076602
868120165076610
868120165076628
868120165076636
868120165076644
868120165076651
868120165076669
868120165076677
868120165076685
868120165076693
868120165076701
868120165076719
868120165076727
868120165076735
868120165076743
868120165076750
868120165076768
868120165076776
868120165076784
868120165076792
868120165076800
868120165076818
868120165076826
868120165076834
868120165076842
868120165076859
868120165076867
868120165076875
868120165076883
868120165076891
868120165076909
868120165076917
868120165076925
868120165076933
868120165076941
868120165076958
868120165076966
868120165076974
868120165076982
868120165076990
868120165077006
868120165077014
868120165077022
868120165077030
868120165077048
868120165077055
868120165077063
868120165077071
868120165077089
868120165077097
868120165077105
868120165077113
868120165077121
868120165077139
868120165077147
868120165077154
868120165077162
868120165077170
868120165077188
868120165077196
868120165077204
868120165077212
868120165077220
868120165077238
868120165077246
868120165077253
868120165077261
868120165077279
868120165077287
868120165077295
868120165077303
868120165077311
868120165077329
868120165077337
868120165077345
868120165077352
868120165077360
868120165077378
868120165077386
868120165077394
868120165077402
868120165077410
868120165077428
868120165077436
868120165077444
868120165077451
868120165077469
868120165077477
868120165077485
868120165077493
868120165077501
868120165077519
868120165077527
868120165077535
868120165077543
868120165077550
868120165077568
868120165077576
868120165077584
868120165077592
868120165077600
868120165077618
868120165077626
868120165077634
868120165077642
868120165077659
868120165077667
868120165077675
868120165077683
868120165077691
868120165077709
868120165077717
868120165077725
868120165077733
868120165077741
868120165077758
868120165077766
868120165077774
868120165077782
868120165077790
868120165077808
868120165077816
868120165077824
868120165077832
868120165077840
868120165077857
868120165077865
868120165077873
868120165077881
868120165077899
868120165077907
868120165077915
868120165077923
868120165077931
868120165077949
868120165077956
868120165077964
868120165077972
868120165077980
868120165077998
868120165078004
868120165078012
868120165078020
868120165078038
868120165078046
868120165078053
868120165078061
868120165078079
868120165078087
868120165078095
868120165078103
868120165078111
868120165078129
868120165078137
868120165078145
868120165078152
868120165078160
868120165078178
868120165078186
868120165078194
868120165078202
868120165078210
868120165078228
868120165078236
868120165078244
868120165078251
868120165078269
868120165078277
868120165078285
868120165078293
868120165078301
868120165078319
868120165078327
868120165078335
868120165078343
868120165078350
868120165078368
868120165078376
868120165078384
868120165078392
868120165078400
868120165078418
868120165078426
868120165078434
868120165078442
868120165078459
868120165078467
868120165078475
868120165078483
868120165078491
868120165078509
868120165078517
868120165078525
868120165078533
868120165078541
868120165078558
868120165078566
868120165078574
868120165078582
868120165078590
868120165078608
868120165078616
868120165078624
868120165078632
868120165078640
868120165078657
868120165078665
868120165078673
868120165078681
868120165078699
868120165078707
868120165078715
868120165078723
868120165078731
868120165078749
868120165078756
868120165078764
868120165078772
868120165078780
868120165078798
868120165078806
868120165078814
868120165078822
868120165078830
868120165078848
868120165078855
868120165078863
868120165078871
868120165078889
868120165078897
868120165078905
868120165078913
868120165078921
868120165078939
868120165078947
868120165078954
868120165078962
868120165078970
868120165078988
868120165078996
868120165079002
868120165079010
868120165079028
868120165079036
868120165079044
868120165079051
868120165079069
868120165079077
868120165079085
868120165079093
868120165079101
868120165079119
868120165079127
868120165079135
868120165079143
868120165079150
868120165079168
868120165079176
868120165079184
868120165079192
868120165079200
868120165079218
868120165079226
868120165079234
868120165079242
868120165079259
868120165079267
868120165079275
868120165079283
868120165079291
868120165079309
868120165079317
868120165079325
868120165079333
868120165079341
868120165079358
868120165079366
868120165079374
868120165079382
868120165079390
868120165079408
868120165079416
868120165079424
868120165079432
868120165079440
868120165079457
868120165079465
868120165079473
868120165079481
868120165079499
868120165079507
868120165079515
868120165079523
868120165079531
868120165079549
868120165079556
868120165079564
868120165079572
868120165079580
868120165079598
868120165079606
868120165079614
868120165079622
868120165079630
868120165079648
868120165079655
868120165079663
868120165079671
868120165079689
868120165079697
868120165079705
868120165079713
868120165079721
868120165079739
868120165079747
868120165079754
868120165079762
868120165079770
868120165079788
868120165079796
868120165079804
868120165079812
868120165079820
868120165079838
868120165079846
868120165079853
868120165079861
868120165079879
868120165079887
868120165079895
868120165079903
868120165079911
868120165079929
868120165079937
868120165079945
868120165079952
868120165079960
868120165079978
868120165079986
868120165079994
868120165080000
868120165080018
868120165080026
868120165080034
868120165080042
868120165080059
868120165080067
868120165080075
868120165080083
868120165080091
868120165080109
868120165080117
868120165080125
868120165080133
868120165080141
868120165080158
868120165080166
868120165080174
868120165080182
868120165080190
868120165080208
868120165080216
868120165080224
868120165080232
868120165080240
868120165080257
868120165080265
868120165080273
868120165080281
868120165080299
868120165080307
868120165080315
868120165080323
868120165080331
868120165080349
868120165080356
868120165080364
868120165080372
868120165080380
868120165080398
868120165080406
868120165080414
868120165080422
868120165080430
868120165080448
868120165080455
868120165080463
868120165080471
868120165080489
868120165080497
868120165080505
868120165080513
868120165080521
868120165080539
868120165080547
868120165080554
868120165080562
868120165080570
868120165080588
868120165080596
868120165080604
868120165080612
868120165080620
868120165080638
868120165080646
868120165080653
868120165080661
868120165080679
868120165080687
868120165080695
868120165080703
868120165080711
868120165080729
868120165080737
868120165080745
868120165080752
868120165080760
868120165080778
868120165080786
868120165080794
868120165080802
868120165080810
868120165080828
868120165080836
868120165080844
868120165080851
868120165080869
868120165080877
868120165080885
868120165080893
868120165080901
868120165080919
868120165080927
868120165080935
868120165080943
868120165080950
868120165080968
868120165080976
868120165080984
868120165080992
868120165081008
868120165081016
868120165081024
868120165081032
868120165081040
868120165081057
868120165081065
868120165081073
868120165081081
868120165081099
868120165081107
868120165081115
868120165081123
868120165081131
868120165081149
868120165081156
868120165081164
868120165081172
868120165081180
868120165081198
868120165081206
868120165081214
868120165081222
868120165081230
868120165081248
868120165081255
868120165081263
868120165081271
868120165081289
868120165081297
868120165081305
868120165081313
868120165081321
868120165081339
868120165081347
868120165081354
868120165081362
868120165081370
868120165081388
868120165081396
868120165081404
868120165081412
868120165081420
868120165081438
868120165081446
868120165081453
868120165081461
868120165081479
868120165081487
868120165081495
868120165081503
868120165081511
868120165081529
868120165081537
868120165081545
868120165081552
868120165081560
868120165081578
868120165081586
868120165081594
868120165081602
868120165081610
868120165081628
868120165081636
868120165081644
868120165081651
868120165081669
868120165081677
868120165081685
868120165081693
868120165081701
868120165081719
868120165081727
868120165081735
868120165081743
868120165081750
868120165081768
868120165081776
868120165081784
868120165081792
868120165081800
868120165081818
868120165081826
868120165081834
868120165081842
868120165081859
868120165081867
868120165081875
868120165081883
868120165081891
868120165081909
868120165081917
868120165081925
868120165081933
868120165081941
868120165081958
868120165081966
868120165081974
868120165081982
868120165081990
868120165082006
868120165082014
868120165082022
868120165082030
868120165082048
868120165082055
868120165082063
868120165082071
868120165082089
868120165082097
868120165082105
868120165082113
868120165082121
868120165082139
868120165082147
868120165082154
868120165082162
868120165082170
868120165082188
868120165082196
868120165082204
868120165082212
868120165082220
868120165082238
868120165082246
868120165082253
868120165082261
868120165082279
868120165082287
868120165082295
868120165082303
868120165082311
868120165082329
868120165082337
868120165082345
868120165082352
868120165082360
868120165082378
868120165082386
868120165082394
868120165082402
868120165082410
868120165082428
868120165082436
868120165082444
868120165082451
868120165082469
868120165082477
868120165082485
868120165082493
868120165082501
868120165082519
868120165082527
868120165082535
868120165082543
868120165082550
868120165082568
868120165082576
868120165082584
868120165082592
868120165082600
868120165082618
868120165082626
868120165082634
868120165082642
868120165082659
868120165082667
868120165082675
868120165082683
868120165082691
868120165082709
868120165082717
868120165082725
868120165082733
868120165082741
868120165082758
868120165082766
868120165082774
868120165082782
868120165082790
868120165082808
868120165082816
868120165082824
868120165082832
868120165082840
868120165082857
868120165082865
868120165082873
868120165082881
868120165082899
868120165082907
868120165082915
868120165082923
868120165082931
868120165082949
868120165082956
868120165082964
868120165082972
868120165082980
868120165082998
868120165083004
868120165083012
868120165083020
868120165083038
868120165083046
868120165083053
868120165083061
868120165083079
868120165083087
868120165083095
868120165083103
868120165083111
868120165083129
868120165083137
868120165083145
868120165083152
868120165083160
868120165083178
868120165083186
868120165083194
868120165083202
868120165083210
868120165083228
868120165083236
868120165083244
868120165083251
868120165083269
868120165083277
868120165083285
868120165083293
868120165083301
868120165083319
868120165083327
868120165083335
868120165083343
868120165083350
868120165083368
868120165083376
868120165083384
868120165083392
868120165083400
868120165083418
868120165083426
868120165083434
868120165083442
868120165083459
868120165083467
868120165083475
868120165083483
868120165083491
868120165083509
868120165083517
868120165083525
868120165083533
868120165083541
868120165083558
868120165083566
868120165083574
868120165083582
868120165083590
868120165083608
868120165083616
868120165083624
868120165083632
868120165083640
868120165083657
868120165083665
868120165083673
868120165083681
868120165083699
868120165083707
868120165083715
868120165083723
868120165083731
868120165083749
868120165083756
868120165083764
868120165083772
868120165083780
868120165083798
868120165083806
868120165083814
868120165083822
868120165083830
868120165083848
868120165083855
868120165083863
868120165083871
868120165083889
868120165083897
868120165083905
868120165083913
868120165083921
868120165083939
868120165083947
868120165083954
868120165083962
868120165083970
868120165083988
868120165083996
868120165084002
868120165084010
868120165084028
868120165084036
868120165084044
868120165084051
868120165084069
868120165084077
868120165084085
868120165084093
868120165084101
868120165084119
868120165084127
868120165084135
868120165084143
868120165084150
868120165084168
868120165084176
868120165084184
868120165084192
868120165084200
868120165084218
868120165084226
868120165084234
868120165084242
868120165084259
868120165084267
868120165084275
868120165084283
868120165084291
868120165084309
868120165084317
868120165084325
868120165084333
868120165084341
868120165084358
868120165084366
868120165084374
868120165084382
868120165084390
868120165084408
868120165084416
868120165084424
868120165084432
868120165084440
868120165084457
868120165084465
868120165084473
868120165084481
868120165084499
868120165084507
868120165084515
868120165084523
868120165084531
868120165084549
868120165084556
868120165084564
868120165084572
868120165084580
868120165084598
868120165084606
868120165084614
868120165084622
868120165084630
868120165084648
868120165084655
868120165084663
868120165084671
868120165084689
868120165084697
868120165084705
868120165084713
868120165084721
868120165084739
868120165084747
868120165084754
868120165084762
868120165084770
868120165084788
868120165084796
868120165084804
868120165084812
868120165084820
868120165084838
868120165084846
868120165084853
868120165084861
868120165084879
868120165084887
868120165084895
868120165084903
868120165084911
868120165084929
868120165084937
868120165084945
868120165084952
868120165084960
868120165084978
868120165084986
868120165084994
868120165085009
868120165085017
868120165085025
868120165085033
868120165085041
868120165085058
868120165085066
868120165085074
868120165085082
868120165085090
868120165085108
868120165085116
868120165085124
868120165085132
868120165085140
868120165085157
868120165085165
868120165085173
868120165085181
868120165085199
868120165085207
868120165085215
868120165085223
868120165085231
868120165085249
868120165085256
868120165085264
868120165085272
868120165085280
868120165085298
868120165085306
868120165085314
868120165085322
868120165085330
868120165085348
868120165085355
868120165085363
868120165085371
868120165085389
868120165085397
868120165085405
868120165085413
868120165085421
868120165085439
868120165085447
868120165085454
868120165085462
868120165085470
868120165085488
868120165085496
868120165085504
868120165085512
868120165085520
868120165085538
868120165085546
868120165085553
868120165085561
868120165085579
868120165085587
868120165085595
868120165085603
868120165085611
868120165085629
868120165085637
868120165085645
868120165085652
868120165085660
868120165085678
868120165085686
868120165085694
868120165085702
868120165085710
868120165085728
868120165085736
868120165085744
868120165085751
868120165085769
868120165085777
868120165085785
868120165085793
868120165085801
868120165085819
868120165085827
868120165085835
868120165085843
868120165085850
868120165085868
868120165085876
868120165085884
868120165085892
868120165085900
868120165085918
868120165085926
868120165085934
868120165085942
868120165085959
868120165085967
868120165085975
868120165085983
868120165085991
868120165086007
868120165086015
868120165086023
868120165086031
868120165086049
868120165086056
868120165086064
868120165086072
868120165086080
868120165086098
868120165086106
868120165086114
868120165086122
868120165086130
868120165086148
868120165086155
868120165086163
868120165086171
868120165086189
868120165086197
868120165086205
868120165086213
868120165086221
868120165086239
868120165086247
868120165086254
868120165086262
868120165086270
868120165086288
868120165086296
868120165086304
868120165086312
868120165086320
868120165086338
868120165086346
868120165086353
868120165086361
868120165086379
868120165086387
868120165086395
868120165086403
868120165086411
868120165086429
868120165086437
868120165086445
868120165086452
868120165086460
868120165086478
868120165086486
868120165086494
868120165086502
868120165086510
868120165086528
868120165086536
868120165086544
868120165086551
868120165086569
868120165086577
868120165086585
868120165086593
868120165086601
868120165086619
868120165086627
868120165086635
868120165086643
868120165086650
868120165086668
868120165086676
868120165086684
868120165086692
868120165086700
868120165086718
868120165086726
868120165086734
868120165086742
868120165086759
868120165086767
868120165086775
868120165086783
868120165086791
868120165086809
868120165086817
868120165086825
868120165086833
868120165086841
868120165086858
868120165086866
868120165086874
868120165086882
868120165086890
868120165086908
868120165086916
868120165086924
868120165086932
868120165086940
868120165086957
868120165086965
868120165086973
868120165086981
868120165086999
868120165087005
868120165087013
868120165087021
868120165087039
868120165087047
868120165087054
868120165087062
868120165087070
868120165087088
868120165087096
868120165087104
868120165087112
868120165087120
868120165087138
868120165087146
868120165087153
868120165087161
868120165087179
868120165087187
868120165087195
868120165087203
868120165087211
868120165087229
868120165087237
868120165087245
868120165087252
868120165087260
868120165087278
868120165087286
868120165087294
868120165087302
868120165087310
868120165087328
868120165087336
868120165087344
868120165087351
868120165087369
868120165087377
868120165087385
868120165087393
868120165087401
868120165087419
868120165087427
868120165087435
868120165087443
868120165087450
868120165087468
868120165087476
868120165087484
868120165087492
868120165087500
868120165087518
868120165087526
868120165087534
868120165087542
868120165087559
868120165087567
868120165087575
868120165087583
868120165087591
868120165087609
868120165087617
868120165087625
868120165087633
868120165087641
868120165087658
868120165087666
868120165087674
868120165087682
868120165087690
868120165087708
868120165087716
868120165087724
868120165087732
868120165087740
868120165087757
868120165087765
868120165087773
868120165087781
868120165087799
868120165087807
868120165087815
868120165087823
868120165087831
868120165087849
868120165087856
868120165087864
868120165087872
868120165087880
868120165087898
868120165087906
868120165087914
868120165087922
868120165087930
868120165087948
868120165087955
868120165087963
868120165087971
868120165087989
868120165087997
868120165088003
868120165088011
868120165088029
868120165088037
868120165088045
868120165088052
868120165088060
868120165088078
868120165088086
868120165088094
868120165088102
868120165088110
868120165088128
868120165088136
868120165088144
868120165088151
868120165088169
868120165088177
868120165088185
868120165088193
868120165088201
868120165088219
868120165088227
868120165088235
868120165088243
868120165088250
868120165088268
868120165088276
868120165088284
868120165088292
868120165088300
868120165088318
868120165088326
868120165088334
868120165088342
868120165088359
868120165088367
868120165088375
868120165088383
868120165088391
868120165088409
868120165088417
868120165088425
868120165088433
868120165088441
868120165088458
868120165088466
868120165088474
868120165088482
868120165088490
868120165088508
868120165088516
868120165088524
868120165088532
868120165088540
868120165088557
868120165088565
868120165088573
868120165088581
868120165088599
868120165088607
868120165088615
868120165088623
868120165088631
868120165088649
868120165088656
868120165088664
868120165088672
868120165088680
868120165088698
868120165088706
868120165088714
868120165088722
868120165088730
868120165088748
868120165088755
868120165088763
868120165088771
868120165088789
868120165088797
868120165088805
868120165088813
868120165088821
868120165088839
868120165088847
868120165088854
868120165088862
868120165088870
868120165088888
868120165088896
868120165088904
868120165088912
868120165088920
868120165088938
868120165088946
868120165088953
868120165088961
868120165088979
868120165088987
868120165088995
868120165089001
868120165089019
868120165089027
868120165089035
868120165089043
868120165089050
868120165089068
868120165089076
868120165089084
868120165089092
868120165089100
868120165089118
868120165089126
868120165089134
868120165089142
868120165089159
868120165089167
868120165089175
868120165089183
868120165089191
868120165089209
868120165089217
868120165089225
868120165089233
868120165089241
868120165089258
868120165089266
868120165089274
868120165089282
868120165089290
868120165089308
868120165089316
868120165089324
868120165089332
868120165089340
868120165089357
868120165089365
868120165089373
868120165089381
868120165089399
868120165089407
868120165089415
868120165089423
868120165089431
868120165089449
868120165089456
868120165089464
868120165089472
868120165089480
868120165089498
868120165089506
868120165089514
868120165089522
868120165089530
868120165089548
868120165089555
868120165089563
868120165089571
868120165089589
868120165089597
868120165089605
868120165089613
868120165089621
868120165089639
868120165089647
868120165089654
868120165089662
868120165089670
868120165089688
868120165089696
868120165089704
868120165089712
868120165089720
868120165089738
868120165089746
868120165089753
868120165089761
868120165089779
868120165089787
868120165089795
868120165089803
868120165089811
868120165089829
868120165089837
868120165089845
868120165089852
868120165089860
868120165089878
868120165089886
868120165089894
868120165089902
868120165089910
868120165089928
868120165089936
868120165089944
868120165089951
868120165089969
868120165089977
868120165089985
868120165089993
868120165090009
868120165090017
868120165090025
868120165090033
868120165090041
868120165090058
868120165090066
868120165090074
868120165090082
868120165090090
868120165090108
868120165090116
868120165090124
868120165090132
868120165090140
868120165090157
868120165090165
868120165090173
868120165090181
868120165090199
868120165090207
868120165090215
868120165090223
868120165090231
868120165090249
868120165090256
868120165090264
868120165090272
868120165090280
868120165090298
868120165090306
868120165090314
868120165090322
868120165090330
868120165090348
868120165090355
868120165090363
868120165090371
868120165090389
868120165090397
868120165090405
868120165090413
868120165090421
868120165090439
868120165090447
868120165090454
868120165090462
868120165090470
868120165090488
868120165090496
868120165090504
868120165090512
868120165090520
868120165090538
868120165090546
868120165090553
868120165090561
868120165090579
868120165090587
868120165090595
868120165090603
868120165090611
868120165090629
868120165090637
868120165090645
868120165090652
868120165090660
868120165090678
868120165090686
868120165090694
868120165090702
868120165090710
868120165090728
868120165090736
868120165090744
868120165090751
868120165090769
868120165090777
868120165090785
868120165090793
868120165090801
868120165090819
868120165090827
868120165090835
868120165090843
868120165090850
868120165090868
868120165090876
868120165090884
868120165090892
868120165090900
868120165090918
868120165090926
868120165090934
868120165090942
868120165090959
868120165090967
868120165090975
868120165090983
868120165090991
868120165091007
868120165091015
868120165091023
868120165091031
868120165091049
868120165091056
868120165091064
868120165091072
868120165091080
868120165091098
868120165091106
868120165091114
868120165091122
868120165091130
868120165091148
868120165091155
868120165091163
868120165091171
868120165091189
868120165091197
868120165091205
868120165091213
868120165091221
868120165091239
868120165091247
868120165091254
868120165091262
868120165091270
868120165091288
868120165091296
868120165091304
868120165091312
868120165091320
868120165091338
868120165091346
868120165091353
868120165091361
868120165091379
868120165091387
868120165091395
868120165091403
868120165091411
868120165091429
868120165091437
868120165091445
868120165091452
868120165091460
868120165091478
868120165091486
868120165091494
868120165091502
868120165091510
868120165091528
868120165091536
868120165091544
868120165091551
868120165091569
868120165091577
868120165091585
868120165091593
868120165091601
868120165091619
868120165091627
868120165091635
868120165091643
868120165091650
868120165091668
868120165091676
868120165091684
868120165091692
868120165091700
868120165091718
868120165091726
868120165091734
868120165091742
868120165091759
868120165091767
868120165091775
868120165091783
868120165091791
868120165091809
868120165091817
868120165091825
868120165091833
868120165091841
868120165091858
868120165091866
868120165091874
868120165091882
868120165091890
868120165091908
868120165091916
868120165091924
868120165091932
868120165091940
868120165091957
868120165091965
868120165091973
868120165091981
868120165091999
868120165092005
868120165092013
868120165092021
868120165092039
868120165092047
868120165092054
868120165092062
868120165092070
868120165092088
868120165092096
868120165092104
868120165092112
868120165092120
868120165092138
868120165092146
868120165092153
868120165092161
868120165092179
868120165092187
868120165092195
868120165092203
868120165092211
868120165092229
868120165092237
868120165092245
868120165092252
868120165092260
868120165092278
868120165092286
868120165092294
868120165092302
868120165092310
868120165092328
868120165092336
868120165092344
868120165092351
868120165092369
868120165092377
868120165092385
868120165092393
868120165092401
868120165092419
868120165092427
868120165092435
868120165092443
868120165092450
868120165092468
868120165092476
868120165092484
868120165092492
868120165092500
868120165092518
868120165092526
868120165092534
868120165092542
868120165092559
868120165092567
868120165092575
868120165092583
868120165092591
868120165092609
868120165092617
868120165092625
868120165092633
868120165092641
868120165092658
868120165092666
868120165092674
868120165092682
868120165092690
868120165092708
868120165092716
868120165092724
868120165092732
868120165092740
868120165092757
868120165092765
868120165092773
868120165092781
868120165092799
868120165092807
868120165092815
868120165092823
868120165092831
868120165092849
868120165092856
868120165092864
868120165092872
868120165092880
868120165092898
868120165092906
868120165092914
868120165092922
868120165092930
868120165092948
868120165092955
868120165092963
868120165092971
868120165092989
868120165092997
868120165093003
868120165093011
868120165093029
868120165093037
868120165093045
868120165093052
868120165093060
868120165093078
868120165093086
868120165093094
868120165093102
868120165093110
868120165093128
868120165093136
868120165093144
868120165093151
868120165093169
868120165093177
868120165093185
868120165093193
868120165093201
868120165093219
868120165093227
868120165093235
868120165093243
868120165093250
868120165093268
868120165093276
868120165093284
868120165093292
868120165093300
868120165093318
868120165093326
868120165093334
868120165093342
868120165093359
868120165093367
868120165093375
868120165093383
868120165093391
868120165093409
868120165093417
868120165093425
868120165093433
868120165093441
868120165093458
868120165093466
868120165093474
868120165093482
868120165093490
868120165093508
868120165093516
868120165093524
868120165093532
868120165093540
868120165093557
868120165093565
868120165093573
868120165093581
868120165093599
868120165093607
868120165093615
868120165093623
868120165093631
868120165093649
868120165093656
868120165093664
868120165093672
868120165093680
868120165093698
868120165093706
868120165093714
868120165093722
868120165093730
868120165093748
868120165093755
868120165093763
868120165093771
868120165093789
868120165093797
868120165093805
868120165093813
868120165093821
868120165093839
868120165093847
868120165093854
868120165093862
868120165093870
868120165093888
868120165093896
868120165093904
868120165093912
868120165093920
868120165093938
868120165093946
868120165093953
868120165093961
868120165093979
868120165093987
868120165093995
868120165094001
868120165094019
868120165094027
868120165094035
868120165094043
868120165094050
868120165094068
868120165094076
868120165094084
868120165094092
868120165094100
868120165094118
868120165094126
868120165094134
868120165094142
868120165094159
868120165094167
868120165094175
868120165094183
868120165094191
868120165094209
868120165094217
868120165094225
868120165094233
868120165094241
868120165094258
868120165094266
868120165094274
868120165094282
868120165094290
868120165094308
868120165094316
868120165094324
868120165094332
868120165094340
868120165094357
868120165094365
868120165094373
868120165094381
868120165094399
868120165094407
868120165094415
868120165094423
868120165094431
868120165094449
868120165094456
868120165094464
868120165094472
868120165094480
868120165094498
868120165094506
868120165094514
868120165094522
868120165094530
868120165094548
868120165094555
868120165094563
868120165094571
868120165094589
868120165094597
868120165094605
868120165094613
868120165094621
868120165094639
868120165094647
868120165094654
868120165094662
868120165094670
868120165094688
868120165094696
868120165094704
868120165094712
868120165094720
868120165094738
868120165094746
868120165094753
868120165094761
868120165094779
868120165094787
868120165094795
868120165094803
868120165094811
868120165094829
868120165094837
868120165094845
868120165094852
868120165094860
868120165094878
868120165094886
868120165094894
868120165094902
868120165094910
868120165094928
868120165094936
868120165094944
868120165094951
868120165094969
868120165094977
868120165094985
868120165094993
868120165095008
868120165095016
868120165095024
868120165095032
868120165095040
868120165095057
868120165095065
868120165095073
868120165095081
868120165095099
868120165095107
868120165095115
868120165095123
868120165095131
868120165095149
868120165095156
868120165095164
868120165095172
868120165095180
868120165095198
868120165095206
868120165095214
868120165095222
868120165095230
868120165095248
868120165095255
868120165095263
868120165095271
868120165095289
868120165095297
868120165095305
868120165095313
868120165095321
868120165095339
868120165095347
868120165095354
868120165095362
868120165095370
868120165095388
868120165095396
868120165095404
868120165095412
868120165095420
868120165095438
868120165095446
868120165095453
868120165095461
868120165095479
868120165095487
868120165095495
868120165095503
868120165095511
868120165095529
868120165095537
868120165095545
868120165095552
868120165095560
868120165095578
868120165095586
868120165095594
868120165095602
868120165095610
868120165095628
868120165095636
868120165095644
868120165095651
868120165095669
868120165095677
868120165095685
868120165095693
868120165095701
868120165095719
868120165095727
868120165095735
868120165095743
868120165095750
868120165095768
868120165095776
868120165095784
868120165095792
868120165095800
868120165095818
868120165095826
868120165095834
868120165095842
868120165095859
868120165095867
868120165095875
868120165095883
868120165095891
868120165095909
868120165095917
868120165095925
868120165095933
868120165095941
868120165095958
868120165095966
868120165095974
868120165095982
868120165095990
868120165096006
868120165096014
868120165096022
868120165096030
868120165096048
868120165096055
868120165096063
868120165096071
868120165096089
868120165096097
868120165096105
868120165096113
868120165096121
868120165096139
868120165096147
868120165096154
868120165096162
868120165096170
868120165096188
868120165096196
868120165096204
868120165096212
868120165096220
868120165096238
868120165096246
868120165096253
868120165096261
868120165096279
868120165096287
868120165096295
868120165096303
868120165096311
868120165096329
868120165096337
868120165096345
868120165096352
868120165096360
868120165096378
868120165096386
868120165096394
868120165096402
868120165096410
868120165096428
868120165096436
868120165096444
868120165096451
868120165096469
868120165096477
868120165096485
868120165096493
868120165096501
868120165096519
868120165096527
868120165096535
868120165096543
868120165096550
868120165096568
868120165096576
868120165096584
868120165096592
868120165096600
868120165096618
868120165096626
868120165096634
868120165096642
868120165096659
868120165096667
868120165096675
868120165096683
868120165096691
868120165096709
868120165096717
868120165096725
868120165096733
868120165096741
868120165096758
868120165096766
868120165096774
868120165096782
868120165096790
868120165096808
868120165096816
868120165096824
868120165096832
868120165096840
868120165096857
868120165096865
868120165096873
868120165096881
868120165096899
868120165096907
868120165096915
868120165096923
868120165096931
868120165096949
868120165096956
868120165096964
868120165096972
868120165096980
868120165096998
868120165097004
868120165097012
868120165097020
868120165097038
868120165097046
868120165097053
868120165097061
868120165097079
868120165097087
868120165097095
868120165097103
868120165097111
868120165097129
868120165097137
868120165097145
868120165097152
868120165097160
868120165097178
868120165097186
868120165097194
868120165097202
868120165097210
868120165097228
868120165097236
868120165097244
868120165097251
868120165097269
868120165097277
868120165097285
868120165097293
868120165097301
868120165097319
868120165097327
868120165097335
868120165097343
868120165097350
868120165097368
868120165097376
868120165097384
868120165097392
868120165097400
868120165097418
868120165097426
868120165097434
868120165097442
868120165097459
868120165097467
868120165097475
868120165097483
868120165097491
868120165097509
868120165097517
868120165097525
868120165097533
868120165097541
868120165097558
868120165097566
868120165097574
868120165097582
868120165097590
868120165097608
868120165097616
868120165097624
868120165097632
868120165097640
868120165097657
868120165097665
868120165097673
868120165097681
868120165097699
868120165097707
868120165097715
868120165097723
868120165097731
868120165097749
868120165097756
868120165097764
868120165097772
868120165097780
868120165097798
868120165097806
868120165097814
868120165097822
868120165097830
868120165097848
868120165097855
868120165097863
868120165097871
868120165097889
868120165097897
868120165097905
868120165097913
868120165097921
868120165097939
868120165097947
868120165097954
868120165097962
868120165097970
868120165097988
868120165097996
868120165098002
868120165098010
868120165098028
868120165098036
868120165098044
868120165098051
868120165098069
868120165098077
868120165098085
868120165098093
868120165098101
868120165098119
868120165098127
868120165098135
868120165098143
868120165098150
868120165098168
868120165098176
868120165098184
868120165098192
868120165098200
868120165098218
868120165098226
868120165098234
868120165098242
868120165098259
868120165098267
868120165098275
868120165098283
868120165098291
868120165098309
868120165098317
868120165098325
868120165098333
868120165098341
868120165098358
868120165098366
868120165098374
868120165098382
868120165098390
868120165098408
868120165098416
868120165098424
868120165098432
868120165098440
868120165098457
868120165098465
868120165098473
868120165098481
868120165098499
868120165098507
868120165098515
868120165098523
868120165098531
868120165098549
868120165098556
868120165098564
868120165098572
868120165098580
868120165098598
868120165098606
868120165098614
868120165098622
868120165098630
868120165098648
868120165098655
868120165098663
868120165098671
868120165098689
868120165098697
868120165098705
868120165098713
868120165098721
868120165098739
868120165098747
868120165098754
868120165098762
868120165098770
868120165098788
868120165098796
868120165098804
868120165098812
868120165098820
868120165098838
868120165098846
868120165098853
868120165098861
868120165098879
868120165098887
868120165098895
868120165098903
868120165098911
868120165098929
868120165098937
868120165098945
868120165098952
868120165098960
868120165098978
868120165098986
868120165098994
868120165099000
868120165099018
868120165099026
868120165099034
868120165099042
868120165099059
868120165099067
868120165099075
868120165099083
868120165099091
868120165099109
868120165099117
868120165099125
868120165099133
868120165099141
868120165099158
868120165099166
868120165099174
868120165099182
868120165099190
868120165099208
868120165099216
868120165099224
868120165099232
868120165099240
868120165099257
868120165099265
868120165099273
868120165099281
868120165099299
868120165099307
868120165099315
868120165099323
868120165099331
868120165099349
868120165099356
868120165099364
868120165099372
868120165099380
868120165099398
868120165099406
868120165099414
868120165099422
868120165099430
868120165099448
868120165099455
868120165099463
868120165099471
868120165099489
868120165099497
868120165099505
868120165099513
868120165099521
868120165099539
868120165099547
868120165099554
868120165099562
868120165099570
868120165099588
868120165099596
868120165099604
868120165099612
868120165099620
868120165099638
868120165099646
868120165099653
868120165099661
868120165099679
868120165099687
868120165099695
868120165099703
868120165099711
868120165099729
868120165099737
868120165099745
868120165099752
868120165099760
868120165099778
868120165099786
868120165099794
868120165099802
868120165099810
868120165099828
868120165099836
