868120165069342
868120165069359
868120165069367
868120165069375
868120165069383
868120165069391
868120165069409
868120165069417
868120165069425
868120165069433
868120165069441
868120165069458
868120165069466
868120165069474
868120165069482
868120165069490
868120165069508
868120165069516
868120165069524
868120165069532
868120165069540
868120165069557
868120165069565
868120165069573
868120165069581
868120165069599
868120165069607
868120165069615
868120165069623
868120165069631
868120165069649
868120165069656
868120165069664
868120165069672
868120165069680
868120165069698
868120165069706
868120165069714
868120165069722
868120165069730
868120165069748
868120165069755
868120165069763
868120165069771
868120165069789
868120165069797
868120165069805
868120165069813
868120165069821
868120165069839
868120165069847
868120165069854
868120165069862
868120165069870
868120165069888
868120165069896
868120165069904
868120165069912
868120165069920
868120165069938
868120165069946
868120165069953
868120165069961
868120165069979
868120165069987
868120165069995
868120165070001
868120165070019
868120165070027
868120165070035
868120165070043
868120165070050
868120165070068
868120165070076
868120165070084
868120165070092
868120165070100
868120165070118
868120165070126
868120165070134
868120165070142
868120165070159
868120165070167
868120165070175
868120165070183
868120165070191
868120165070209
868120165070217
868120165070225
868120165070233
868120165070241
868120165070258
868120165070266
868120165070274
868120165070282
868120165070290
868120165070308
868120165070316
868120165070324
868120165070332
868120165070340
868120165070357
868120165070365
868120165070373
868120165070381
868120165070399
868120165070407
868120165070415
868120165070423
868120165070431
868120165070449
868120165070456
868120165070464
868120165070472
868120165070480
868120165070498
868120165070506
868120165070514
868120165070522
868120165070530
868120165070548
868120165070555
868120165070563
868120165070571
868120165070589
868120165070597
868120165070605
868120165070613
868120165070621
868120165070639
868120165070647
868120165070654
868120165070662
868120165070670
868120165070688
868120165070696
868120165070704
868120165070712
868120165070720
868120165070738
868120165070746
868120165070753
868120165070761
868120165070779
868120165070787
868120165070795
868120165070803
868120165070811
868120165070829
868120165070837
868120165070845
868120165070852
868120165070860
868120165070878
868120165070886
868120165070894
868120165070902
868120165070910
868120165070928
868120165070936
868120165070944
868120165070951
868120165070969
868120165070977
868120165070985
868120165070993
868120165071009
868120165071017
868120165071025
868120165071033
868120165071041
868120165071058
868120165071066
868120165071074
868120165071082
868120165071090
868120165071108
868120165071116
868120165071124
868120165071132
868120165071140
868120165071157
868120165071165
868120165071173
868120165071181
868120165071199
868120165071207
868120165071215
868120165071223
868120165071231
868120165071249
868120165071256
868120165071264
868120165071272
868120165071280
868120165071298
868120165071306
868120165071314
868120165071322
868120165071330
868120165071348
868120165071355
868120165071363
868120165071371
868120165071389
868120165071397
868120165071405
868120165071413
868120165071421
868120165071439
868120165071447
868120165071454
868120165071462
868120165071470
868120165071488
868120165071496
868120165071504
868120165071512
868120165071520
868120165071538
868120165071546
868120165071553
868120165071561
868120165071579
868120165071587
868120165071595
868120165071603
868120165071611
868120165071629
868120165071637
868120165071645
868120165071652
868120165071660
868120165071678
868120165071686
868120165071694
868120165071702
868120165071710
868120165071728
868120165071736
868120165071744
868120165071751
868120165071769
868120165071777
868120165071785
868120165071793
868120165071801
868120165071819
868120165071827
868120165071835
868120165071843
868120165071850
868120165071868
868120165071876
868120165071884
868120165071892
868120165071900
868120165071918
868120165071926
868120165071934
868120165071942
868120165071959
868120165071967
868120165071975
868120165071983
868120165071991
868120165072007
868120165072015
868120165072023
868120165072031
868120165072049
868120165072056
868120165072064
868120165072072
868120165072080
868120165072098
868120165072106
868120165072114
868120165072122
868120165072130
868120165072148
868120165072155
868120165072163
868120165072171
868120165072189
868120165072197
868120165072205
868120165072213
868120165072221
868120165072239
868120165072247
868120165072254
868120165072262
868120165072270
868120165072288
868120165072296
868120165072304
868120165072312
868120165072320
868120165072338
868120165072346
868120165072353
868120165072361
868120165072379
868120165072387
868120165072395
868120165072403
868120165072411
868120165072429
868120165072437
868120165072445
868120165072452
868120165072460
868120165072478
868120165072486
868120165072494
868120165072502
868120165072510
868120165072528
868120165072536
868120165072544
868120165072551
868120165072569
868120165072577
868120165072585
868120165072593
868120165072601
868120165072619
868120165072627
868120165072635
868120165072643
868120165072650
868120165072668
868120165072676
868120165072684
868120165072692
868120165072700
868120165072718
868120165072726
868120165072734
868120165072742
868120165072759
868120165072767
868120165072775
868120165072783
868120165072791
868120165072809
868120165072817
868120165072825
868120165072833
868120165072841
868120165072858
868120165072866
868120165072874
868120165072882
868120165072890
868120165072908
868120165072916
868120165072924
868120165072932
868120165072940
868120165072957
868120165072965
868120165072973
868120165072981
868120165072999
868120165073005
868120165073013
868120165073021
868120165073039
868120165073047
868120165073054
868120165073062
868120165073070
868120165073088
868120165073096
868120165073104
868120165073112
868120165073120
868120165073138
868120165073146
868120165073153
868120165073161
868120165073179
868120165073187
868120165073195
868120165073203
868120165073211
868120165073229
868120165073237
868120165073245
868120165073252
868120165073260
868120165073278
868120165073286
868120165073294
868120165073302
868120165073310
868120165073328
868120165073336
868120165073344
868120165073351
868120165073369
868120165073377
868120165073385
868120165073393
868120165073401
868120165073419
868120165073427
868120165073435
868120165073443
868120165073450
868120165073468
868120165073476
868120165073484
868120165073492
868120165073500
868120165073518
868120165073526
868120165073534
868120165073542
868120165073559
868120165073567
868120165073575
868120165073583
868120165073591
868120165073609
868120165073617
868120165073625
868120165073633
868120165073641
868120165073658
868120165073666
868120165073674
868120165073682
868120165073690
868120165073708
868120165073716
868120165073724
868120165073732
868120165073740
868120165073757
868120165073765
868120165073773
868120165073781
868120165073799
868120165073807
868120165073815
868120165073823
868120165073831
868120165073849
868120165073856
868120165073864
868120165073872
868120165073880
868120165073898
868120165073906
868120165073914
868120165073922
868120165073930
868120165073948
868120165073955
868120165073963
868120165073971
868120165073989
868120165073997
868120165074003
868120165074011
868120165074029
868120165074037
868120165074045
868120165074052
868120165074060
868120165074078
868120165074086
868120165074094
868120165074102
868120165074110
868120165074128
868120165074136
868120165074144
868120165074151
868120165074169
868120165074177
868120165074185
868120165074193
868120165074201
868120165074219
868120165074227
868120165074235
868120165074243
868120165074250
868120165074268
868120165074276
868120165074284
868120165074292
868120165074300
868120165074318
868120165074326
868120165074334
868120165074342
868120165074359
868120165074367
868120165074375
868120165074383
868120165074391
868120165074409
868120165074417
868120165074425
868120165074433
868120165074441
868120165074458
868120165074466
868120165074474
868120165074482
868120165074490
868120165074508
868120165074516
868120165074524
868120165074532
868120165074540
868120165074557
868120165074565
868120165074573
868120165074581
868120165074599
868120165074607
868120165074615
868120165074623
868120165074631
868120165074649
868120165074656
868120165074664
868120165074672
868120165074680
868120165074698
868120165074706
868120165074714
868120165074722
868120165074730
868120165074748
868120165074755
868120165074763
868120165074771
868120165074789
868120165074797
868120165074805
868120165074813
868120165074821
868120165074839
868120165074847
868120165074854
868120165074862
868120165074870
868120165074888
868120165074896
868120165074904
868120165074912
868120165074920
868120165074938
868120165074946
868120165074953
868120165074961
868120165074979
868120165074987
868120165074995
868120165075000
868120165075018
868120165075026
868120165075034
868120165075042
868120165075059
868120165075067
868120165075075
868120165075083
868120165075091
868120165075109
868120165075117
868120165075125
868120165075133
868120165075141
868120165075158
868120165075166
868120165075174
868120165075182
868120165075190
868120165075208
868120165075216
868120165075224
868120165075232
868120165075240
868120165075257
868120165075265
868120165075273
868120165075281
868120165075299
868120165075307
868120165075315
868120165075323
868120165075331
868120165075349
868120165075356
868120165075364
868120165075372
868120165075380
868120165075398
868120165075406
868120165075414
868120165075422
868120165075430
868120165075448
868120165075455
868120165075463
868120165075471
868120165075489
868120165075497
868120165075505
868120165075513
868120165075521
868120165075539
868120165075547
868120165075554
868120165075562
868120165075570
868120165075588
868120165075596
868120165075604
868120165075612
868120165075620
868120165075638
868120165075646
868120165075653
868120165075661
868120165075679
868120165075687
868120165075695
868120165075703
868120165075711
868120165075729
868120165075737
868120165075745
868120165075752
868120165075760
868120165075778
868120165075786
868120165075794
868120165075802
868120165075810
868120165075828
868120165075836
868120165075844
868120165075851
868120165075869
868120165075877
868120165075885
868120165075893
868120165075901
868120165075919
868120165075927
868120165075935
868120165075943
868120165075950
868120165075968
868120165075976
868120165075984
868120165075992
868120165076008
868120165076016
868120165076024
868120165076032
868120165076040
868120165076057
868120165076065
868120165076073
868120165076081
868120165076099
868120165076107
868120165076115
868120165076123
868120165076131
868120165076149
868120165076156
868120165076164
868120165076172
868120165076180
868120165076198
868120165076206
868120165076214
868120165076222
868120165076230
868120165076248
868120165076255
868120165076263
868120165076271
868120165076289
868120165076297
868120165076305
868120165076313
868120165076321
868120165076339
868120165076347
868120165076354
868120165076362
868120165076370
868120165076388
868120165076396
868120165076404
868120165076412
868120165076420
868120165076438
868120165076446
868120165076453
868120165076461
868120165076479
868120165076487
868120165076495
868120165076503
868120165076511
868120165076529
868120165076537
868120165076545
868120165076552
868120165076560
868120165076578
868120165076586
868120165076594
868120165076602
868120165076610
868120165076628
868120165076636
868120165076644
868120165076651
868120165076669
868120165076677
868120165076685
868120165076693
868120165076701
868120165076719
868120165076727
868120165076735
868120165076743
868120165076750
868120165076768
868120165076776
868120165076784
868120165076792
868120165076800
868120165076818
868120165076826
868120165076834
868120165076842
868120165076859
868120165076867
868120165076875
868120165076883
868120165076891
868120165076909
868120165076917
868120165076925
868120165076933
868120165076941
868120165076958
868120165076966
868120165076974
868120165076982
868120165076990
868120165077006
868120165077014
868120165077022
868120165077030
868120165077048
868120165077055
868120165077063
868120165077071
868120165077089
868120165077097
868120165077105
868120165077113
868120165077121
868120165077139
868120165077147
868120165077154
868120165077162
868120165077170
868120165077188
868120165077196
868120165077204
868120165077212
868120165077220
868120165077238
868120165077246
868120165077253
868120165077261
868120165077279
868120165077287
868120165077295
868120165077303
868120165077311
868120165077329
868120165077337
868120165077345
868120165077352
868120165077360
868120165077378
868120165077386
868120165077394
868120165077402
868120165077410
868120165077428
868120165077436
868120165077444
868120165077451
868120165077469
868120165077477
868120165077485
868120165077493
868120165077501
868120165077519
868120165077527
868120165077535
868120165077543
868120165077550
868120165077568
868120165077576
868120165077584
868120165077592
868120165077600
868120165077618
868120165077626
868120165077634
868120165077642
868120165077659
868120165077667
868120165077675
868120165077683
868120165077691
868120165077709
868120165077717
868120165077725
868120165077733
868120165077741
868120165077758
868120165077766
868120165077774
868120165077782
868120165077790
868120165077808
868120165077816
868120165077824
868120165077832
868120165077840
868120165077857
868120165077865
868120165077873
868120165077881
868120165077899
868120165077907
868120165077915
868120165077923
868120165077931
868120165077949
868120165077956
868120165077964
868120165077972
868120165077980
868120165077998
868120165078004
868120165078012
868120165078020
868120165078038
868120165078046
868120165078053
868120165078061
868120165078079
868120165078087
868120165078095
868120165078103
868120165078111
868120165078129
868120165078137
868120165078145
868120165078152
868120165078160
868120165078178
868120165078186
868120165078194
868120165078202
868120165078210
868120165078228
868120165078236
868120165078244
868120165078251
868120165078269
868120165078277
868120165078285
868120165078293
868120165078301
868120165078319
868120165078327
868120165078335
868120165078343
868120165078350
868120165078368
868120165078376
868120165078384
868120165078392
868120165078400
868120165078418
868120165078426
868120165078434
868120165078442
868120165078459
868120165078467
868120165078475
868120165078483
868120165078491
868120165078509
868120165078517
868120165078525
868120165078533
868120165078541
868120165078558
868120165078566
868120165078574
868120165078582
868120165078590
868120165078608
868120165078616
868120165078624
868120165078632
868120165078640
868120165078657
868120165078665
868120165078673
868120165078681
868120165078699
868120165078707
868120165078715
868120165078723
868120165078731
868120165078749
868120165078756
868120165078764
868120165078772
868120165078780
868120165078798
868120165078806
868120165078814
868120165078822
868120165078830
868120165078848
868120165078855
868120165078863
868120165078871
868120165078889
868120165078897
868120165078905
868120165078913
868120165078921
868120165078939
868120165078947
868120165078954
868120165078962
868120165078970
868120165078988
868120165078996
868120165079002
868120165079010
868120165079028
868120165079036
868120165079044
868120165079051
868120165079069
868120165079077
868120165079085
868120165079093
868120165079101
868120165079119
868120165079127
868120165079135
868120165079143
868120165079150
868120165079168
868120165079176
868120165079184
868120165079192
868120165079200
868120165079218
868120165079226
868120165079234
868120165079242
868120165079259
868120165079267
868120165079275
868120165079283
868120165079291
868120165079309
868120165079317
868120165079325
868120165079333
868120165079341
868120165079358
868120165079366
868120165079374
868120165079382
868120165079390
868120165079408
868120165079416
868120165079424
868120165079432
868120165079440
868120165079457
868120165079465
868120165079473
868120165079481
868120165079499
868120165079507
868120165079515
868120165079523
868120165079531
868120165079549
868120165079556
868120165079564
868120165079572
868120165079580
868120165079598
868120165079606
868120165079614
868120165079622
868120165079630
868120165079648
868120165079655
868120165079663
868120165079671
868120165079689
868120165079697
868120165079705
868120165079713
868120165079721
868120165079739
868120165079747
868120165079754
868120165079762
868120165079770
868120165079788
868120165079796
868120165079804
868120165079812
868120165079820
868120165079838
868120165079846
868120165079853
868120165079861
868120165079879
868120165079887
868120165079895
868120165079903
868120165079911
868120165079929
868120165079937
868120165079945
868120165079952
868120165079960
868120165079978
868120165079986
868120165079994
868120165080000
868120165080018
868120165080026
868120165080034
868120165080042
868120165080059
868120165080067
868120165080075
868120165080083
868120165080091
868120165080109
868120165080117
868120165080125
868120165080133
868120165080141
868120165080158
868120165080166
868120165080174
868120165080182
868120165080190
868120165080208
868120165080216
868120165080224
868120165080232
868120165080240
868120165080257
868120165080265
868120165080273
868120165080281
868120165080299
868120165080307
868120165080315
868120165080323
868120165080331
868120165080349
868120165080356
868120165080364
868120165080372
868120165080380
868120165080398
868120165080406
868120165080414
868120165080422
868120165080430
868120165080448
868120165080455
868120165080463
868120165080471
868120165080489
868120165080497
868120165080505
868120165080513
868120165080521
868120165080539
868120165080547
868120165080554
868120165080562
868120165080570
868120165080588
868120165080596
868120165080604
868120165080612
868120165080620
868120165080638
868120165080646
868120165080653
868120165080661
868120165080679
868120165080687
868120165080695
868120165080703
868120165080711
868120165080729
868120165080737
868120165080745
868120165080752
868120165080760
868120165080778
868120165080786
868120165080794
868120165080802
868120165080810
868120165080828
868120165080836
868120165080844
868120165080851
868120165080869
868120165080877
868120165080885
868120165080893
868120165080901
868120165080919
868120165080927
868120165080935
868120165080943
868120165080950
868120165080968
868120165080976
868120165080984
868120165080992
868120165081008
868120165081016
868120165081024
868120165081032
868120165081040
868120165081057
868120165081065
868120165081073
868120165081081
868120165081099
868120165081107
868120165081115
868120165081123
868120165081131
868120165081149
868120165081156
868120165081164
868120165081172
868120165081180
868120165081198
868120165081206
868120165081214
868120165081222
868120165081230
868120165081248
868120165081255
868120165081263
868120165081271
868120165081289
868120165081297
868120165081305
868120165081313
868120165081321
868120165081339
868120165081347
868120165081354
868120165081362
868120165081370
868120165081388
868120165081396
868120165081404
868120165081412
868120165081420
868120165081438
868120165081446
868120165081453
868120165081461
868120165081479
868120165081487
868120165081495
868120165081503
868120165081511
868120165081529
868120165081537
868120165081545
868120165081552
868120165081560
868120165081578
868120165081586
868120165081594
868120165081602
868120165081610
868120165081628
868120165081636
868120165081644
868120165081651
868120165081669
868120165081677
868120165081685
868120165081693
868120165081701
868120165081719
868120165081727
868120165081735
868120165081743
868120165081750
868120165081768
868120165081776
868120165081784
868120165081792
868120165081800
868120165081818
868120165081826
868120165081834
868120165081842
868120165081859
868120165081867
868120165081875
868120165081883
868120165081891
868120165081909
868120165081917
868120165081925
868120165081933
868120165081941
868120165081958
868120165081966
868120165081974
868120165081982
868120165081990
868120165082006
868120165082014
868120165082022
868120165082030
868120165082048
868120165082055
868120165082063
868120165082071
868120165082089
868120165082097
868120165082105
868120165082113
868120165082121
868120165082139
868120165082147
868120165082154
868120165082162
868120165082170
868120165082188
868120165082196
868120165082204
868120165082212
868120165082220
868120165082238
868120165082246
868120165082253
868120165082261
868120165082279
868120165082287
868120165082295
868120165082303
868120165082311
868120165082329
868120165082337
868120165082345
868120165082352
868120165082360
868120165082378
868120165082386
868120165082394
868120165082402
868120165082410
868120165082428
868120165082436
868120165082444
868120165082451
868120165082469
868120165082477
868120165082485
868120165082493
868120165082501
868120165082519
868120165082527
868120165082535
868120165082543
868120165082550
868120165082568
868120165082576
868120165082584
868120165082592
868120165082600
868120165082618
868120165082626
868120165082634
868120165082642
868120165082659
868120165082667
868120165082675
868120165082683
868120165082691
868120165082709
868120165082717
868120165082725
868120165082733
868120165082741
868120165082758
868120165082766
868120165082774
868120165082782
868120165082790
868120165082808
868120165082816
868120165082824
868120165082832
868120165082840
868120165082857
868120165082865
868120165082873
868120165082881
868120165082899
868120165082907
868120165082915
868120165082923
868120165082931
868120165082949
868120165082956
868120165082964
868120165082972
868120165082980
868120165082998
868120165083004
868120165083012
868120165083020
868120165083038
868120165083046
868120165083053
868120165083061
868120165083079
868120165083087
868120165083095
868120165083103
868120165083111
868120165083129
868120165083137
868120165083145
868120165083152
868120165083160
868120165083178
868120165083186
868120165083194
868120165083202
868120165083210
868120165083228
868120165083236
868120165083244
868120165083251
868120165083269
868120165083277
868120165083285
868120165083293
868120165083301
868120165083319
868120165083327
868120165083335
868120165083343
868120165083350
868120165083368
868120165083376
868120165083384
868120165083392
868120165083400
868120165083418
868120165083426
868120165083434
868120165083442
868120165083459
868120165083467
868120165083475
868120165083483
868120165083491
868120165083509
868120165083517
868120165083525
868120165083533
868120165083541
868120165083558
868120165083566
868120165083574
868120165083582
868120165083590
868120165083608
868120165083616
868120165083624
868120165083632
868120165083640
868120165083657
868120165083665
868120165083673
868120165083681
868120165083699
868120165083707
868120165083715
868120165083723
868120165083731
868120165083749
868120165083756
868120165083764
868120165083772
868120165083780
868120165083798
868120165083806
868120165083814
868120165083822
868120165083830
868120165083848
868120165083855
868120165083863
868120165083871
868120165083889
868120165083897
868120165083905
868120165083913
868120165083921
868120165083939
868120165083947
868120165083954
868120165083962
868120165083970
868120165083988
868120165083996
868120165084002
868120165084010
868120165084028
868120165084036
868120165084044
868120165084051
868120165084069
868120165084077
868120165084085
868120165084093
868120165084101
868120165084119
868120165084127
868120165084135
868120165084143
868120165084150
868120165084168
868120165084176
868120165084184
868120165084192
868120165084200
868120165084218
868120165084226
868120165084234
868120165084242
868120165084259
868120165084267
868120165084275
868120165084283
868120165084291
868120165084309
868120165084317
868120165084325
868120165084333