868120171095190
868120171095208
868120171095216
868120171095224
868120171095232
868120171095240
868120171095257
868120171095265
868120171095273
868120171095281
868120171095299
868120171095307
868120171095315
868120171095323
868120171095331
868120171095349
868120171095356
868120171095364
868120171095372
868120171095380
868120171095398
868120171095406
868120171095414
868120171095422
868120171095430
868120171095448
868120171095455
868120171095463
868120171095471
868120171095489
868120171095497
868120171095505
868120171095513
868120171095521
868120171095539
868120171095547
868120171095554
868120171095562
868120171095570
868120171095588
868120171095596
868120171095604
868120171095612
868120171095620
868120171095638
868120171095646
868120171095653
868120171095661
868120171095679
868120171095687
868120171095695
868120171095703
868120171095711
868120171095729
868120171095737
868120171095745
868120171095752
868120171095760
868120171095778
868120171095786
868120171095794
868120171095802
868120171095810
868120171095828
868120171095836
868120171095844
868120171095851
868120171095869
868120171095877
868120171095885
868120171095893
868120171095901
868120171095919
868120171095927
868120171095935
868120171095943
868120171095950
868120171095968
868120171095976
868120171095984
868120171095992
868120171096008
868120171096016
868120171096024
868120171096032
868120171096040
868120171096057
868120171096065
868120171096073
868120171096081
868120171096099
868120171096107
868120171096115
868120171096123
868120171096131
868120171096149
868120171096156
868120171096164
868120171096172
868120171096180
868120171096198
868120171096206
868120171096214
868120171096222
868120171096230
868120171096248
868120171096255
868120171096263
868120171096271
868120171096289
868120171096297
868120171096305
868120171096313
868120171096321
868120171096339
868120171096347
868120171096354
868120171096362
868120171096370
868120171096388
868120171096396
868120171096404
868120171096412
868120171096420
868120171096438
868120171096446
868120171096453
868120171096461
868120171096479
868120171096487
868120171096495
868120171096503
868120171096511
868120171096529
868120171096537
868120171096545
868120171096552
868120171096560
868120171096578
868120171096586
868120171096594
868120171096602
868120171096610
868120171096628
868120171096636
868120171096644
868120171096651
868120171096669
868120171096677
868120171096685
868120171096693
868120171096701
868120171096719
868120171096727
868120171096735
868120171096743
868120171096750
868120171096768
868120171096776
868120171096784
868120171096792
868120171096800
868120171096818
868120171096826
868120171096834
868120171096842
868120171096859
868120171096867
868120171096875
868120171096883
868120171096891
868120171096909
868120171096917
868120171096925
868120171096933
868120171096941
868120171096958
868120171096966
868120171096974
868120171096982
868120171096990
868120171097006
868120171097014
868120171097022
868120171097030
868120171097048
868120171097055
868120171097063
868120171097071
868120171097089
868120171097097
868120171097105
868120171097113
868120171097121
868120171097139
868120171097147
868120171097154
868120171097162
868120171097170
868120171097188
868120171097196
868120171097204
868120171097212
868120171097220
868120171097238
868120171097246
868120171097253
868120171097261
868120171097279
868120171097287
868120171097295
868120171097303
868120171097311
868120171097329
868120171097337
868120171097345
868120171097352
868120171097360
868120171097378
868120171097386
868120171097394
868120171097402
868120171097410
868120171097428
868120171097436
868120171097444
868120171097451
868120171097469
868120171097477
868120171097485
868120171097493
868120171097501
868120171097519
868120171097527
868120171097535
868120171097543
868120171097550
868120171097568
868120171097576
868120171097584
868120171097592
868120171097600
868120171097618
868120171097626
868120171097634
868120171097642
868120171097659
868120171097667
868120171097675
868120171097683
868120171097691
868120171097709
868120171097717
868120171097725
868120171097733
868120171097741
868120171097758
868120171097766
868120171097774
868120171097782
868120171097790
868120171097808
868120171097816
868120171097824
868120171097832
868120171097840
868120171097857
868120171097865
868120171097873
868120171097881
868120171097899
868120171097907
868120171097915
868120171097923
868120171097931
868120171097949
868120171097956
868120171097964
868120171097972
868120171097980
868120171097998
868120171098004
868120171098012
868120171098020
868120171098038
868120171098046
868120171098053
868120171098061
868120171098079
868120171098087
868120171098095
868120171098103
868120171098111
868120171098129
868120171098137
868120171098145
868120171098152
868120171098160
868120171098178
868120171098186
868120171098194
868120171098202
868120171098210
868120171098228
868120171098236
868120171098244
868120171098251
868120171098269
868120171098277
868120171098285
868120171098293
868120171098301
868120171098319
868120171098327
868120171098335
868120171098343
868120171098350
868120171098368
868120171098376
868120171098384
868120171098392
868120171098400
868120171098418
868120171098426
868120171098434
868120171098442
868120171098459
868120171098467
868120171098475
868120171098483
868120171098491
868120171098509
868120171098517
868120171098525
868120171098533
868120171098541
868120171098558
868120171098566
868120171098574
868120171098582
868120171098590
868120171098608
868120171098616
868120171098624
868120171098632
868120171098640
868120171098657
868120171098665
868120171098673
868120171098681
868120171098699
868120171098707
868120171098715
868120171098723
868120171098731
868120171098749
868120171098756
868120171098764
868120171098772
868120171098780
868120171098798
868120171098806
868120171098814
868120171098822
868120171098830
868120171098848
868120171098855
868120171098863
868120171098871
868120171098889
868120171098897
868120171098905
868120171098913
868120171098921
868120171098939
868120171098947
868120171098954
868120171098962
868120171098970
868120171098988
868120171098996
868120171099002
868120171099010
868120171099028
868120171099036
868120171099044
868120171099051
868120171099069
868120171099077
868120171099085
868120171099093
868120171099101
868120171099119
868120171099127
868120171099135
868120171099143
868120171099150
868120171099168
868120171099176
868120171099184
868120171099192
868120171099200
868120171099218
868120171099226
868120171099234
868120171099242
868120171099259
868120171099267
868120171099275
868120171099283
868120171099291
868120171099309
868120171099317
868120171099325
868120171099333
868120171099341
868120171099358
868120171099366
868120171099374
868120171099382
868120171099390
868120171099408
868120171099416
868120171099424
868120171099432
868120171099440
868120171099457
868120171099465
868120171099473
868120171099481
868120171099499
868120171099507
868120171099515
868120171099523
868120171099531
868120171099549
868120171099556
868120171099564
868120171099572
868120171099580
868120171099598
868120171099606
868120171099614
868120171099622
868120171099630
868120171099648
868120171099655
868120171099663
868120171099671
868120171099689
868120171099697
868120171099705
868120171099713
868120171099721
868120171099739
868120171099747
868120171099754
868120171099762
868120171099770
868120171099788
868120171099796
868120171099804
868120171099812
868120171099820
868120171099838
868120171099846
868120171099853
868120171099861
868120171099879
868120171099887
868120171099895
868120171099903
868120171099911
868120171099929
868120171099937
868120171099945
868120171099952
868120171099960
868120171099978
868120171099986
868120171099994
868120171100008
868120171100016
868120171100024
868120171100032
868120171100040
868120171100057
868120171100065
868120171100073
868120171100081
868120171100099
868120171100107
868120171100115
868120171100123
868120171100131
868120171100149
868120171100156
868120171100164
868120171100172
868120171100180
868120171100198
868120171100206
868120171100214
868120171100222
868120171100230
868120171100248
868120171100255
868120171100263
868120171100271
868120171100289
868120171100297
868120171100305
868120171100313
868120171100321
868120171100339
868120171100347
868120171100354
868120171100362
868120171100370
868120171100388
868120171100396
868120171100404
868120171100412
868120171100420
868120171100438
868120171100446
868120171100453
868120171100461
868120171100479
868120171100487
868120171100495
868120171100503
868120171100511
868120171100529
868120171100537
868120171100545
868120171100552
868120171100560
868120171100578
868120171100586
868120171100594
868120171100602
868120171100610
868120171100628
868120171100636
868120171100644
868120171100651
868120171100669
868120171100677
868120171100685
868120171100693
868120171100701
868120171100719
868120171100727
868120171100735
868120171100743
868120171100750
868120171100768
868120171100776
868120171100784
868120171100792
868120171100800
868120171100818
868120171100826
868120171100834
868120171100842
868120171100859
868120171100867
868120171100875
868120171100883
868120171100891
868120171100909
868120171100917
868120171100925
868120171100933
868120171100941
868120171100958
868120171100966
868120171100974
868120171100982
868120171100990
868120171101006
868120171101014
868120171101022
868120171101030
868120171101048
868120171101055
868120171101063
868120171101071
868120171101089
868120171101097
868120171101105
868120171101113
868120171101121
868120171101139
868120171101147
868120171101154
868120171101162
868120171101170
868120171101188
868120171101196
868120171101204
868120171101212
868120171101220
868120171101238
868120171101246
868120171101253
868120171101261
868120171101279
868120171101287
868120171101295
868120171101303
868120171101311
868120171101329
868120171101337
868120171101345
868120171101352
868120171101360
868120171101378
868120171101386
868120171101394
868120171101402
868120171101410
868120171101428
868120171101436
868120171101444
868120171101451
868120171101469
868120171101477
868120171101485
868120171101493
868120171101501
868120171101519
868120171101527
868120171101535
868120171101543
868120171101550
868120171101568
868120171101576
868120171101584
868120171101592
868120171101600
868120171101618
868120171101626
868120171101634
868120171101642
868120171101659
868120171101667
868120171101675
868120171101683
868120171101691
868120171101709
868120171101717
868120171101725
868120171101733
868120171101741
868120171101758
868120171101766
868120171101774
868120171101782
868120171101790
868120171101808
868120171101816
868120171101824
868120171101832
868120171101840
868120171101857
868120171101865
868120171101873
868120171101881
868120171101899
868120171101907
868120171101915
868120171101923
868120171101931
868120171101949
868120171101956
868120171101964
868120171101972
868120171101980
868120171101998
868120171102004
868120171102012
868120171102020
868120171102038
868120171102046
868120171102053
868120171102061
868120171102079
868120171102087
868120171102095
868120171102103
868120171102111
868120171102129
868120171102137
868120171102145
868120171102152
868120171102160
868120171102178
868120171102186
868120171102194
868120171102202
868120171102210
868120171102228
868120171102236
868120171102244
868120171102251
868120171102269
868120171102277
868120171102285
868120171102293
868120171102301
868120171102319
868120171102327
868120171102335
868120171102343
868120171102350
868120171102368
868120171102376
868120171102384
868120171102392
868120171102400
868120171102418
868120171102426
868120171102434
868120171102442
868120171102459
868120171102467
868120171102475
868120171102483
868120171102491
868120171102509
868120171102517
868120171102525
868120171102533
868120171102541
868120171102558
868120171102566
868120171102574
868120171102582
868120171102590
868120171102608
868120171102616
868120171102624
868120171102632
868120171102640
868120171102657
868120171102665
868120171102673
868120171102681
868120171102699
868120171102707
868120171102715
868120171102723
868120171102731
868120171102749
868120171102756
868120171102764
868120171102772
868120171102780
868120171102798
868120171102806
868120171102814
868120171102822
868120171102830
868120171102848
868120171102855
868120171102863
868120171102871
868120171102889
868120171102897
868120171102905
868120171102913
868120171102921
868120171102939
868120171102947
868120171102954
868120171102962
868120171102970
868120171102988
868120171102996
868120171103002
868120171103010
868120171103028
868120171103036
868120171103044
868120171103051
868120171103069
868120171103077
868120171103085
868120171103093
868120171103101
868120171103119
868120171103127
868120171103135
868120171103143
868120171103150
868120171103168
868120171103176
868120171103184
868120171103192
868120171103200
868120171103218
868120171103226
868120171103234
868120171103242
868120171103259
868120171103267
868120171103275
868120171103283
868120171103291
868120171103309
868120171103317
868120171103325
868120171103333
868120171103341
868120171103358
868120171103366
868120171103374
868120171103382
868120171103390
868120171103408
868120171103416
868120171103424
868120171103432
868120171103440
868120171103457
868120171103465
868120171103473
868120171103481
868120171103499
868120171103507
868120171103515
868120171103523
868120171103531
868120171103549
868120171103556
868120171103564
868120171103572
868120171103580
868120171103598
868120171103606
868120171103614
868120171103622
868120171103630
868120171103648
868120171103655
868120171103663
868120171103671
868120171103689
868120171103697
868120171103705
868120171103713
868120171103721
868120171103739
868120171103747
868120171103754
868120171103762
868120171103770
868120171103788
868120171103796
868120171103804
868120171103812
868120171103820
868120171103838
868120171103846
868120171103853
868120171103861
868120171103879
868120171103887
868120171103895
868120171103903
868120171103911
868120171103929
868120171103937
868120171103945
868120171103952
868120171103960
868120171103978
868120171103986
868120171103994
868120171104000
868120171104018
868120171104026
868120171104034
868120171104042
868120171104059
868120171104067
868120171104075
868120171104083
868120171104091
868120171104109
868120171104117
868120171104125
868120171104133
868120171104141
868120171104158
868120171104166
868120171104174
868120171104182
868120171104190
868120171104208
868120171104216
868120171104224
868120171104232
868120171104240
868120171104257
868120171104265
868120171104273
868120171104281
868120171104299
868120171104307
868120171104315
868120171104323
868120171104331
868120171104349
868120171104356
868120171104364
868120171104372
868120171104380
868120171104398
868120171104406
868120171104414
868120171104422
868120171104430
868120171104448
868120171104455
868120171104463
868120171104471
868120171104489
868120171104497
868120171104505
868120171104513
868120171104521
868120171104539
868120171104547
868120171104554
868120171104562
868120171104570
868120171104588
868120171104596
868120171104604
868120171104612
868120171104620
868120171104638
868120171104646
868120171104653
868120171104661
868120171104679
868120171104687
868120171104695
868120171104703
868120171104711
868120171104729
868120171104737
868120171104745
868120171104752
868120171104760
868120171104778
868120171104786
868120171104794
868120171104802
868120171104810
868120171104828
868120171104836
868120171104844
868120171104851
868120171104869
868120171104877
868120171104885
868120171104893
868120171104901
868120171104919
868120171104927
868120171104935
868120171104943
868120171104950
868120171104968
868120171104976
868120171104984
868120171104992
868120171105007
868120171105015
868120171105023
868120171105031
868120171105049
868120171105056
868120171105064
868120171105072
868120171105080
868120171105098
868120171105106
868120171105114
868120171105122
868120171105130
868120171105148
868120171105155
868120171105163
868120171105171
868120171105189
868120171105197
868120171105205
868120171105213
868120171105221
868120171105239
868120171105247
868120171105254
868120171105262
868120171105270
868120171105288
868120171105296
868120171105304
868120171105312
868120171105320
868120171105338
868120171105346
868120171105353
868120171105361
868120171105379
868120171105387
868120171105395
868120171105403
868120171105411
868120171105429
868120171105437
868120171105445
868120171105452
868120171105460
868120171105478
868120171105486
868120171105494
868120171105502
868120171105510
868120171105528
868120171105536
868120171105544
868120171105551
868120171105569
868120171105577
868120171105585
868120171105593
868120171105601
868120171105619
868120171105627
868120171105635
868120171105643
868120171105650
868120171105668
868120171105676
868120171105684
868120171105692
868120171105700
868120171105718
868120171105726
868120171105734
868120171105742
868120171105759
868120171105767
868120171105775
868120171105783
868120171105791
868120171105809
868120171105817
868120171105825
868120171105833
868120171105841
868120171105858
868120171105866
868120171105874
868120171105882
868120171105890
868120171105908
868120171105916
868120171105924
868120171105932
868120171105940
868120171105957
868120171105965
868120171105973
868120171105981
868120171105999
868120171106005
868120171106013
868120171106021
868120171106039
868120171106047
868120171106054
868120171106062
868120171106070
868120171106088
868120171106096
868120171106104
868120171106112
868120171106120
868120171106138
868120171106146
868120171106153
868120171106161
868120171106179
868120171106187
868120171106195
868120171106203
868120171106211
868120171106229
868120171106237
868120171106245
868120171106252
868120171106260
868120171106278
868120171106286
868120171106294
868120171106302
868120171106310
868120171106328
868120171106336
868120171106344
868120171106351
868120171106369
868120171106377
868120171106385
868120171106393
868120171106401
868120171106419
868120171106427
868120171106435
868120171106443
868120171106450
868120171106468
868120171106476
868120171106484
868120171106492
868120171106500
868120171106518
868120171106526
868120171106534
868120171106542
868120171106559
868120171106567
868120171106575
868120171106583
868120171106591
868120171106609
868120171106617
868120171106625
868120171106633
868120171106641
868120171106658
868120171106666
868120171106674
868120171106682
868120171106690
868120171106708
868120171106716
868120171106724
868120171106732
868120171106740
868120171106757
868120171106765
868120171106773
868120171106781
868120171106799
868120171106807
868120171106815
868120171106823
868120171106831
868120171106849
868120171106856
868120171106864
868120171106872
868120171106880
868120171106898
868120171106906
868120171106914
868120171106922
868120171106930
868120171106948
868120171106955
868120171106963
868120171106971
868120171106989
868120171106997
868120171107003
868120171107011
868120171107029
868120171107037
868120171107045
868120171107052
868120171107060
868120171107078
868120171107086
868120171107094
868120171107102
868120171107110
868120171107128
868120171107136
868120171107144
868120171107151
868120171107169
868120171107177
868120171107185
868120171107193
868120171107201
868120171107219
868120171107227
868120171107235
868120171107243
868120171107250
868120171107268
868120171107276
868120171107284
868120171107292
868120171107300
868120171107318
868120171107326
868120171107334
868120171107342
868120171107359
868120171107367
868120171107375
868120171107383
868120171107391
868120171107409
868120171107417
868120171107425
868120171107433
868120171107441
868120171107458
868120171107466
868120171107474
868120171107482
868120171107490
868120171107508
868120171107516
868120171107524
868120171107532
868120171107540
868120171107557
868120171107565
868120171107573
868120171107581
868120171107599
868120171107607
868120171107615
868120171107623
868120171107631
868120171107649
868120171107656
868120171107664
868120171107672
868120171107680
868120171107698
868120171107706
868120171107714
868120171107722
868120171107730
868120171107748
868120171107755
868120171107763
868120171107771
868120171107789
868120171107797
868120171107805
868120171107813
868120171107821
868120171107839
868120171107847
868120171107854
868120171107862
868120171107870
868120171107888
868120171107896
868120171107904
868120171107912
868120171107920
868120171107938
868120171107946
868120171107953
868120171107961
868120171107979
868120171107987
868120171107995
868120171108001
868120171108019
868120171108027
868120171108035
868120171108043
868120171108050
868120171108068
868120171108076
868120171108084
868120171108092
868120171108100
868120171108118
868120171108126
868120171108134
868120171108142
868120171108159
868120171108167
868120171108175
868120171108183
868120171108191
868120171108209
868120171108217
868120171108225
868120171108233
868120171108241
868120171108258
868120171108266
868120171108274
868120171108282
868120171108290
868120171108308
868120171108316
868120171108324
868120171108332
868120171108340
868120171108357
868120171108365
868120171108373
868120171108381
868120171108399
868120171108407
868120171108415
868120171108423
868120171108431
868120171108449
868120171108456
868120171108464
868120171108472
868120171108480
868120171108498
868120171108506
868120171108514
868120171108522
868120171108530
868120171108548
868120171108555
868120171108563
868120171108571
868120171108589
868120171108597
868120171108605
868120171108613
868120171108621
868120171108639
868120171108647
868120171108654
868120171108662
868120171108670
868120171108688
868120171108696
868120171108704
868120171108712
868120171108720
868120171108738
868120171108746
868120171108753
868120171108761
868120171108779
868120171108787
868120171108795
868120171108803
868120171108811
868120171108829
868120171108837
868120171108845
868120171108852
868120171108860
868120171108878
868120171108886
868120171108894
868120171108902
868120171108910
868120171108928
868120171108936
868120171108944
868120171108951
868120171108969
868120171108977
868120171108985
868120171108993
868120171109009
868120171109017
868120171109025
868120171109033
868120171109041
868120171109058
868120171109066
868120171109074
868120171109082
868120171109090
868120171109108
868120171109116
868120171109124
868120171109132
868120171109140
868120171109157
868120171109165
868120171109173
868120171109181
868120171109199
868120171109207
868120171109215
868120171109223
868120171109231
868120171109249
868120171109256
868120171109264
868120171109272
868120171109280
868120171109298
868120171109306
868120171109314
868120171109322
868120171109330
868120171109348
868120171109355
868120171109363
868120171109371
868120171109389
868120171109397
868120171109405
868120171109413
868120171109421
868120171109439
868120171109447
868120171109454
868120171109462
868120171109470
868120171109488
868120171109496
868120171109504
868120171109512
868120171109520
868120171109538
868120171109546
868120171109553
868120171109561
868120171109579
868120171109587
868120171109595
868120171109603
868120171109611
868120171109629
868120171109637
868120171109645
868120171109652
868120171109660
868120171109678
868120171109686
868120171109694
868120171109702
868120171109710
868120171109728
868120171109736
868120171109744
868120171109751
868120171109769
868120171109777
868120171109785
868120171109793
868120171109801
868120171109819
868120171109827
868120171109835
868120171109843
868120171109850
868120171109868
868120171109876
868120171109884
868120171109892
868120171109900
868120171109918
868120171109926
868120171109934
868120171109942
868120171109959
868120171109967
868120171109975
868120171109983
868120171109991
868120171110007
868120171110015
868120171110023
868120171110031
868120171110049
868120171110056
868120171110064
868120171110072
868120171110080
868120171110098
868120171110106
868120171110114
868120171110122
868120171110130
868120171110148
868120171110155
868120171110163
868120171110171
868120171110189
868120171110197
868120171110205
868120171110213
868120171110221
868120171110239
868120171110247
868120171110254
868120171110262
868120171110270
868120171110288
868120171110296
868120171110304
868120171110312
868120171110320
868120171110338
868120171110346
868120171110353
868120171110361
868120171110379
868120171110387
868120171110395
868120171110403
868120171110411
868120171110429
868120171110437
868120171110445
868120171110452
868120171110460
868120171110478
868120171110486
868120171110494
868120171110502
868120171110510
868120171110528
868120171110536
868120171110544
868120171110551
868120171110569
868120171110577
868120171110585
868120171110593
868120171110601
868120171110619
868120171110627
868120171110635
868120171110643
868120171110650
868120171110668
868120171110676
868120171110684
868120171110692
868120171110700
868120171110718
868120171110726
868120171110734
868120171110742
868120171110759
868120171110767
868120171110775
868120171110783
868120171110791
868120171110809
868120171110817
868120171110825
868120171110833
868120171110841
868120171110858
868120171110866
868120171110874
868120171110882
868120171110890
868120171110908
868120171110916
868120171110924
868120171110932
868120171110940
868120171110957
868120171110965
868120171110973
868120171110981
868120171110999
868120171111005
868120171111013
868120171111021
868120171111039
868120171111047
868120171111054
868120171111062
868120171111070
868120171111088
868120171111096
868120171111104
868120171111112
868120171111120
868120171111138
868120171111146
868120171111153
868120171111161
868120171111179
868120171111187
868120171111195
868120171111203
868120171111211
868120171111229
868120171111237
868120171111245
868120171111252
868120171111260
868120171111278
868120171111286
868120171111294
868120171111302
868120171111310
868120171111328
868120171111336
868120171111344
868120171111351
868120171111369
868120171111377
868120171111385
868120171111393
868120171111401
868120171111419
868120171111427
868120171111435
868120171111443
868120171111450
868120171111468
868120171111476
868120171111484
868120171111492
868120171111500
868120171111518
868120171111526
868120171111534
868120171111542
868120171111559
868120171111567
868120171111575
868120171111583
868120171111591
868120171111609
868120171111617
868120171111625
868120171111633
868120171111641
868120171111658
868120171111666
868120171111674
868120171111682
868120171111690
868120171111708
868120171111716
868120171111724
868120171111732
868120171111740
868120171111757
868120171111765
868120171111773
868120171111781
868120171111799
868120171111807
868120171111815
868120171111823
868120171111831
868120171111849
868120171111856
868120171111864
868120171111872
868120171111880
868120171111898
868120171111906
868120171111914
868120171111922
868120171111930
868120171111948
868120171111955
868120171111963
868120171111971
868120171111989
868120171111997
868120171112003
868120171112011
868120171112029
868120171112037
868120171112045
868120171112052
868120171112060
868120171112078
868120171112086
868120171112094
868120171112102
868120171112110
868120171112128
868120171112136
868120171112144
868120171112151
868120171112169
868120171112177
868120171112185
868120171112193
868120171112201
868120171112219
868120171112227
868120171112235
868120171112243
868120171112250
868120171112268
868120171112276
868120171112284
868120171112292
868120171112300
868120171112318
868120171112326
868120171112334
868120171112342
868120171112359
868120171112367
868120171112375
868120171112383
868120171112391
868120171112409
868120171112417
868120171112425
868120171112433
868120171112441
868120171112458
868120171112466
868120171112474
868120171112482
868120171112490
868120171112508
868120171112516
868120171112524
868120171112532
868120171112540
868120171112557
868120171112565
868120171112573
868120171112581
868120171112599
868120171112607
868120171112615
868120171112623
868120171112631
868120171112649
868120171112656
868120171112664
868120171112672
868120171112680
868120171112698
868120171112706
868120171112714
868120171112722
868120171112730
868120171112748
868120171112755
868120171112763
868120171112771
868120171112789
868120171112797
868120171112805
868120171112813
868120171112821
868120171112839
868120171112847
868120171112854
868120171112862
868120171112870
868120171112888
868120171112896
868120171112904
868120171112912
868120171112920
868120171112938
868120171112946
868120171112953
868120171112961
868120171112979
868120171112987
868120171112995
868120171113001
868120171113019
868120171113027
868120171113035
868120171113043
868120171113050
868120171113068
868120171113076
868120171113084
868120171113092
868120171113100
868120171113118
868120171113126
868120171113134
868120171113142
868120171113159
868120171113167
868120171113175
868120171113183
868120171113191
868120171113209
868120171113217
868120171113225
868120171113233
868120171113241
868120171113258
868120171113266
868120171113274
868120171113282
868120171113290
868120171113308
868120171113316
868120171113324
868120171113332
868120171113340
868120171113357
868120171113365
868120171113373
868120171113381
868120171113399
868120171113407
868120171113415
868120171113423
868120171113431
868120171113449
868120171113456
868120171113464
868120171113472
868120171113480
868120171113498
868120171113506
868120171113514
868120171113522
868120171113530
868120171113548
868120171113555
868120171113563
868120171113571
868120171113589
868120171113597
868120171113605
868120171113613
868120171113621
868120171113639
868120171113647
868120171113654
868120171113662
868120171113670
868120171113688
868120171113696
868120171113704
868120171113712
868120171113720
868120171113738
868120171113746
868120171113753
868120171113761
868120171113779
868120171113787
868120171113795
868120171113803
868120171113811
868120171113829
868120171113837
868120171113845
868120171113852
868120171113860
868120171113878
868120171113886
868120171113894
868120171113902
868120171113910
868120171113928
868120171113936
868120171113944
868120171113951
868120171113969
868120171113977
868120171113985
868120171113993
868120171114009
868120171114017
868120171114025
868120171114033
868120171114041
868120171114058
868120171114066
868120171114074
868120171114082
868120171114090
868120171114108
868120171114116
868120171114124
868120171114132
868120171114140
868120171114157
868120171114165
868120171114173
868120171114181
868120171114199
868120171114207
868120171114215
868120171114223
868120171114231
868120171114249
868120171114256
868120171114264
868120171114272
868120171114280
868120171114298
868120171114306
868120171114314
868120171114322
868120171114330
868120171114348
868120171114355
868120171114363
868120171114371
868120171114389
868120171114397
868120171114405
868120171114413
868120171114421
868120171114439
868120171114447
868120171114454
868120171114462
868120171114470
868120171114488
868120171114496
868120171114504
868120171114512
868120171114520
868120171114538
868120171114546
868120171114553
868120171114561
868120171114579
868120171114587
868120171114595
868120171114603
868120171114611
868120171114629
868120171114637
868120171114645
868120171114652
868120171114660
868120171114678
868120171114686
868120171114694
868120171114702
868120171114710
868120171114728
868120171114736
868120171114744
868120171114751
868120171114769
868120171114777
868120171114785
868120171114793
868120171114801
868120171114819
868120171114827
868120171114835
868120171114843
868120171114850
868120171114868
868120171114876
868120171114884
868120171114892
868120171114900
868120171114918
868120171114926
868120171114934
868120171114942
868120171114959
868120171114967
868120171114975
868120171114983
868120171114991
868120171115006
868120171115014
868120171115022
868120171115030
868120171115048
868120171115055
868120171115063
868120171115071
868120171115089
868120171115097
868120171115105
868120171115113
868120171115121
868120171115139
868120171115147
868120171115154
868120171115162
868120171115170
868120171115188
868120171115196
868120171115204
868120171115212
868120171115220
868120171115238
868120171115246
868120171115253
868120171115261
868120171115279
868120171115287
868120171115295
868120171115303
868120171115311
868120171115329
868120171115337
868120171115345
868120171115352
868120171115360
868120171115378
868120171115386
868120171115394
868120171115402
868120171115410
868120171115428
868120171115436
868120171115444
868120171115451
868120171115469
868120171115477
868120171115485
868120171115493
868120171115501
868120171115519
868120171115527
868120171115535
868120171115543
868120171115550
868120171115568
868120171115576
868120171115584
868120171115592
868120171115600
868120171115618
868120171115626
868120171115634
868120171115642
868120171115659
868120171115667
868120171115675
868120171115683
868120171115691
868120171115709
868120171115717
868120171115725
868120171115733
868120171115741
868120171115758
868120171115766
868120171115774
868120171115782
868120171115790
868120171115808
868120171115816
868120171115824
868120171115832
868120171115840
868120171115857
868120171115865
868120171115873
868120171115881
868120171115899
868120171115907
868120171115915
868120171115923
868120171115931
868120171115949
868120171115956
868120171115964
868120171115972
868120171115980
868120171115998
868120171116004
868120171116012
868120171116020
868120171116038
868120171116046
868120171116053
868120171116061
868120171116079
868120171116087
868120171116095
868120171116103
868120171116111
868120171116129
868120171116137
868120171116145
868120171116152
868120171116160
868120171116178
868120171116186
868120171116194
868120171116202
868120171116210
868120171116228
868120171116236
868120171116244
868120171116251
868120171116269
868120171116277
868120171116285
868120171116293
868120171116301
868120171116319
868120171116327
868120171116335
868120171116343
868120171116350
868120171116368
868120171116376
868120171116384
868120171116392
868120171116400
868120171116418
868120171116426
868120171116434
868120171116442
868120171116459
868120171116467
868120171116475
868120171116483
868120171116491
868120171116509
868120171116517
868120171116525
868120171116533
868120171116541
868120171116558
868120171116566
868120171116574
868120171116582
868120171116590
868120171116608
868120171116616
868120171116624
868120171116632
868120171116640
868120171116657
868120171116665
868120171116673
868120171116681
868120171116699
868120171116707
868120171116715
868120171116723
868120171116731
868120171116749
868120171116756
868120171116764
868120171116772
868120171116780
868120171116798
868120171116806
868120171116814
868120171116822
868120171116830
868120171116848
868120171116855
868120171116863
868120171116871
868120171116889
868120171116897
868120171116905
868120171116913
868120171116921
868120171116939
868120171116947
868120171116954
868120171116962
868120171116970
868120171116988
868120171116996
868120171117002
868120171117010
868120171117028
868120171117036
868120171117044
868120171117051
868120171117069
868120171117077
868120171117085
868120171117093
868120171117101
868120171117119
868120171117127
868120171117135
868120171117143
868120171117150
868120171117168
868120171117176
868120171117184
868120171117192
868120171117200
868120171117218
868120171117226
868120171117234
868120171117242
868120171117259
868120171117267
868120171117275
868120171117283
868120171117291
868120171117309
868120171117317
868120171117325
868120171117333
868120171117341
868120171117358
868120171117366
868120171117374
868120171117382
868120171117390
868120171117408
868120171117416
868120171117424
868120171117432
868120171117440
868120171117457
868120171117465
868120171117473
868120171117481
868120171117499
868120171117507
868120171117515
868120171117523
868120171117531
868120171117549
868120171117556
868120171117564
868120171117572
868120171117580
868120171117598
868120171117606
868120171117614
868120171117622
868120171117630
868120171117648
868120171117655
868120171117663
868120171117671
868120171117689
868120171117697
868120171117705
868120171117713
868120171117721
868120171117739
868120171117747
868120171117754
868120171117762
868120171117770
868120171117788
868120171117796
868120171117804
868120171117812
868120171117820
868120171117838
868120171117846
868120171117853
868120171117861
868120171117879
868120171117887
868120171117895
868120171117903
868120171117911
868120171117929
868120171117937
868120171117945
868120171117952
868120171117960
868120171117978
868120171117986
868120171117994
868120171118000
868120171118018
868120171118026
868120171118034
868120171118042
868120171118059
868120171118067
868120171118075
868120171118083
868120171118091
868120171118109
868120171118117
868120171118125
868120171118133
868120171118141
868120171118158
868120171118166
868120171118174
868120171118182
868120171118190
868120171118208
868120171118216
868120171118224
868120171118232
868120171118240
868120171118257
868120171118265
868120171118273
868120171118281
868120171118299
868120171118307
868120171118315
868120171118323
868120171118331
868120171118349
868120171118356
868120171118364
868120171118372
868120171118380
868120171118398
868120171118406
868120171118414
868120171118422
868120171118430
868120171118448
868120171118455
868120171118463
868120171118471
868120171118489
868120171118497
868120171118505
868120171118513
868120171118521
868120171118539
868120171118547
868120171118554
868120171118562
868120171118570
868120171118588
868120171118596
868120171118604
868120171118612
868120171118620
868120171118638
868120171118646
868120171118653
868120171118661
868120171118679
868120171118687
868120171118695
868120171118703
868120171118711
868120171118729
868120171118737
868120171118745
868120171118752
868120171118760
868120171118778
868120171118786
868120171118794
868120171118802
868120171118810
868120171118828
868120171118836
868120171118844
868120171118851
868120171118869
868120171118877
868120171118885
868120171118893
868120171118901
868120171118919
868120171118927
868120171118935
868120171118943
868120171118950
868120171118968
868120171118976
868120171118984
868120171118992
868120171119008
868120171119016
868120171119024
868120171119032
868120171119040
868120171119057
868120171119065
868120171119073
868120171119081
868120171119099
868120171119107
868120171119115
868120171119123
868120171119131
868120171119149
868120171119156
868120171119164
868120171119172
868120171119180
868120171119198
868120171119206
868120171119214
868120171119222
868120171119230
868120171119248
868120171119255
868120171119263
868120171119271
868120171119289
868120171119297
868120171119305
868120171119313
868120171119321
868120171119339
868120171119347
868120171119354
868120171119362
868120171119370
868120171119388
868120171119396
868120171119404
868120171119412
868120171119420
868120171119438
868120171119446
868120171119453
868120171119461
868120171119479
868120171119487
868120171119495
868120171119503
868120171119511
868120171119529
868120171119537
868120171119545
868120171119552
868120171119560
868120171119578
868120171119586
868120171119594
868120171119602
868120171119610
868120171119628
868120171119636
868120171119644
868120171119651
868120171119669
868120171119677
868120171119685
868120171119693
868120171119701
868120171119719
868120171119727
868120171119735
868120171119743
868120171119750
868120171119768
868120171119776
868120171119784
868120171119792
868120171119800
868120171119818
868120171119826
868120171119834
868120171119842
868120171119859
868120171119867
868120171119875
868120171119883
868120171119891
868120171119909
868120171119917
868120171119925
868120171119933
868120171119941
868120171119958
868120171119966
868120171119974
868120171119982
868120171119990
868120171120006
868120171120014
868120171120022
868120171120030
868120171120048
868120171120055
868120171120063
868120171120071
868120171120089
868120171120097
868120171120105
868120171120113
868120171120121
868120171120139
868120171120147
868120171120154
868120171120162
868120171120170
868120171120188
