868120165553147
868120165553154
868120165553162
868120165553170
868120165553188
868120165553196
868120165553204
868120165553212
868120165553220
868120165553238
868120165553246
868120165553253
868120165553261
868120165553279
868120165553287
868120165553295
868120165553303
868120165553311
868120165553329
868120165553337
868120165553345
868120165553352
868120165553360
868120165553378
868120165553386
868120165553394
868120165553402
868120165553410
868120165553428
868120165553436
868120165553444
868120165553451
868120165553469
868120165553477
868120165553485
868120165553493
868120165553501
868120165553519
868120165553527
868120165553535
868120165553543
868120165553550
868120165553568
868120165553576
868120165553584
868120165553592
868120165553600
868120165553618
868120165553626
868120165553634
868120165553642
868120165553659
868120165553667
868120165553675
868120165553683
868120165553691
868120165553709
868120165553717
868120165553725
868120165553733
868120165553741
868120165553758
868120165553766
868120165553774
868120165553782
868120165553790
868120165553808
868120165553816
868120165553824
868120165553832
868120165553840
868120165553857
868120165553865
868120165553873
868120165553881
868120165553899
868120165553907
868120165553915
868120165553923
868120165553931
868120165553949
868120165553956
868120165553964
868120165553972
868120165553980
868120165553998
868120165554004
868120165554012
868120165554020
868120165554038
868120165554046
868120165554053
868120165554061
868120165554079
868120165554087
868120165554095
868120165554103
868120165554111
868120165554129
868120165554137
868120165554145
868120165554152
868120165554160
868120165554178
868120165554186
868120165554194
868120165554202
868120165554210
868120165554228
868120165554236
868120165554244
868120165554251
868120165554269
868120165554277
868120165554285
868120165554293
868120165554301
868120165554319
868120165554327
868120165554335
868120165554343
868120165554350
868120165554368
868120165554376
868120165554384
868120165554392
868120165554400
868120165554418
868120165554426
868120165554434
868120165554442
868120165554459
868120165554467
868120165554475
868120165554483
868120165554491
868120165554509
868120165554517
868120165554525
868120165554533
868120165554541
868120165554558
868120165554566
868120165554574
868120165554582
868120165554590
868120165554608
868120165554616
868120165554624
868120165554632
868120165554640
868120165554657
868120165554665
868120165554673
868120165554681
868120165554699
868120165554707
868120165554715
868120165554723
868120165554731
868120165554749
868120165554756
868120165554764
868120165554772
868120165554780
868120165554798
868120165554806
868120165554814
868120165554822
868120165554830
868120165554848
868120165554855
868120165554863
868120165554871
868120165554889
868120165554897
868120165554905
868120165554913
868120165554921
868120165554939
868120165554947
868120165554954
868120165554962
868120165554970
868120165554988
868120165554996
868120165555001
868120165555019
868120165555027
868120165555035
868120165555043
868120165555050
868120165555068
868120165555076
868120165555084
868120165555092
868120165555100
868120165555118
868120165555126
868120165555134
868120165555142
868120165555159
868120165555167
868120165555175
868120165555183
868120165555191
868120165555209
868120165555217
868120165555225
868120165555233
868120165555241
868120165555258
868120165555266
868120165555274
868120165555282
868120165555290
868120165555308
868120165555316
868120165555324
868120165555332
868120165555340
868120165555357
868120165555365
868120165555373
868120165555381
868120165555399
868120165555407
868120165555415
868120165555423
868120165555431
868120165555449
868120165555456
868120165555464
868120165555472
868120165555480
868120165555498
868120165555506
868120165555514
868120165555522
868120165555530
868120165555548
868120165555555
868120165555563
868120165555571
868120165555589
868120165555597
868120165555605
868120165555613
868120165555621
868120165555639
868120165555647
868120165555654
868120165555662
868120165555670
868120165555688
868120165555696
868120165555704
868120165555712
868120165555720
868120165555738
868120165555746
868120165555753
868120165555761
868120165555779
868120165555787
868120165555795
868120165555803
868120165555811
868120165555829
868120165555837
868120165555845
868120165555852
868120165555860
868120165555878
868120165555886
868120165555894
868120165555902
868120165555910
868120165555928
868120165555936
868120165555944
868120165555951
868120165555969
868120165555977
868120165555985
868120165555993
868120165556009
868120165556017
868120165556025
868120165556033
868120165556041
868120165556058
868120165556066
868120165556074
868120165556082
868120165556090
868120165556108
868120165556116
868120165556124
868120165556132
868120165556140
868120165556157
868120165556165
868120165556173
868120165556181
868120165556199
868120165556207
868120165556215
868120165556223
868120165556231
868120165556249
868120165556256
868120165556264
868120165556272
868120165556280
868120165556298
868120165556306
868120165556314
868120165556322
868120165556330
868120165556348
868120165556355
868120165556363
868120165556371
868120165556389
868120165556397
868120165556405
868120165556413
868120165556421
868120165556439
868120165556447
868120165556454
868120165556462
868120165556470
868120165556488
868120165556496
868120165556504
868120165556512
868120165556520
868120165556538
868120165556546
868120165556553
868120165556561
868120165556579
868120165556587
868120165556595
868120165556603
868120165556611
868120165556629
868120165556637
868120165556645
868120165556652
868120165556660
868120165556678
868120165556686
868120165556694
868120165556702
868120165556710
868120165556728
868120165556736
868120165556744
868120165556751
868120165556769
868120165556777
868120165556785
868120165556793
868120165556801
868120165556819
868120165556827
868120165556835
868120165556843
868120165556850
868120165556868
868120165556876
868120165556884
868120165556892
868120165556900
868120165556918
868120165556926
868120165556934
868120165556942
868120165556959
868120165556967
868120165556975
868120165556983
868120165556991
868120165557007
868120165557015
868120165557023
868120165557031
868120165557049
868120165557056
868120165557064
868120165557072
868120165557080
868120165557098
868120165557106
868120165557114
868120165557122
868120165557130
868120165557148
868120165557155
868120165557163
868120165557171
868120165557189
868120165557197
868120165557205
868120165557213
868120165557221
868120165557239
868120165557247
868120165557254
868120165557262
868120165557270
868120165557288
868120165557296
868120165557304
868120165557312
868120165557320
868120165557338
868120165557346
868120165557353
868120165557361
868120165557379
868120165557387
868120165557395
868120165557403
868120165557411
868120165557429
868120165557437
868120165557445
868120165557452
868120165557460
868120165557478
868120165557486
868120165557494
868120165557502
868120165557510
868120165557528
868120165557536
868120165557544
868120165557551
868120165557569
868120165557577
868120165557585
868120165557593
868120165557601
868120165557619
868120165557627
868120165557635
868120165557643
868120165557650
868120165557668
868120165557676
868120165557684
868120165557692
868120165557700
868120165557718
868120165557726
868120165557734
868120165557742
868120165557759
868120165557767
868120165557775
868120165557783
868120165557791
868120165557809
868120165557817
868120165557825
868120165557833
868120165557841
868120165557858
868120165557866
868120165557874
868120165557882
868120165557890
868120165557908
868120165557916
868120165557924
868120165557932
868120165557940
868120165557957
868120165557965
868120165557973
868120165557981
868120165557999
868120165558005
868120165558013
868120165558021
868120165558039
868120165558047
868120165558054
868120165558062
868120165558070
868120165558088
868120165558096
868120165558104
868120165558112
868120165558120
868120165558138
868120165558146
868120165558153
868120165558161
868120165558179
868120165558187
868120165558195
868120165558203
868120165558211
868120165558229
868120165558237
868120165558245
868120165558252
868120165558260
868120165558278
868120165558286
868120165558294
868120165558302
868120165558310
868120165558328
868120165558336
868120165558344
868120165558351
868120165558369
868120165558377
868120165558385
868120165558393
868120165558401
868120165558419
868120165558427
868120165558435
868120165558443
868120165558450
868120165558468
868120165558476
868120165558484
868120165558492
868120165558500
868120165558518
868120165558526
868120165558534
868120165558542
868120165558559
868120165558567
868120165558575
868120165558583
868120165558591
868120165558609
868120165558617
868120165558625
868120165558633
868120165558641
868120165558658
868120165558666
868120165558674
868120165558682
868120165558690
868120165558708
868120165558716
868120165558724
868120165558732
868120165558740
868120165558757
868120165558765
868120165558773
868120165558781
868120165558799
868120165558807
868120165558815
868120165558823
868120165558831
868120165558849
868120165558856
868120165558864
868120165558872
868120165558880
868120165558898
868120165558906
868120165558914
868120165558922
868120165558930
868120165558948
868120165558955
868120165558963
868120165558971
868120165558989
868120165558997
868120165559003
868120165559011
868120165559029
868120165559037
868120165559045
868120165559052
868120165559060
868120165559078
868120165559086
868120165559094
868120165559102
868120165559110
868120165559128
868120165559136
868120165559144
868120165559151
868120165559169
868120165559177
868120165559185
868120165559193
868120165559201
868120165559219
868120165559227
868120165559235
868120165559243
868120165559250
868120165559268
868120165559276
868120165559284
868120165559292
868120165559300
868120165559318
868120165559326
868120165559334
868120165559342
868120165559359
868120165559367
868120165559375
868120165559383
868120165559391
868120165559409
868120165559417
868120165559425
868120165559433
868120165559441
868120165559458
868120165559466
868120165559474
868120165559482
868120165559490
868120165559508
868120165559516
868120165559524
868120165559532
868120165559540
868120165559557
868120165559565
868120165559573
868120165559581
868120165559599
868120165559607
868120165559615
868120165559623
868120165559631
868120165559649
868120165559656
868120165559664
868120165559672
868120165559680
868120165559698
868120165559706
868120165559714
868120165559722
868120165559730
868120165559748
868120165559755
868120165559763
868120165559771
868120165559789
868120165559797
868120165559805
868120165559813
868120165559821
868120165559839
868120165559847
868120165559854
868120165559862
868120165559870
868120165559888
868120165559896
868120165559904
868120165559912
868120165559920
868120165559938
868120165559946
868120165559953
868120165559961
868120165559979
868120165559987
868120165559995
868120165560001
868120165560019
868120165560027
868120165560035
868120165560043
868120165560050
868120165560068
868120165560076
868120165560084
868120165560092
868120165560100
868120165560118
868120165560126
868120165560134
868120165560142
868120165560159
868120165560167
868120165560175
868120165560183
868120165560191
868120165560209
868120165560217
868120165560225
868120165560233
868120165560241
868120165560258
868120165560266
868120165560274
868120165560282
868120165560290
868120165560308
868120165560316
868120165560324
868120165560332
868120165560340
868120165560357
868120165560365
868120165560373
868120165560381
868120165560399
868120165560407
868120165560415
868120165560423
868120165560431
868120165560449
868120165560456
868120165560464
868120165560472
868120165560480
868120165560498
868120165560506
868120165560514
868120165560522
868120165560530
868120165560548
868120165560555
868120165560563
868120165560571
868120165560589
868120165560597
868120165560605
868120165560613
868120165560621
868120165560639
868120165560647
868120165560654
868120165560662
868120165560670
868120165560688
868120165560696
868120165560704
868120165560712
868120165560720
868120165560738
868120165560746
868120165560753
868120165560761
868120165560779
868120165560787
868120165560795
868120165560803
868120165560811
868120165560829
868120165560837
868120165560845
868120165560852
868120165560860
868120165560878
868120165560886
868120165560894
868120165560902
868120165560910
868120165560928
868120165560936
868120165560944
868120165560951
868120165560969
868120165560977
868120165560985
868120165560993
868120165561009
868120165561017
868120165561025
868120165561033
868120165561041
868120165561058
868120165561066
868120165561074
868120165561082
868120165561090
868120165561108
868120165561116
868120165561124
868120165561132
868120165561140
868120165561157
868120165561165
868120165561173
868120165561181
868120165561199
868120165561207
868120165561215
868120165561223
868120165561231
868120165561249
868120165561256
868120165561264
868120165561272
868120165561280
868120165561298
868120165561306
868120165561314
868120165561322
868120165561330
868120165561348
868120165561355
868120165561363
868120165561371
868120165561389
868120165561397
868120165561405
868120165561413
868120165561421
868120165561439
868120165561447
868120165561454
868120165561462
868120165561470
868120165561488
868120165561496
868120165561504
868120165561512
868120165561520
868120165561538
868120165561546
868120165561553
868120165561561
868120165561579
868120165561587
868120165561595
868120165561603
868120165561611
868120165561629
868120165561637
868120165561645
868120165561652
868120165561660
868120165561678
868120165561686
868120165561694
868120165561702
868120165561710
868120165561728
868120165561736
868120165561744
868120165561751
868120165561769
868120165561777
868120165561785
868120165561793
868120165561801
868120165561819
868120165561827
868120165561835
868120165561843
868120165561850
868120165561868
868120165561876
868120165561884
868120165561892
868120165561900
868120165561918
868120165561926
868120165561934
868120165561942
868120165561959
868120165561967
868120165561975
868120165561983
868120165561991
868120165562007
868120165562015
868120165562023
868120165562031
868120165562049
868120165562056
868120165562064
868120165562072
868120165562080
868120165562098
868120165562106
868120165562114
868120165562122
868120165562130
868120165562148
868120165562155
868120165562163
868120165562171
868120165562189
868120165562197
868120165562205
868120165562213
868120165562221
868120165562239
868120165562247
868120165562254
868120165562262
868120165562270
868120165562288
868120165562296
868120165562304
868120165562312
868120165562320
868120165562338
868120165562346
868120165562353
868120165562361
868120165562379
868120165562387
868120165562395
868120165562403
868120165562411
868120165562429
868120165562437
868120165562445
868120165562452
868120165562460
868120165562478
868120165562486
868120165562494
868120165562502
868120165562510
868120165562528
868120165562536
868120165562544
868120165562551
868120165562569
868120165562577
868120165562585
868120165562593
868120165562601
868120165562619
868120165562627
868120165562635
868120165562643
868120165562650
868120165562668
868120165562676
868120165562684
868120165562692
868120165562700
868120165562718
868120165562726
868120165562734
868120165562742
868120165562759
868120165562767
868120165562775
868120165562783
868120165562791
868120165562809
868120165562817
868120165562825
868120165562833
868120165562841
868120165562858
868120165562866
868120165562874
868120165562882
868120165562890
868120165562908
868120165562916
868120165562924
868120165562932
868120165562940
868120165562957
868120165562965
868120165562973
868120165562981
868120165562999
868120165563005
868120165563013
868120165563021
868120165563039
868120165563047
868120165563054
868120165563062
868120165563070
868120165563088
868120165563096
868120165563104
868120165563112
868120165563120
868120165563138
868120165563146
868120165563153
868120165563161
868120165563179
868120165563187
868120165563195
868120165563203
868120165563211
868120165563229
868120165563237
868120165563245
868120165563252
868120165563260
868120165563278
868120165563286
868120165563294
868120165563302
868120165563310
868120165563328
868120165563336
868120165563344
868120165563351
868120165563369
868120165563377
868120165563385
868120165563393
868120165563401
868120165563419
868120165563427
868120165563435
868120165563443
868120165563450
868120165563468
868120165563476
868120165563484
868120165563492
868120165563500
868120165563518
868120165563526
868120165563534
868120165563542
868120165563559
868120165563567
868120165563575
868120165563583
868120165563591
868120165563609
868120165563617
868120165563625
868120165563633
868120165563641
868120165563658
868120165563666
868120165563674
868120165563682
868120165563690
868120165563708
868120165563716
868120165563724
868120165563732
868120165563740
868120165563757
868120165563765
868120165563773
868120165563781
868120165563799
868120165563807
868120165563815
868120165563823
868120165563831
868120165563849
868120165563856
868120165563864
868120165563872
868120165563880
868120165563898
868120165563906
868120165563914
868120165563922
868120165563930
868120165563948
868120165563955
868120165563963
868120165563971
868120165563989
868120165563997
868120165564003
868120165564011
868120165564029
868120165564037
868120165564045
868120165564052
868120165564060
868120165564078
868120165564086
868120165564094
868120165564102
868120165564110
868120165564128
868120165564136
868120165564144
868120165564151
868120165564169
868120165564177
868120165564185
868120165564193
868120165564201
868120165564219
868120165564227
868120165564235
868120165564243
868120165564250
868120165564268
868120165564276
868120165564284
868120165564292
868120165564300
868120165564318
868120165564326
868120165564334
868120165564342
868120165564359
868120165564367
868120165564375
868120165564383
868120165564391
868120165564409
868120165564417
868120165564425
868120165564433
868120165564441
868120165564458
868120165564466
868120165564474
868120165564482
868120165564490
868120165564508
868120165564516
868120165564524
868120165564532
868120165564540
868120165564557
868120165564565
868120165564573
868120165564581
868120165564599
868120165564607
868120165564615
868120165564623
868120165564631
868120165564649
868120165564656
868120165564664
868120165564672
868120165564680
868120165564698
868120165564706
868120165564714
868120165564722
868120165564730
868120165564748
868120165564755
868120165564763
868120165564771
868120165564789
868120165564797
868120165564805
868120165564813
868120165564821
868120165564839
868120165564847
868120165564854
868120165564862
868120165564870
868120165564888
868120165564896
868120165564904
868120165564912
868120165564920
868120165564938
868120165564946
868120165564953
868120165564961
868120165564979
868120165564987
868120165564995
868120165565000
868120165565018
868120165565026
868120165565034
868120165565042
868120165565059
868120165565067
868120165565075
868120165565083
868120165565091
868120165565109
868120165565117
868120165565125
868120165565133
868120165565141
868120165565158
868120165565166
868120165565174
868120165565182
868120165565190
868120165565208
868120165565216
868120165565224
868120165565232
868120165565240
868120165565257
868120165565265
868120165565273
868120165565281
868120165565299
868120165565307
868120165565315
868120165565323
868120165565331
868120165565349
868120165565356
868120165565364
868120165565372
868120165565380
868120165565398
868120165565406
868120165565414
868120165565422
868120165565430
868120165565448
868120165565455
868120165565463
868120165565471
868120165565489
868120165565497
868120165565505
868120165565513
868120165565521
868120165565539
868120165565547
868120165565554
868120165565562
868120165565570
868120165565588
868120165565596
868120165565604
868120165565612
868120165565620
868120165565638
868120165565646
868120165565653
868120165565661
868120165565679
868120165565687
868120165565695
868120165565703
868120165565711
868120165565729
868120165565737
868120165565745
868120165565752
868120165565760
868120165565778
868120165565786
868120165565794
868120165565802
868120165565810
868120165565828
868120165565836
868120165565844
868120165565851
868120165565869
868120165565877
868120165565885
868120165565893
868120165565901
868120165565919
868120165565927
868120165565935
868120165565943
868120165565950
868120165565968
868120165565976
868120165565984
868120165565992
868120165566008
868120165566016
868120165566024
868120165566032
868120165566040
868120165566057
868120165566065
868120165566073
868120165566081
868120165566099
868120165566107
868120165566115
868120165566123
868120165566131
868120165566149
868120165566156
868120165566164
868120165566172
868120165566180
868120165566198
868120165566206
868120165566214
868120165566222
868120165566230
868120165566248
868120165566255
868120165566263
868120165566271
868120165566289
868120165566297
868120165566305
868120165566313
868120165566321
868120165566339
868120165566347
868120165566354
868120165566362
868120165566370
868120165566388
868120165566396
868120165566404
868120165566412
868120165566420
868120165566438
868120165566446
868120165566453
868120165566461
868120165566479
868120165566487
868120165566495
868120165566503
868120165566511
868120165566529
868120165566537
868120165566545
868120165566552
868120165566560
868120165566578
868120165566586
868120165566594
868120165566602
868120165566610
868120165566628
868120165566636
868120165566644
868120165566651
868120165566669
868120165566677
868120165566685
868120165566693
868120165566701
868120165566719
868120165566727
868120165566735
868120165566743
868120165566750
868120165566768
868120165566776
868120165566784
868120165566792
868120165566800
868120165566818
868120165566826
868120165566834
868120165566842
868120165566859
868120165566867
868120165566875
868120165566883
868120165566891
868120165566909
868120165566917
868120165566925
868120165566933
868120165566941
868120165566958
868120165566966
868120165566974
868120165566982
868120165566990
868120165567006
868120165567014
868120165567022
868120165567030
868120165567048
868120165567055
868120165567063
868120165567071
868120165567089
868120165567097
868120165567105
868120165567113
868120165567121
868120165567139
868120165567147
868120165567154
868120165567162
868120165567170
868120165567188
868120165567196
868120165567204
868120165567212
868120165567220
868120165567238
868120165567246
868120165567253
868120165567261
868120165567279
868120165567287
868120165567295
868120165567303
868120165567311
868120165567329
868120165567337
868120165567345
868120165567352
868120165567360
868120165567378
868120165567386
868120165567394
868120165567402
868120165567410
868120165567428
868120165567436
868120165567444
868120165567451
868120165567469
868120165567477
868120165567485
868120165567493
868120165567501
868120165567519
868120165567527
868120165567535
868120165567543
868120165567550
868120165567568
868120165567576
868120165567584
868120165567592
868120165567600
868120165567618
868120165567626
868120165567634
868120165567642
868120165567659
868120165567667
868120165567675
868120165567683
868120165567691
868120165567709
868120165567717
868120165567725
868120165567733
868120165567741
868120165567758
868120165567766
868120165567774
868120165567782
868120165567790
868120165567808
868120165567816
868120165567824
868120165567832
868120165567840
868120165567857
868120165567865
868120165567873
868120165567881
868120165567899
868120165567907
868120165567915
868120165567923
868120165567931
868120165567949
868120165567956
868120165567964
868120165567972
868120165567980
868120165567998
868120165568004
868120165568012
868120165568020
868120165568038
868120165568046
868120165568053
868120165568061
868120165568079
868120165568087
868120165568095
868120165568103
868120165568111
868120165568129
868120165568137
868120165568145
868120165568152
868120165568160
868120165568178
868120165568186
868120165568194
868120165568202
868120165568210
868120165568228
868120165568236
868120165568244
868120165568251
868120165568269
868120165568277
868120165568285
868120165568293
868120165568301
868120165568319
868120165568327
868120165568335
868120165568343
868120165568350
868120165568368
868120165568376
868120165568384
868120165568392
868120165568400
868120165568418
868120165568426
868120165568434
868120165568442
868120165568459
868120165568467
868120165568475
868120165568483
868120165568491
868120165568509
868120165568517
868120165568525
868120165568533
868120165568541
868120165568558
868120165568566
868120165568574
868120165568582
868120165568590
868120165568608
868120165568616
868120165568624
868120165568632
868120165568640
868120165568657
868120165568665
868120165568673
868120165568681
868120165568699
868120165568707
868120165568715
868120165568723
868120165568731
868120165568749
868120165568756
868120165568764
868120165568772
868120165568780
868120165568798
868120165568806
868120165568814
868120165568822
868120165568830
868120165568848
868120165568855
868120165568863
868120165568871
868120165568889
868120165568897
868120165568905
868120165568913
868120165568921
868120165568939
868120165568947
868120165568954
868120165568962
868120165568970
868120165568988
868120165568996
868120165569002
868120165569010
868120165569028
868120165569036
868120165569044
868120165569051
868120165569069
868120165569077
868120165569085
868120165569093
868120165569101
868120165569119
868120165569127
868120165569135
868120165569143
868120165569150
868120165569168
868120165569176
868120165569184
868120165569192
868120165569200
868120165569218
868120165569226
868120165569234
868120165569242
868120165569259
868120165569267
868120165569275
868120165569283
868120165569291
868120165569309
868120165569317
868120165569325
868120165569333
868120165569341
868120165569358
868120165569366
868120165569374
868120165569382
868120165569390
868120165569408
868120165569416
868120165569424
868120165569432
868120165569440
868120165569457
868120165569465
868120165569473
868120165569481
868120165569499
868120165569507
868120165569515
868120165569523
868120165569531
868120165569549
868120165569556
868120165569564
868120165569572
868120165569580
868120165569598
868120165569606
868120165569614
868120165569622
868120165569630
868120165569648
868120165569655
868120165569663
868120165569671
868120165569689
868120165569697
868120165569705
868120165569713
868120165569721
868120165569739
868120165569747
868120165569754
868120165569762
868120165569770
868120165569788
868120165569796
868120165569804
868120165569812
868120165569820
868120165569838
868120165569846
868120165569853
868120165569861
868120165569879
868120165569887
868120165569895
868120165569903
868120165569911
868120165569929
868120165569937
868120165569945
868120165569952
868120165569960
868120165569978
868120165569986
868120165569994
868120165570000
868120165570018
868120165570026
868120165570034
868120165570042
868120165570059
868120165570067
868120165570075
868120165570083
868120165570091
868120165570109
868120165570117
868120165570125
868120165570133
868120165570141
868120165570158
868120165570166
868120165570174
868120165570182
868120165570190
868120165570208
868120165570216
868120165570224
868120165570232
868120165570240
868120165570257
868120165570265
868120165570273
868120165570281
868120165570299
868120165570307
868120165570315
868120165570323
868120165570331
868120165570349
868120165570356
868120165570364
868120165570372
868120165570380
868120165570398
868120165570406
868120165570414
868120165570422
868120165570430
868120165570448
868120165570455
868120165570463
868120165570471
868120165570489
868120165570497
868120165570505
868120165570513
868120165570521
868120165570539
868120165570547
868120165570554
868120165570562
868120165570570
868120165570588
868120165570596
868120165570604
868120165570612
868120165570620
868120165570638
868120165570646
868120165570653
868120165570661
868120165570679
868120165570687
868120165570695
868120165570703
868120165570711
868120165570729
868120165570737
868120165570745
868120165570752
868120165570760
868120165570778
868120165570786
868120165570794
868120165570802
868120165570810
868120165570828
868120165570836
868120165570844
868120165570851
868120165570869
868120165570877
868120165570885
868120165570893
868120165570901
868120165570919
868120165570927
868120165570935
868120165570943
868120165570950
868120165570968
868120165570976
868120165570984
868120165570992
868120165571008
868120165571016
868120165571024
868120165571032
868120165571040
868120165571057
868120165571065
868120165571073
868120165571081
868120165571099
868120165571107
868120165571115
868120165571123
868120165571131
868120165571149
868120165571156
868120165571164
868120165571172
868120165571180
868120165571198
868120165571206
868120165571214
868120165571222
868120165571230
868120165571248
868120165571255
868120165571263
868120165571271
868120165571289
868120165571297
868120165571305
868120165571313
868120165571321
868120165571339
868120165571347
868120165571354
868120165571362
868120165571370
868120165571388
868120165571396
868120165571404
868120165571412
868120165571420
868120165571438
868120165571446
868120165571453
868120165571461
868120165571479
868120165571487
868120165571495
868120165571503
868120165571511
868120165571529
868120165571537
868120165571545
868120165571552
868120165571560
868120165571578
868120165571586
868120165571594
868120165571602
868120165571610
868120165571628
868120165571636
868120165571644
868120165571651
868120165571669
868120165571677
868120165571685
868120165571693
868120165571701
868120165571719
868120165571727
868120165571735
868120165571743
868120165571750
868120165571768
868120165571776
868120165571784
868120165571792
868120165571800
868120165571818
868120165571826
868120165571834
868120165571842
868120165571859
868120165571867
868120165571875
868120165571883
868120165571891
868120165571909
868120165571917
868120165571925
868120165571933
868120165571941
868120165571958
868120165571966
868120165571974
868120165571982
868120165571990
868120165572006
868120165572014
868120165572022
868120165572030
868120165572048
868120165572055
868120165572063
868120165572071
868120165572089
868120165572097
868120165572105
868120165572113
868120165572121
868120165572139
868120165572147
868120165572154
868120165572162
868120165572170
868120165572188
868120165572196
868120165572204
868120165572212
868120165572220
868120165572238
868120165572246
868120165572253
868120165572261
868120165572279
868120165572287
868120165572295
868120165572303
868120165572311
868120165572329
868120165572337
868120165572345
868120165572352
868120165572360
868120165572378
868120165572386
868120165572394
868120165572402
868120165572410
868120165572428
868120165572436
868120165572444
868120165572451
868120165572469
868120165572477
868120165572485
868120165572493
868120165572501
868120165572519
868120165572527
868120165572535
868120165572543
868120165572550
868120165572568
868120165572576
868120165572584
868120165572592
868120165572600
868120165572618
868120165572626
868120165572634
868120165572642
868120165572659
868120165572667
868120165572675
868120165572683
868120165572691
868120165572709
868120165572717
868120165572725
868120165572733
868120165572741
868120165572758
868120165572766
868120165572774
868120165572782
868120165572790
868120165572808
868120165572816
868120165572824
868120165572832
868120165572840
868120165572857
868120165572865
868120165572873
868120165572881
868120165572899
868120165572907
868120165572915
868120165572923
868120165572931
868120165572949
868120165572956
868120165572964
868120165572972
868120165572980
868120165572998
868120165573004
868120165573012
868120165573020
868120165573038
868120165573046
868120165573053
868120165573061
868120165573079
868120165573087
868120165573095
868120165573103
868120165573111
868120165573129
868120165573137
868120165573145
868120165573152
868120165573160
868120165573178
868120165573186
868120165573194
868120165573202
868120165573210
868120165573228
868120165573236
868120165573244
868120165573251
868120165573269
868120165573277
868120165573285
868120165573293
868120165573301
868120165573319
868120165573327
868120165573335
868120165573343
868120165573350
868120165573368
868120165573376
868120165573384
868120165573392
868120165573400
868120165573418
868120165573426
868120165573434
868120165573442
868120165573459
868120165573467
868120165573475
868120165573483
868120165573491
868120165573509
868120165573517
868120165573525
868120165573533
868120165573541
868120165573558
868120165573566
868120165573574
868120165573582
868120165573590
868120165573608
868120165573616
868120165573624
868120165573632
868120165573640
868120165573657
868120165573665
868120165573673
868120165573681
868120165573699
868120165573707
868120165573715
868120165573723
868120165573731
868120165573749
868120165573756
868120165573764
868120165573772
868120165573780
868120165573798
868120165573806
868120165573814
868120165573822
868120165573830
868120165573848
868120165573855
868120165573863
868120165573871
868120165573889
868120165573897
868120165573905
868120165573913
868120165573921
868120165573939
868120165573947
868120165573954
868120165573962
868120165573970
868120165573988
868120165573996
868120165574002
868120165574010
868120165574028
868120165574036
868120165574044
868120165574051
868120165574069
868120165574077
868120165574085
868120165574093
868120165574101
868120165574119
868120165574127
868120165574135
868120165574143
868120165574150
868120165574168
868120165574176
868120165574184
868120165574192
868120165574200
868120165574218
868120165574226
868120165574234
868120165574242
868120165574259
868120165574267
868120165574275
868120165574283
868120165574291
868120165574309
868120165574317
868120165574325
868120165574333
868120165574341
868120165574358
868120165574366
868120165574374
868120165574382
868120165574390
868120165574408
868120165574416
868120165574424
868120165574432
868120165574440
868120165574457
868120165574465
868120165574473
868120165574481
868120165574499
868120165574507
868120165574515
868120165574523
868120165574531
868120165574549
868120165574556
868120165574564
868120165574572
868120165574580
868120165574598
868120165574606
868120165574614
868120165574622
868120165574630
868120165574648
868120165574655
868120165574663
868120165574671
868120165574689
868120165574697
868120165574705
868120165574713
868120165574721
868120165574739
868120165574747
868120165574754
868120165574762
868120165574770
868120165574788
868120165574796
868120165574804
868120165574812
868120165574820
868120165574838
868120165574846
868120165574853
868120165574861
868120165574879
868120165574887
868120165574895
868120165574903
868120165574911
868120165574929
868120165574937
868120165574945
868120165574952
868120165574960
868120165574978
868120165574986
868120165574994
868120165575009
868120165575017
868120165575025
868120165575033
868120165575041
868120165575058
868120165575066
868120165575074
868120165575082
868120165575090
868120165575108
868120165575116
868120165575124
868120165575132
868120165575140
868120165575157
868120165575165
868120165575173
868120165575181
868120165575199
868120165575207
868120165575215
868120165575223
868120165575231
868120165575249
868120165575256
868120165575264
868120165575272
868120165575280
868120165575298
868120165575306
868120165575314
868120165575322
868120165575330
868120165575348
868120165575355
868120165575363
868120165575371
868120165575389
868120165575397
868120165575405
868120165575413
868120165575421
868120165575439
868120165575447
868120165575454
868120165575462
868120165575470
868120165575488
868120165575496
868120165575504
868120165575512
868120165575520
868120165575538
868120165575546
868120165575553
868120165575561
868120165575579
868120165575587
868120165575595
868120165575603
868120165575611
868120165575629
868120165575637
868120165575645
868120165575652
868120165575660
868120165575678
868120165575686
868120165575694
868120165575702
868120165575710
868120165575728
868120165575736
868120165575744
868120165575751
868120165575769
868120165575777
868120165575785
868120165575793
868120165575801
868120165575819
868120165575827
868120165575835
868120165575843
868120165575850
868120165575868
868120165575876
868120165575884
868120165575892
868120165575900
868120165575918
868120165575926
868120165575934
868120165575942
868120165575959
868120165575967
868120165575975
868120165575983
868120165575991
868120165576007
868120165576015
868120165576023
868120165576031
868120165576049
868120165576056
868120165576064
868120165576072
868120165576080
868120165576098
868120165576106
868120165576114
868120165576122
868120165576130
868120165576148
868120165576155
868120165576163
868120165576171
868120165576189
868120165576197
868120165576205
868120165576213
868120165576221
868120165576239
868120165576247
868120165576254
868120165576262
868120165576270
868120165576288
868120165576296
868120165576304
868120165576312
868120165576320
868120165576338
868120165576346
868120165576353
868120165576361
868120165576379
868120165576387
868120165576395
868120165576403
868120165576411
868120165576429
868120165576437
868120165576445
868120165576452
868120165576460
868120165576478
868120165576486
868120165576494
868120165576502
868120165576510
868120165576528
868120165576536
868120165576544
868120165576551
868120165576569
868120165576577
868120165576585
868120165576593
868120165576601
868120165576619
868120165576627
868120165576635
868120165576643
868120165576650
868120165576668
868120165576676
868120165576684
868120165576692
868120165576700
868120165576718
868120165576726
868120165576734
868120165576742
868120165576759
868120165576767
868120165576775
868120165576783
868120165576791
868120165576809
868120165576817
868120165576825
868120165576833
868120165576841
868120165576858
868120165576866
868120165576874
868120165576882
868120165576890
868120165576908
868120165576916
868120165576924
868120165576932
868120165576940
868120165576957
868120165576965
868120165576973
868120165576981
868120165576999
868120165577005
868120165577013
868120165577021
868120165577039
868120165577047
868120165577054
868120165577062
868120165577070
868120165577088
868120165577096
868120165577104
868120165577112
868120165577120
868120165577138
868120165577146
868120165577153
868120165577161
868120165577179
868120165577187
868120165577195
868120165577203
868120165577211
868120165577229
868120165577237
868120165577245
868120165577252
868120165577260
868120165577278
868120165577286
868120165577294
868120165577302
868120165577310
868120165577328
868120165577336
868120165577344
868120165577351
868120165577369
868120165577377
868120165577385
868120165577393
868120165577401
868120165577419
868120165577427
868120165577435
868120165577443
868120165577450
868120165577468
868120165577476
868120165577484
868120165577492
868120165577500
868120165577518
868120165577526
868120165577534
868120165577542
868120165577559
868120165577567
868120165577575
868120165577583
868120165577591
868120165577609
868120165577617
868120165577625
868120165577633
868120165577641
868120165577658
868120165577666
868120165577674
868120165577682
868120165577690
868120165577708
868120165577716
868120165577724
868120165577732
868120165577740
868120165577757
868120165577765
868120165577773
868120165577781
868120165577799
868120165577807
868120165577815
868120165577823
868120165577831
868120165577849
868120165577856
868120165577864
868120165577872
868120165577880
868120165577898
868120165577906
868120165577914
868120165577922
868120165577930
868120165577948
868120165577955
868120165577963
868120165577971
868120165577989
868120165577997
868120165578003
868120165578011
868120165578029
868120165578037
868120165578045
868120165578052
868120165578060
868120165578078
868120165578086
868120165578094
868120165578102
868120165578110
868120165578128
868120165578136
868120165578144
868120165578151
868120165578169
868120165578177
868120165578185
868120165578193
868120165578201
868120165578219
868120165578227
868120165578235
868120165578243
868120165578250
868120165578268
868120165578276
868120165578284
868120165578292
868120165578300
868120165578318
868120165578326
868120165578334
868120165578342
868120165578359
868120165578367
868120165578375
868120165578383
868120165578391
868120165578409
868120165578417
868120165578425
868120165578433
868120165578441
868120165578458
868120165578466
868120165578474
868120165578482
868120165578490
868120165578508
868120165578516
868120165578524
868120165578532
868120165578540
868120165578557
868120165578565
868120165578573
868120165578581
868120165578599
868120165578607
868120165578615
868120165578623
868120165578631
868120165578649
868120165578656
868120165578664
868120165578672
868120165578680
868120165578698
868120165578706
868120165578714
868120165578722
868120165578730
868120165578748
868120165578755
868120165578763
868120165578771
868120165578789
868120165578797
868120165578805
868120165578813
868120165578821
868120165578839
868120165578847
868120165578854
868120165578862
868120165578870
868120165578888
868120165578896
868120165578904
868120165578912
868120165578920
868120165578938
868120165578946
868120165578953
868120165578961
868120165578979
868120165578987
868120165578995
868120165579001
868120165579019
868120165579027
868120165579035
868120165579043
868120165579050
868120165579068
868120165579076
868120165579084
868120165579092
868120165579100
868120165579118
868120165579126
868120165579134
868120165579142
868120165579159
868120165579167
868120165579175
868120165579183
868120165579191
868120165579209
868120165579217
868120165579225
868120165579233
868120165579241
868120165579258
868120165579266
868120165579274
868120165579282
868120165579290
868120165579308
868120165579316
868120165579324
868120165579332
868120165579340
868120165579357
868120165579365
868120165579373
868120165579381
868120165579399
868120165579407
868120165579415
868120165579423
868120165579431
868120165579449
868120165579456
868120165579464
868120165579472
868120165579480
868120165579498
868120165579506
868120165579514
868120165579522
868120165579530
868120165579548
868120165579555
868120165579563
868120165579571
868120165579589
868120165579597
868120165579605
868120165579613
868120165579621
868120165579639
868120165579647
868120165579654
868120165579662
868120165579670
868120165579688
868120165579696
868120165579704
868120165579712
868120165579720
868120165579738
868120165579746
868120165579753
868120165579761
868120165579779
868120165579787
868120165579795
868120165579803
868120165579811
868120165579829
868120165579837
868120165579845
868120165579852
868120165579860
868120165579878
868120165579886
868120165579894
868120165579902
868120165579910
868120165579928
868120165579936
868120165579944
868120165579951
868120165579969
868120165579977
868120165579985
868120165579993
868120165580009
868120165580017
868120165580025
868120165580033
868120165580041
868120165580058
868120165580066
868120165580074
868120165580082
868120165580090
868120165580108
868120165580116
868120165580124
868120165580132
868120165580140
868120165580157
868120165580165
868120165580173
868120165580181
868120165580199
868120165580207
868120165580215
868120165580223
868120165580231
868120165580249
868120165580256
868120165580264
868120165580272
868120165580280
868120165580298
868120165580306
868120165580314
868120165580322
868120165580330
868120165580348
868120165580355
868120165580363
868120165580371
868120165580389
868120165580397
868120165580405
868120165580413
868120165580421
868120165580439
868120165580447
868120165580454
868120165580462
868120165580470
868120165580488
868120165580496
868120165580504
868120165580512
868120165580520
868120165580538
868120165580546
868120165580553
868120165580561
868120165580579
868120165580587
868120165580595
868120165580603
868120165580611
868120165580629
868120165580637
868120165580645
868120165580652
868120165580660
868120165580678
868120165580686
868120165580694
868120165580702
868120165580710
868120165580728
868120165580736
868120165580744
868120165580751
868120165580769
868120165580777
868120165580785
868120165580793
868120165580801
868120165580819
868120165580827
868120165580835
868120165580843
868120165580850
868120165580868
868120165580876
868120165580884
868120165580892
868120165580900
868120165580918
868120165580926
868120165580934
868120165580942
868120165580959
868120165580967
868120165580975
868120165580983
868120165580991
868120165581007
868120165581015
868120165581023
868120165581031
868120165581049
868120165581056
868120165581064
868120165581072
868120165581080
868120165581098
868120165581106
868120165581114
868120165581122
868120165581130
868120165581148
868120165581155
868120165581163
868120165581171
868120165581189
868120165581197
868120165581205
868120165581213
868120165581221
868120165581239
868120165581247
868120165581254
868120165581262
868120165581270
868120165581288
868120165581296
868120165581304
868120165581312
868120165581320
868120165581338
868120165581346
868120165581353
868120165581361
868120165581379
868120165581387
868120165581395
868120165581403
868120165581411
868120165581429
868120165581437
868120165581445
868120165581452
868120165581460
868120165581478
868120165581486
868120165581494
868120165581502
868120165581510
868120165581528
868120165581536
868120165581544
868120165581551
868120165581569
868120165581577
868120165581585
868120165581593
868120165581601
868120165581619
868120165581627
868120165581635
868120165581643
868120165581650
868120165581668
868120165581676
868120165581684
868120165581692
868120165581700
868120165581718
868120165581726
868120165581734
868120165581742
868120165581759
868120165581767
868120165581775
868120165581783
868120165581791
868120165581809
868120165581817
868120165581825
868120165581833
868120165581841
868120165581858
868120165581866
868120165581874
868120165581882
868120165581890
868120165581908
868120165581916
868120165581924
868120165581932
868120165581940
868120165581957
868120165581965
868120165581973
868120165581981
868120165581999
868120165582005
868120165582013
868120165582021
868120165582039
868120165582047
868120165582054
868120165582062
868120165582070
868120165582088
868120165582096
868120165582104
868120165582112
868120165582120
868120165582138
868120165582146
868120165582153
868120165582161
868120165582179
868120165582187
868120165582195
868120165582203
868120165582211
868120165582229
868120165582237
868120165582245
868120165582252
868120165582260
868120165582278
868120165582286
868120165582294
868120165582302
868120165582310
868120165582328
868120165582336
868120165582344
868120165582351
868120165582369
868120165582377
868120165582385
868120165582393
868120165582401
868120165582419
868120165582427
868120165582435
868120165582443
868120165582450
868120165582468
868120165582476
868120165582484
868120165582492
868120165582500
868120165582518
868120165582526
868120165582534
868120165582542
868120165582559
868120165582567
868120165582575
868120165582583
868120165582591
868120165582609
868120165582617
868120165582625
868120165582633
868120165582641
868120165582658
868120165582666
868120165582674
868120165582682
868120165582690
868120165582708
868120165582716
868120165582724
868120165582732
868120165582740
868120165582757
868120165582765
868120165582773
868120165582781
868120165582799
868120165582807
868120165582815
868120165582823
868120165582831
868120165582849
868120165582856
868120165582864
868120165582872
868120165582880
868120165582898
868120165582906
868120165582914
868120165582922
868120165582930
868120165582948
868120165582955
868120165582963
868120165582971
868120165582989
868120165582997
868120165583003
868120165583011
868120165583029
868120165583037
868120165583045
868120165583052
868120165583060
868120165583078
868120165583086
868120165583094
868120165583102
868120165583110
868120165583128
868120165583136
868120165583144
868120165583151
868120165583169
868120165583177
868120165583185
868120165583193
868120165583201
868120165583219
868120165583227
868120165583235
868120165583243
868120165583250
868120165583268
868120165583276
868120165583284
868120165583292
868120165583300
868120165583318
868120165583326
868120165583334
868120165583342
868120165583359
868120165583367
868120165583375
868120165583383
868120165583391
868120165583409
868120165583417
868120165583425
868120165583433
868120165583441
868120165583458
868120165583466
868120165583474
868120165583482
868120165583490
868120165583508
868120165583516
868120165583524
868120165583532
868120165583540
868120165583557
868120165583565
868120165583573
868120165583581
868120165583599
868120165583607
868120165583615
868120165583623
868120165583631
868120165583649
868120165583656
868120165583664
868120165583672
868120165583680
868120165583698
868120165583706
868120165583714
868120165583722
868120165583730
868120165583748
868120165583755
868120165583763
868120165583771
868120165583789
868120165583797
868120165583805
868120165583813
868120165583821
868120165583839
868120165583847
868120165583854
868120165583862
868120165583870
868120165583888
868120165583896
868120165583904
868120165583912
868120165583920
868120165583938
868120165583946
868120165583953
868120165583961
868120165583979
868120165583987
868120165583995
868120165584001
868120165584019
868120165584027
868120165584035
868120165584043
868120165584050
868120165584068
868120165584076
868120165584084
868120165584092
868120165584100
868120165584118
868120165584126
868120165584134
868120165584142
868120165584159
868120165584167
868120165584175
868120165584183
868120165584191
868120165584209
868120165584217
868120165584225
868120165584233
868120165584241
868120165584258
868120165584266
868120165584274
868120165584282
868120165584290
868120165584308
868120165584316
868120165584324
868120165584332
868120165584340
868120165584357
868120165584365
868120165584373
868120165584381
868120165584399
868120165584407
868120165584415
868120165584423
868120165584431
868120165584449
868120165584456
868120165584464
868120165584472
868120165584480
868120165584498
868120165584506
868120165584514
868120165584522
868120165584530
868120165584548
868120165584555
868120165584563
868120165584571
868120165584589
868120165584597
868120165584605
868120165584613
868120165584621
868120165584639
868120165584647
868120165584654
868120165584662
868120165584670
868120165584688
868120165584696
868120165584704
868120165584712
868120165584720
868120165584738
868120165584746
868120165584753
868120165584761
868120165584779
868120165584787
868120165584795
868120165584803
868120165584811
868120165584829
868120165584837
868120165584845
868120165584852
868120165584860
868120165584878
868120165584886
868120165584894
868120165584902
868120165584910
868120165584928
868120165584936
868120165584944
868120165584951
868120165584969
868120165584977
868120165584985
868120165584993
868120165585008
868120165585016
868120165585024
868120165585032
868120165585040
868120165585057
868120165585065
868120165585073
868120165585081
868120165585099
868120165585107
868120165585115
868120165585123
868120165585131
868120165585149
868120165585156
868120165585164
868120165585172
868120165585180
868120165585198
868120165585206
868120165585214
868120165585222
868120165585230
868120165585248
868120165585255
868120165585263
868120165585271
868120165585289
868120165585297
868120165585305
868120165585313
868120165585321
868120165585339
868120165585347
868120165585354
868120165585362
868120165585370
868120165585388
868120165585396
868120165585404
868120165585412
868120165585420
868120165585438
868120165585446
868120165585453
868120165585461
868120165585479
868120165585487
868120165585495
868120165585503
868120165585511
868120165585529
868120165585537
868120165585545
868120165585552
868120165585560
868120165585578
868120165585586
868120165585594
868120165585602
868120165585610
868120165585628
868120165585636
868120165585644
868120165585651
868120165585669
868120165585677
868120165585685
868120165585693
868120165585701
868120165585719
868120165585727
868120165585735
868120165585743
868120165585750
868120165585768
868120165585776
868120165585784
868120165585792
868120165585800
868120165585818
868120165585826
868120165585834
868120165585842
868120165585859
868120165585867
868120165585875
868120165585883
868120165585891
868120165585909
868120165585917
868120165585925
868120165585933
868120165585941
868120165585958
868120165585966
868120165585974
868120165585982
868120165585990
868120165586006
868120165586014
868120165586022
868120165586030
868120165586048
868120165586055
868120165586063
868120165586071
868120165586089
868120165586097
868120165586105
868120165586113
868120165586121
868120165586139
868120165586147
868120165586154
868120165586162
868120165586170
868120165586188
868120165586196
868120165586204
868120165586212
868120165586220
868120165586238
868120165586246
868120165586253
868120165586261
868120165586279
868120165586287
868120165586295
868120165586303
868120165586311
868120165586329
868120165586337
868120165586345
868120165586352
868120165586360
868120165586378
868120165586386
868120165586394
868120165586402
868120165586410
868120165586428
868120165586436
868120165586444
868120165586451
868120165586469
868120165586477
868120165586485
868120165586493
868120165586501
868120165586519
868120165586527
868120165586535
868120165586543
868120165586550
868120165586568
868120165586576
868120165586584
868120165586592
868120165586600
868120165586618
868120165586626
868120165586634
868120165586642
868120165586659
868120165586667
868120165586675
868120165586683
868120165586691
868120165586709
868120165586717
868120165586725
868120165586733
868120165586741
868120165586758
868120165586766
868120165586774
868120165586782
868120165586790
868120165586808
868120165586816
868120165586824
868120165586832
868120165586840
868120165586857
868120165586865
868120165586873
868120165586881
868120165586899
868120165586907
868120165586915
868120165586923
868120165586931
868120165586949
868120165586956
868120165586964
868120165586972
868120165586980
868120165586998
868120165587004
868120165587012
868120165587020
868120165587038
868120165587046
868120165587053
868120165587061
868120165587079
868120165587087
868120165587095
868120165587103
868120165587111
868120165587129
868120165587137
868120165587145
868120165587152
868120165587160
868120165587178
868120165587186
868120165587194
868120165587202
868120165587210
868120165587228
868120165587236
868120165587244
868120165587251
868120165587269
868120165587277
868120165587285
868120165587293
868120165587301
868120165587319
868120165587327
868120165587335
868120165587343
868120165587350
868120165587368
868120165587376
868120165587384
868120165587392
868120165587400
868120165587418
868120165587426
868120165587434
868120165587442
868120165587459
868120165587467
868120165587475
868120165587483
868120165587491
868120165587509
868120165587517
868120165587525
868120165587533
868120165587541
868120165587558
868120165587566
868120165587574
868120165587582
868120165587590
868120165587608
868120165587616
868120165587624
868120165587632
868120165587640
868120165587657
868120165587665
868120165587673
868120165587681
868120165587699
868120165587707
868120165587715
868120165587723
868120165587731
868120165587749
868120165587756
868120165587764
868120165587772
868120165587780
868120165587798
868120165587806
868120165587814
868120165587822
868120165587830
868120165587848
868120165587855
868120165587863
868120165587871
868120165587889
868120165587897
868120165587905
868120165587913
868120165587921
868120165587939
868120165587947
868120165587954
868120165587962
868120165587970
868120165587988
868120165587996
868120165588002
868120165588010
868120165588028
868120165588036
868120165588044
868120165588051
868120165588069
868120165588077
868120165588085
868120165588093
868120165588101
868120165588119
868120165588127
868120165588135
868120165588143
868120165588150
868120165588168
868120165588176
868120165588184
868120165588192
868120165588200
868120165588218
868120165588226
868120165588234
868120165588242
868120165588259
868120165588267
868120165588275
868120165588283
868120165588291
868120165588309
868120165588317
868120165588325
868120165588333
868120165588341
868120165588358
868120165588366
868120165588374
868120165588382
868120165588390
868120165588408
868120165588416
868120165588424
868120165588432
868120165588440
868120165588457
868120165588465
868120165588473
868120165588481
868120165588499
868120165588507
868120165588515
868120165588523
868120165588531
868120165588549
868120165588556
868120165588564
868120165588572
868120165588580
868120165588598
868120165588606
868120165588614
868120165588622
868120165588630
868120165588648
868120165588655
868120165588663
868120165588671
868120165588689
868120165588697
868120165588705
868120165588713
868120165588721
868120165588739
868120165588747
868120165588754
868120165588762
868120165588770
868120165588788
868120165588796
868120165588804
868120165588812
868120165588820
868120165588838
868120165588846
868120165588853
868120165588861
868120165588879
868120165588887
868120165588895
868120165588903
868120165588911
868120165588929
868120165588937
868120165588945
868120165588952
868120165588960
868120165588978
868120165588986
868120165588994
868120165589000
868120165589018
868120165589026
868120165589034
868120165589042
868120165589059
868120165589067
868120165589075
868120165589083
868120165589091
868120165589109
868120165589117
868120165589125
868120165589133
868120165589141
868120165589158
868120165589166
868120165589174
868120165589182
868120165589190
868120165589208
868120165589216
868120165589224
868120165589232
868120165589240
868120165589257
868120165589265
868120165589273
868120165589281
868120165589299
868120165589307
868120165589315
868120165589323
868120165589331
868120165589349
868120165589356
868120165589364
868120165589372
868120165589380
868120165589398
868120165589406
868120165589414
868120165589422
868120165589430
868120165589448
868120165589455
868120165589463
868120165589471
868120165589489
868120165589497
868120165589505
868120165589513
868120165589521
868120165589539
868120165589547
868120165589554
868120165589562
868120165589570
868120165589588
868120165589596
868120165589604
868120165589612
868120165589620
868120165589638
868120165589646
868120165589653
868120165589661
868120165589679
868120165589687
868120165589695
868120165589703
868120165589711
868120165589729
868120165589737
868120165589745
868120165589752
868120165589760
868120165589778
868120165589786
868120165589794
868120165589802
868120165589810
868120165589828
868120165589836
868120165589844
868120165589851
868120165589869
868120165589877
868120165589885
868120165589893
868120165589901
868120165589919
868120165589927
868120165589935
868120165589943
868120165589950
868120165589968
868120165589976
868120165589984
868120165589992
868120165590008
868120165590016
868120165590024
868120165590032
868120165590040
868120165590057
868120165590065
868120165590073
868120165590081
868120165590099
868120165590107
868120165590115
868120165590123
868120165590131
868120165590149
868120165590156
868120165590164
868120165590172
868120165590180
868120165590198
868120165590206
868120165590214
868120165590222
868120165590230
868120165590248
868120165590255
868120165590263
868120165590271
868120165590289
868120165590297
868120165590305
868120165590313
868120165590321
868120165590339
868120165590347
868120165590354
868120165590362
868120165590370
868120165590388
868120165590396
868120165590404
868120165590412
868120165590420
868120165590438
868120165590446
868120165590453
868120165590461
868120165590479
868120165590487
868120165590495
868120165590503
868120165590511
868120165590529
868120165590537
868120165590545
868120165590552
868120165590560
868120165590578
868120165590586
868120165590594
868120165590602
868120165590610
868120165590628
868120165590636
868120165590644
868120165590651
868120165590669
868120165590677
868120165590685
868120165590693
868120165590701
868120165590719
868120165590727
868120165590735
868120165590743
868120165590750
868120165590768
868120165590776
868120165590784
868120165590792
868120165590800
868120165590818
868120165590826
868120165590834
868120165590842
868120165590859
868120165590867
868120165590875
868120165590883
868120165590891
868120165590909
868120165590917
868120165590925
868120165590933
868120165590941
868120165590958
868120165590966
868120165590974
868120165590982
868120165590990
868120165591006
868120165591014
868120165591022
868120165591030
868120165591048
868120165591055
868120165591063
868120165591071
868120165591089
868120165591097
868120165591105
868120165591113
868120165591121
868120165591139
868120165591147
868120165591154
868120165591162
868120165591170
868120165591188
868120165591196
868120165591204
868120165591212
868120165591220
868120165591238
868120165591246
868120165591253
868120165591261
868120165591279
868120165591287
868120165591295
868120165591303
868120165591311
868120165591329
868120165591337
868120165591345
868120165591352
868120165591360
868120165591378
868120165591386
868120165591394
868120165591402
868120165591410
868120165591428
868120165591436
868120165591444
868120165591451
868120165591469
868120165591477
868120165591485
868120165591493
868120165591501
868120165591519
868120165591527
868120165591535
868120165591543
868120165591550
868120165591568
868120165591576
868120165591584
868120165591592
868120165591600
868120165591618
868120165591626
868120165591634
868120165591642
868120165591659
868120165591667
868120165591675
868120165591683
868120165591691
868120165591709
868120165591717
868120165591725
868120165591733
868120165591741
868120165591758
868120165591766
868120165591774
868120165591782
868120165591790
868120165591808
868120165591816
868120165591824
868120165591832
868120165591840
868120165591857
868120165591865
868120165591873
868120165591881
868120165591899
868120165591907
868120165591915
868120165591923
868120165591931
868120165591949
868120165591956
868120165591964
868120165591972
868120165591980
868120165591998
868120165592004
868120165592012
868120165592020
868120165592038
868120165592046
868120165592053
868120165592061
868120165592079
868120165592087
868120165592095
868120165592103
868120165592111
868120165592129
868120165592137
868120165592145
868120165592152
868120165592160
868120165592178
868120165592186
868120165592194
868120165592202
868120165592210
868120165592228
868120165592236
868120165592244
868120165592251
868120165592269
868120165592277
868120165592285
868120165592293
868120165592301
868120165592319
868120165592327
868120165592335
868120165592343
868120165592350
868120165592368
868120165592376
868120165592384
868120165592392
868120165592400
868120165592418
868120165592426
868120165592434
868120165592442
868120165592459
868120165592467
868120165592475
868120165592483
868120165592491
868120165592509
868120165592517
868120165592525
868120165592533
868120165592541
868120165592558
868120165592566
868120165592574
868120165592582
868120165592590
868120165592608
868120165592616
868120165592624
868120165592632
868120165592640
868120165592657
868120165592665
868120165592673
868120165592681
868120165592699
868120165592707
868120165592715
868120165592723
868120165592731
868120165592749
868120165592756
868120165592764
868120165592772
868120165592780
868120165592798
868120165592806
868120165592814
868120165592822
868120165592830
868120165592848
868120165592855
868120165592863
868120165592871
868120165592889
868120165592897
868120165592905
868120165592913
868120165592921
868120165592939
868120165592947
868120165592954
868120165592962
868120165592970
868120165592988
868120165592996
868120165593002
868120165593010
868120165593028
868120165593036
868120165593044
868120165593051
868120165593069
868120165593077
868120165593085
868120165593093
868120165593101
868120165593119
868120165593127
868120165593135
868120165593143
868120165593150
868120165593168
868120165593176
868120165593184
868120165593192
868120165593200
868120165593218
868120165593226
868120165593234
868120165593242
868120165593259
868120165593267
868120165593275
868120165593283
868120165593291
868120165593309
868120165593317
868120165593325
868120165593333
868120165593341
868120165593358
868120165593366
868120165593374
868120165593382
868120165593390
868120165593408
868120165593416
868120165593424
868120165593432
868120165593440
868120165593457
868120165593465
868120165593473
868120165593481
868120165593499
868120165593507
868120165593515
868120165593523
868120165593531
868120165593549
868120165593556
868120165593564
868120165593572
868120165593580
868120165593598
868120165593606
868120165593614
868120165593622
868120165593630
868120165593648
868120165593655
868120165593663
868120165593671
868120165593689
868120165593697
868120165593705
868120165593713
868120165593721
868120165593739
868120165593747
868120165593754
868120165593762
868120165593770
868120165593788
868120165593796
868120165593804
868120165593812
868120165593820
868120165593838
868120165593846
868120165593853
868120165593861
868120165593879
868120165593887
868120165593895
868120165593903
868120165593911
868120165593929
868120165593937
868120165593945
868120165593952
868120165593960
868120165593978
868120165593986
868120165593994
868120165594000
868120165594018
868120165594026
868120165594034
868120165594042
868120165594059
868120165594067
868120165594075
868120165594083
868120165594091
868120165594109
868120165594117
868120165594125
868120165594133
868120165594141
868120165594158
868120165594166
868120165594174
868120165594182
868120165594190
868120165594208
868120165594216
868120165594224
868120165594232
868120165594240
868120165594257
868120165594265
868120165594273
868120165594281
868120165594299
868120165594307
868120165594315
868120165594323
868120165594331
868120165594349
868120165594356
868120165594364
868120165594372
868120165594380
868120165594398
868120165594406
868120165594414
868120165594422
868120165594430
868120165594448
868120165594455
868120165594463
868120165594471
868120165594489
868120165594497
868120165594505
868120165594513
868120165594521
868120165594539
868120165594547
868120165594554
868120165594562
868120165594570
868120165594588
868120165594596
868120165594604
868120165594612
868120165594620
868120165594638
868120165594646
868120165594653
868120165594661
868120165594679
868120165594687
868120165594695
868120165594703
868120165594711
868120165594729
868120165594737
868120165594745
868120165594752
868120165594760
868120165594778
868120165594786
868120165594794
868120165594802
868120165594810
868120165594828
868120165594836
868120165594844
868120165594851
868120165594869
868120165594877
868120165594885
868120165594893
868120165594901
868120165594919
868120165594927
868120165594935
868120165594943
868120165594950
868120165594968
868120165594976
868120165594984
868120165594992
868120165595007
868120165595015
868120165595023
868120165595031
868120165595049
868120165595056
868120165595064
868120165595072
868120165595080
868120165595098
868120165595106
868120165595114
868120165595122
868120165595130
868120165595148
868120165595155
868120165595163
868120165595171
868120165595189
868120165595197
868120165595205
868120165595213
868120165595221
868120165595239
868120165595247
868120165595254
868120165595262
868120165595270
868120165595288
868120165595296
868120165595304
868120165595312
868120165595320
868120165595338
868120165595346
868120165595353
868120165595361
868120165595379
868120165595387
868120165595395
868120165595403
868120165595411
868120165595429
868120165595437
868120165595445
868120165595452
868120165595460
868120165595478
868120165595486
868120165595494
868120165595502
868120165595510
868120165595528
868120165595536
868120165595544
868120165595551
868120165595569
868120165595577
868120165595585
868120165595593
868120165595601
868120165595619
868120165595627
868120165595635
868120165595643
868120165595650
868120165595668
868120165595676
868120165595684
868120165595692
868120165595700
868120165595718
868120165595726
868120165595734
868120165595742
868120165595759
868120165595767
868120165595775
868120165595783
868120165595791
868120165595809
868120165595817
868120165595825
868120165595833
868120165595841
868120165595858
868120165595866
868120165595874
868120165595882
868120165595890
868120165595908
868120165595916
868120165595924
868120165595932
868120165595940
868120165595957
868120165595965
868120165595973
868120165595981
868120165595999
868120165596005
868120165596013
868120165596021
868120165596039
868120165596047
868120165596054
868120165596062
868120165596070
868120165596088
868120165596096
868120165596104
868120165596112
868120165596120
868120165596138
868120165596146
868120165596153
868120165596161
868120165596179
868120165596187
868120165596195
868120165596203
868120165596211
868120165596229
868120165596237
868120165596245
868120165596252
868120165596260
868120165596278
868120165596286
868120165596294
868120165596302
868120165596310
868120165596328
868120165596336
868120165596344
868120165596351
868120165596369
868120165596377
868120165596385
868120165596393
868120165596401
868120165596419
868120165596427
868120165596435
868120165596443
868120165596450
868120165596468
868120165596476
868120165596484
868120165596492
868120165596500
868120165596518
868120165596526
868120165596534
868120165596542
868120165596559
868120165596567
868120165596575
868120165596583
868120165596591
868120165596609
868120165596617
868120165596625
868120165596633
868120165596641
868120165596658
868120165596666
868120165596674
868120165596682
868120165596690
868120165596708
868120165596716
868120165596724
868120165596732
868120165596740
868120165596757
868120165596765
868120165596773
868120165596781
868120165596799
868120165596807
868120165596815
868120165596823
868120165596831
868120165596849
868120165596856
868120165596864
868120165596872
868120165596880
868120165596898
868120165596906
868120165596914
868120165596922
868120165596930
868120165596948
868120165596955
868120165596963
868120165596971
868120165596989
868120165596997
868120165597003
868120165597011
868120165597029
868120165597037
868120165597045
868120165597052
868120165597060
868120165597078
868120165597086
868120165597094
868120165597102
868120165597110
868120165597128
868120165597136
868120165597144
868120165597151
868120165597169
868120165597177
868120165597185
868120165597193
868120165597201
868120165597219
868120165597227
868120165597235
868120165597243
868120165597250
868120165597268
868120165597276
868120165597284
868120165597292
868120165597300
868120165597318
868120165597326
868120165597334
868120165597342
868120165597359
868120165597367
868120165597375
868120165597383
868120165597391
868120165597409
868120165597417
868120165597425
868120165597433
868120165597441
868120165597458
868120165597466
868120165597474
868120165597482
868120165597490
868120165597508
868120165597516
868120165597524
868120165597532
868120165597540
868120165597557
868120165597565
868120165597573
868120165597581
868120165597599
868120165597607
868120165597615
868120165597623
868120165597631
868120165597649
868120165597656
868120165597664
868120165597672
868120165597680
868120165597698
868120165597706
868120165597714
868120165597722
868120165597730
868120165597748
868120165597755
868120165597763
868120165597771
868120165597789
868120165597797
868120165597805
868120165597813
868120165597821
868120165597839
868120165597847
868120165597854
868120165597862
868120165597870
868120165597888
868120165597896
868120165597904
868120165597912
868120165597920
868120165597938
868120165597946
868120165597953
868120165597961
868120165597979
868120165597987
868120165597995
868120165598001
868120165598019
868120165598027
868120165598035
868120165598043
868120165598050
868120165598068
868120165598076
868120165598084
868120165598092
868120165598100
868120165598118
868120165598126
868120165598134
868120165598142
868120165598159
868120165598167
868120165598175
868120165598183
868120165598191
868120165598209
868120165598217
868120165598225
868120165598233
868120165598241
868120165598258
868120165598266
868120165598274
868120165598282
868120165598290
868120165598308
868120165598316
868120165598324
868120165598332
868120165598340
868120165598357
868120165598365
868120165598373
868120165598381
868120165598399
868120165598407
868120165598415
868120165598423
868120165598431
868120165598449
868120165598456
868120165598464
868120165598472
868120165598480
868120165598498
868120165598506
868120165598514
868120165598522
868120165598530
868120165598548
868120165598555
868120165598563
868120165598571
868120165598589
868120165598597
868120165598605
868120165598613
868120165598621
868120165598639
868120165598647
868120165598654
868120165598662
868120165598670
868120165598688
868120165598696
868120165598704
868120165598712
868120165598720
868120165598738
868120165598746
868120165598753
868120165598761
868120165598779
868120165598787
868120165598795
868120165598803
868120165598811
868120165598829
868120165598837
868120165598845
868120165598852
868120165598860
868120165598878
868120165598886
868120165598894
868120165598902
868120165598910
868120165598928
868120165598936
868120165598944
868120165598951
868120165598969
868120165598977
868120165598985
868120165598993
868120165599009
868120165599017
868120165599025
868120165599033
868120165599041
868120165599058
868120165599066
868120165599074
868120165599082
868120165599090
868120165599108
868120165599116
868120165599124
868120165599132
868120165599140
868120165599157
868120165599165
868120165599173
868120165599181
868120165599199
868120165599207
868120165599215
868120165599223
868120165599231
868120165599249
868120165599256
868120165599264
868120165599272
868120165599280
868120165599298
868120165599306
868120165599314
868120165599322
868120165599330
868120165599348
868120165599355
868120165599363
868120165599371
868120165599389
868120165599397
868120165599405
868120165599413
868120165599421
868120165599439
868120165599447
868120165599454
868120165599462
868120165599470
868120165599488
868120165599496
868120165599504
868120165599512
868120165599520
868120165599538
868120165599546
868120165599553
868120165599561
868120165599579
868120165599587
868120165599595
868120165599603
868120165599611
868120165599629
868120165599637
868120165599645
868120165599652
868120165599660
868120165599678
868120165599686
868120165599694
868120165599702
868120165599710
868120165599728
868120165599736
868120165599744
868120165599751
868120165599769
868120165599777
868120165599785
868120165599793
868120165599801
868120165599819
868120165599827
868120165599835
868120165599843
868120165599850
868120165599868
868120165599876
868120165599884
868120165599892
868120165599900
868120165599918
868120165599926
868120165599934
868120165599942
868120165599959
868120165599967
868120165599975
868120165599983
868120165599991
868120165600005
868120165600013
868120165600021
868120165600039
868120165600047
868120165600054
868120165600062
868120165600070
868120165600088
868120165600096
868120165600104
868120165600112
868120165600120
868120165600138
868120165600146
868120165600153
868120165600161
868120165600179
868120165600187
868120165600195
868120165600203
868120165600211
868120165600229
868120165600237
868120165600245
868120165600252
868120165600260
868120165600278
868120165600286
868120165600294
868120165600302
868120165600310
868120165600328
868120165600336
868120165600344
868120165600351
868120165600369
868120165600377
868120165600385
868120165600393
868120165600401
868120165600419
868120165600427
868120165600435
868120165600443
868120165600450
868120165600468
868120165600476
868120165600484
868120165600492
868120165600500
868120165600518
868120165600526
868120165600534
868120165600542
868120165600559
868120165600567
868120165600575
868120165600583
868120165600591
868120165600609
868120165600617
868120165600625
868120165600633
868120165600641
868120165600658
868120165600666
868120165600674
868120165600682
868120165600690
868120165600708
868120165600716
868120165600724
868120165600732
868120165600740
868120165600757
868120165600765
868120165600773
868120165600781
868120165600799
868120165600807
868120165600815
868120165600823
868120165600831
868120165600849
868120165600856
868120165600864
868120165600872
868120165600880
868120165600898
868120165600906
868120165600914
868120165600922
868120165600930
868120165600948
868120165600955
868120165600963
868120165600971
868120165600989
868120165600997
868120165601003
868120165601011
868120165601029
868120165601037
868120165601045
868120165601052
868120165601060
868120165601078
868120165601086
868120165601094
868120165601102
868120165601110
868120165601128
868120165601136
868120165601144
868120165601151
868120165601169
868120165601177
868120165601185
868120165601193
868120165601201
868120165601219
868120165601227
868120165601235
868120165601243
868120165601250
868120165601268
868120165601276
868120165601284
868120165601292
868120165601300
868120165601318
868120165601326
868120165601334
868120165601342
868120165601359
868120165601367
868120165601375
868120165601383
868120165601391
868120165601409
868120165601417
868120165601425
868120165601433
868120165601441
868120165601458
868120165601466
868120165601474
868120165601482
868120165601490
868120165601508
868120165601516
868120165601524
868120165601532
868120165601540
868120165601557
868120165601565
868120165601573
868120165601581
868120165601599
868120165601607
868120165601615
868120165601623
868120165601631
868120165601649
868120165601656
868120165601664
868120165601672
868120165601680
868120165601698
868120165601706
868120165601714
868120165601722
868120165601730
868120165601748
868120165601755
868120165601763
868120165601771
868120165601789
868120165601797
868120165601805
868120165601813
868120165601821
868120165601839
868120165601847
868120165601854
868120165601862
868120165601870
868120165601888
868120165601896
868120165601904
868120165601912
868120165601920
868120165601938
868120165601946
868120165601953
868120165601961
868120165601979
868120165601987
868120165601995
868120165602001
868120165602019
868120165602027
868120165602035
868120165602043
868120165602050
868120165602068
868120165602076
868120165602084
868120165602092
868120165602100
868120165602118
868120165602126
868120165602134
868120165602142
868120165602159
868120165602167
868120165602175
868120165602183
868120165602191
868120165602209
868120165602217
868120165602225
868120165602233
868120165602241
868120165602258
868120165602266
868120165602274
868120165602282
868120165602290
868120165602308
868120165602316
868120165602324
868120165602332
868120165602340
868120165602357
868120165602365
868120165602373
868120165602381
868120165602399
868120165602407
868120165602415
868120165602423
868120165602431
868120165602449
868120165602456
868120165602464
868120165602472
868120165602480
868120165602498
868120165602506
868120165602514
868120165602522
868120165602530
868120165602548
868120165602555
868120165602563
868120165602571
868120165602589
868120165602597
868120165602605
868120165602613
868120165602621
868120165602639
868120165602647
868120165602654
868120165602662
868120165602670
868120165602688
868120165602696
868120165602704
868120165602712
868120165602720
868120165602738
868120165602746
868120165602753
868120165602761
868120165602779
868120165602787
868120165602795
868120165602803
868120165602811
868120165602829
868120165602837
868120165602845
868120165602852
868120165602860
868120165602878
868120165602886
868120165602894
868120165602902
868120165602910
868120165602928
868120165602936
868120165602944
868120165602951
868120165602969
868120165602977
868120165602985
868120165602993
868120165603009
868120165603017
868120165603025
868120165603033
868120165603041
868120165603058
868120165603066
868120165603074
868120165603082
868120165603090
868120165603108
868120165603116
868120165603124
868120165603132