864777030001422
864777030001430
864777030001448
864777030001455
864777030001463
864777030001471
864777030001489
864777030001497
864777030001505
864777030001513
864777030001521
864777030001539
864777030001547
864777030001554
864777030001562
864777030001570
864777030001588
864777030001596
864777030001604
864777030001612
864777030001620
864777030001638
864777030001646
864777030001653
864777030001661
864777030001679
864777030001687
864777030001695
864777030001703
864777030001711
864777030001729
864777030001737
864777030001745
864777030001752
864777030001760
864777030001778
864777030001786
864777030001794
864777030001802
864777030001810
864777030001828
864777030001836
864777030001844
864777030001851
864777030001869
864777030001877
864777030001885
864777030001893
864777030001901
864777030001919
