864777030010423
864777030010431
864777030010449
864777030010456
864777030010464
864777030010472
864777030010480
864777030010498
864777030010506
864777030010514
864777030010522
864777030010530
864777030010548
864777030010555
864777030010563
864777030010571
864777030010589
864777030010597
864777030010605
864777030010613
864777030010621
864777030010639
864777030010647
864777030010654
864777030010662
864777030010670
864777030010688
864777030010696
864777030010704
864777030010712
864777030010720
864777030010738
864777030010746
864777030010753
864777030010761
864777030010779
864777030010787
864777030010795
864777030010803
864777030010811
864777030010829
864777030010837
864777030010845
864777030010852
864777030010860
864777030010878
864777030010886
864777030010894
864777030010902
864777030010910
864777030010928
864777030010936
864777030010944
864777030010951
864777030010969
864777030010977
864777030010985
864777030010993
864777030011009
864777030011017
864777030011025
864777030011033
864777030011041
864777030011058
864777030011066
864777030011074
864777030011082
864777030011090
864777030011108
864777030011116
864777030011124
864777030011132
864777030011140
864777030011157
864777030011165
864777030011173
864777030011181
864777030011199
864777030011207
864777030011215
864777030011223
864777030011231
864777030011249
864777030011256
864777030011264
864777030011272
864777030011280
864777030011298
864777030011306
864777030011314
864777030011322
864777030011330
864777030011348
864777030011355
864777030011363
864777030011371
864777030011389
864777030011397
864777030011405
864777030011413
864777030011421
864777030011439
864777030011447
864777030011454
864777030011462
864777030011470
864777030011488
864777030011496
864777030011504
864777030011512
864777030011520
864777030011538
864777030011546
864777030011553
864777030011561
864777030011579
864777030011587
864777030011595
864777030011603
864777030011611
864777030011629
864777030011637
864777030011645
864777030011652
864777030011660
864777030011678
864777030011686
864777030011694
864777030011702
864777030011710
864777030011728
864777030011736
864777030011744
864777030011751
864777030011769
864777030011777
864777030011785
864777030011793
864777030011801
864777030011819
864777030011827
864777030011835
864777030011843
864777030011850
864777030011868
864777030011876
864777030011884
864777030011892
864777030011900
864777030011918
864777030011926
864777030011934
864777030011942
864777030011959
864777030011967
864777030011975
864777030011983
864777030011991
864777030012007
864777030012015
864777030012023
864777030012031
864777030012049
864777030012056
864777030012064
864777030012072
864777030012080
864777030012098
864777030012106
864777030012114
864777030012122
864777030012130
864777030012148
864777030012155
864777030012163
864777030012171
864777030012189
864777030012197
864777030012205
864777030012213
864777030012221
864777030012239
864777030012247
864777030012254
864777030012262
864777030012270
864777030012288
864777030012296
864777030012304
864777030012312
864777030012320
864777030012338
864777030012346
864777030012353
864777030012361
864777030012379
864777030012387
864777030012395
864777030012403
864777030012411
864777030012429
864777030012437
864777030012445
864777030012452
864777030012460
864777030012478
864777030012486
864777030012494
864777030012502
864777030012510
864777030012528
864777030012536
864777030012544
864777030012551
864777030012569
864777030012577
864777030012585
864777030012593
864777030012601
864777030012619
864777030012627
864777030012635
864777030012643
864777030012650
864777030012668
864777030012676
864777030012684
864777030012692
864777030012700
864777030012718
864777030012726
864777030012734
864777030012742
864777030012759
864777030012767
864777030012775
864777030012783
864777030012791
864777030012809
864777030012817
864777030012825
864777030012833
864777030012841
864777030012858
864777030012866
864777030012874
864777030012882
864777030012890
864777030012908
864777030012916
864777030012924
864777030012932
864777030012940
864777030012957
864777030012965
864777030012973
864777030012981
864777030012999
864777030013005
864777030013013
864777030013021
864777030013039
864777030013047
864777030013054
864777030013062
864777030013070
864777030013088
864777030013096
864777030013104
864777030013112
864777030013120
864777030013138
864777030013146
864777030013153
864777030013161
864777030013179
864777030013187
864777030013195
864777030013203
864777030013211
864777030013229
864777030013237
864777030013245
864777030013252
864777030013260
864777030013278
864777030013286
864777030013294
864777030013302
864777030013310
864777030013328
864777030013336
864777030013344
864777030013351
864777030013369
864777030013377
864777030013385
864777030013393
864777030013401
864777030013419
864777030013427
864777030013435
864777030013443
864777030013450
864777030013468
864777030013476
864777030013484
864777030013492
864777030013500
864777030013518
864777030013526
864777030013534
864777030013542
864777030013559
864777030013567
864777030013575
864777030013583
864777030013591
864777030013609
864777030013617
864777030013625
864777030013633
864777030013641
864777030013658
864777030013666
864777030013674
864777030013682
864777030013690
864777030013708
864777030013716
864777030013724
864777030013732
864777030013740
864777030013757
864777030013765
864777030013773
864777030013781
864777030013799
864777030013807
864777030013815
864777030013823
864777030013831
864777030013849
864777030013856
864777030013864
864777030013872
864777030013880
864777030013898
864777030013906
864777030013914
864777030013922
864777030013930
864777030013948
864777030013955
864777030013963
864777030013971
864777030013989
864777030013997
864777030014003
864777030014011
864777030014029
864777030014037
864777030014045
864777030014052
864777030014060
864777030014078
864777030014086
864777030014094
864777030014102
864777030014110
864777030014128
864777030014136
864777030014144
864777030014151
864777030014169
864777030014177
864777030014185
864777030014193
864777030014201
864777030014219
864777030014227
864777030014235
864777030014243
864777030014250
864777030014268
864777030014276
864777030014284
864777030014292
864777030014300
864777030014318
864777030014326
864777030014334
864777030014342
864777030014359
864777030014367
864777030014375
864777030014383
864777030014391
864777030014409
864777030014417
864777030014425
864777030014433
864777030014441
864777030014458
864777030014466
864777030014474
864777030014482
864777030014490
864777030014508
864777030014516
864777030014524
864777030014532
864777030014540
864777030014557
864777030014565
864777030014573
864777030014581
864777030014599
864777030014607
864777030014615
864777030014623
864777030014631
864777030014649
864777030014656
864777030014664
864777030014672
864777030014680
864777030014698
864777030014706
864777030014714
864777030014722
864777030014730
864777030014748
864777030014755
864777030014763
864777030014771
864777030014789
864777030014797
864777030014805
864777030014813
864777030014821
864777030014839
864777030014847
864777030014854
864777030014862
864777030014870
864777030014888
864777030014896
864777030014904
864777030014912
864777030014920
864777030014938
864777030014946
864777030014953
864777030014961
864777030014979
864777030014987
864777030014995
864777030015000
864777030015018
864777030015026
864777030015034
864777030015042
864777030015059
864777030015067
864777030015075
864777030015083
864777030015091
864777030015109
864777030015117
864777030015125
864777030015133
864777030015141
864777030015158
864777030015166
864777030015174
864777030015182
864777030015190
864777030015208
864777030015216
864777030015224
864777030015232
864777030015240
864777030015257
864777030015265
864777030015273
864777030015281
864777030015299
864777030015307
864777030015315
864777030015323
864777030015331
864777030015349
864777030015356
864777030015364
864777030015372
864777030015380
864777030015398
864777030015406
864777030015414
864777030015422
864777030015430
864777030015448
864777030015455
864777030015463
864777030015471
864777030015489
864777030015497
864777030015505
864777030015513
864777030015521
864777030015539
864777030015547
864777030015554
864777030015562
864777030015570
864777030015588
864777030015596
864777030015604
864777030015612
864777030015620
864777030015638
864777030015646
864777030015653
864777030015661
864777030015679
864777030015687
864777030015695
864777030015703
864777030015711
864777030015729
864777030015737
864777030015745
864777030015752
864777030015760
864777030015778
864777030015786
864777030015794
864777030015802
864777030015810
864777030015828
864777030015836
864777030015844
864777030015851
864777030015869
864777030015877
864777030015885
864777030015893
864777030015901
864777030015919
864777030015927
864777030015935
864777030015943
864777030015950
864777030015968
864777030015976
864777030015984
864777030015992
864777030016008
864777030016016
864777030016024
864777030016032
864777030016040
864777030016057
864777030016065
864777030016073
864777030016081
864777030016099
864777030016107
864777030016115
864777030016123
864777030016131
864777030016149
864777030016156
864777030016164
864777030016172
864777030016180
864777030016198
864777030016206
864777030016214
864777030016222
864777030016230
864777030016248
864777030016255
864777030016263
864777030016271
864777030016289
864777030016297
864777030016305
864777030016313
864777030016321
864777030016339
864777030016347
864777030016354
864777030016362
864777030016370
864777030016388
864777030016396
864777030016404
864777030016412
864777030016420
864777030016438
864777030016446
864777030016453
864777030016461
864777030016479
864777030016487
864777030016495
864777030016503
864777030016511
864777030016529
864777030016537
864777030016545
864777030016552
864777030016560
864777030016578
864777030016586
864777030016594
864777030016602
864777030016610
864777030016628
864777030016636
864777030016644
864777030016651
864777030016669
864777030016677
864777030016685
864777030016693
864777030016701
864777030016719
864777030016727
864777030016735
864777030016743
864777030016750
864777030016768
864777030016776
864777030016784
864777030016792
864777030016800
864777030016818
864777030016826
864777030016834
864777030016842
864777030016859
864777030016867
864777030016875
864777030016883
864777030016891
864777030016909
864777030016917
864777030016925
864777030016933
864777030016941
864777030016958
864777030016966
864777030016974
864777030016982
864777030016990
864777030017006
864777030017014
864777030017022
864777030017030
864777030017048
864777030017055
864777030017063
864777030017071
864777030017089
864777030017097
864777030017105
864777030017113
864777030017121
864777030017139
864777030017147
864777030017154
864777030017162
864777030017170
864777030017188
864777030017196
864777030017204
864777030017212
864777030017220
864777030017238
864777030017246
864777030017253
864777030017261
864777030017279
864777030017287
864777030017295
864777030017303
864777030017311
864777030017329
864777030017337
864777030017345
864777030017352
864777030017360
864777030017378
864777030017386
864777030017394
864777030017402
864777030017410
864777030017428
864777030017436
864777030017444
864777030017451
864777030017469
864777030017477
864777030017485
864777030017493
864777030017501
864777030017519
864777030017527
864777030017535
864777030017543
864777030017550
864777030017568
864777030017576
864777030017584
864777030017592
864777030017600
864777030017618
864777030017626
864777030017634
864777030017642
864777030017659
864777030017667
864777030017675
864777030017683
864777030017691
864777030017709
864777030017717
864777030017725
864777030017733
864777030017741
864777030017758
864777030017766
864777030017774
864777030017782
864777030017790
864777030017808
864777030017816
864777030017824
864777030017832
864777030017840
864777030017857
864777030017865
864777030017873
864777030017881
864777030017899
864777030017907
864777030017915
864777030017923
864777030017931
864777030017949
864777030017956
864777030017964
864777030017972
864777030017980
864777030017998
864777030018004
864777030018012
864777030018020
864777030018038
864777030018046
864777030018053
864777030018061
864777030018079
864777030018087
864777030018095
864777030018103
864777030018111
864777030018129
864777030018137
864777030018145
864777030018152
864777030018160
864777030018178
864777030018186
864777030018194
864777030018202
864777030018210
864777030018228
864777030018236
864777030018244
864777030018251
864777030018269
864777030018277
864777030018285
864777030018293
864777030018301
864777030018319
864777030018327
864777030018335
864777030018343
864777030018350
864777030018368
864777030018376
864777030018384
864777030018392
864777030018400
864777030018418
864777030018426
864777030018434
864777030018442
864777030018459
864777030018467
864777030018475
864777030018483
864777030018491
864777030018509
864777030018517
864777030018525
864777030018533
864777030018541
864777030018558
864777030018566
864777030018574
864777030018582
864777030018590
864777030018608
864777030018616
864777030018624
864777030018632
864777030018640
864777030018657
864777030018665
864777030018673
864777030018681
864777030018699
864777030018707
864777030018715
864777030018723
864777030018731
864777030018749
864777030018756
864777030018764
864777030018772
864777030018780
864777030018798
864777030018806
864777030018814
864777030018822
864777030018830
864777030018848
864777030018855
864777030018863
864777030018871
864777030018889
864777030018897
864777030018905
864777030018913
864777030018921
864777030018939
864777030018947
864777030018954
864777030018962
864777030018970
864777030018988
864777030018996
864777030019002
864777030019010
864777030019028
864777030019036
864777030019044
864777030019051
864777030019069
864777030019077
864777030019085
864777030019093
864777030019101
864777030019119
864777030019127
864777030019135
864777030019143
864777030019150
864777030019168
864777030019176
864777030019184
864777030019192
864777030019200
864777030019218
864777030019226
864777030019234
864777030019242
864777030019259
864777030019267
864777030019275
864777030019283
864777030019291
864777030019309
864777030019317
864777030019325
864777030019333
864777030019341
864777030019358
864777030019366
864777030019374
864777030019382
864777030019390
864777030019408
864777030019416
