863566010080014
863566010080022
863566010080030
863566010080048
863566010080055
863566010080063
863566010080071
863566010080089
863566010080097
863566010080105
863566010080113
863566010080121
863566010080139
863566010080147
863566010080154
863566010080162
863566010080170
863566010080188
863566010080196
863566010080204
863566010080212
863566010080220
863566010080238
863566010080246
863566010080253
863566010080261
863566010080279
863566010080287
863566010080295
863566010080303
863566010080311
863566010080329
863566010080337
863566010080345
863566010080352
863566010080360
863566010080378
863566010080386
863566010080394
863566010080402
863566010080410
863566010080428
863566010080436
863566010080444
863566010080451
863566010080469
863566010080477
863566010080485
863566010080493
863566010080501
863566010080519
863566010080527
863566010080535
863566010080543
863566010080550
863566010080568
863566010080576
863566010080584
863566010080592
863566010080600
863566010080618
863566010080626
863566010080634
863566010080642
863566010080659
863566010080667
863566010080675
863566010080683
863566010080691
863566010080709
863566010080717
863566010080725
863566010080733
863566010080741
863566010080758
863566010080766
863566010080774
863566010080782
863566010080790
863566010080808
863566010080816
863566010080824
863566010080832
863566010080840
863566010080857
863566010080865
863566010080873
863566010080881
863566010080899
863566010080907
863566010080915
863566010080923
863566010080931
863566010080949
863566010080956
863566010080964
863566010080972
863566010080980
863566010080998
863566010081004
863566010081012
863566010081020
863566010081038
863566010081046
863566010081053
863566010081061
863566010081079
863566010081087
863566010081095
863566010081103
863566010081111
863566010081129
863566010081137
863566010081145
863566010081152
863566010081160
863566010081178
863566010081186
863566010081194
863566010081202
863566010081210
863566010081228
863566010081236
863566010081244
863566010081251
863566010081269
863566010081277
863566010081285
863566010081293
863566010081301
863566010081319
863566010081327
863566010081335
863566010081343
863566010081350
863566010081368
863566010081376
863566010081384
863566010081392
863566010081400
863566010081418
863566010081426
863566010081434
863566010081442
863566010081459
863566010081467
863566010081475
863566010081483
863566010081491
863566010081509
863566010081517
863566010081525
863566010081533
863566010081541
863566010081558
863566010081566
863566010081574
863566010081582
863566010081590
863566010081608
863566010081616
863566010081624
863566010081632
863566010081640
863566010081657
863566010081665
863566010081673
863566010081681
863566010081699
863566010081707
863566010081715
863566010081723
863566010081731
863566010081749
863566010081756
863566010081764
863566010081772
863566010081780
863566010081798
863566010081806
863566010081814
863566010081822
863566010081830
863566010081848
863566010081855
863566010081863
863566010081871
863566010081889
863566010081897
863566010081905
863566010081913
863566010081921
863566010081939
863566010081947
863566010081954
863566010081962
863566010081970
863566010081988
863566010081996
863566010082002
863566010082010
863566010082028
863566010082036
863566010082044
863566010082051
863566010082069
863566010082077
863566010082085
863566010082093
863566010082101
863566010082119
863566010082127
863566010082135
863566010082143
863566010082150
863566010082168
863566010082176
863566010082184
863566010082192
863566010082200
863566010082218
863566010082226
863566010082234
863566010082242
863566010082259
863566010082267
863566010082275
863566010082283
863566010082291
863566010082309
863566010082317
863566010082325
863566010082333
863566010082341
863566010082358
863566010082366
863566010082374
863566010082382
863566010082390
863566010082408
863566010082416
863566010082424
863566010082432
863566010082440
863566010082457
863566010082465
863566010082473
863566010082481
863566010082499
863566010082507
863566010082515
863566010082523
863566010082531
863566010082549
863566010082556
863566010082564
863566010082572
863566010082580
863566010082598
863566010082606
863566010082614
863566010082622
863566010082630
863566010082648
863566010082655
863566010082663
863566010082671
863566010082689
863566010082697
863566010082705
863566010082713
863566010082721
863566010082739
863566010082747
863566010082754
863566010082762
863566010082770
863566010082788
863566010082796
863566010082804
863566010082812
863566010082820
863566010082838
863566010082846
863566010082853
863566010082861
863566010082879
863566010082887
863566010082895
863566010082903
863566010082911
863566010082929
863566010082937
863566010082945
863566010082952
863566010082960
863566010082978
863566010082986
863566010082994
863566010083000
863566010083018
863566010083026
863566010083034
863566010083042
863566010083059
863566010083067
863566010083075
863566010083083
863566010083091
863566010083109
863566010083117
863566010083125
863566010083133
863566010083141
863566010083158
863566010083166
863566010083174
863566010083182
863566010083190
863566010083208
863566010083216
863566010083224
863566010083232
863566010083240
863566010083257
863566010083265
863566010083273
863566010083281
863566010083299
863566010083307
863566010083315
863566010083323
863566010083331
863566010083349
863566010083356
863566010083364
863566010083372
863566010083380
863566010083398
863566010083406
863566010083414
863566010083422
863566010083430
863566010083448
863566010083455
863566010083463
863566010083471
863566010083489
863566010083497
863566010083505
863566010083513
863566010083521
863566010083539
863566010083547
863566010083554
863566010083562
863566010083570
863566010083588
863566010083596
863566010083604
863566010083612
863566010083620
863566010083638
863566010083646
863566010083653
863566010083661
863566010083679
863566010083687
863566010083695
863566010083703
863566010083711
863566010083729
863566010083737
863566010083745
863566010083752
863566010083760
863566010083778
863566010083786
863566010083794
863566010083802
863566010083810
863566010083828
863566010083836
863566010083844
863566010083851
863566010083869
863566010083877
863566010083885
863566010083893
863566010083901
863566010083919
863566010083927
863566010083935
863566010083943
863566010083950
863566010083968
863566010083976
863566010083984
863566010083992
863566010084008
863566010084016
863566010084024
863566010084032
863566010084040
863566010084057
863566010084065
863566010084073
863566010084081
863566010084099
863566010084107
863566010084115
863566010084123
863566010084131
863566010084149
863566010084156
863566010084164
863566010084172
863566010084180
863566010084198
863566010084206
863566010084214
863566010084222
863566010084230
863566010084248
863566010084255
863566010084263
863566010084271
863566010084289
863566010084297
863566010084305
863566010084313
863566010084321
863566010084339
863566010084347
863566010084354
863566010084362
863566010084370
863566010084388
863566010084396
863566010084404
863566010084412
863566010084420
863566010084438
863566010084446
863566010084453
863566010084461
863566010084479
863566010084487
863566010084495
863566010084503
863566010084511
863566010084529
863566010084537
863566010084545
863566010084552
863566010084560
863566010084578
863566010084586
863566010084594
863566010084602
863566010084610
863566010084628
863566010084636
863566010084644
863566010084651
863566010084669
863566010084677
863566010084685
863566010084693
863566010084701
863566010084719
863566010084727
863566010084735
863566010084743
863566010084750
863566010084768
863566010084776
863566010084784
863566010084792
863566010084800
863566010084818
863566010084826
863566010084834
863566010084842
863566010084859
863566010084867
863566010084875
863566010084883
863566010084891
863566010084909
863566010084917
863566010084925
863566010084933
863566010084941
863566010084958
863566010084966
863566010084974
863566010084982
863566010084990
863566010085005
863566010085013
863566010085021
863566010085039
863566010085047
863566010085054
863566010085062
863566010085070
863566010085088
863566010085096
863566010085104
863566010085112
863566010085120
863566010085138
863566010085146
863566010085153
863566010085161
863566010085179
863566010085187
863566010085195
863566010085203
863566010085211
863566010085229
863566010085237
863566010085245
863566010085252
863566010085260
863566010085278
863566010085286
863566010085294
863566010085302
863566010085310
863566010085328
863566010085336
863566010085344
863566010085351
863566010085369
863566010085377
863566010085385
863566010085393
863566010085401
863566010085419
863566010085427
863566010085435
863566010085443
863566010085450
863566010085468
863566010085476
863566010085484
863566010085492
863566010085500
863566010085518
863566010085526
863566010085534
863566010085542
863566010085559
863566010085567
863566010085575
863566010085583
863566010085591
863566010085609
863566010085617
863566010085625
863566010085633
863566010085641
863566010085658
863566010085666
863566010085674
863566010085682
863566010085690
863566010085708
863566010085716
863566010085724
863566010085732
863566010085740
863566010085757
863566010085765
863566010085773
863566010085781
863566010085799
863566010085807
863566010085815
863566010085823
863566010085831
863566010085849
863566010085856
863566010085864
863566010085872
863566010085880
863566010085898
863566010085906
863566010085914
863566010085922
863566010085930
863566010085948
863566010085955
863566010085963
863566010085971
863566010085989
863566010085997
863566010086003
863566010086011
863566010086029
863566010086037
863566010086045
863566010086052
863566010086060
863566010086078
863566010086086
863566010086094
863566010086102
863566010086110
863566010086128
863566010086136
863566010086144
863566010086151
863566010086169
863566010086177
863566010086185
863566010086193
863566010086201
863566010086219
863566010086227
863566010086235
863566010086243
863566010086250
863566010086268
863566010086276
863566010086284
863566010086292
863566010086300
863566010086318
863566010086326
863566010086334
863566010086342
863566010086359
863566010086367
863566010086375
863566010086383
863566010086391
863566010086409
863566010086417
863566010086425
863566010086433
863566010086441
863566010086458
863566010086466
863566010086474
863566010086482
863566010086490
863566010086508
863566010086516
863566010086524
863566010086532
863566010086540
863566010086557
863566010086565
863566010086573
863566010086581
863566010086599
863566010086607
863566010086615
863566010086623
863566010086631
863566010086649
863566010086656
863566010086664
863566010086672
863566010086680
863566010086698
863566010086706
863566010086714
863566010086722
863566010086730
863566010086748
863566010086755
863566010086763
863566010086771
863566010086789
863566010086797
863566010086805
863566010086813
863566010086821
863566010086839
863566010086847
863566010086854
863566010086862
863566010086870
863566010086888
863566010086896
863566010086904
863566010086912
863566010086920
863566010086938
863566010086946
863566010086953
863566010086961
863566010086979
863566010086987
863566010086995
863566010087001
863566010087019
863566010087027
863566010087035
863566010087043
863566010087050
863566010087068
863566010087076
863566010087084
863566010087092
863566010087100
863566010087118
863566010087126
863566010087134
863566010087142
863566010087159
863566010087167
863566010087175
863566010087183
863566010087191
863566010087209
863566010087217
863566010087225
863566010087233
863566010087241
863566010087258
863566010087266
863566010087274
863566010087282
863566010087290
863566010087308
863566010087316
863566010087324
863566010087332
863566010087340
863566010087357
863566010087365
863566010087373
863566010087381
863566010087399
863566010087407
863566010087415
863566010087423
863566010087431
863566010087449
863566010087456
863566010087464
863566010087472
863566010087480
863566010087498
863566010087506
863566010087514
863566010087522
863566010087530
863566010087548
863566010087555
863566010087563
863566010087571
863566010087589
863566010087597
863566010087605
863566010087613
863566010087621
863566010087639
863566010087647
863566010087654
863566010087662
863566010087670
863566010087688
863566010087696
863566010087704
863566010087712
863566010087720
863566010087738
863566010087746
863566010087753
863566010087761
863566010087779
863566010087787
863566010087795
863566010087803
863566010087811
863566010087829
863566010087837
863566010087845
863566010087852
863566010087860
863566010087878
863566010087886
863566010087894
863566010087902
863566010087910
863566010087928
863566010087936
863566010087944
863566010087951
863566010087969
863566010087977
863566010087985
863566010087993
863566010088009
863566010088017
863566010088025
863566010088033
863566010088041
863566010088058
863566010088066
863566010088074
863566010088082
863566010088090
863566010088108
863566010088116
863566010088124
863566010088132
863566010088140
863566010088157
863566010088165
863566010088173
863566010088181
863566010088199
863566010088207
863566010088215
863566010088223
863566010088231
863566010088249
863566010088256
863566010088264
863566010088272
863566010088280
863566010088298
863566010088306
863566010088314
863566010088322
863566010088330
863566010088348
863566010088355
863566010088363
863566010088371
863566010088389
863566010088397
863566010088405
863566010088413
863566010088421
863566010088439
863566010088447
863566010088454
863566010088462
863566010088470
863566010088488
863566010088496
863566010088504
863566010088512
863566010088520
863566010088538
863566010088546
863566010088553
863566010088561
863566010088579
863566010088587
863566010088595
863566010088603
863566010088611
863566010088629
863566010088637
863566010088645
863566010088652
863566010088660
863566010088678
863566010088686
863566010088694
863566010088702
863566010088710
863566010088728
863566010088736
863566010088744
863566010088751
863566010088769
863566010088777
863566010088785
863566010088793
863566010088801
863566010088819
863566010088827
863566010088835
863566010088843
863566010088850
863566010088868
863566010088876
863566010088884
863566010088892
863566010088900
863566010088918
863566010088926
863566010088934
863566010088942
863566010088959
863566010088967
863566010088975
863566010088983
863566010088991
863566010089007
863566010089015
863566010089023
863566010089031
863566010089049
863566010089056
863566010089064
863566010089072
863566010089080
863566010089098
863566010089106
863566010089114
863566010089122
863566010089130
863566010089148
863566010089155
863566010089163
863566010089171
863566010089189
863566010089197
863566010089205
863566010089213
863566010089221
863566010089239
863566010089247
863566010089254
863566010089262
863566010089270
863566010089288
863566010089296
863566010089304
863566010089312
863566010089320
863566010089338
863566010089346
863566010089353
863566010089361
863566010089379
863566010089387
863566010089395
863566010089403
863566010089411
863566010089429
863566010089437
863566010089445
863566010089452
863566010089460
863566010089478
863566010089486
863566010089494
863566010089502
863566010089510
863566010089528
863566010089536
863566010089544
863566010089551
863566010089569
863566010089577
863566010089585
863566010089593
863566010089601
863566010089619
863566010089627
863566010089635
863566010089643
863566010089650
863566010089668
863566010089676
863566010089684
863566010089692
863566010089700
863566010089718
863566010089726
863566010089734
863566010089742
863566010089759
863566010089767
863566010089775
863566010089783
863566010089791
863566010089809
863566010089817
863566010089825
863566010089833
863566010089841
863566010089858
863566010089866
863566010089874
863566010089882
863566010089890
863566010089908
863566010089916
863566010089924
863566010089932
863566010089940
863566010089957
863566010089965
863566010089973
863566010089981
863566010089999
863566010090005
863566010090013
863566010090021
863566010090039
863566010090047
863566010090054
863566010090062
863566010090070
863566010090088
863566010090096
863566010090104
863566010090112
863566010090120
863566010090138
863566010090146
863566010090153
863566010090161
863566010090179
863566010090187
863566010090195
863566010090203
863566010090211
863566010090229
863566010090237
863566010090245
863566010090252
863566010090260
863566010090278
863566010090286
863566010090294
863566010090302
863566010090310
863566010090328
863566010090336
863566010090344
863566010090351
863566010090369
863566010090377
863566010090385
863566010090393
863566010090401
863566010090419
863566010090427
863566010090435
863566010090443
863566010090450
863566010090468
863566010090476
863566010090484
863566010090492
863566010090500
863566010090518
863566010090526
863566010090534
863566010090542
863566010090559
863566010090567
863566010090575
863566010090583
863566010090591
863566010090609
863566010090617
863566010090625
863566010090633
863566010090641
863566010090658
863566010090666
863566010090674
863566010090682
863566010090690
863566010090708
863566010090716
863566010090724
863566010090732
863566010090740
863566010090757
863566010090765
863566010090773
863566010090781
863566010090799
863566010090807
863566010090815
863566010090823
863566010090831
863566010090849
863566010090856
863566010090864
863566010090872
863566010090880
863566010090898
863566010090906
863566010090914
863566010090922
863566010090930
863566010090948
863566010090955
863566010090963
863566010090971
863566010090989
863566010090997
863566010091003
863566010091011
863566010091029
863566010091037
863566010091045
863566010091052
863566010091060
863566010091078
863566010091086
863566010091094
863566010091102
863566010091110
863566010091128
863566010091136
863566010091144
863566010091151
863566010091169
863566010091177
863566010091185
863566010091193
863566010091201
863566010091219
863566010091227
863566010091235
863566010091243
863566010091250
863566010091268
863566010091276
863566010091284
863566010091292
863566010091300
863566010091318
863566010091326
863566010091334
863566010091342
863566010091359
863566010091367
863566010091375
863566010091383
863566010091391
863566010091409
863566010091417
863566010091425
863566010091433
863566010091441
863566010091458
863566010091466
863566010091474
863566010091482
863566010091490
863566010091508
863566010091516
863566010091524
863566010091532
863566010091540
863566010091557
863566010091565
863566010091573
863566010091581
863566010091599
863566010091607
863566010091615
863566010091623
863566010091631
863566010091649
863566010091656
863566010091664
863566010091672
863566010091680
863566010091698
863566010091706
863566010091714
863566010091722
863566010091730
863566010091748
863566010091755
863566010091763
863566010091771
863566010091789
863566010091797
863566010091805
863566010091813
863566010091821
863566010091839
863566010091847
863566010091854
863566010091862
863566010091870
863566010091888
863566010091896
863566010091904
863566010091912
863566010091920
863566010091938
863566010091946
863566010091953
863566010091961
863566010091979
863566010091987
863566010091995
863566010092001
863566010092019
863566010092027
863566010092035
863566010092043
863566010092050
863566010092068
863566010092076
863566010092084
863566010092092
863566010092100
863566010092118
863566010092126
863566010092134
863566010092142
863566010092159
863566010092167
863566010092175
863566010092183
863566010092191
863566010092209
863566010092217
863566010092225
863566010092233
863566010092241
863566010092258
863566010092266
863566010092274
863566010092282
863566010092290
863566010092308
863566010092316
863566010092324
863566010092332
863566010092340
863566010092357
863566010092365
863566010092373
863566010092381
863566010092399
863566010092407
863566010092415
863566010092423
863566010092431
863566010092449
863566010092456
863566010092464
863566010092472
863566010092480
863566010092498
863566010092506
863566010092514
863566010092522
863566010092530
863566010092548
863566010092555
863566010092563
863566010092571
863566010092589
863566010092597
863566010092605
863566010092613
863566010092621
863566010092639
863566010092647
863566010092654
863566010092662
863566010092670
863566010092688
863566010092696
863566010092704
863566010092712
863566010092720
863566010092738
863566010092746
863566010092753
863566010092761
863566010092779
863566010092787
863566010092795
863566010092803
863566010092811
863566010092829
863566010092837
863566010092845
863566010092852
863566010092860
863566010092878
863566010092886
863566010092894
863566010092902
863566010092910
863566010092928
863566010092936
863566010092944
863566010092951
863566010092969
863566010092977
863566010092985
863566010092993
863566010093009
863566010093017
863566010093025
863566010093033
863566010093041
863566010093058
863566010093066
863566010093074
863566010093082
863566010093090
863566010093108
863566010093116
863566010093124
863566010093132
863566010093140
863566010093157
863566010093165
863566010093173
863566010093181
863566010093199
863566010093207
863566010093215
863566010093223
863566010093231
863566010093249
863566010093256
863566010093264
863566010093272
863566010093280
863566010093298
863566010093306
863566010093314
863566010093322
863566010093330
863566010093348
863566010093355
863566010093363
863566010093371
863566010093389
863566010093397
863566010093405
863566010093413
863566010093421
863566010093439
863566010093447
863566010093454
863566010093462
863566010093470
863566010093488
863566010093496
863566010093504
863566010093512
863566010093520
863566010093538
863566010093546
863566010093553
863566010093561
863566010093579
863566010093587
863566010093595
863566010093603
863566010093611
863566010093629
863566010093637
863566010093645
863566010093652
863566010093660
863566010093678
863566010093686
863566010093694
863566010093702
863566010093710
863566010093728
863566010093736
863566010093744
863566010093751
863566010093769
863566010093777
863566010093785
863566010093793
863566010093801
863566010093819
863566010093827
863566010093835
863566010093843
863566010093850
863566010093868
863566010093876
863566010093884
863566010093892
863566010093900
863566010093918
863566010093926
863566010093934
863566010093942
863566010093959
863566010093967
863566010093975
863566010093983
863566010093991
863566010094007
863566010094015
863566010094023
863566010094031
863566010094049
863566010094056
863566010094064
863566010094072
863566010094080
863566010094098
863566010094106
863566010094114
863566010094122
863566010094130
863566010094148
863566010094155
863566010094163
863566010094171
863566010094189
863566010094197
863566010094205
863566010094213
863566010094221
863566010094239
863566010094247
863566010094254
863566010094262
863566010094270
863566010094288
863566010094296
863566010094304
863566010094312
863566010094320
863566010094338
863566010094346
863566010094353
863566010094361
863566010094379
863566010094387
863566010094395
863566010094403
863566010094411
863566010094429
863566010094437
863566010094445
863566010094452
863566010094460
863566010094478
863566010094486
863566010094494
863566010094502
863566010094510
863566010094528
863566010094536
863566010094544
863566010094551
863566010094569
863566010094577
863566010094585
863566010094593
863566010094601
863566010094619
863566010094627
863566010094635
863566010094643
863566010094650
863566010094668
863566010094676
863566010094684
863566010094692
863566010094700
863566010094718
863566010094726
863566010094734
863566010094742
863566010094759
863566010094767
863566010094775
863566010094783
863566010094791
863566010094809
863566010094817
863566010094825
863566010094833
863566010094841
863566010094858
863566010094866
863566010094874
863566010094882
863566010094890
863566010094908
863566010094916
863566010094924
863566010094932
863566010094940
863566010094957
863566010094965
863566010094973
863566010094981
863566010094999
863566010095004
863566010095012
863566010095020
863566010095038
863566010095046
863566010095053
863566010095061
863566010095079
863566010095087
863566010095095
863566010095103
863566010095111
863566010095129
863566010095137
863566010095145
863566010095152
863566010095160
863566010095178
863566010095186
863566010095194
863566010095202
863566010095210
863566010095228
863566010095236
863566010095244
863566010095251
863566010095269
863566010095277
863566010095285
863566010095293
863566010095301
863566010095319
863566010095327
863566010095335
863566010095343
863566010095350
863566010095368
863566010095376
863566010095384
863566010095392
863566010095400
863566010095418
863566010095426
863566010095434
863566010095442
863566010095459
863566010095467
863566010095475
863566010095483
863566010095491
863566010095509
863566010095517
863566010095525
863566010095533
863566010095541
863566010095558
863566010095566
863566010095574
863566010095582
863566010095590
863566010095608
863566010095616
863566010095624
863566010095632
863566010095640
863566010095657
863566010095665
863566010095673
863566010095681
863566010095699
863566010095707
863566010095715
863566010095723
863566010095731
863566010095749
863566010095756
863566010095764
863566010095772
863566010095780
863566010095798
863566010095806
863566010095814
863566010095822
863566010095830
863566010095848
863566010095855
863566010095863
863566010095871
863566010095889
863566010095897
863566010095905
863566010095913
863566010095921
863566010095939
863566010095947
863566010095954
863566010095962
863566010095970
863566010095988
863566010095996
863566010096002
863566010096010
863566010096028
863566010096036
863566010096044
863566010096051
863566010096069
863566010096077
863566010096085
863566010096093
863566010096101
863566010096119
863566010096127
863566010096135
863566010096143
863566010096150
863566010096168
863566010096176
863566010096184
863566010096192
863566010096200
863566010096218
863566010096226
863566010096234
863566010096242
863566010096259
863566010096267
863566010096275
863566010096283
863566010096291
863566010096309
863566010096317
863566010096325
863566010096333
863566010096341
863566010096358
863566010096366
863566010096374
863566010096382
863566010096390
863566010096408
863566010096416
863566010096424
863566010096432
863566010096440
863566010096457
863566010096465
863566010096473
863566010096481
863566010096499
863566010096507
863566010096515
863566010096523
863566010096531
863566010096549
863566010096556
863566010096564
863566010096572
863566010096580
863566010096598
863566010096606
863566010096614
863566010096622
863566010096630
863566010096648
863566010096655
863566010096663
863566010096671
863566010096689
863566010096697
863566010096705
863566010096713
863566010096721
863566010096739
863566010096747
863566010096754
863566010096762
863566010096770
863566010096788
863566010096796
863566010096804
863566010096812
863566010096820
863566010096838
863566010096846
863566010096853
863566010096861
863566010096879
863566010096887
863566010096895
863566010096903
863566010096911
863566010096929
863566010096937
863566010096945
863566010096952
863566010096960
863566010096978
863566010096986
863566010096994
863566010097000
863566010097018
863566010097026
863566010097034
863566010097042
863566010097059
863566010097067
863566010097075
863566010097083
863566010097091
863566010097109
863566010097117
863566010097125
863566010097133
863566010097141
863566010097158
863566010097166
863566010097174
863566010097182
863566010097190
863566010097208
863566010097216
863566010097224
863566010097232
863566010097240
863566010097257
863566010097265
863566010097273
863566010097281
863566010097299
863566010097307
863566010097315
863566010097323
863566010097331
863566010097349
863566010097356
863566010097364
863566010097372
863566010097380
863566010097398
863566010097406
863566010097414
863566010097422
863566010097430
863566010097448
863566010097455
863566010097463
863566010097471
863566010097489
863566010097497
863566010097505
863566010097513
863566010097521
863566010097539
863566010097547
863566010097554
863566010097562
863566010097570
863566010097588
863566010097596
863566010097604
863566010097612
863566010097620
863566010097638
863566010097646
863566010097653
863566010097661
863566010097679
863566010097687
863566010097695
863566010097703
863566010097711
863566010097729
863566010097737
863566010097745
863566010097752
863566010097760
863566010097778
863566010097786
863566010097794
863566010097802
863566010097810
863566010097828
863566010097836
863566010097844
863566010097851
863566010097869
863566010097877
863566010097885
863566010097893
863566010097901
863566010097919
863566010097927
863566010097935
863566010097943
863566010097950
863566010097968
863566010097976
863566010097984
863566010097992
863566010098008
863566010098016
863566010098024
863566010098032
863566010098040
863566010098057
863566010098065
863566010098073
863566010098081
863566010098099
863566010098107
863566010098115
863566010098123
863566010098131
863566010098149
863566010098156
863566010098164
863566010098172
863566010098180
863566010098198
863566010098206
863566010098214
863566010098222
863566010098230
863566010098248
863566010098255
863566010098263
863566010098271
863566010098289
863566010098297
863566010098305
863566010098313
863566010098321
863566010098339
863566010098347
863566010098354
863566010098362
863566010098370
863566010098388
863566010098396
863566010098404
863566010098412
863566010098420
863566010098438
863566010098446
863566010098453
863566010098461
863566010098479
863566010098487
863566010098495
863566010098503
863566010098511
863566010098529
863566010098537
863566010098545
863566010098552
863566010098560
863566010098578
863566010098586
863566010098594
863566010098602
863566010098610
863566010098628
863566010098636
863566010098644
863566010098651
863566010098669
863566010098677
863566010098685
863566010098693
863566010098701
863566010098719
863566010098727
863566010098735
863566010098743
863566010098750
863566010098768
863566010098776
863566010098784
863566010098792
863566010098800
863566010098818
863566010098826
863566010098834
863566010098842
863566010098859
863566010098867
863566010098875
863566010098883
863566010098891
863566010098909
863566010098917
863566010098925
863566010098933
863566010098941
863566010098958
863566010098966
863566010098974
863566010098982
863566010098990
863566010099006
863566010099014
863566010099022
863566010099030
863566010099048
863566010099055
863566010099063
863566010099071
863566010099089
863566010099097
863566010099105
863566010099113
863566010099121
863566010099139
863566010099147
863566010099154
863566010099162
863566010099170
863566010099188
863566010099196
863566010099204
863566010099212
863566010099220
863566010099238
863566010099246
863566010099253
863566010099261
863566010099279
863566010099287
863566010099295
863566010099303
863566010099311
863566010099329
863566010099337
863566010099345
863566010099352
863566010099360
863566010099378
863566010099386
863566010099394
863566010099402
863566010099410
863566010099428
863566010099436
863566010099444
863566010099451
863566010099469
863566010099477
863566010099485
863566010099493
863566010099501
863566010099519
863566010099527
863566010099535
863566010099543
863566010099550
863566010099568
863566010099576
863566010099584
863566010099592
863566010099600
863566010099618
863566010099626
863566010099634
863566010099642
863566010099659
863566010099667
863566010099675
863566010099683
863566010099691
863566010099709
863566010099717
863566010099725
863566010099733
863566010099741
863566010099758
863566010099766
863566010099774
863566010099782
863566010099790
863566010099808
863566010099816
863566010099824
863566010099832
863566010099840
863566010099857
863566010099865
863566010099873
863566010099881
863566010099899
863566010099907
863566010099915
863566010099923
863566010099931
863566010099949
863566010099956
863566010099964
863566010099972
863566010099980
863566010099998
863566010100002
863566010100010
863566010100028
863566010100036
863566010100044
863566010100051
863566010100069
863566010100077
863566010100085
863566010100093
863566010100101
863566010100119
863566010100127
863566010100135
863566010100143
863566010100150
863566010100168
863566010100176
863566010100184
863566010100192
863566010100200
863566010100218
863566010100226
863566010100234
863566010100242
863566010100259
863566010100267
863566010100275
863566010100283
863566010100291
863566010100309
863566010100317
863566010100325
863566010100333
863566010100341
863566010100358
863566010100366
863566010100374
863566010100382
863566010100390
863566010100408
863566010100416
863566010100424
863566010100432
863566010100440
863566010100457
863566010100465
863566010100473
863566010100481
863566010100499
863566010100507
863566010100515
863566010100523
863566010100531
863566010100549
863566010100556
863566010100564
863566010100572
863566010100580
863566010100598
863566010100606
863566010100614
863566010100622
863566010100630
863566010100648
863566010100655
863566010100663
863566010100671
863566010100689
863566010100697
863566010100705
863566010100713
863566010100721
863566010100739
863566010100747
863566010100754
863566010100762
863566010100770
863566010100788
863566010100796
863566010100804
863566010100812
863566010100820
863566010100838
863566010100846
863566010100853
863566010100861
863566010100879
863566010100887
863566010100895
863566010100903
863566010100911
863566010100929
863566010100937
863566010100945
863566010100952
863566010100960
863566010100978
863566010100986
863566010100994
863566010101000
863566010101018
863566010101026
863566010101034
863566010101042
863566010101059
863566010101067
863566010101075
863566010101083
863566010101091
863566010101109
863566010101117
863566010101125
863566010101133
863566010101141
863566010101158
863566010101166
863566010101174
863566010101182
863566010101190
863566010101208
863566010101216
863566010101224
863566010101232
863566010101240
863566010101257
863566010101265
863566010101273
863566010101281
863566010101299
863566010101307
863566010101315
863566010101323
863566010101331
863566010101349
863566010101356
863566010101364
863566010101372
863566010101380
863566010101398
863566010101406
863566010101414
863566010101422
863566010101430
863566010101448
863566010101455
863566010101463
863566010101471
863566010101489
863566010101497
863566010101505
863566010101513
863566010101521
863566010101539
863566010101547
863566010101554
863566010101562
863566010101570
863566010101588
863566010101596
863566010101604
863566010101612
863566010101620
863566010101638
863566010101646
863566010101653
863566010101661
863566010101679
863566010101687
863566010101695
863566010101703
863566010101711
863566010101729
863566010101737
863566010101745
863566010101752
863566010101760
863566010101778
863566010101786
863566010101794
863566010101802
863566010101810
863566010101828
863566010101836
863566010101844
863566010101851
863566010101869
863566010101877
863566010101885
863566010101893
863566010101901
863566010101919
863566010101927
863566010101935
863566010101943
863566010101950
863566010101968
863566010101976
863566010101984
863566010101992
863566010102008
863566010102016
863566010102024
863566010102032
863566010102040
863566010102057
863566010102065
863566010102073
863566010102081
863566010102099
863566010102107
863566010102115
863566010102123
863566010102131
863566010102149
863566010102156
863566010102164
863566010102172
863566010102180
863566010102198
863566010102206
863566010102214
863566010102222
863566010102230
863566010102248
863566010102255
863566010102263
863566010102271
863566010102289
863566010102297
863566010102305
863566010102313
863566010102321
863566010102339
863566010102347
863566010102354
863566010102362
863566010102370
863566010102388
863566010102396
863566010102404
863566010102412
863566010102420
863566010102438
863566010102446
863566010102453
863566010102461
863566010102479
863566010102487
863566010102495
863566010102503
863566010102511
863566010102529
863566010102537
863566010102545
863566010102552
863566010102560
863566010102578
863566010102586
863566010102594
863566010102602
863566010102610
863566010102628
863566010102636
863566010102644
863566010102651
863566010102669
863566010102677
863566010102685
863566010102693
863566010102701
863566010102719
863566010102727
863566010102735
863566010102743
863566010102750
863566010102768
863566010102776
863566010102784
863566010102792
863566010102800
863566010102818
863566010102826
863566010102834
863566010102842
863566010102859
863566010102867
863566010102875
863566010102883
863566010102891
863566010102909
863566010102917
863566010102925
863566010102933
863566010102941
863566010102958
863566010102966
863566010102974
863566010102982
863566010102990
863566010103006
863566010103014
863566010103022
863566010103030
863566010103048
863566010103055
863566010103063
863566010103071
863566010103089
863566010103097
863566010103105
863566010103113
863566010103121
863566010103139
863566010103147
863566010103154
863566010103162
863566010103170
863566010103188
863566010103196
863566010103204
863566010103212
863566010103220
863566010103238
863566010103246
863566010103253
863566010103261
863566010103279
863566010103287
863566010103295
863566010103303
863566010103311
863566010103329
863566010103337
863566010103345
863566010103352
863566010103360
863566010103378
863566010103386
863566010103394
863566010103402
863566010103410
863566010103428
863566010103436
863566010103444
863566010103451
863566010103469
863566010103477
863566010103485
863566010103493
863566010103501
863566010103519
863566010103527
863566010103535
863566010103543
863566010103550
863566010103568
863566010103576
863566010103584
863566010103592
863566010103600
863566010103618
863566010103626
863566010103634
863566010103642
863566010103659
863566010103667
863566010103675
863566010103683
863566010103691
863566010103709
863566010103717
863566010103725
863566010103733
863566010103741
863566010103758
863566010103766
863566010103774
863566010103782
863566010103790
863566010103808
863566010103816
863566010103824
863566010103832
863566010103840
863566010103857
863566010103865
863566010103873
863566010103881
863566010103899
863566010103907
863566010103915
863566010103923
863566010103931
863566010103949
863566010103956
863566010103964
863566010103972
863566010103980
863566010103998
863566010104004
863566010104012
863566010104020
863566010104038
863566010104046
863566010104053
863566010104061
863566010104079
863566010104087
863566010104095
863566010104103
863566010104111
863566010104129
863566010104137
863566010104145
863566010104152
863566010104160
863566010104178
863566010104186
863566010104194
863566010104202
863566010104210
863566010104228
863566010104236
863566010104244
863566010104251
863566010104269
863566010104277
863566010104285
863566010104293
863566010104301
863566010104319
863566010104327
863566010104335
863566010104343
863566010104350
863566010104368
863566010104376
863566010104384
863566010104392
863566010104400
863566010104418
863566010104426
863566010104434
863566010104442
863566010104459
863566010104467
863566010104475
863566010104483
863566010104491
863566010104509
863566010104517
863566010104525
863566010104533
863566010104541
863566010104558
863566010104566
863566010104574
863566010104582
863566010104590
863566010104608
863566010104616
863566010104624
863566010104632
863566010104640
863566010104657
863566010104665
863566010104673
863566010104681
863566010104699
863566010104707
863566010104715
863566010104723
863566010104731
863566010104749
863566010104756
863566010104764
863566010104772
863566010104780
863566010104798
863566010104806
863566010104814
863566010104822
863566010104830
863566010104848
863566010104855
863566010104863
863566010104871
863566010104889
863566010104897
863566010104905
863566010104913
863566010104921
863566010104939
863566010104947
863566010104954
863566010104962
863566010104970
863566010104988
863566010104996
863566010105001