868120169134449
868120169134456
868120169134464
868120169134472
868120169134480
868120169134498
868120169134506
868120169134514
868120169134522
868120169134530
868120169134548
868120169134555
868120169134563
868120169134571
868120169134589
868120169134597
868120169134605
868120169134613
868120169134621
868120169134639
868120169134647
868120169134654
868120169134662
868120169134670
868120169134688
868120169134696
868120169134704
868120169134712
868120169134720
868120169134738
868120169134746
868120169134753
868120169134761
868120169134779
868120169134787
868120169134795
868120169134803
868120169134811
868120169134829
868120169134837
868120169134845
868120169134852
868120169134860
868120169134878
868120169134886
868120169134894
868120169134902
868120169134910
868120169134928
868120169134936
868120169134944
868120169134951
868120169134969
868120169134977
868120169134985
868120169134993
868120169135008
868120169135016
868120169135024
868120169135032
868120169135040
868120169135057
868120169135065
868120169135073
868120169135081
868120169135099
868120169135107
868120169135115
868120169135123
868120169135131
868120169135149
868120169135156
868120169135164
868120169135172
868120169135180
868120169135198
868120169135206
868120169135214
868120169135222
868120169135230
868120169135248
868120169135255
868120169135263
868120169135271
868120169135289
868120169135297
868120169135305
868120169135313
868120169135321
868120169135339
868120169135347
868120169135354
868120169135362
868120169135370
868120169135388
868120169135396
868120169135404
868120169135412
868120169135420
868120169135438
868120169135446
868120169135453
868120169135461
868120169135479
868120169135487
868120169135495
868120169135503
868120169135511
868120169135529
868120169135537
868120169135545
868120169135552
868120169135560
868120169135578
868120169135586
868120169135594
868120169135602
868120169135610
868120169135628
868120169135636
868120169135644
868120169135651
868120169135669
868120169135677
868120169135685
868120169135693
868120169135701
868120169135719
868120169135727
868120169135735
868120169135743
868120169135750
868120169135768
868120169135776
868120169135784
868120169135792
868120169135800
868120169135818
868120169135826
868120169135834
868120169135842
868120169135859
868120169135867
868120169135875
868120169135883
868120169135891
868120169135909
868120169135917
868120169135925
868120169135933
868120169135941
868120169135958
868120169135966
868120169135974
868120169135982
868120169135990
868120169136006
868120169136014
868120169136022
868120169136030
868120169136048
868120169136055
868120169136063
868120169136071
868120169136089
868120169136097
868120169136105
868120169136113
868120169136121
868120169136139
868120169136147
868120169136154
868120169136162
868120169136170
868120169136188
868120169136196
868120169136204
868120169136212
868120169136220
868120169136238
868120169136246
868120169136253
868120169136261
868120169136279
868120169136287
868120169136295
868120169136303
868120169136311
868120169136329
868120169136337
868120169136345
868120169136352
868120169136360
868120169136378
868120169136386
868120169136394
868120169136402
868120169136410
868120169136428
868120169136436
868120169136444
868120169136451
868120169136469
868120169136477
868120169136485
868120169136493
868120169136501
868120169136519
868120169136527
868120169136535
868120169136543
868120169136550
868120169136568
868120169136576
868120169136584
868120169136592
868120169136600
868120169136618
868120169136626
868120169136634
868120169136642
868120169136659
868120169136667
868120169136675
868120169136683
868120169136691
868120169136709
868120169136717
868120169136725
868120169136733
868120169136741
868120169136758
868120169136766
868120169136774
868120169136782
868120169136790
868120169136808
868120169136816
868120169136824
868120169136832
868120169136840
868120169136857
868120169136865
868120169136873
868120169136881
868120169136899
868120169136907
868120169136915
868120169136923
868120169136931
868120169136949
868120169136956
868120169136964
868120169136972
868120169136980
868120169136998
868120169137004
868120169137012
868120169137020
868120169137038
868120169137046
868120169137053
868120169137061
868120169137079
868120169137087
868120169137095
868120169137103
868120169137111
868120169137129
868120169137137
868120169137145
868120169137152
868120169137160
868120169137178
868120169137186
868120169137194
868120169137202
868120169137210
868120169137228
868120169137236
868120169137244
868120169137251
868120169137269
868120169137277
868120169137285
868120169137293
868120169137301
868120169137319
868120169137327
868120169137335
868120169137343
868120169137350
868120169137368
868120169137376
868120169137384
868120169137392
868120169137400
868120169137418
868120169137426
868120169137434
868120169137442
868120169137459
868120169137467
868120169137475
868120169137483
868120169137491
868120169137509
868120169137517
868120169137525
868120169137533
868120169137541
868120169137558
868120169137566
868120169137574
868120169137582
868120169137590
868120169137608
868120169137616
868120169137624
868120169137632
868120169137640
868120169137657
868120169137665
868120169137673
868120169137681
868120169137699
868120169137707
868120169137715
868120169137723
868120169137731
868120169137749
868120169137756
868120169137764
868120169137772
868120169137780
868120169137798
868120169137806
868120169137814
868120169137822
868120169137830
868120169137848
868120169137855
868120169137863
868120169137871
868120169137889
868120169137897
868120169137905
868120169137913
868120169137921
868120169137939
868120169137947
868120169137954
868120169137962
868120169137970
868120169137988
868120169137996
868120169138002
868120169138010
868120169138028
868120169138036
868120169138044
868120169138051
868120169138069
868120169138077
868120169138085
868120169138093
868120169138101
868120169138119
868120169138127
868120169138135
868120169138143
868120169138150
868120169138168
868120169138176
868120169138184
868120169138192
868120169138200
868120169138218
868120169138226
868120169138234
868120169138242
868120169138259
868120169138267
868120169138275
868120169138283
868120169138291
868120169138309
868120169138317
868120169138325
868120169138333
868120169138341
868120169138358
868120169138366
868120169138374
868120169138382
868120169138390
868120169138408
868120169138416
868120169138424
868120169138432
868120169138440
868120169138457
868120169138465
868120169138473
868120169138481
868120169138499
868120169138507
868120169138515
868120169138523
868120169138531
868120169138549
868120169138556
868120169138564
868120169138572
868120169138580
868120169138598
868120169138606
868120169138614
868120169138622
868120169138630
868120169138648
868120169138655
868120169138663
868120169138671
868120169138689
868120169138697
868120169138705
868120169138713
868120169138721
868120169138739
868120169138747
868120169138754
868120169138762
868120169138770
868120169138788
868120169138796
868120169138804
868120169138812
868120169138820
868120169138838
868120169138846
868120169138853
868120169138861
868120169138879
868120169138887
868120169138895
868120169138903
868120169138911
868120169138929
868120169138937
868120169138945
868120169138952
868120169138960
868120169138978
868120169138986
868120169138994
868120169139000
868120169139018
868120169139026
868120169139034
868120169139042
868120169139059
868120169139067
868120169139075
868120169139083
868120169139091
868120169139109
868120169139117
868120169139125
868120169139133
868120169139141
868120169139158
868120169139166
868120169139174
868120169139182
868120169139190
868120169139208
868120169139216
868120169139224
868120169139232
868120169139240
868120169139257
868120169139265
868120169139273
868120169139281
868120169139299
868120169139307
868120169139315
868120169139323
868120169139331
868120169139349
868120169139356
868120169139364
868120169139372
868120169139380
868120169139398
868120169139406
868120169139414
868120169139422
868120169139430
868120169139448
868120169139455
868120169139463
868120169139471
868120169139489
868120169139497
868120169139505
868120169139513
868120169139521
868120169139539
868120169139547
868120169139554
868120169139562
868120169139570
868120169139588
868120169139596
868120169139604
868120169139612
868120169139620
868120169139638
868120169139646
868120169139653
868120169139661
868120169139679
868120169139687
868120169139695
868120169139703
868120169139711
868120169139729
868120169139737
868120169139745
868120169139752
868120169139760
868120169139778
868120169139786
868120169139794
868120169139802
868120169139810
868120169139828
868120169139836
868120169139844
868120169139851
868120169139869
868120169139877
868120169139885
868120169139893
868120169139901
868120169139919
868120169139927
868120169139935
868120169139943
868120169139950
868120169139968
868120169139976
868120169139984
868120169139992
868120169140008
868120169140016
868120169140024
868120169140032
868120169140040
868120169140057
868120169140065
868120169140073
868120169140081
868120169140099
868120169140107
868120169140115
868120169140123
868120169140131
868120169140149
868120169140156
868120169140164
868120169140172
868120169140180
868120169140198
868120169140206
868120169140214
868120169140222
868120169140230
868120169140248
868120169140255
868120169140263
868120169140271
868120169140289
868120169140297
868120169140305
868120169140313
868120169140321
868120169140339
868120169140347
868120169140354
868120169140362
868120169140370
868120169140388
868120169140396
868120169140404
868120169140412
868120169140420
868120169140438
868120169140446
868120169140453
868120169140461
868120169140479
868120169140487
868120169140495
868120169140503
868120169140511
868120169140529
868120169140537
868120169140545
868120169140552
868120169140560
868120169140578
868120169140586
868120169140594
868120169140602
868120169140610
868120169140628
868120169140636
868120169140644
868120169140651
868120169140669
868120169140677
868120169140685
868120169140693
868120169140701
868120169140719
868120169140727
868120169140735
868120169140743
868120169140750
868120169140768
868120169140776
868120169140784
868120169140792
868120169140800
868120169140818
868120169140826
868120169140834
868120169140842
868120169140859
868120169140867
868120169140875
868120169140883
868120169140891
868120169140909
868120169140917
868120169140925
868120169140933
868120169140941
868120169140958
868120169140966
868120169140974
868120169140982
868120169140990
868120169141006
868120169141014
868120169141022
868120169141030
868120169141048
868120169141055
868120169141063
868120169141071
868120169141089
868120169141097
868120169141105
868120169141113
868120169141121
868120169141139
868120169141147
868120169141154
868120169141162
868120169141170
868120169141188
868120169141196
868120169141204
868120169141212
868120169141220
868120169141238
868120169141246
868120169141253
868120169141261
868120169141279
868120169141287
868120169141295
868120169141303
868120169141311
868120169141329
868120169141337
868120169141345
868120169141352
868120169141360
868120169141378
868120169141386
868120169141394
868120169141402
868120169141410
868120169141428
868120169141436
868120169141444
868120169141451
868120169141469
868120169141477
868120169141485
868120169141493
868120169141501
868120169141519
868120169141527
868120169141535
868120169141543
868120169141550
868120169141568
868120169141576
868120169141584
868120169141592
868120169141600
868120169141618
868120169141626
868120169141634
868120169141642
868120169141659
868120169141667
868120169141675
868120169141683
868120169141691
868120169141709
868120169141717
868120169141725
868120169141733
868120169141741
868120169141758
868120169141766
868120169141774
868120169141782
868120169141790
868120169141808
868120169141816
868120169141824
868120169141832
868120169141840
868120169141857
868120169141865
868120169141873
868120169141881
868120169141899
868120169141907
868120169141915
868120169141923
868120169141931
868120169141949
868120169141956
868120169141964
868120169141972
868120169141980
868120169141998
868120169142004
868120169142012
868120169142020
868120169142038
868120169142046
868120169142053
868120169142061
868120169142079
868120169142087
868120169142095
868120169142103
868120169142111
868120169142129
868120169142137
868120169142145
868120169142152
868120169142160
868120169142178
868120169142186
868120169142194
868120169142202
868120169142210
868120169142228
868120169142236
868120169142244
868120169142251
868120169142269
868120169142277
868120169142285
868120169142293
868120169142301
868120169142319
868120169142327
868120169142335
868120169142343
868120169142350
868120169142368
868120169142376
868120169142384
868120169142392
868120169142400
868120169142418
868120169142426
868120169142434
868120169142442
868120169142459
868120169142467
868120169142475
868120169142483
868120169142491
868120169142509
868120169142517
868120169142525
868120169142533
868120169142541
868120169142558
868120169142566
868120169142574
868120169142582
868120169142590
868120169142608
868120169142616
868120169142624
868120169142632
868120169142640
868120169142657
868120169142665
868120169142673
868120169142681
868120169142699
868120169142707
868120169142715
868120169142723
868120169142731
868120169142749
868120169142756
868120169142764
868120169142772
868120169142780
868120169142798
868120169142806
868120169142814
868120169142822
868120169142830
868120169142848
868120169142855
868120169142863
868120169142871
868120169142889
868120169142897
868120169142905
868120169142913
868120169142921
868120169142939
868120169142947
868120169142954
868120169142962
868120169142970
868120169142988
868120169142996
868120169143002
868120169143010
868120169143028
868120169143036
868120169143044
868120169143051
868120169143069
868120169143077
868120169143085
868120169143093
868120169143101
868120169143119
868120169143127
868120169143135
868120169143143
868120169143150
868120169143168
868120169143176
868120169143184
868120169143192
868120169143200
868120169143218
868120169143226
868120169143234
868120169143242
868120169143259
868120169143267
868120169143275
868120169143283
868120169143291
868120169143309
868120169143317
868120169143325
868120169143333
868120169143341
868120169143358
868120169143366
868120169143374
868120169143382
868120169143390
868120169143408
868120169143416
868120169143424
868120169143432
868120169143440
868120169143457
868120169143465
868120169143473
868120169143481
868120169143499
868120169143507
868120169143515
868120169143523
868120169143531
868120169143549
868120169143556
868120169143564
868120169143572
868120169143580
868120169143598
868120169143606
868120169143614
868120169143622
868120169143630
868120169143648
868120169143655
868120169143663
868120169143671
868120169143689
868120169143697
868120169143705
868120169143713
868120169143721
868120169143739
868120169143747
868120169143754
868120169143762
868120169143770
868120169143788
868120169143796
868120169143804
868120169143812
868120169143820
868120169143838
868120169143846
868120169143853
868120169143861
868120169143879
868120169143887
868120169143895
868120169143903
868120169143911
868120169143929
868120169143937
868120169143945
868120169143952
868120169143960
868120169143978
868120169143986
868120169143994
868120169144000
868120169144018
868120169144026
868120169144034
868120169144042
868120169144059
868120169144067
868120169144075
868120169144083
868120169144091
868120169144109
868120169144117
868120169144125
868120169144133
868120169144141
868120169144158
868120169144166
868120169144174
868120169144182
868120169144190
868120169144208
868120169144216
868120169144224
868120169144232
868120169144240
868120169144257
868120169144265
868120169144273
868120169144281
868120169144299
868120169144307
868120169144315
868120169144323
868120169144331
868120169144349
868120169144356
868120169144364
868120169144372
868120169144380
868120169144398
868120169144406
868120169144414
868120169144422
868120169144430
