868120167039343
868120167039350
868120167039368
868120167039376
868120167039384
868120167039392
868120167039400
868120167039418
868120167039426
868120167039434
868120167039442
868120167039459
868120167039467
868120167039475
868120167039483
868120167039491
868120167039509
868120167039517
868120167039525
868120167039533
868120167039541
868120167039558
868120167039566
868120167039574
868120167039582
868120167039590
868120167039608
868120167039616
868120167039624
868120167039632
868120167039640
868120167039657
868120167039665
868120167039673
868120167039681
868120167039699
868120167039707
868120167039715
868120167039723
868120167039731
868120167039749
868120167039756
868120167039764
868120167039772
868120167039780
868120167039798
868120167039806
868120167039814
868120167039822
868120167039830
868120167039848
868120167039855
868120167039863
868120167039871
868120167039889
868120167039897
868120167039905
868120167039913
868120167039921
868120167039939
868120167039947
868120167039954
868120167039962
868120167039970
868120167039988
868120167039996
868120167040002
868120167040010
868120167040028
868120167040036
868120167040044
868120167040051
868120167040069
868120167040077
868120167040085
868120167040093
868120167040101
868120167040119
868120167040127
868120167040135
868120167040143
868120167040150
868120167040168
868120167040176
868120167040184
868120167040192
868120167040200
868120167040218
868120167040226
868120167040234
868120167040242
868120167040259
868120167040267
868120167040275
868120167040283
868120167040291
868120167040309
868120167040317
868120167040325
868120167040333
868120167040341
868120167040358
868120167040366
868120167040374
868120167040382
868120167040390
868120167040408
868120167040416
868120167040424
868120167040432
868120167040440
868120167040457
868120167040465
868120167040473
868120167040481
868120167040499
868120167040507
868120167040515
868120167040523
868120167040531
868120167040549
868120167040556
868120167040564
868120167040572
868120167040580
868120167040598
868120167040606
868120167040614
868120167040622
868120167040630
868120167040648
868120167040655
868120167040663
868120167040671
868120167040689
868120167040697
868120167040705
868120167040713
868120167040721
868120167040739
868120167040747
868120167040754
868120167040762
868120167040770
868120167040788
868120167040796
868120167040804
868120167040812
868120167040820
868120167040838
868120167040846
868120167040853
868120167040861
868120167040879
868120167040887
868120167040895
868120167040903
868120167040911
868120167040929
868120167040937
868120167040945
868120167040952
868120167040960
868120167040978
868120167040986
868120167040994
868120167041000
868120167041018
868120167041026
868120167041034
868120167041042
868120167041059
868120167041067
868120167041075
868120167041083
868120167041091
868120167041109
868120167041117
868120167041125
868120167041133
868120167041141
868120167041158
868120167041166
868120167041174
868120167041182
868120167041190
868120167041208
868120167041216
868120167041224
868120167041232
868120167041240
868120167041257
868120167041265
868120167041273
868120167041281
868120167041299
868120167041307
868120167041315
868120167041323
868120167041331
868120167041349
868120167041356
868120167041364
868120167041372
868120167041380
868120167041398
868120167041406
868120167041414
868120167041422
868120167041430
868120167041448
868120167041455
868120167041463
868120167041471
868120167041489
868120167041497
868120167041505
868120167041513
868120167041521
868120167041539
868120167041547
868120167041554
868120167041562
868120167041570
868120167041588
868120167041596
868120167041604
868120167041612
868120167041620
868120167041638
868120167041646
868120167041653
868120167041661
868120167041679
868120167041687
868120167041695
868120167041703
868120167041711
868120167041729
868120167041737
868120167041745
868120167041752
868120167041760
868120167041778
868120167041786
868120167041794
868120167041802
868120167041810
868120167041828
868120167041836
868120167041844
868120167041851
868120167041869
868120167041877
868120167041885
868120167041893
868120167041901
868120167041919
868120167041927
868120167041935
868120167041943
868120167041950
868120167041968
868120167041976
868120167041984
868120167041992
868120167042008
868120167042016
868120167042024
868120167042032
868120167042040
868120167042057
868120167042065
868120167042073
868120167042081
868120167042099
868120167042107
868120167042115
868120167042123
868120167042131
868120167042149
868120167042156
868120167042164
868120167042172
868120167042180
868120167042198
868120167042206
868120167042214
868120167042222
868120167042230
868120167042248
868120167042255
868120167042263
868120167042271
868120167042289
868120167042297
868120167042305
868120167042313
868120167042321
868120167042339
868120167042347
868120167042354
868120167042362
868120167042370
868120167042388
868120167042396
868120167042404
868120167042412
868120167042420
868120167042438
868120167042446
868120167042453
868120167042461
868120167042479
868120167042487
868120167042495
868120167042503
868120167042511
868120167042529
868120167042537
868120167042545
868120167042552
868120167042560
868120167042578
868120167042586
868120167042594
868120167042602
868120167042610
868120167042628
868120167042636
868120167042644
868120167042651
868120167042669
868120167042677
868120167042685
868120167042693
868120167042701
868120167042719
868120167042727
868120167042735
868120167042743
868120167042750
868120167042768
868120167042776
868120167042784
868120167042792
868120167042800
868120167042818
868120167042826
868120167042834
868120167042842
868120167042859
868120167042867
868120167042875
868120167042883
868120167042891
868120167042909
868120167042917
868120167042925
868120167042933
868120167042941
868120167042958
868120167042966
868120167042974
868120167042982
868120167042990
868120167043006
868120167043014
868120167043022
868120167043030
868120167043048
868120167043055
868120167043063
868120167043071
868120167043089
868120167043097
868120167043105
868120167043113
868120167043121
868120167043139
868120167043147
868120167043154
868120167043162
868120167043170
868120167043188
868120167043196
868120167043204
868120167043212
868120167043220
868120167043238
868120167043246
868120167043253
868120167043261
868120167043279
868120167043287
868120167043295
868120167043303
868120167043311
868120167043329
868120167043337
868120167043345
868120167043352
868120167043360
868120167043378
868120167043386
868120167043394
868120167043402
868120167043410
868120167043428
868120167043436
868120167043444
868120167043451
868120167043469
868120167043477
868120167043485
868120167043493
868120167043501
868120167043519
868120167043527
868120167043535
868120167043543
868120167043550
868120167043568
868120167043576
868120167043584
868120167043592
868120167043600
868120167043618
868120167043626
868120167043634
868120167043642
868120167043659
868120167043667
868120167043675
868120167043683
868120167043691
868120167043709
868120167043717
868120167043725
868120167043733
868120167043741
868120167043758
868120167043766
868120167043774
868120167043782
868120167043790
868120167043808
868120167043816
868120167043824
868120167043832
868120167043840
868120167043857
868120167043865
868120167043873
868120167043881
868120167043899
868120167043907
868120167043915
868120167043923
868120167043931
868120167043949
868120167043956
868120167043964
868120167043972
868120167043980
868120167043998
868120167044004
868120167044012
868120167044020
868120167044038
868120167044046
868120167044053
868120167044061
868120167044079
868120167044087
868120167044095
868120167044103
868120167044111
868120167044129
868120167044137
868120167044145
868120167044152
868120167044160
868120167044178
868120167044186
868120167044194
868120167044202
868120167044210
868120167044228
868120167044236
868120167044244
868120167044251
868120167044269
868120167044277
868120167044285
868120167044293
868120167044301
868120167044319
868120167044327
868120167044335
868120167044343
868120167044350
868120167044368
868120167044376
868120167044384
868120167044392
868120167044400
868120167044418
868120167044426
868120167044434
868120167044442
868120167044459
868120167044467
868120167044475
868120167044483
868120167044491
868120167044509
868120167044517
868120167044525
868120167044533
868120167044541
868120167044558
868120167044566
868120167044574
868120167044582
868120167044590
868120167044608
868120167044616
868120167044624
868120167044632
868120167044640
868120167044657
868120167044665
868120167044673
868120167044681
868120167044699
868120167044707
868120167044715
868120167044723
868120167044731
868120167044749
868120167044756
868120167044764
868120167044772
868120167044780
868120167044798
868120167044806
868120167044814
868120167044822
868120167044830
868120167044848
868120167044855
868120167044863
868120167044871
868120167044889
868120167044897
868120167044905
868120167044913
868120167044921
868120167044939
868120167044947
868120167044954
868120167044962
868120167044970
868120167044988
868120167044996
868120167045001
868120167045019
868120167045027
868120167045035
868120167045043
868120167045050
868120167045068
868120167045076
868120167045084
868120167045092
868120167045100
868120167045118
868120167045126
868120167045134
868120167045142
868120167045159
868120167045167
868120167045175
868120167045183
868120167045191
868120167045209
868120167045217
868120167045225
868120167045233
868120167045241
868120167045258
868120167045266
868120167045274
868120167045282
868120167045290
868120167045308
868120167045316
868120167045324
868120167045332
868120167045340
868120167045357
868120167045365
868120167045373
868120167045381
868120167045399
868120167045407
868120167045415
868120167045423
868120167045431
868120167045449
868120167045456
868120167045464
868120167045472
868120167045480
868120167045498
868120167045506
868120167045514
868120167045522
868120167045530
868120167045548
868120167045555
868120167045563
868120167045571
868120167045589
868120167045597
868120167045605
868120167045613
868120167045621
868120167045639
868120167045647
868120167045654
868120167045662
868120167045670
868120167045688
868120167045696
868120167045704
868120167045712
868120167045720
868120167045738
868120167045746
868120167045753
868120167045761
868120167045779
868120167045787
868120167045795
868120167045803
868120167045811
868120167045829
868120167045837
868120167045845
868120167045852
868120167045860
868120167045878
868120167045886
868120167045894
868120167045902
868120167045910
868120167045928
868120167045936
868120167045944
868120167045951
868120167045969
868120167045977
868120167045985
868120167045993
868120167046009
868120167046017
868120167046025
868120167046033
868120167046041
868120167046058
868120167046066
868120167046074
868120167046082
868120167046090
868120167046108
868120167046116
868120167046124
868120167046132
868120167046140
868120167046157
868120167046165
868120167046173
868120167046181
868120167046199
868120167046207
868120167046215
868120167046223
868120167046231
868120167046249
868120167046256
868120167046264
868120167046272
868120167046280
868120167046298
868120167046306
868120167046314
868120167046322
868120167046330
868120167046348
868120167046355
868120167046363
868120167046371
868120167046389
868120167046397
868120167046405
868120167046413
868120167046421
868120167046439
868120167046447
868120167046454
868120167046462
868120167046470
868120167046488
868120167046496
868120167046504
868120167046512
868120167046520
868120167046538
868120167046546
868120167046553
868120167046561
868120167046579
868120167046587
868120167046595
868120167046603
868120167046611
868120167046629
868120167046637
868120167046645
868120167046652
868120167046660
868120167046678
868120167046686
868120167046694
868120167046702
868120167046710
868120167046728
868120167046736
868120167046744
868120167046751
868120167046769
868120167046777
868120167046785
868120167046793
868120167046801
868120167046819
868120167046827
868120167046835
868120167046843
868120167046850
868120167046868
868120167046876
868120167046884
868120167046892
868120167046900
868120167046918
868120167046926
868120167046934
868120167046942
868120167046959
868120167046967
868120167046975
868120167046983
868120167046991
868120167047007
868120167047015
868120167047023
868120167047031
868120167047049
868120167047056
868120167047064
868120167047072
868120167047080
868120167047098
868120167047106
868120167047114
868120167047122
868120167047130
868120167047148
868120167047155
868120167047163
868120167047171
868120167047189
868120167047197
868120167047205
868120167047213
868120167047221
868120167047239
868120167047247
868120167047254
868120167047262
868120167047270
868120167047288
868120167047296
868120167047304
868120167047312
868120167047320
868120167047338
868120167047346
868120167047353
868120167047361
868120167047379
868120167047387
868120167047395
868120167047403
868120167047411
868120167047429
868120167047437
868120167047445
868120167047452
868120167047460
868120167047478
868120167047486
868120167047494
868120167047502
868120167047510
868120167047528
868120167047536
868120167047544
868120167047551
868120167047569
868120167047577
868120167047585
868120167047593
868120167047601
868120167047619
868120167047627
868120167047635
868120167047643
868120167047650
868120167047668
868120167047676
868120167047684
868120167047692
868120167047700
868120167047718
868120167047726
868120167047734
868120167047742
868120167047759
868120167047767
868120167047775
868120167047783
868120167047791
868120167047809
868120167047817
868120167047825
868120167047833
868120167047841
868120167047858
868120167047866
868120167047874
868120167047882
868120167047890
868120167047908
868120167047916
868120167047924
868120167047932
868120167047940
868120167047957
868120167047965
868120167047973
868120167047981
868120167047999
868120167048005
868120167048013
868120167048021
868120167048039
868120167048047
868120167048054
868120167048062
868120167048070
868120167048088
868120167048096
868120167048104
868120167048112
868120167048120
868120167048138
868120167048146
868120167048153
868120167048161
868120167048179
868120167048187
868120167048195
868120167048203
868120167048211
868120167048229
868120167048237
868120167048245
868120167048252
868120167048260
868120167048278
868120167048286
868120167048294
868120167048302
868120167048310
868120167048328
868120167048336
868120167048344
868120167048351
868120167048369
868120167048377
868120167048385
868120167048393
868120167048401
868120167048419
868120167048427
868120167048435
868120167048443
868120167048450
868120167048468
868120167048476
868120167048484
868120167048492
868120167048500
868120167048518
868120167048526
868120167048534
868120167048542
868120167048559
868120167048567
868120167048575
868120167048583
868120167048591
868120167048609
868120167048617
868120167048625
868120167048633
868120167048641
868120167048658
868120167048666
868120167048674
868120167048682
868120167048690
868120167048708
868120167048716
868120167048724
868120167048732
868120167048740
868120167048757
868120167048765
868120167048773
868120167048781
868120167048799
868120167048807
868120167048815
868120167048823
868120167048831
868120167048849
868120167048856
868120167048864
868120167048872
868120167048880
868120167048898
868120167048906
868120167048914
868120167048922
868120167048930
868120167048948
868120167048955
868120167048963
868120167048971
868120167048989
868120167048997
868120167049003
868120167049011
868120167049029
868120167049037
868120167049045
868120167049052
868120167049060
868120167049078
868120167049086
868120167049094
868120167049102
868120167049110
868120167049128
868120167049136
868120167049144
868120167049151
868120167049169
868120167049177
868120167049185
868120167049193
868120167049201
868120167049219
868120167049227
868120167049235
868120167049243
868120167049250
868120167049268
868120167049276
868120167049284
868120167049292
868120167049300
868120167049318
868120167049326
868120167049334
868120167049342
868120167049359
868120167049367
868120167049375
868120167049383
868120167049391
868120167049409
868120167049417
868120167049425
868120167049433
868120167049441
868120167049458
868120167049466
868120167049474
868120167049482
868120167049490
868120167049508
868120167049516
868120167049524
868120167049532
868120167049540
868120167049557
868120167049565
868120167049573
868120167049581
868120167049599
868120167049607
868120167049615
868120167049623
868120167049631
868120167049649
868120167049656
868120167049664
868120167049672
868120167049680
868120167049698
868120167049706
868120167049714
868120167049722
868120167049730
868120167049748
868120167049755
868120167049763
868120167049771
868120167049789
868120167049797
868120167049805
868120167049813
868120167049821
868120167049839
868120167049847
868120167049854
868120167049862
868120167049870
868120167049888
868120167049896
868120167049904
868120167049912
868120167049920
868120167049938
868120167049946
868120167049953
868120167049961
868120167049979
868120167049987
868120167049995
868120167050001
868120167050019
868120167050027
868120167050035
868120167050043
868120167050050
868120167050068
868120167050076
868120167050084
868120167050092
868120167050100
868120167050118
868120167050126
868120167050134
868120167050142
868120167050159
868120167050167
868120167050175
868120167050183
868120167050191
868120167050209
868120167050217
868120167050225
868120167050233
868120167050241
868120167050258
868120167050266
868120167050274
868120167050282
868120167050290
868120167050308
868120167050316
868120167050324
868120167050332
868120167050340
868120167050357
868120167050365
868120167050373
868120167050381
868120167050399
868120167050407
868120167050415
868120167050423
868120167050431
868120167050449
868120167050456
868120167050464
868120167050472
868120167050480
868120167050498
868120167050506
868120167050514
868120167050522
868120167050530
868120167050548
868120167050555
868120167050563
868120167050571
868120167050589
868120167050597
868120167050605
868120167050613
868120167050621
868120167050639
868120167050647
868120167050654
868120167050662
868120167050670
868120167050688
868120167050696
868120167050704
868120167050712
868120167050720
868120167050738
868120167050746
868120167050753
868120167050761
868120167050779
868120167050787
868120167050795
868120167050803
868120167050811
868120167050829
868120167050837
868120167050845
868120167050852
868120167050860
868120167050878
868120167050886
868120167050894
868120167050902
868120167050910
868120167050928
868120167050936
868120167050944
868120167050951
868120167050969
868120167050977
868120167050985
868120167050993
868120167051009
868120167051017
868120167051025
868120167051033
868120167051041
868120167051058
868120167051066
868120167051074
868120167051082
868120167051090
868120167051108
868120167051116
868120167051124
868120167051132
868120167051140
868120167051157
868120167051165
868120167051173
868120167051181
868120167051199
868120167051207
868120167051215
868120167051223
868120167051231
868120167051249
868120167051256
868120167051264
868120167051272
868120167051280
868120167051298
868120167051306
868120167051314
868120167051322
868120167051330
868120167051348
868120167051355
868120167051363
868120167051371
868120167051389
868120167051397
868120167051405
868120167051413
868120167051421
868120167051439
868120167051447
868120167051454
868120167051462
868120167051470
868120167051488
868120167051496
868120167051504
868120167051512
868120167051520
868120167051538
868120167051546
868120167051553
868120167051561
868120167051579
868120167051587
868120167051595
868120167051603
868120167051611
868120167051629
868120167051637
868120167051645
868120167051652
868120167051660
868120167051678
868120167051686
868120167051694
868120167051702
868120167051710
868120167051728
868120167051736
868120167051744
868120167051751
868120167051769
868120167051777
868120167051785
868120167051793
868120167051801
868120167051819
868120167051827
868120167051835
868120167051843
868120167051850
868120167051868
868120167051876
868120167051884
868120167051892
868120167051900
868120167051918
868120167051926
868120167051934
868120167051942
868120167051959
868120167051967
868120167051975
868120167051983
868120167051991
868120167052007
868120167052015
868120167052023
868120167052031
868120167052049
868120167052056
868120167052064
868120167052072
868120167052080
868120167052098
868120167052106
868120167052114
868120167052122
868120167052130
868120167052148
868120167052155
868120167052163
868120167052171
868120167052189
868120167052197
868120167052205
868120167052213
868120167052221
868120167052239
868120167052247
868120167052254
868120167052262
868120167052270
868120167052288
868120167052296
868120167052304
868120167052312
868120167052320
868120167052338
868120167052346
868120167052353
868120167052361
868120167052379
868120167052387
868120167052395
868120167052403
868120167052411
868120167052429
868120167052437
868120167052445
868120167052452
868120167052460
868120167052478
868120167052486
868120167052494
868120167052502
868120167052510
868120167052528
868120167052536
868120167052544
868120167052551
868120167052569
868120167052577
868120167052585
868120167052593
868120167052601
868120167052619
868120167052627
868120167052635
868120167052643
868120167052650
868120167052668
868120167052676
868120167052684
868120167052692
868120167052700
868120167052718
868120167052726
868120167052734
868120167052742
868120167052759
868120167052767
868120167052775
868120167052783
868120167052791
868120167052809
868120167052817
868120167052825
868120167052833
868120167052841
868120167052858
868120167052866
868120167052874
868120167052882
868120167052890
868120167052908
868120167052916
868120167052924
868120167052932
868120167052940
868120167052957
868120167052965
868120167052973
868120167052981
868120167052999
868120167053005
868120167053013
868120167053021
868120167053039
868120167053047
868120167053054
868120167053062
868120167053070
868120167053088
868120167053096
868120167053104
868120167053112
868120167053120
868120167053138
868120167053146
868120167053153
868120167053161
868120167053179
868120167053187
868120167053195
868120167053203
868120167053211
868120167053229
868120167053237
868120167053245
868120167053252
868120167053260
868120167053278
868120167053286
868120167053294
868120167053302
868120167053310
868120167053328
868120167053336
868120167053344
868120167053351
868120167053369
868120167053377
868120167053385
868120167053393
868120167053401
868120167053419
868120167053427
868120167053435
868120167053443
868120167053450
868120167053468
868120167053476
868120167053484
868120167053492
868120167053500
868120167053518
868120167053526
868120167053534
868120167053542
868120167053559
868120167053567
868120167053575
868120167053583
868120167053591
868120167053609
868120167053617
868120167053625
868120167053633
868120167053641
868120167053658
868120167053666
868120167053674
868120167053682
868120167053690
868120167053708
868120167053716
868120167053724
868120167053732
868120167053740
868120167053757
868120167053765
868120167053773
868120167053781
868120167053799
868120167053807
868120167053815
868120167053823
868120167053831
868120167053849
868120167053856
868120167053864
868120167053872
868120167053880
868120167053898
868120167053906
868120167053914
868120167053922
868120167053930
868120167053948
868120167053955
868120167053963
868120167053971
868120167053989
868120167053997
868120167054003
868120167054011
868120167054029
868120167054037
868120167054045
868120167054052
868120167054060
868120167054078
868120167054086
868120167054094
868120167054102
868120167054110
868120167054128
868120167054136
868120167054144
868120167054151
868120167054169
868120167054177
868120167054185
868120167054193
868120167054201
868120167054219
868120167054227
868120167054235
868120167054243
868120167054250
868120167054268
868120167054276
868120167054284
868120167054292
868120167054300
868120167054318
868120167054326
868120167054334
868120167054342
868120167054359
868120167054367
868120167054375
868120167054383
868120167054391
868120167054409
868120167054417
868120167054425
868120167054433
868120167054441
868120167054458
868120167054466
868120167054474
868120167054482
868120167054490
868120167054508
868120167054516
868120167054524
868120167054532
868120167054540
868120167054557
868120167054565
868120167054573
868120167054581
868120167054599
868120167054607
868120167054615
868120167054623
868120167054631
868120167054649
868120167054656
868120167054664
868120167054672
868120167054680
868120167054698
868120167054706
868120167054714
868120167054722
868120167054730
868120167054748
868120167054755
868120167054763
868120167054771
868120167054789
868120167054797
868120167054805
868120167054813
868120167054821
868120167054839
868120167054847
868120167054854
868120167054862
868120167054870
868120167054888
868120167054896
868120167054904
868120167054912
868120167054920
868120167054938
868120167054946
868120167054953
868120167054961
868120167054979
868120167054987
868120167054995
868120167055000
868120167055018
868120167055026
868120167055034
868120167055042
868120167055059
868120167055067
868120167055075
868120167055083
868120167055091
868120167055109
868120167055117
868120167055125
868120167055133
868120167055141
868120167055158
868120167055166
868120167055174
868120167055182
868120167055190
868120167055208
868120167055216
868120167055224
868120167055232
868120167055240
868120167055257
868120167055265
868120167055273
868120167055281
868120167055299
868120167055307
868120167055315
868120167055323
868120167055331
868120167055349
868120167055356
868120167055364
868120167055372
868120167055380
868120167055398
868120167055406
868120167055414
868120167055422
868120167055430
868120167055448
868120167055455
868120167055463
868120167055471
868120167055489
868120167055497
868120167055505
868120167055513
868120167055521
868120167055539
868120167055547
868120167055554
868120167055562
868120167055570
868120167055588
868120167055596
868120167055604
868120167055612
868120167055620
868120167055638
868120167055646
868120167055653
868120167055661
868120167055679
868120167055687
868120167055695
868120167055703
868120167055711
868120167055729
868120167055737
868120167055745
868120167055752
868120167055760
868120167055778
868120167055786
868120167055794
868120167055802
868120167055810
868120167055828
868120167055836
868120167055844
868120167055851
868120167055869
868120167055877
868120167055885
868120167055893
868120167055901
868120167055919
868120167055927
868120167055935
868120167055943
868120167055950
868120167055968
868120167055976
868120167055984
868120167055992
868120167056008
868120167056016
868120167056024
868120167056032
868120167056040
868120167056057
868120167056065
868120167056073
868120167056081
868120167056099
868120167056107
868120167056115
868120167056123
868120167056131
868120167056149
868120167056156
868120167056164
868120167056172
868120167056180
868120167056198
868120167056206
868120167056214
868120167056222
868120167056230
868120167056248
868120167056255
868120167056263
868120167056271
868120167056289
868120167056297
868120167056305
868120167056313
868120167056321
868120167056339
868120167056347
868120167056354
868120167056362
868120167056370
868120167056388
868120167056396
868120167056404
868120167056412
868120167056420
868120167056438
868120167056446
868120167056453
868120167056461
868120167056479
868120167056487
868120167056495
868120167056503
868120167056511
868120167056529
868120167056537
868120167056545
868120167056552
868120167056560
868120167056578
868120167056586
868120167056594
868120167056602
868120167056610
868120167056628
868120167056636
868120167056644
868120167056651
868120167056669
868120167056677
868120167056685
868120167056693
868120167056701
868120167056719
868120167056727
868120167056735
868120167056743
868120167056750
868120167056768
868120167056776
868120167056784
868120167056792
868120167056800
868120167056818
868120167056826
868120167056834
868120167056842
868120167056859
868120167056867
868120167056875
868120167056883
868120167056891
868120167056909
868120167056917
868120167056925
868120167056933
868120167056941
868120167056958
868120167056966
868120167056974
868120167056982
868120167056990
868120167057006
868120167057014
868120167057022
868120167057030
868120167057048
868120167057055
868120167057063
868120167057071
868120167057089
868120167057097
868120167057105
868120167057113
868120167057121
868120167057139
868120167057147
868120167057154
868120167057162
868120167057170
868120167057188
868120167057196
868120167057204
868120167057212
868120167057220
868120167057238
868120167057246
868120167057253
868120167057261
868120167057279
868120167057287
868120167057295
868120167057303
868120167057311
868120167057329
868120167057337
868120167057345
868120167057352
868120167057360
868120167057378
868120167057386
868120167057394
868120167057402
868120167057410
868120167057428
868120167057436
868120167057444
868120167057451
868120167057469
868120167057477
868120167057485
868120167057493
868120167057501
868120167057519
868120167057527
868120167057535
868120167057543
868120167057550
868120167057568
868120167057576
868120167057584
868120167057592
868120167057600
868120167057618
868120167057626
868120167057634
868120167057642
868120167057659
868120167057667
868120167057675
868120167057683
868120167057691
868120167057709
868120167057717
868120167057725
868120167057733
868120167057741
868120167057758
868120167057766
868120167057774
868120167057782
868120167057790
868120167057808
868120167057816
868120167057824
868120167057832
868120167057840
868120167057857
868120167057865
868120167057873
868120167057881
868120167057899
868120167057907
868120167057915
868120167057923
868120167057931
868120167057949
868120167057956
868120167057964
868120167057972
868120167057980
868120167057998
868120167058004
868120167058012
868120167058020
868120167058038
868120167058046
868120167058053
868120167058061
868120167058079
868120167058087
868120167058095
868120167058103
868120167058111
868120167058129
868120167058137
868120167058145
868120167058152
868120167058160
868120167058178
868120167058186
868120167058194
868120167058202
868120167058210
868120167058228
868120167058236
868120167058244
868120167058251
868120167058269
868120167058277
868120167058285
868120167058293
868120167058301
868120167058319
868120167058327
868120167058335
868120167058343
868120167058350
868120167058368
868120167058376
868120167058384
868120167058392
868120167058400
868120167058418
868120167058426
868120167058434
868120167058442
868120167058459
868120167058467
868120167058475
868120167058483
868120167058491
868120167058509
868120167058517
868120167058525
868120167058533
868120167058541
868120167058558
868120167058566
868120167058574
868120167058582
868120167058590
868120167058608
868120167058616
868120167058624
868120167058632
868120167058640
868120167058657
868120167058665
868120167058673
868120167058681
868120167058699
868120167058707
868120167058715
868120167058723
868120167058731
868120167058749
868120167058756
868120167058764
868120167058772
868120167058780
868120167058798
868120167058806
868120167058814
868120167058822
868120167058830
868120167058848
868120167058855
868120167058863
868120167058871
868120167058889
868120167058897
868120167058905
868120167058913
868120167058921
868120167058939
868120167058947
868120167058954
868120167058962
868120167058970
868120167058988
868120167058996
868120167059002
868120167059010
868120167059028
868120167059036
868120167059044
868120167059051
868120167059069
868120167059077
868120167059085
868120167059093
868120167059101
868120167059119
868120167059127
868120167059135
868120167059143
868120167059150
868120167059168
868120167059176
868120167059184
868120167059192
868120167059200
868120167059218
868120167059226
868120167059234
868120167059242
868120167059259
868120167059267
868120167059275
868120167059283
868120167059291
868120167059309
868120167059317
868120167059325
868120167059333
868120167059341
868120167059358
868120167059366
868120167059374
868120167059382
868120167059390
868120167059408
868120167059416
868120167059424
868120167059432
868120167059440
868120167059457
868120167059465
868120167059473
868120167059481
868120167059499
868120167059507
868120167059515
868120167059523
868120167059531
868120167059549
868120167059556
868120167059564
868120167059572
868120167059580
868120167059598
868120167059606
868120167059614
868120167059622
868120167059630
868120167059648
868120167059655
868120167059663
868120167059671
868120167059689
868120167059697
868120167059705
868120167059713
868120167059721
868120167059739
868120167059747
868120167059754
868120167059762
868120167059770
868120167059788
868120167059796
868120167059804
868120167059812
868120167059820
868120167059838
868120167059846
868120167059853
868120167059861
868120167059879
868120167059887
868120167059895
868120167059903
868120167059911
868120167059929
868120167059937
868120167059945
868120167059952
868120167059960
868120167059978
868120167059986
868120167059994
868120167060000
868120167060018
868120167060026
868120167060034
868120167060042
868120167060059
868120167060067
868120167060075
868120167060083
868120167060091
868120167060109
868120167060117
868120167060125
868120167060133
868120167060141
868120167060158
868120167060166
868120167060174
868120167060182
868120167060190
868120167060208
868120167060216
868120167060224
868120167060232
868120167060240
868120167060257
868120167060265
868120167060273
868120167060281
868120167060299
868120167060307
868120167060315
868120167060323
868120167060331
868120167060349
868120167060356
868120167060364
868120167060372
868120167060380
868120167060398
868120167060406
868120167060414
868120167060422
868120167060430
868120167060448
868120167060455
868120167060463
868120167060471
868120167060489
868120167060497
868120167060505
868120167060513
868120167060521
868120167060539
868120167060547
868120167060554
868120167060562
868120167060570
868120167060588
868120167060596
868120167060604
868120167060612
868120167060620
868120167060638
868120167060646
868120167060653
868120167060661
868120167060679
868120167060687
868120167060695
868120167060703
868120167060711
868120167060729
868120167060737
868120167060745
868120167060752
868120167060760
868120167060778
868120167060786
868120167060794
868120167060802
868120167060810
868120167060828
868120167060836
868120167060844
868120167060851
868120167060869
868120167060877
868120167060885
868120167060893
868120167060901
868120167060919
868120167060927
868120167060935
868120167060943
868120167060950
868120167060968
868120167060976
868120167060984
868120167060992
868120167061008
868120167061016
868120167061024
868120167061032
868120167061040
868120167061057
868120167061065
868120167061073
868120167061081
868120167061099
868120167061107
868120167061115
868120167061123
868120167061131
868120167061149
868120167061156
868120167061164
868120167061172
868120167061180
868120167061198
868120167061206
868120167061214
868120167061222
868120167061230
868120167061248
868120167061255
868120167061263
868120167061271
868120167061289
868120167061297
868120167061305
868120167061313
868120167061321
868120167061339
868120167061347
868120167061354
868120167061362
868120167061370
868120167061388
868120167061396
868120167061404
868120167061412
868120167061420
868120167061438
868120167061446
868120167061453
868120167061461
868120167061479
868120167061487
868120167061495
868120167061503
868120167061511
868120167061529
868120167061537
868120167061545
868120167061552
868120167061560
868120167061578
868120167061586
868120167061594
868120167061602
868120167061610
868120167061628
868120167061636
868120167061644
868120167061651
868120167061669
868120167061677
868120167061685
868120167061693
868120167061701
868120167061719
868120167061727
868120167061735
868120167061743
868120167061750
868120167061768
868120167061776
868120167061784
868120167061792
868120167061800
868120167061818
868120167061826
868120167061834
868120167061842
868120167061859
868120167061867
868120167061875
868120167061883
868120167061891
868120167061909
868120167061917
868120167061925
868120167061933
868120167061941
868120167061958
868120167061966
868120167061974
868120167061982
868120167061990
868120167062006
868120167062014
868120167062022
868120167062030
868120167062048
868120167062055
868120167062063
868120167062071
868120167062089
868120167062097
868120167062105
868120167062113
868120167062121
868120167062139
868120167062147
868120167062154
868120167062162
868120167062170
868120167062188
868120167062196
868120167062204
868120167062212
868120167062220
868120167062238
868120167062246
868120167062253
868120167062261
868120167062279
868120167062287
868120167062295
868120167062303
868120167062311
868120167062329
868120167062337
868120167062345
868120167062352
868120167062360
868120167062378
868120167062386
868120167062394
868120167062402
868120167062410
868120167062428
868120167062436
868120167062444
868120167062451
868120167062469
868120167062477
868120167062485
868120167062493
868120167062501
868120167062519
868120167062527
868120167062535
868120167062543
868120167062550
868120167062568
868120167062576
868120167062584
868120167062592
868120167062600
868120167062618
868120167062626
868120167062634
868120167062642
868120167062659
868120167062667
868120167062675
868120167062683
868120167062691
868120167062709
868120167062717
868120167062725
868120167062733
868120167062741
868120167062758
868120167062766
868120167062774
868120167062782
868120167062790
868120167062808
868120167062816
868120167062824
868120167062832
868120167062840
868120167062857
868120167062865
868120167062873
868120167062881
868120167062899
868120167062907
868120167062915
868120167062923
868120167062931
868120167062949
868120167062956
868120167062964
868120167062972
868120167062980
868120167062998
868120167063004
868120167063012
868120167063020
868120167063038
868120167063046
868120167063053
868120167063061
868120167063079
868120167063087
868120167063095
868120167063103
868120167063111
868120167063129
868120167063137
868120167063145
868120167063152
868120167063160
868120167063178
868120167063186
868120167063194
868120167063202
868120167063210
868120167063228
868120167063236
868120167063244
868120167063251
868120167063269
868120167063277
868120167063285
868120167063293
868120167063301
868120167063319
868120167063327
868120167063335
868120167063343
868120167063350
868120167063368
868120167063376
868120167063384
868120167063392
868120167063400
868120167063418
868120167063426
868120167063434
868120167063442
868120167063459
868120167063467
868120167063475
868120167063483
868120167063491
868120167063509
868120167063517
868120167063525
868120167063533
868120167063541
868120167063558
868120167063566
868120167063574
868120167063582
868120167063590
868120167063608
868120167063616
868120167063624
868120167063632
868120167063640
868120167063657
868120167063665
868120167063673
868120167063681
868120167063699
868120167063707
868120167063715
868120167063723
868120167063731
868120167063749
868120167063756
868120167063764
868120167063772
868120167063780
868120167063798
868120167063806
868120167063814
868120167063822
868120167063830
868120167063848
868120167063855
868120167063863
868120167063871
868120167063889
868120167063897
868120167063905
868120167063913
868120167063921
868120167063939
868120167063947
868120167063954
868120167063962
868120167063970
868120167063988
868120167063996
868120167064002
868120167064010
868120167064028
868120167064036
868120167064044
868120167064051
868120167064069
868120167064077
868120167064085
868120167064093
868120167064101
868120167064119
868120167064127
868120167064135
868120167064143
868120167064150
868120167064168
868120167064176
868120167064184
868120167064192
868120167064200
868120167064218
868120167064226
868120167064234
868120167064242
868120167064259
868120167064267
868120167064275
868120167064283
868120167064291
868120167064309
868120167064317
868120167064325
868120167064333
868120167064341
868120167064358
868120167064366
868120167064374
868120167064382
868120167064390
868120167064408
868120167064416
868120167064424
868120167064432
868120167064440
868120167064457
868120167064465
868120167064473
868120167064481
868120167064499
868120167064507
868120167064515
868120167064523
868120167064531
868120167064549
868120167064556
868120167064564
868120167064572
868120167064580
868120167064598
868120167064606
868120167064614
868120167064622
868120167064630
868120167064648
868120167064655
868120167064663
868120167064671
868120167064689
868120167064697
868120167064705
868120167064713
868120167064721
868120167064739
868120167064747
868120167064754
868120167064762
868120167064770
868120167064788
868120167064796
868120167064804
868120167064812
868120167064820
868120167064838
868120167064846
868120167064853
868120167064861
868120167064879
868120167064887
868120167064895
868120167064903
868120167064911
868120167064929
868120167064937
868120167064945
868120167064952
868120167064960
868120167064978
868120167064986
868120167064994
868120167065009
868120167065017
868120167065025
868120167065033
868120167065041
868120167065058
868120167065066
868120167065074
868120167065082
868120167065090
868120167065108
868120167065116
868120167065124
868120167065132
868120167065140
868120167065157
868120167065165
868120167065173
868120167065181
868120167065199
868120167065207
868120167065215
868120167065223
868120167065231
868120167065249
868120167065256
868120167065264
868120167065272
868120167065280
868120167065298
868120167065306
868120167065314
868120167065322
868120167065330
868120167065348
868120167065355
868120167065363
868120167065371
868120167065389
868120167065397
868120167065405
868120167065413
868120167065421
868120167065439
868120167065447
868120167065454
868120167065462
868120167065470
868120167065488
868120167065496
868120167065504
868120167065512
868120167065520
868120167065538
868120167065546
868120167065553
868120167065561
868120167065579
868120167065587
868120167065595
868120167065603
868120167065611
868120167065629
868120167065637
868120167065645
868120167065652
868120167065660
868120167065678
868120167065686
868120167065694
868120167065702
868120167065710
868120167065728
868120167065736
868120167065744
868120167065751
868120167065769
868120167065777
868120167065785
868120167065793
868120167065801
868120167065819
868120167065827
868120167065835
868120167065843
868120167065850
868120167065868
868120167065876
868120167065884
868120167065892
868120167065900
868120167065918
868120167065926
868120167065934
868120167065942
868120167065959
868120167065967
868120167065975
868120167065983
868120167065991
868120167066007
868120167066015
868120167066023
868120167066031
868120167066049
868120167066056
868120167066064
868120167066072
868120167066080
868120167066098
868120167066106
868120167066114
868120167066122
868120167066130
868120167066148
868120167066155
868120167066163
868120167066171
868120167066189
868120167066197
868120167066205
868120167066213
868120167066221
868120167066239
868120167066247
868120167066254
868120167066262
868120167066270
868120167066288
868120167066296
868120167066304
868120167066312
868120167066320
868120167066338
868120167066346
868120167066353
868120167066361
868120167066379
868120167066387
868120167066395
868120167066403
868120167066411
868120167066429
868120167066437
868120167066445
868120167066452
868120167066460
868120167066478
868120167066486
868120167066494
868120167066502
868120167066510
868120167066528
868120167066536
868120167066544
868120167066551
868120167066569
868120167066577
868120167066585
868120167066593
868120167066601
868120167066619
868120167066627
868120167066635
868120167066643
868120167066650
868120167066668
868120167066676
868120167066684
868120167066692
868120167066700
868120167066718
868120167066726
868120167066734
868120167066742
868120167066759
868120167066767
868120167066775
868120167066783
868120167066791
868120167066809
868120167066817
868120167066825
868120167066833
868120167066841
868120167066858
868120167066866
868120167066874
868120167066882
868120167066890
868120167066908
868120167066916
868120167066924
868120167066932
868120167066940
868120167066957
868120167066965
868120167066973
868120167066981
868120167066999
868120167067005
868120167067013
868120167067021
868120167067039
868120167067047
868120167067054
868120167067062
868120167067070
868120167067088
868120167067096
868120167067104
868120167067112
868120167067120
868120167067138
868120167067146
868120167067153
868120167067161
868120167067179
868120167067187
868120167067195
868120167067203
868120167067211
868120167067229
868120167067237
868120167067245
868120167067252
868120167067260
868120167067278
868120167067286
868120167067294
868120167067302
868120167067310
868120167067328
868120167067336
868120167067344
868120167067351
868120167067369
868120167067377
868120167067385
868120167067393
868120167067401
868120167067419
868120167067427
868120167067435
868120167067443
868120167067450
868120167067468
868120167067476
868120167067484
868120167067492
868120167067500
868120167067518
868120167067526
868120167067534
868120167067542
868120167067559
868120167067567
868120167067575
868120167067583
868120167067591
868120167067609
868120167067617
868120167067625
868120167067633
868120167067641
868120167067658
868120167067666
868120167067674
868120167067682
868120167067690
868120167067708
868120167067716
868120167067724
868120167067732
868120167067740
868120167067757
868120167067765
868120167067773
868120167067781
868120167067799
868120167067807
868120167067815
868120167067823
868120167067831
868120167067849
868120167067856
868120167067864
868120167067872
868120167067880
868120167067898
868120167067906
868120167067914
868120167067922
868120167067930
868120167067948
868120167067955
868120167067963
868120167067971
868120167067989
868120167067997
868120167068003
868120167068011
868120167068029
868120167068037
868120167068045
868120167068052
868120167068060
868120167068078
868120167068086
868120167068094
868120167068102
868120167068110
868120167068128
868120167068136
868120167068144
868120167068151
868120167068169
868120167068177
868120167068185
868120167068193
868120167068201
868120167068219
868120167068227
868120167068235
868120167068243
868120167068250
868120167068268
868120167068276
868120167068284
868120167068292
868120167068300
868120167068318
868120167068326
868120167068334
868120167068342
868120167068359
868120167068367
868120167068375
868120167068383
868120167068391
868120167068409
868120167068417
868120167068425
868120167068433
868120167068441
868120167068458
868120167068466
868120167068474
868120167068482
868120167068490
868120167068508
868120167068516
868120167068524
868120167068532
868120167068540
868120167068557
868120167068565
868120167068573
868120167068581
868120167068599
868120167068607
868120167068615
868120167068623
868120167068631
868120167068649
868120167068656
868120167068664
868120167068672
868120167068680
868120167068698
868120167068706
868120167068714
868120167068722
868120167068730
868120167068748
868120167068755
868120167068763
868120167068771
868120167068789
868120167068797
868120167068805
868120167068813
868120167068821
868120167068839
868120167068847
868120167068854
868120167068862
868120167068870
868120167068888
868120167068896
868120167068904
868120167068912
868120167068920
868120167068938
868120167068946
868120167068953
868120167068961
868120167068979
868120167068987
868120167068995
868120167069001
868120167069019
868120167069027
868120167069035
868120167069043
868120167069050
868120167069068
868120167069076
868120167069084
868120167069092
868120167069100
868120167069118
868120167069126
868120167069134
868120167069142
868120167069159
868120167069167
868120167069175
868120167069183
868120167069191
868120167069209
868120167069217
868120167069225
868120167069233
868120167069241
868120167069258
868120167069266
868120167069274
868120167069282
868120167069290
868120167069308
868120167069316
868120167069324
868120167069332
