868120163617944
868120163617951
868120163617969
868120163617977
868120163617985
868120163617993
868120163618009
868120163618017
868120163618025
868120163618033
868120163618041
868120163618058
868120163618066
868120163618074
868120163618082
868120163618090
868120163618108
868120163618116
868120163618124
868120163618132
868120163618140
868120163618157
868120163618165
868120163618173
868120163618181
868120163618199
868120163618207
868120163618215
868120163618223
868120163618231
868120163618249
868120163618256
868120163618264
868120163618272
868120163618280
868120163618298
868120163618306
868120163618314
868120163618322
868120163618330
868120163618348
868120163618355
868120163618363
868120163618371
868120163618389
868120163618397
868120163618405
868120163618413
868120163618421
868120163618439
868120163618447
868120163618454
868120163618462
868120163618470
868120163618488
868120163618496
868120163618504
868120163618512
868120163618520
868120163618538
868120163618546
868120163618553
868120163618561
868120163618579
868120163618587
868120163618595
868120163618603
868120163618611
868120163618629
868120163618637
868120163618645
868120163618652
868120163618660
868120163618678
868120163618686
868120163618694
868120163618702
868120163618710
868120163618728
868120163618736
868120163618744
868120163618751
868120163618769
868120163618777
868120163618785
868120163618793
868120163618801
868120163618819
868120163618827
868120163618835
868120163618843
868120163618850
868120163618868
868120163618876
868120163618884
868120163618892
868120163618900
868120163618918
868120163618926
868120163618934
868120163618942
868120163618959
868120163618967
868120163618975
868120163618983
868120163618991
868120163619007
868120163619015
868120163619023
868120163619031
868120163619049
868120163619056
868120163619064
868120163619072
868120163619080
868120163619098
868120163619106
868120163619114
868120163619122
868120163619130
868120163619148
868120163619155
868120163619163
868120163619171
868120163619189
868120163619197
868120163619205
868120163619213
868120163619221
868120163619239
868120163619247
868120163619254
868120163619262
868120163619270
868120163619288
868120163619296
868120163619304
868120163619312
868120163619320
868120163619338
868120163619346
868120163619353
868120163619361
868120163619379
868120163619387
868120163619395
868120163619403
868120163619411
868120163619429
868120163619437
868120163619445
868120163619452
868120163619460
868120163619478
868120163619486
868120163619494
868120163619502
868120163619510
868120163619528
868120163619536
868120163619544
868120163619551
868120163619569
868120163619577
868120163619585
868120163619593
868120163619601
868120163619619
868120163619627
868120163619635
868120163619643
868120163619650
868120163619668
868120163619676
868120163619684
868120163619692
868120163619700
868120163619718
868120163619726
868120163619734
868120163619742
868120163619759
868120163619767
868120163619775
868120163619783
868120163619791
868120163619809
868120163619817
868120163619825
868120163619833
868120163619841
868120163619858
868120163619866
868120163619874
868120163619882
868120163619890
868120163619908
868120163619916
868120163619924
868120163619932
868120163619940
868120163619957
868120163619965
868120163619973
868120163619981
868120163619999
868120163620005
868120163620013
868120163620021
868120163620039
868120163620047
868120163620054
868120163620062
868120163620070
868120163620088
868120163620096
868120163620104
868120163620112
868120163620120
868120163620138
868120163620146
868120163620153
868120163620161
868120163620179
868120163620187
868120163620195
868120163620203
868120163620211
868120163620229
868120163620237
868120163620245
868120163620252
868120163620260
868120163620278
868120163620286
868120163620294
868120163620302
868120163620310
868120163620328
868120163620336
868120163620344
868120163620351
868120163620369
868120163620377
868120163620385
868120163620393
868120163620401
868120163620419
868120163620427
868120163620435
868120163620443
868120163620450
868120163620468
868120163620476
868120163620484
868120163620492
868120163620500
868120163620518
868120163620526
868120163620534
868120163620542
868120163620559
868120163620567
868120163620575
868120163620583
868120163620591
868120163620609
868120163620617
868120163620625
868120163620633
868120163620641
868120163620658
868120163620666
868120163620674
868120163620682
868120163620690
868120163620708
868120163620716
868120163620724
868120163620732
868120163620740
868120163620757
868120163620765
868120163620773
868120163620781
868120163620799
868120163620807
868120163620815
868120163620823
868120163620831
868120163620849
868120163620856
868120163620864
868120163620872
868120163620880
868120163620898
868120163620906
868120163620914
868120163620922
868120163620930
868120163620948
868120163620955
868120163620963
868120163620971
868120163620989
868120163620997
868120163621003
868120163621011
868120163621029
868120163621037
868120163621045
868120163621052
868120163621060
868120163621078
868120163621086
868120163621094
868120163621102
868120163621110
868120163621128
868120163621136
868120163621144
868120163621151
868120163621169
868120163621177
868120163621185
868120163621193
868120163621201
868120163621219
868120163621227
868120163621235
868120163621243
868120163621250
868120163621268
868120163621276
868120163621284
868120163621292
868120163621300
868120163621318
868120163621326
868120163621334
868120163621342
868120163621359
868120163621367
868120163621375
868120163621383
868120163621391
868120163621409
868120163621417
868120163621425
868120163621433
868120163621441
868120163621458
868120163621466
868120163621474
868120163621482
868120163621490
868120163621508
868120163621516
868120163621524
868120163621532
868120163621540
868120163621557
868120163621565
868120163621573
868120163621581
868120163621599
868120163621607
868120163621615
868120163621623
868120163621631
868120163621649
868120163621656
868120163621664
868120163621672
868120163621680
868120163621698
868120163621706
868120163621714
868120163621722
868120163621730
868120163621748
868120163621755
868120163621763
868120163621771
868120163621789
868120163621797
868120163621805
868120163621813
868120163621821
868120163621839
868120163621847
868120163621854
868120163621862
868120163621870
868120163621888
868120163621896
868120163621904
868120163621912
868120163621920
868120163621938
868120163621946
868120163621953
868120163621961
868120163621979
868120163621987
868120163621995
868120163622001
868120163622019
868120163622027
868120163622035
868120163622043
868120163622050
868120163622068
868120163622076
868120163622084
868120163622092
868120163622100
868120163622118
868120163622126
868120163622134
868120163622142
868120163622159
868120163622167
868120163622175
868120163622183
868120163622191
868120163622209
868120163622217
868120163622225
868120163622233
868120163622241
868120163622258
868120163622266
868120163622274
868120163622282
868120163622290
868120163622308
868120163622316
868120163622324
868120163622332
868120163622340
868120163622357
868120163622365
868120163622373
868120163622381
868120163622399
868120163622407
868120163622415
868120163622423
868120163622431
868120163622449
868120163622456
868120163622464
868120163622472
868120163622480
868120163622498
868120163622506
868120163622514
868120163622522
868120163622530
868120163622548
868120163622555
868120163622563
868120163622571
868120163622589
868120163622597
868120163622605
868120163622613
868120163622621
868120163622639
868120163622647
868120163622654
868120163622662
868120163622670
868120163622688
868120163622696
868120163622704
868120163622712
868120163622720
868120163622738
868120163622746
868120163622753
868120163622761
868120163622779
868120163622787
868120163622795
868120163622803
868120163622811
868120163622829
868120163622837
868120163622845
868120163622852
868120163622860
868120163622878
868120163622886
868120163622894
868120163622902
868120163622910
868120163622928
868120163622936
868120163622944
868120163622951
868120163622969
868120163622977
868120163622985
868120163622993
868120163623009
868120163623017
868120163623025
868120163623033
868120163623041
868120163623058
868120163623066
868120163623074
868120163623082
868120163623090
868120163623108
868120163623116
868120163623124
868120163623132
868120163623140
868120163623157
868120163623165
868120163623173
868120163623181
868120163623199
868120163623207
868120163623215
868120163623223
868120163623231
868120163623249
868120163623256
868120163623264
868120163623272
868120163623280
868120163623298
868120163623306
868120163623314
868120163623322
868120163623330
868120163623348
868120163623355
868120163623363
868120163623371
868120163623389
868120163623397
868120163623405
868120163623413
868120163623421
868120163623439
868120163623447
868120163623454
868120163623462
868120163623470
868120163623488
868120163623496
868120163623504
868120163623512
868120163623520
868120163623538
868120163623546
868120163623553
868120163623561
868120163623579
868120163623587
868120163623595
868120163623603
868120163623611
868120163623629
868120163623637
868120163623645
868120163623652
868120163623660
868120163623678
868120163623686
868120163623694
868120163623702
868120163623710
868120163623728
868120163623736
868120163623744
868120163623751
868120163623769
868120163623777
868120163623785
868120163623793
868120163623801
868120163623819
868120163623827
868120163623835
868120163623843
868120163623850
868120163623868
868120163623876
868120163623884
868120163623892
868120163623900
868120163623918
868120163623926
868120163623934
868120163623942
868120163623959
868120163623967
868120163623975
868120163623983
868120163623991
868120163624007
868120163624015
868120163624023
868120163624031
868120163624049
868120163624056
868120163624064
868120163624072
868120163624080
868120163624098
868120163624106
868120163624114
868120163624122
868120163624130
868120163624148
868120163624155
868120163624163
868120163624171
868120163624189
868120163624197
868120163624205
868120163624213
868120163624221
868120163624239
868120163624247
868120163624254
868120163624262
868120163624270
868120163624288
868120163624296
868120163624304
868120163624312
868120163624320
868120163624338
868120163624346
868120163624353
868120163624361
868120163624379
868120163624387
868120163624395
868120163624403
868120163624411
868120163624429
868120163624437
868120163624445
868120163624452
868120163624460
868120163624478
868120163624486
868120163624494
868120163624502
868120163624510
868120163624528
868120163624536
868120163624544
868120163624551
868120163624569
868120163624577
868120163624585
868120163624593
868120163624601
868120163624619
868120163624627
868120163624635
868120163624643
868120163624650
868120163624668
868120163624676
868120163624684
868120163624692
868120163624700
868120163624718
868120163624726
868120163624734
868120163624742
868120163624759
868120163624767
868120163624775
868120163624783
868120163624791
868120163624809
868120163624817
868120163624825
868120163624833
868120163624841
868120163624858
868120163624866
868120163624874
868120163624882
868120163624890
868120163624908
868120163624916
868120163624924
868120163624932
868120163624940
868120163624957
868120163624965
868120163624973
868120163624981
868120163624999
868120163625004
868120163625012
868120163625020
868120163625038
868120163625046
868120163625053
868120163625061
868120163625079
868120163625087
868120163625095
868120163625103
868120163625111
868120163625129
868120163625137
868120163625145
868120163625152
868120163625160
868120163625178
868120163625186
868120163625194
868120163625202
868120163625210
868120163625228
868120163625236
868120163625244
868120163625251
868120163625269
868120163625277
868120163625285
868120163625293
868120163625301
868120163625319
868120163625327
868120163625335
868120163625343
868120163625350
868120163625368
868120163625376
868120163625384
868120163625392
868120163625400
868120163625418
868120163625426
868120163625434
868120163625442
868120163625459
868120163625467
868120163625475
868120163625483
868120163625491
868120163625509
868120163625517
868120163625525
868120163625533
868120163625541
868120163625558
868120163625566
868120163625574
868120163625582
868120163625590
868120163625608
868120163625616
868120163625624
868120163625632
868120163625640
868120163625657
868120163625665
868120163625673
868120163625681
868120163625699
868120163625707
868120163625715
868120163625723
868120163625731
868120163625749
868120163625756
868120163625764
868120163625772
868120163625780
868120163625798
868120163625806
868120163625814
868120163625822
868120163625830
868120163625848
868120163625855
868120163625863
868120163625871
868120163625889
868120163625897
868120163625905
868120163625913
868120163625921
868120163625939
868120163625947
868120163625954
868120163625962
868120163625970
868120163625988
868120163625996
868120163626002
868120163626010
868120163626028
868120163626036
868120163626044
868120163626051
868120163626069
868120163626077
868120163626085
868120163626093
868120163626101
868120163626119
868120163626127
868120163626135
868120163626143
868120163626150
868120163626168
868120163626176
868120163626184
868120163626192
868120163626200
868120163626218
868120163626226
868120163626234
868120163626242
868120163626259
868120163626267
868120163626275
868120163626283
868120163626291
868120163626309
868120163626317
868120163626325
868120163626333
868120163626341
868120163626358
868120163626366
868120163626374
868120163626382
868120163626390
868120163626408
868120163626416
868120163626424
868120163626432
868120163626440
868120163626457
868120163626465
868120163626473
868120163626481
868120163626499
868120163626507
868120163626515
868120163626523
868120163626531
868120163626549
868120163626556
868120163626564
868120163626572
868120163626580
868120163626598
868120163626606
868120163626614
868120163626622
868120163626630
868120163626648
868120163626655
868120163626663
868120163626671
868120163626689
868120163626697
868120163626705
868120163626713
868120163626721
868120163626739
868120163626747
868120163626754
868120163626762
868120163626770
868120163626788
868120163626796
868120163626804
868120163626812
868120163626820
868120163626838
868120163626846
868120163626853
868120163626861
868120163626879
868120163626887
868120163626895
868120163626903
868120163626911
868120163626929
868120163626937
868120163626945
868120163626952
868120163626960
868120163626978
868120163626986
868120163626994
868120163627000
868120163627018
868120163627026
868120163627034
868120163627042
868120163627059
868120163627067
868120163627075
868120163627083
868120163627091
868120163627109
868120163627117
868120163627125
868120163627133
868120163627141
868120163627158
868120163627166
868120163627174
868120163627182
868120163627190
868120163627208
868120163627216
868120163627224
868120163627232
868120163627240
868120163627257
868120163627265
868120163627273
868120163627281
868120163627299
868120163627307
868120163627315
868120163627323
868120163627331
868120163627349
868120163627356
868120163627364
868120163627372
868120163627380
868120163627398
868120163627406
868120163627414
868120163627422
868120163627430
868120163627448
868120163627455
868120163627463
868120163627471
868120163627489
868120163627497
868120163627505
868120163627513
868120163627521
868120163627539
868120163627547
868120163627554
868120163627562
868120163627570
868120163627588
868120163627596
868120163627604
868120163627612
868120163627620
868120163627638
868120163627646
868120163627653
868120163627661
868120163627679
868120163627687
868120163627695
868120163627703
868120163627711
868120163627729
868120163627737
868120163627745
868120163627752
868120163627760
868120163627778
868120163627786
868120163627794
868120163627802
868120163627810
868120163627828
868120163627836
868120163627844
868120163627851
868120163627869
868120163627877
868120163627885
868120163627893
868120163627901
868120163627919
868120163627927
868120163627935
868120163627943
868120163627950
868120163627968
868120163627976
868120163627984
868120163627992
868120163628008
868120163628016
868120163628024
868120163628032
868120163628040
868120163628057
868120163628065
868120163628073
868120163628081
868120163628099
868120163628107
868120163628115
868120163628123
868120163628131
868120163628149
868120163628156
868120163628164
868120163628172
868120163628180
868120163628198
868120163628206
868120163628214
868120163628222
868120163628230
868120163628248
868120163628255
868120163628263
868120163628271
868120163628289
868120163628297
868120163628305
868120163628313
868120163628321
868120163628339
868120163628347
868120163628354
868120163628362
868120163628370
868120163628388
868120163628396
868120163628404
868120163628412
868120163628420
868120163628438
868120163628446
868120163628453
868120163628461
868120163628479
868120163628487
868120163628495
868120163628503
868120163628511
868120163628529
868120163628537
868120163628545
868120163628552
868120163628560
868120163628578
868120163628586
868120163628594
868120163628602
868120163628610
868120163628628
868120163628636
868120163628644
868120163628651
868120163628669
868120163628677
868120163628685
868120163628693
868120163628701
868120163628719
868120163628727
868120163628735
868120163628743
868120163628750
868120163628768
868120163628776
868120163628784
868120163628792
868120163628800
868120163628818
868120163628826
868120163628834
868120163628842
868120163628859
868120163628867
868120163628875
868120163628883
868120163628891
868120163628909
868120163628917
868120163628925
868120163628933
868120163628941
868120163628958
868120163628966
868120163628974
868120163628982
868120163628990
868120163629006
868120163629014
868120163629022
868120163629030
868120163629048
868120163629055
868120163629063
868120163629071
868120163629089
868120163629097
868120163629105
868120163629113
868120163629121
868120163629139
868120163629147
868120163629154
868120163629162
868120163629170
868120163629188
868120163629196
868120163629204
868120163629212
868120163629220
868120163629238
868120163629246
868120163629253
868120163629261
868120163629279
868120163629287
868120163629295
868120163629303
868120163629311
868120163629329
868120163629337
868120163629345
868120163629352
868120163629360
868120163629378
868120163629386
868120163629394
868120163629402
868120163629410
868120163629428
868120163629436
868120163629444
868120163629451
868120163629469
868120163629477
868120163629485
868120163629493
868120163629501
868120163629519
868120163629527
868120163629535
868120163629543
868120163629550
868120163629568
868120163629576
868120163629584
868120163629592
868120163629600
868120163629618
868120163629626
868120163629634
868120163629642
868120163629659
868120163629667
868120163629675
868120163629683
868120163629691
868120163629709
868120163629717
868120163629725
868120163629733
868120163629741
868120163629758
868120163629766
868120163629774
868120163629782
868120163629790
868120163629808
868120163629816
868120163629824
868120163629832
868120163629840
868120163629857
868120163629865
868120163629873
868120163629881
868120163629899
868120163629907
868120163629915
868120163629923
868120163629931
868120163629949
868120163629956
868120163629964
868120163629972
868120163629980
868120163629998
868120163630004
868120163630012
868120163630020
868120163630038
868120163630046
868120163630053
868120163630061
868120163630079
868120163630087
868120163630095
868120163630103
868120163630111
868120163630129
868120163630137
868120163630145
868120163630152
868120163630160
868120163630178
868120163630186
868120163630194
868120163630202
868120163630210
868120163630228
868120163630236
868120163630244
868120163630251
868120163630269
868120163630277
868120163630285
868120163630293
868120163630301
868120163630319
868120163630327
868120163630335
868120163630343
868120163630350
868120163630368
868120163630376
868120163630384
868120163630392
868120163630400
868120163630418
868120163630426
868120163630434
868120163630442
868120163630459
868120163630467
868120163630475
868120163630483
868120163630491
868120163630509
868120163630517
868120163630525
868120163630533
868120163630541
868120163630558
868120163630566
868120163630574
868120163630582
868120163630590
868120163630608
868120163630616
868120163630624
868120163630632
868120163630640
868120163630657
868120163630665
868120163630673
868120163630681
868120163630699
868120163630707
868120163630715
868120163630723
868120163630731
868120163630749
868120163630756
868120163630764
868120163630772
868120163630780
868120163630798
868120163630806
868120163630814
868120163630822
868120163630830
868120163630848
868120163630855
868120163630863
868120163630871
868120163630889
868120163630897
868120163630905
868120163630913
868120163630921
868120163630939
868120163630947
868120163630954
868120163630962
868120163630970
868120163630988
868120163630996
868120163631002
868120163631010
868120163631028
868120163631036
868120163631044
868120163631051
868120163631069
868120163631077
868120163631085
868120163631093
868120163631101
868120163631119
868120163631127
868120163631135
868120163631143
868120163631150
868120163631168
868120163631176
868120163631184
868120163631192
868120163631200
868120163631218
868120163631226
868120163631234
868120163631242
868120163631259
868120163631267
868120163631275
868120163631283
868120163631291
868120163631309
868120163631317
868120163631325
868120163631333
868120163631341
868120163631358
868120163631366
868120163631374
868120163631382
868120163631390
868120163631408
868120163631416
868120163631424
868120163631432
868120163631440
868120163631457
868120163631465
868120163631473
868120163631481
868120163631499
868120163631507
868120163631515
868120163631523
868120163631531
868120163631549
868120163631556
868120163631564
868120163631572
868120163631580
868120163631598
868120163631606
868120163631614
868120163631622
868120163631630
868120163631648
868120163631655
868120163631663
868120163631671
868120163631689
868120163631697
868120163631705
868120163631713
868120163631721
868120163631739
868120163631747
868120163631754
868120163631762
868120163631770
868120163631788
868120163631796
868120163631804
868120163631812
868120163631820
868120163631838
868120163631846
868120163631853
868120163631861
868120163631879
868120163631887
868120163631895
868120163631903
868120163631911
868120163631929
868120163631937
868120163631945
868120163631952
868120163631960
868120163631978
868120163631986
868120163631994
868120163632000
868120163632018
868120163632026
868120163632034
868120163632042
868120163632059
868120163632067
868120163632075
868120163632083
868120163632091
868120163632109
868120163632117
868120163632125
868120163632133
868120163632141
868120163632158
868120163632166
868120163632174
868120163632182
868120163632190
868120163632208
868120163632216
868120163632224
868120163632232
868120163632240
868120163632257
868120163632265
868120163632273
868120163632281
868120163632299
868120163632307
868120163632315
868120163632323
868120163632331
868120163632349
868120163632356
868120163632364
868120163632372
868120163632380
868120163632398
868120163632406
868120163632414
868120163632422
868120163632430
868120163632448
868120163632455
868120163632463
868120163632471
868120163632489
868120163632497
868120163632505
868120163632513
868120163632521
868120163632539
868120163632547
868120163632554
868120163632562
868120163632570
868120163632588
868120163632596
868120163632604
868120163632612
868120163632620
868120163632638
868120163632646
868120163632653
868120163632661
868120163632679
868120163632687
868120163632695
868120163632703
868120163632711
868120163632729
868120163632737
868120163632745
868120163632752
868120163632760
868120163632778
868120163632786
868120163632794
868120163632802
868120163632810
868120163632828
868120163632836
868120163632844
868120163632851
868120163632869
868120163632877
868120163632885
868120163632893
868120163632901
868120163632919
868120163632927
868120163632935
868120163632943
868120163632950
868120163632968
868120163632976
868120163632984
868120163632992
868120163633008
868120163633016
868120163633024
868120163633032
868120163633040
868120163633057
868120163633065
868120163633073
868120163633081
868120163633099
868120163633107
868120163633115
868120163633123
868120163633131
868120163633149
868120163633156
868120163633164
868120163633172
868120163633180
868120163633198
868120163633206
868120163633214
868120163633222
868120163633230
868120163633248
868120163633255
868120163633263
868120163633271
868120163633289
868120163633297
868120163633305
868120163633313
868120163633321
868120163633339
868120163633347
868120163633354
868120163633362
868120163633370
868120163633388
868120163633396
868120163633404
868120163633412
868120163633420
868120163633438
868120163633446
868120163633453
868120163633461
868120163633479
868120163633487
868120163633495
868120163633503
868120163633511
868120163633529
868120163633537
868120163633545
868120163633552
868120163633560
868120163633578
868120163633586
868120163633594
868120163633602
868120163633610
868120163633628
868120163633636
868120163633644
868120163633651
868120163633669
868120163633677
868120163633685
868120163633693
868120163633701
868120163633719
868120163633727
868120163633735
868120163633743
868120163633750
868120163633768
868120163633776
868120163633784
868120163633792
868120163633800
868120163633818
868120163633826
868120163633834
868120163633842
868120163633859
868120163633867
868120163633875
868120163633883
868120163633891
868120163633909
868120163633917
868120163633925
868120163633933
868120163633941
868120163633958
868120163633966
868120163633974
868120163633982
868120163633990
868120163634006
868120163634014
868120163634022
868120163634030
868120163634048
868120163634055
868120163634063
868120163634071
868120163634089
868120163634097
868120163634105
868120163634113
868120163634121
868120163634139
868120163634147
868120163634154
868120163634162
868120163634170
868120163634188
868120163634196
868120163634204
868120163634212
868120163634220
868120163634238
868120163634246
868120163634253
868120163634261
868120163634279
868120163634287
868120163634295
868120163634303
868120163634311
868120163634329
868120163634337
868120163634345
868120163634352
868120163634360
868120163634378
868120163634386
868120163634394
868120163634402
868120163634410
868120163634428
868120163634436
868120163634444
868120163634451
868120163634469
868120163634477
868120163634485
868120163634493
868120163634501
868120163634519
868120163634527
868120163634535
868120163634543
868120163634550
868120163634568
868120163634576
868120163634584
868120163634592
868120163634600
868120163634618
868120163634626
868120163634634
868120163634642
868120163634659
868120163634667
868120163634675
868120163634683
868120163634691
868120163634709
868120163634717
868120163634725
868120163634733
868120163634741
868120163634758
868120163634766
868120163634774
868120163634782
868120163634790
868120163634808
868120163634816
868120163634824
868120163634832
868120163634840
868120163634857
868120163634865
868120163634873
868120163634881
868120163634899
868120163634907
868120163634915
868120163634923
868120163634931
868120163634949
868120163634956
868120163634964
868120163634972
868120163634980
868120163634998
868120163635003
868120163635011
868120163635029
868120163635037
868120163635045
868120163635052
868120163635060
868120163635078
868120163635086
868120163635094
868120163635102
868120163635110
868120163635128
868120163635136
868120163635144
868120163635151
868120163635169
868120163635177
868120163635185
868120163635193
868120163635201
868120163635219
868120163635227
868120163635235
868120163635243
868120163635250
868120163635268
868120163635276
868120163635284
868120163635292
868120163635300
868120163635318
868120163635326
868120163635334
868120163635342
868120163635359
868120163635367
868120163635375
868120163635383
868120163635391
868120163635409
868120163635417
868120163635425
868120163635433
868120163635441
868120163635458
868120163635466
868120163635474
868120163635482
868120163635490
868120163635508
868120163635516
868120163635524
868120163635532
868120163635540
868120163635557
868120163635565
868120163635573
868120163635581
868120163635599
868120163635607
868120163635615
868120163635623
868120163635631
868120163635649
868120163635656
868120163635664
868120163635672
868120163635680
868120163635698
868120163635706
868120163635714
868120163635722
868120163635730
868120163635748
868120163635755
868120163635763
868120163635771
868120163635789
868120163635797
868120163635805
868120163635813
868120163635821
868120163635839
868120163635847
868120163635854
868120163635862
868120163635870
868120163635888
868120163635896
868120163635904
868120163635912
868120163635920
868120163635938
868120163635946
868120163635953
868120163635961
868120163635979
868120163635987
868120163635995
868120163636001
868120163636019
868120163636027
868120163636035
868120163636043
868120163636050
868120163636068
868120163636076
868120163636084
868120163636092
868120163636100
868120163636118
868120163636126
868120163636134
868120163636142
868120163636159
868120163636167
868120163636175
868120163636183
868120163636191
868120163636209
868120163636217
868120163636225
868120163636233
868120163636241
868120163636258
868120163636266
868120163636274
868120163636282
868120163636290
868120163636308
868120163636316
868120163636324
868120163636332
868120163636340
868120163636357
868120163636365
868120163636373
868120163636381
868120163636399
868120163636407
868120163636415
868120163636423
868120163636431
868120163636449
868120163636456
868120163636464
868120163636472
868120163636480
868120163636498
868120163636506
868120163636514
868120163636522
868120163636530
868120163636548
868120163636555
868120163636563
868120163636571
868120163636589
868120163636597
868120163636605
868120163636613
868120163636621
868120163636639
868120163636647
868120163636654
868120163636662
868120163636670
868120163636688
868120163636696
868120163636704
868120163636712
868120163636720
868120163636738
868120163636746
868120163636753
868120163636761
868120163636779
868120163636787
868120163636795
868120163636803
868120163636811
868120163636829
868120163636837
868120163636845
868120163636852
868120163636860
868120163636878
868120163636886
868120163636894
868120163636902
868120163636910
868120163636928
868120163636936
868120163636944
868120163636951
868120163636969
868120163636977
868120163636985
868120163636993
868120163637009
868120163637017
868120163637025
868120163637033
868120163637041
868120163637058
868120163637066
868120163637074
868120163637082
868120163637090
868120163637108
868120163637116
868120163637124
868120163637132
868120163637140
868120163637157
868120163637165
868120163637173
868120163637181
868120163637199
868120163637207
868120163637215
868120163637223
868120163637231
868120163637249
868120163637256
868120163637264
868120163637272
868120163637280
868120163637298
868120163637306
868120163637314
868120163637322
868120163637330
868120163637348
868120163637355
868120163637363
868120163637371
868120163637389
868120163637397
868120163637405
868120163637413
868120163637421
868120163637439
868120163637447
868120163637454
868120163637462
868120163637470
868120163637488
868120163637496
868120163637504
868120163637512
868120163637520
868120163637538
868120163637546
868120163637553
868120163637561
868120163637579
868120163637587
868120163637595
868120163637603
868120163637611
868120163637629
868120163637637
868120163637645
868120163637652
868120163637660
868120163637678
868120163637686
868120163637694
868120163637702
868120163637710
868120163637728
868120163637736
868120163637744
868120163637751
868120163637769
868120163637777
868120163637785
868120163637793
868120163637801
868120163637819
868120163637827
868120163637835
868120163637843
868120163637850
868120163637868
868120163637876
868120163637884
868120163637892
868120163637900
868120163637918
868120163637926
868120163637934
868120163637942
868120163637959
868120163637967
868120163637975
868120163637983
868120163637991
868120163638007
868120163638015
868120163638023
868120163638031
868120163638049
868120163638056
868120163638064
868120163638072
868120163638080
868120163638098
868120163638106
868120163638114
868120163638122
868120163638130
868120163638148
868120163638155
868120163638163
868120163638171
868120163638189
868120163638197
868120163638205
868120163638213
868120163638221
868120163638239
868120163638247
868120163638254
868120163638262
868120163638270
868120163638288
868120163638296
868120163638304
868120163638312
868120163638320
868120163638338
868120163638346
868120163638353
868120163638361
868120163638379
868120163638387
868120163638395
868120163638403
868120163638411
868120163638429
868120163638437
868120163638445
868120163638452
868120163638460
868120163638478
868120163638486
868120163638494
868120163638502
868120163638510
868120163638528
868120163638536
868120163638544
868120163638551
868120163638569
868120163638577
868120163638585
868120163638593
868120163638601
868120163638619
868120163638627
868120163638635
868120163638643
868120163638650
868120163638668
868120163638676
868120163638684
868120163638692
868120163638700
868120163638718
868120163638726
868120163638734
868120163638742
868120163638759
868120163638767
868120163638775
868120163638783
868120163638791
868120163638809
868120163638817
868120163638825
868120163638833
868120163638841
868120163638858
868120163638866
868120163638874
868120163638882
868120163638890
868120163638908
868120163638916
868120163638924
868120163638932
868120163638940
868120163638957
868120163638965
868120163638973
868120163638981
868120163638999
868120163639005
868120163639013
868120163639021
868120163639039
868120163639047
868120163639054
868120163639062
868120163639070
868120163639088
868120163639096
868120163639104
868120163639112
868120163639120
868120163639138
868120163639146
868120163639153
868120163639161
868120163639179
868120163639187
868120163639195
868120163639203
868120163639211
868120163639229
868120163639237
868120163639245
868120163639252
868120163639260
868120163639278
868120163639286
868120163639294
868120163639302
868120163639310
868120163639328
868120163639336
868120163639344
868120163639351
868120163639369
868120163639377
868120163639385
868120163639393
868120163639401
868120163639419
868120163639427
868120163639435
868120163639443
868120163639450
868120163639468
868120163639476
868120163639484
868120163639492
868120163639500
868120163639518
868120163639526
868120163639534
868120163639542
868120163639559
868120163639567
868120163639575
868120163639583
868120163639591
868120163639609
868120163639617
868120163639625
868120163639633
868120163639641
868120163639658
868120163639666
868120163639674
868120163639682
868120163639690
868120163639708
868120163639716
868120163639724
868120163639732
868120163639740
868120163639757
868120163639765
868120163639773
868120163639781
868120163639799
868120163639807
868120163639815
868120163639823
868120163639831
868120163639849
868120163639856
868120163639864
868120163639872
868120163639880
868120163639898
868120163639906
868120163639914
868120163639922
868120163639930
868120163639948
868120163639955
868120163639963
868120163639971
868120163639989
868120163639997
868120163640003
868120163640011
868120163640029
868120163640037
868120163640045
868120163640052
868120163640060
868120163640078
868120163640086
868120163640094
868120163640102
868120163640110
868120163640128
868120163640136
868120163640144
868120163640151
868120163640169
868120163640177
868120163640185
868120163640193
868120163640201
868120163640219
868120163640227
868120163640235
868120163640243
868120163640250
868120163640268
868120163640276
868120163640284
868120163640292
868120163640300
868120163640318
868120163640326
868120163640334
868120163640342
868120163640359
868120163640367
868120163640375
868120163640383
868120163640391
868120163640409
868120163640417
868120163640425
868120163640433
868120163640441
868120163640458
868120163640466
868120163640474
868120163640482
868120163640490
868120163640508
868120163640516
868120163640524
868120163640532
868120163640540
868120163640557
868120163640565
868120163640573
868120163640581
868120163640599
868120163640607
868120163640615
868120163640623
868120163640631
868120163640649
868120163640656
868120163640664
868120163640672
868120163640680
868120163640698
868120163640706
868120163640714
868120163640722
868120163640730
868120163640748
868120163640755
868120163640763
868120163640771
868120163640789
868120163640797
868120163640805
868120163640813
868120163640821
868120163640839
868120163640847
868120163640854
868120163640862
868120163640870
868120163640888
868120163640896
868120163640904
868120163640912
868120163640920
868120163640938
868120163640946
868120163640953
868120163640961
868120163640979
868120163640987
868120163640995
868120163641001
868120163641019
868120163641027
868120163641035
868120163641043
868120163641050
868120163641068
868120163641076
868120163641084
868120163641092
868120163641100
868120163641118
868120163641126
868120163641134
868120163641142
868120163641159
868120163641167
868120163641175
868120163641183
868120163641191
868120163641209
868120163641217
868120163641225
868120163641233
868120163641241
868120163641258
868120163641266
868120163641274
868120163641282
868120163641290
868120163641308
868120163641316
868120163641324
868120163641332
868120163641340
868120163641357
868120163641365
868120163641373
868120163641381
868120163641399
868120163641407
868120163641415
868120163641423
868120163641431
868120163641449
868120163641456
868120163641464
868120163641472
868120163641480
868120163641498
868120163641506
868120163641514
868120163641522
868120163641530
868120163641548
868120163641555
868120163641563
868120163641571
868120163641589
868120163641597
868120163641605
868120163641613
868120163641621
868120163641639
868120163641647
868120163641654
868120163641662
868120163641670
868120163641688
868120163641696
868120163641704
868120163641712
868120163641720
868120163641738
868120163641746
868120163641753
868120163641761
868120163641779
868120163641787
868120163641795
868120163641803
868120163641811
868120163641829
868120163641837
868120163641845
868120163641852
868120163641860
868120163641878
868120163641886
868120163641894
868120163641902
868120163641910
868120163641928
868120163641936
868120163641944
868120163641951
868120163641969
868120163641977
868120163641985
868120163641993
868120163642009
868120163642017
868120163642025
868120163642033
868120163642041
868120163642058
868120163642066
868120163642074
868120163642082
868120163642090
868120163642108
868120163642116
868120163642124
868120163642132
868120163642140
868120163642157
868120163642165
868120163642173
868120163642181
868120163642199
868120163642207
868120163642215
868120163642223
868120163642231
868120163642249
868120163642256
868120163642264
868120163642272
868120163642280
868120163642298
868120163642306
868120163642314
868120163642322
868120163642330
868120163642348
868120163642355
868120163642363
868120163642371
868120163642389
868120163642397
868120163642405
868120163642413
868120163642421
868120163642439
868120163642447
868120163642454
868120163642462
868120163642470
868120163642488
868120163642496
868120163642504
868120163642512
868120163642520
868120163642538
868120163642546
868120163642553
868120163642561
868120163642579
868120163642587
868120163642595
868120163642603
868120163642611
868120163642629
868120163642637
868120163642645
868120163642652
868120163642660
868120163642678
868120163642686
868120163642694
868120163642702
868120163642710
868120163642728
868120163642736
868120163642744
868120163642751
868120163642769
868120163642777
868120163642785
868120163642793
868120163642801
868120163642819
868120163642827
868120163642835
868120163642843
868120163642850
868120163642868
868120163642876
868120163642884
868120163642892
868120163642900
868120163642918
868120163642926
868120163642934
868120163642942
868120163642959
868120163642967
868120163642975
868120163642983
868120163642991
868120163643007
868120163643015
868120163643023
868120163643031
868120163643049
868120163643056
868120163643064
868120163643072
868120163643080
868120163643098
868120163643106
868120163643114
868120163643122
868120163643130
868120163643148
868120163643155
868120163643163
868120163643171
868120163643189
868120163643197
868120163643205
868120163643213
868120163643221
868120163643239
868120163643247
868120163643254
868120163643262
868120163643270
868120163643288
868120163643296
868120163643304
868120163643312
868120163643320
868120163643338
868120163643346
868120163643353
868120163643361
868120163643379
868120163643387
868120163643395
868120163643403
868120163643411
868120163643429
868120163643437
868120163643445
868120163643452
868120163643460
868120163643478
868120163643486
868120163643494
868120163643502
868120163643510
868120163643528
868120163643536
868120163643544
868120163643551
868120163643569
868120163643577
868120163643585
868120163643593
868120163643601
868120163643619
868120163643627
868120163643635
868120163643643
868120163643650
868120163643668
868120163643676
868120163643684
868120163643692
868120163643700
868120163643718
868120163643726
868120163643734
868120163643742
868120163643759
868120163643767
868120163643775
868120163643783
868120163643791
868120163643809
868120163643817
868120163643825
868120163643833
868120163643841
868120163643858
868120163643866
868120163643874
868120163643882
868120163643890
868120163643908
868120163643916
868120163643924
868120163643932
868120163643940
868120163643957
868120163643965
868120163643973
868120163643981
868120163643999
868120163644005
868120163644013
868120163644021
868120163644039
868120163644047
868120163644054
868120163644062
868120163644070
868120163644088
868120163644096
868120163644104
868120163644112
868120163644120
868120163644138
868120163644146
868120163644153
868120163644161
868120163644179
868120163644187
868120163644195
868120163644203
868120163644211
868120163644229
868120163644237
868120163644245
868120163644252
868120163644260
868120163644278
868120163644286
868120163644294
868120163644302
868120163644310
868120163644328
868120163644336
868120163644344
868120163644351
868120163644369
868120163644377
868120163644385
868120163644393
868120163644401
868120163644419
868120163644427
868120163644435
868120163644443
868120163644450
868120163644468
868120163644476
868120163644484
868120163644492
868120163644500
868120163644518
868120163644526
868120163644534
868120163644542
868120163644559
868120163644567
868120163644575
868120163644583
868120163644591
868120163644609
868120163644617
868120163644625
868120163644633
868120163644641
868120163644658
868120163644666
868120163644674
868120163644682
868120163644690
868120163644708
868120163644716
868120163644724
868120163644732
868120163644740
868120163644757
868120163644765
868120163644773
868120163644781
868120163644799
868120163644807
868120163644815
868120163644823
868120163644831
868120163644849
868120163644856
868120163644864
868120163644872
868120163644880
868120163644898
868120163644906
868120163644914
868120163644922
868120163644930
868120163644948
868120163644955
868120163644963
868120163644971
868120163644989
868120163644997
868120163645002
868120163645010
868120163645028
868120163645036
868120163645044
868120163645051
868120163645069
868120163645077
868120163645085
868120163645093
868120163645101
868120163645119
868120163645127
868120163645135
868120163645143
868120163645150
868120163645168
868120163645176
868120163645184
868120163645192
868120163645200
868120163645218
868120163645226
868120163645234
868120163645242
868120163645259
868120163645267
868120163645275
868120163645283
868120163645291
868120163645309
868120163645317
868120163645325
868120163645333
868120163645341
868120163645358
868120163645366
868120163645374
868120163645382
868120163645390
868120163645408
868120163645416
868120163645424
868120163645432
868120163645440
868120163645457
868120163645465
868120163645473
868120163645481
868120163645499
868120163645507
868120163645515
868120163645523
868120163645531
868120163645549
868120163645556
868120163645564
868120163645572
868120163645580
868120163645598
868120163645606
868120163645614
868120163645622
868120163645630
868120163645648
868120163645655
868120163645663
868120163645671
868120163645689
868120163645697
868120163645705
868120163645713
868120163645721
868120163645739
868120163645747
868120163645754
868120163645762
868120163645770
868120163645788
868120163645796
868120163645804
868120163645812
868120163645820
868120163645838
868120163645846
868120163645853
868120163645861
868120163645879
868120163645887
868120163645895
868120163645903
868120163645911
868120163645929
868120163645937
868120163645945
868120163645952
868120163645960
868120163645978
868120163645986
868120163645994
868120163646000
868120163646018
868120163646026
868120163646034
868120163646042
868120163646059
868120163646067
868120163646075
868120163646083
868120163646091
868120163646109
868120163646117
868120163646125
868120163646133
868120163646141
868120163646158
868120163646166
868120163646174
868120163646182
868120163646190
868120163646208
868120163646216
868120163646224
868120163646232
868120163646240
868120163646257
868120163646265
868120163646273
868120163646281
868120163646299
868120163646307
868120163646315
868120163646323
868120163646331
868120163646349
868120163646356
868120163646364
868120163646372
868120163646380
868120163646398
868120163646406
868120163646414
868120163646422
868120163646430
868120163646448
868120163646455
868120163646463
868120163646471
868120163646489
868120163646497
868120163646505
868120163646513
868120163646521
868120163646539
868120163646547
868120163646554
868120163646562
868120163646570
868120163646588
868120163646596
868120163646604
868120163646612
868120163646620
868120163646638
868120163646646
868120163646653
868120163646661
868120163646679
868120163646687
868120163646695
868120163646703
868120163646711
868120163646729
868120163646737
868120163646745
868120163646752
868120163646760
868120163646778
868120163646786
868120163646794
868120163646802
868120163646810
868120163646828
868120163646836
868120163646844
868120163646851
868120163646869
868120163646877
868120163646885
868120163646893
868120163646901
868120163646919
868120163646927
868120163646935
868120163646943
868120163646950
868120163646968
868120163646976
868120163646984
868120163646992
868120163647008
868120163647016
868120163647024
868120163647032
868120163647040
868120163647057
868120163647065
868120163647073
868120163647081
868120163647099
868120163647107
868120163647115
868120163647123
868120163647131
868120163647149
868120163647156
868120163647164
868120163647172
868120163647180
868120163647198
868120163647206
868120163647214
868120163647222
868120163647230
868120163647248
868120163647255
868120163647263
868120163647271
868120163647289
868120163647297
868120163647305
868120163647313
868120163647321
868120163647339
868120163647347
868120163647354
868120163647362
868120163647370
868120163647388
868120163647396
868120163647404
868120163647412
868120163647420
868120163647438
868120163647446
868120163647453
868120163647461
868120163647479
868120163647487
868120163647495
868120163647503
868120163647511
868120163647529
868120163647537
868120163647545
868120163647552
868120163647560
868120163647578
868120163647586
868120163647594
868120163647602
868120163647610
868120163647628
868120163647636
868120163647644
868120163647651
868120163647669
868120163647677
868120163647685
868120163647693
868120163647701
868120163647719
868120163647727
868120163647735
868120163647743
868120163647750
868120163647768
868120163647776
868120163647784
868120163647792
868120163647800
868120163647818
868120163647826
868120163647834
868120163647842
868120163647859
868120163647867
868120163647875
868120163647883
868120163647891
868120163647909
868120163647917
868120163647925
868120163647933
868120163647941
868120163647958
868120163647966
868120163647974
868120163647982
868120163647990
868120163648006
868120163648014
868120163648022
868120163648030
868120163648048
868120163648055
868120163648063
868120163648071
868120163648089
868120163648097
868120163648105
868120163648113
868120163648121
868120163648139
868120163648147
868120163648154
868120163648162
868120163648170
868120163648188
868120163648196
868120163648204
868120163648212
868120163648220
868120163648238
868120163648246
868120163648253
868120163648261
868120163648279
868120163648287
868120163648295
868120163648303
868120163648311
868120163648329
868120163648337
868120163648345
868120163648352
868120163648360
868120163648378
868120163648386
868120163648394
868120163648402
868120163648410
868120163648428
868120163648436
868120163648444
868120163648451
868120163648469
868120163648477
868120163648485
868120163648493
868120163648501
868120163648519
868120163648527
868120163648535
868120163648543
868120163648550
868120163648568
868120163648576
868120163648584
868120163648592
868120163648600
868120163648618
868120163648626
868120163648634
868120163648642
868120163648659
868120163648667
868120163648675
868120163648683
868120163648691
868120163648709
868120163648717
868120163648725
868120163648733
868120163648741
868120163648758
868120163648766
868120163648774
868120163648782
868120163648790
868120163648808
868120163648816
868120163648824
868120163648832
868120163648840
868120163648857
868120163648865
868120163648873
868120163648881
868120163648899
868120163648907
868120163648915
868120163648923
868120163648931
868120163648949
868120163648956
868120163648964
868120163648972
868120163648980
868120163648998
868120163649004
868120163649012
868120163649020
868120163649038
868120163649046
868120163649053
868120163649061
868120163649079
868120163649087
868120163649095
868120163649103
868120163649111
868120163649129
868120163649137
868120163649145
868120163649152
868120163649160
868120163649178
868120163649186
868120163649194
868120163649202
868120163649210
868120163649228
868120163649236
868120163649244
868120163649251
868120163649269
868120163649277
868120163649285
868120163649293
868120163649301
868120163649319
868120163649327
868120163649335
868120163649343
868120163649350
868120163649368
868120163649376
868120163649384
868120163649392
868120163649400
868120163649418
868120163649426
868120163649434
868120163649442
868120163649459
868120163649467
868120163649475
868120163649483
868120163649491
868120163649509
868120163649517
868120163649525
868120163649533
868120163649541
868120163649558
868120163649566
868120163649574
868120163649582
868120163649590
868120163649608
868120163649616
868120163649624
868120163649632
868120163649640
868120163649657
868120163649665
868120163649673
868120163649681
868120163649699
868120163649707
868120163649715
868120163649723
868120163649731
868120163649749
868120163649756
868120163649764
868120163649772
868120163649780
868120163649798
868120163649806
868120163649814
868120163649822
868120163649830
868120163649848
868120163649855
868120163649863
868120163649871
868120163649889
868120163649897
868120163649905
868120163649913
868120163649921
868120163649939
868120163649947
868120163649954
868120163649962
868120163649970
868120163649988
868120163649996
868120163650002
868120163650010
868120163650028
868120163650036
868120163650044
868120163650051
868120163650069
868120163650077
868120163650085
868120163650093
868120163650101
868120163650119
868120163650127
868120163650135
868120163650143
868120163650150
868120163650168
868120163650176
868120163650184
868120163650192
868120163650200
868120163650218
868120163650226
868120163650234
868120163650242
868120163650259
868120163650267
868120163650275
868120163650283
868120163650291
868120163650309
868120163650317
868120163650325
868120163650333
868120163650341
868120163650358
868120163650366
868120163650374
868120163650382
868120163650390
868120163650408
868120163650416
868120163650424
868120163650432
868120163650440
868120163650457
868120163650465
868120163650473
868120163650481
868120163650499
868120163650507
868120163650515
868120163650523
868120163650531
868120163650549
868120163650556
868120163650564
868120163650572
868120163650580
868120163650598
868120163650606
868120163650614
868120163650622
868120163650630
868120163650648
868120163650655
868120163650663
868120163650671
868120163650689
868120163650697
868120163650705
868120163650713
868120163650721
868120163650739
868120163650747
868120163650754
868120163650762
868120163650770
868120163650788
868120163650796
868120163650804
868120163650812
868120163650820
868120163650838
868120163650846
868120163650853
868120163650861
868120163650879
868120163650887
868120163650895
868120163650903
868120163650911
868120163650929
868120163650937
868120163650945
868120163650952
868120163650960
868120163650978
868120163650986
868120163650994
868120163651000
868120163651018
868120163651026
868120163651034
868120163651042
868120163651059
868120163651067
868120163651075
868120163651083
868120163651091
868120163651109
868120163651117
868120163651125
868120163651133
868120163651141
868120163651158
868120163651166
868120163651174
868120163651182
868120163651190
868120163651208
868120163651216
868120163651224
868120163651232
868120163651240
868120163651257
868120163651265
868120163651273
868120163651281
868120163651299
868120163651307
868120163651315
868120163651323
868120163651331
868120163651349
868120163651356
868120163651364
868120163651372
868120163651380
868120163651398
868120163651406
868120163651414
868120163651422
868120163651430
868120163651448
868120163651455
868120163651463
868120163651471
868120163651489
868120163651497
868120163651505
868120163651513
868120163651521
868120163651539
868120163651547
868120163651554
868120163651562
868120163651570
868120163651588
868120163651596
868120163651604
868120163651612
868120163651620
868120163651638
868120163651646
868120163651653
868120163651661
868120163651679
868120163651687
868120163651695
868120163651703
868120163651711
868120163651729
868120163651737
868120163651745
868120163651752
868120163651760
868120163651778
868120163651786
868120163651794
868120163651802
868120163651810
868120163651828
868120163651836
868120163651844
868120163651851
868120163651869
868120163651877
868120163651885
868120163651893
868120163651901
868120163651919
868120163651927
868120163651935
868120163651943
868120163651950
868120163651968
868120163651976
868120163651984
868120163651992
868120163652008
868120163652016
868120163652024
868120163652032
868120163652040
868120163652057
868120163652065
868120163652073
868120163652081
868120163652099
868120163652107
868120163652115
868120163652123
868120163652131
868120163652149
868120163652156
868120163652164
868120163652172
868120163652180
868120163652198
868120163652206
868120163652214
868120163652222
868120163652230
868120163652248
868120163652255
868120163652263
868120163652271
868120163652289
868120163652297
868120163652305
868120163652313
868120163652321
868120163652339
868120163652347
868120163652354
868120163652362
868120163652370
868120163652388
868120163652396
868120163652404
868120163652412
868120163652420
868120163652438
868120163652446
868120163652453
868120163652461
868120163652479
868120163652487
868120163652495
868120163652503
868120163652511
868120163652529
868120163652537
868120163652545
868120163652552
868120163652560
868120163652578
868120163652586
868120163652594
868120163652602
868120163652610
868120163652628
868120163652636
868120163652644
868120163652651
868120163652669
868120163652677
868120163652685
868120163652693
868120163652701
868120163652719
868120163652727
868120163652735
868120163652743
868120163652750
868120163652768
868120163652776
868120163652784
868120163652792
868120163652800
868120163652818
868120163652826
868120163652834
868120163652842
868120163652859
868120163652867
868120163652875
868120163652883
868120163652891
868120163652909
868120163652917
868120163652925
868120163652933
868120163652941
868120163652958
868120163652966
868120163652974
868120163652982
868120163652990
868120163653006
868120163653014
868120163653022
868120163653030
868120163653048
868120163653055
868120163653063
868120163653071
868120163653089
868120163653097
868120163653105
868120163653113
868120163653121
868120163653139
868120163653147
868120163653154
868120163653162
868120163653170
868120163653188
868120163653196
868120163653204
868120163653212
868120163653220
868120163653238
868120163653246
868120163653253
868120163653261
868120163653279
868120163653287
868120163653295
868120163653303
868120163653311
868120163653329
868120163653337
868120163653345
868120163653352
868120163653360
868120163653378
868120163653386
868120163653394
868120163653402
868120163653410
868120163653428
868120163653436
868120163653444
868120163653451
868120163653469
868120163653477
868120163653485
868120163653493
868120163653501
868120163653519
868120163653527
868120163653535
868120163653543
868120163653550
868120163653568
868120163653576
868120163653584
868120163653592
868120163653600
868120163653618
868120163653626
868120163653634
868120163653642
868120163653659
868120163653667
868120163653675
868120163653683
868120163653691
868120163653709
868120163653717
868120163653725
868120163653733
868120163653741
868120163653758
868120163653766
868120163653774
868120163653782
868120163653790
868120163653808
868120163653816
868120163653824
868120163653832
868120163653840
868120163653857
868120163653865
868120163653873
868120163653881
868120163653899
868120163653907
868120163653915
868120163653923
868120163653931
868120163653949
868120163653956
868120163653964
868120163653972
868120163653980
868120163653998
868120163654004
868120163654012
868120163654020
868120163654038
868120163654046
868120163654053
868120163654061
868120163654079
868120163654087
868120163654095
868120163654103
868120163654111
868120163654129
868120163654137
868120163654145
868120163654152
868120163654160
868120163654178
868120163654186
868120163654194
868120163654202
868120163654210
868120163654228
868120163654236
868120163654244
868120163654251
868120163654269
868120163654277
868120163654285
868120163654293
868120163654301
868120163654319
868120163654327
868120163654335
868120163654343
868120163654350
868120163654368
868120163654376
868120163654384
868120163654392
868120163654400
868120163654418
868120163654426
868120163654434
868120163654442
868120163654459
868120163654467
868120163654475
868120163654483
868120163654491
868120163654509
868120163654517
868120163654525
868120163654533
868120163654541
868120163654558
868120163654566
868120163654574
868120163654582
868120163654590
868120163654608
868120163654616
868120163654624
868120163654632
868120163654640
868120163654657
868120163654665
868120163654673
868120163654681
868120163654699
868120163654707
868120163654715
868120163654723
868120163654731
868120163654749
868120163654756
868120163654764
868120163654772
868120163654780
868120163654798
868120163654806
868120163654814
868120163654822
868120163654830
868120163654848
868120163654855
868120163654863
868120163654871
868120163654889
868120163654897
868120163654905
868120163654913
868120163654921
868120163654939
868120163654947
868120163654954
868120163654962
868120163654970
868120163654988
868120163654996
868120163655001
868120163655019
868120163655027
868120163655035
868120163655043
868120163655050
868120163655068
868120163655076
868120163655084
868120163655092
868120163655100
868120163655118
868120163655126
868120163655134
868120163655142
868120163655159
868120163655167
868120163655175
868120163655183
868120163655191
868120163655209
868120163655217
868120163655225
868120163655233
868120163655241
868120163655258
868120163655266
868120163655274
868120163655282
868120163655290
868120163655308
868120163655316
868120163655324
868120163655332
868120163655340
868120163655357
868120163655365
868120163655373
868120163655381
868120163655399
868120163655407
868120163655415
868120163655423
868120163655431
868120163655449
868120163655456
868120163655464
868120163655472
868120163655480
868120163655498
868120163655506
868120163655514
868120163655522
868120163655530
868120163655548
868120163655555
868120163655563
868120163655571
868120163655589
868120163655597
868120163655605
868120163655613
868120163655621
868120163655639
868120163655647
868120163655654
868120163655662
868120163655670
868120163655688
868120163655696
868120163655704
868120163655712
868120163655720
868120163655738
868120163655746
868120163655753
868120163655761
868120163655779
868120163655787
868120163655795
868120163655803
868120163655811
868120163655829
868120163655837
868120163655845
868120163655852
868120163655860
868120163655878
868120163655886
868120163655894
868120163655902
868120163655910
868120163655928
868120163655936
868120163655944
868120163655951
868120163655969
868120163655977
868120163655985
868120163655993
868120163656009
868120163656017
868120163656025
868120163656033
868120163656041
868120163656058
868120163656066
868120163656074
868120163656082
868120163656090
868120163656108
868120163656116
868120163656124
868120163656132
868120163656140
868120163656157
868120163656165
868120163656173
868120163656181
868120163656199
868120163656207
868120163656215
868120163656223
868120163656231
868120163656249
868120163656256
868120163656264
868120163656272
868120163656280
868120163656298
868120163656306
868120163656314
868120163656322
868120163656330
868120163656348
868120163656355
868120163656363
868120163656371
868120163656389
868120163656397
868120163656405
868120163656413
868120163656421
868120163656439
868120163656447
868120163656454
868120163656462
868120163656470
868120163656488
868120163656496
868120163656504
868120163656512
868120163656520
868120163656538
868120163656546
868120163656553
868120163656561
868120163656579
868120163656587
868120163656595
868120163656603
868120163656611
868120163656629
868120163656637
868120163656645
868120163656652
868120163656660
868120163656678
868120163656686
868120163656694
868120163656702
868120163656710
868120163656728
868120163656736
868120163656744
868120163656751
868120163656769
868120163656777
868120163656785
868120163656793
868120163656801
868120163656819
868120163656827
868120163656835
868120163656843
868120163656850
868120163656868
868120163656876
868120163656884
868120163656892
868120163656900
868120163656918
868120163656926
868120163656934
868120163656942
868120163656959
868120163656967
868120163656975
868120163656983
868120163656991
868120163657007
868120163657015
868120163657023
868120163657031
868120163657049
868120163657056
868120163657064
868120163657072
868120163657080
868120163657098
868120163657106
868120163657114
868120163657122
868120163657130
868120163657148
868120163657155
868120163657163
868120163657171
868120163657189
868120163657197
868120163657205
868120163657213
868120163657221
868120163657239
868120163657247
868120163657254
868120163657262
868120163657270
868120163657288
868120163657296
868120163657304
868120163657312
868120163657320
868120163657338
868120163657346
868120163657353
868120163657361
868120163657379
868120163657387
868120163657395
868120163657403
868120163657411
868120163657429
868120163657437
868120163657445
868120163657452
868120163657460
868120163657478
868120163657486
868120163657494
868120163657502
868120163657510
868120163657528
868120163657536
868120163657544
868120163657551
868120163657569
868120163657577
868120163657585
868120163657593
868120163657601
868120163657619
868120163657627
868120163657635
868120163657643
868120163657650
868120163657668
868120163657676
868120163657684
868120163657692
868120163657700
868120163657718
868120163657726
868120163657734
868120163657742
868120163657759
868120163657767
868120163657775
868120163657783
868120163657791
868120163657809
868120163657817
868120163657825
868120163657833
868120163657841
868120163657858
868120163657866
868120163657874
868120163657882
868120163657890
868120163657908
868120163657916
868120163657924
868120163657932
868120163657940
868120163657957
868120163657965
868120163657973
868120163657981
868120163657999
868120163658005
868120163658013
868120163658021
868120163658039
868120163658047
868120163658054
868120163658062
868120163658070
868120163658088
868120163658096
868120163658104
868120163658112
868120163658120
868120163658138
868120163658146
868120163658153
868120163658161
868120163658179
868120163658187
868120163658195
868120163658203
868120163658211
868120163658229
868120163658237
868120163658245
868120163658252
868120163658260
868120163658278
868120163658286
868120163658294
868120163658302
868120163658310
868120163658328
868120163658336
868120163658344
868120163658351
868120163658369
868120163658377
868120163658385
868120163658393
868120163658401
868120163658419
868120163658427
868120163658435
868120163658443
868120163658450
868120163658468
868120163658476
868120163658484
868120163658492
868120163658500
868120163658518
868120163658526
868120163658534
868120163658542
868120163658559
868120163658567
868120163658575
868120163658583
868120163658591
868120163658609
868120163658617
868120163658625
868120163658633
868120163658641
868120163658658
868120163658666
868120163658674
868120163658682
868120163658690
868120163658708
868120163658716
868120163658724
868120163658732
868120163658740
868120163658757
868120163658765
868120163658773
868120163658781
868120163658799
868120163658807
868120163658815
868120163658823
868120163658831
868120163658849
868120163658856
868120163658864
868120163658872
868120163658880
868120163658898
868120163658906
868120163658914
868120163658922
868120163658930
868120163658948
868120163658955
868120163658963
868120163658971
868120163658989
868120163658997
868120163659003
868120163659011
868120163659029
868120163659037
868120163659045
868120163659052
868120163659060
868120163659078
868120163659086
868120163659094
868120163659102
868120163659110
868120163659128
868120163659136
868120163659144
868120163659151
868120163659169
868120163659177
868120163659185
868120163659193
868120163659201
868120163659219
868120163659227
868120163659235
868120163659243
868120163659250
868120163659268
868120163659276
868120163659284
868120163659292
868120163659300
868120163659318
868120163659326
868120163659334
868120163659342
868120163659359
868120163659367
868120163659375
868120163659383
868120163659391
868120163659409
868120163659417
868120163659425
868120163659433
868120163659441
868120163659458
868120163659466
868120163659474
868120163659482
868120163659490
868120163659508
868120163659516
868120163659524
868120163659532
868120163659540
868120163659557
868120163659565
868120163659573
868120163659581
868120163659599
868120163659607
868120163659615
868120163659623
868120163659631
868120163659649
868120163659656
868120163659664
868120163659672
868120163659680
868120163659698
868120163659706
868120163659714
868120163659722
868120163659730
868120163659748
868120163659755
868120163659763
868120163659771
868120163659789
868120163659797
868120163659805
868120163659813
868120163659821
868120163659839
868120163659847
868120163659854
868120163659862
868120163659870
868120163659888
868120163659896
868120163659904
868120163659912
868120163659920
868120163659938
868120163659946
868120163659953
868120163659961
868120163659979
868120163659987
868120163659995
868120163660001
868120163660019
868120163660027
868120163660035
868120163660043
868120163660050
868120163660068
868120163660076
868120163660084
868120163660092
868120163660100
868120163660118
868120163660126
868120163660134
868120163660142
868120163660159
868120163660167
868120163660175
868120163660183
868120163660191
868120163660209
868120163660217
868120163660225
868120163660233
868120163660241
868120163660258
868120163660266
868120163660274
868120163660282
868120163660290
868120163660308
868120163660316
868120163660324
868120163660332
868120163660340
868120163660357
868120163660365
868120163660373
868120163660381
868120163660399
868120163660407
868120163660415
868120163660423
868120163660431
868120163660449
868120163660456
868120163660464
868120163660472
868120163660480
868120163660498
868120163660506
868120163660514
868120163660522
868120163660530
868120163660548
868120163660555
868120163660563
868120163660571
868120163660589
868120163660597
868120163660605
868120163660613
868120163660621
868120163660639
868120163660647
868120163660654
868120163660662
868120163660670
868120163660688
868120163660696
868120163660704
868120163660712
868120163660720
868120163660738
868120163660746
868120163660753
868120163660761
868120163660779
868120163660787
868120163660795
868120163660803
868120163660811
868120163660829
868120163660837
868120163660845
868120163660852
868120163660860
868120163660878
868120163660886
868120163660894
868120163660902
868120163660910
868120163660928
868120163660936
868120163660944
868120163660951
868120163660969
868120163660977
868120163660985
868120163660993
868120163661009
868120163661017
868120163661025
868120163661033
868120163661041
868120163661058
868120163661066
868120163661074
868120163661082
868120163661090
868120163661108
868120163661116
868120163661124
868120163661132
868120163661140
868120163661157
868120163661165
868120163661173
868120163661181
868120163661199
868120163661207
868120163661215
868120163661223
868120163661231
868120163661249
868120163661256
868120163661264
868120163661272
868120163661280
868120163661298
868120163661306
868120163661314
868120163661322
868120163661330
868120163661348
868120163661355
868120163661363
868120163661371
868120163661389
868120163661397
868120163661405
868120163661413
868120163661421
868120163661439
868120163661447
868120163661454
868120163661462
868120163661470
868120163661488
868120163661496
868120163661504
868120163661512
868120163661520
868120163661538
868120163661546
868120163661553
868120163661561
868120163661579
868120163661587
868120163661595
868120163661603
868120163661611
868120163661629
868120163661637
868120163661645
868120163661652
868120163661660
868120163661678
868120163661686
868120163661694
868120163661702
868120163661710
868120163661728
868120163661736
868120163661744
868120163661751
868120163661769
868120163661777
868120163661785
868120163661793
868120163661801
868120163661819
868120163661827
868120163661835
868120163661843
868120163661850
868120163661868
868120163661876
868120163661884
868120163661892
868120163661900
868120163661918
868120163661926
868120163661934
868120163661942
868120163661959
868120163661967
868120163661975
868120163661983
868120163661991
868120163662007
868120163662015
868120163662023
868120163662031
868120163662049
868120163662056
868120163662064
868120163662072
868120163662080
868120163662098
868120163662106
868120163662114
868120163662122
868120163662130
868120163662148
868120163662155
868120163662163
868120163662171
868120163662189
868120163662197
868120163662205
868120163662213
868120163662221
868120163662239
868120163662247
868120163662254
868120163662262
868120163662270
868120163662288
868120163662296
868120163662304
868120163662312
868120163662320
868120163662338
868120163662346
868120163662353
868120163662361
868120163662379
868120163662387
868120163662395
868120163662403
868120163662411
868120163662429
868120163662437
868120163662445
868120163662452
868120163662460
868120163662478
868120163662486
868120163662494
868120163662502
868120163662510
868120163662528
868120163662536
868120163662544
868120163662551
868120163662569
868120163662577
868120163662585
868120163662593
868120163662601
868120163662619
868120163662627
868120163662635
868120163662643
868120163662650
868120163662668
868120163662676
868120163662684
868120163662692
868120163662700
868120163662718
868120163662726
868120163662734
868120163662742
868120163662759
868120163662767
868120163662775
868120163662783
868120163662791
868120163662809
868120163662817
868120163662825
868120163662833
868120163662841
868120163662858
868120163662866
868120163662874
868120163662882
868120163662890
868120163662908
868120163662916
868120163662924
868120163662932
868120163662940
868120163662957
868120163662965
868120163662973
868120163662981
868120163662999
868120163663005
868120163663013
868120163663021
868120163663039
868120163663047
868120163663054
868120163663062
868120163663070
868120163663088
868120163663096
868120163663104
868120163663112
868120163663120
868120163663138
868120163663146
868120163663153
868120163663161
868120163663179
868120163663187
868120163663195
868120163663203
868120163663211
868120163663229
868120163663237
868120163663245
868120163663252
868120163663260
868120163663278
868120163663286
868120163663294
868120163663302
868120163663310
868120163663328
868120163663336
868120163663344
868120163663351
868120163663369
868120163663377
868120163663385
868120163663393
868120163663401
868120163663419
868120163663427
868120163663435
868120163663443
868120163663450
868120163663468
868120163663476
868120163663484
868120163663492
868120163663500
868120163663518
868120163663526
868120163663534
868120163663542
868120163663559
868120163663567
868120163663575
868120163663583
868120163663591
868120163663609
868120163663617
868120163663625
868120163663633
868120163663641
868120163663658
868120163663666
868120163663674
868120163663682
868120163663690
868120163663708
868120163663716
868120163663724
868120163663732
868120163663740
868120163663757
868120163663765
868120163663773
868120163663781
868120163663799
868120163663807
868120163663815
868120163663823
868120163663831
868120163663849
868120163663856
868120163663864
868120163663872
868120163663880
868120163663898
868120163663906
868120163663914
868120163663922
868120163663930
868120163663948
868120163663955
868120163663963
868120163663971
868120163663989
868120163663997
868120163664003
868120163664011
868120163664029
868120163664037
868120163664045
868120163664052
868120163664060
868120163664078
868120163664086
868120163664094
868120163664102
868120163664110
868120163664128
868120163664136
868120163664144
868120163664151
868120163664169
868120163664177
868120163664185
868120163664193
868120163664201
868120163664219
868120163664227
868120163664235
868120163664243
868120163664250
868120163664268
868120163664276
868120163664284
868120163664292
868120163664300
868120163664318
868120163664326
868120163664334
868120163664342
868120163664359
868120163664367
868120163664375
868120163664383
868120163664391
868120163664409
868120163664417
868120163664425
868120163664433
868120163664441
868120163664458
868120163664466
868120163664474
868120163664482
868120163664490
868120163664508
868120163664516
868120163664524
868120163664532
868120163664540
868120163664557
868120163664565
868120163664573
868120163664581
868120163664599
868120163664607
868120163664615
868120163664623
868120163664631
868120163664649
868120163664656
868120163664664
868120163664672
868120163664680
868120163664698
868120163664706
868120163664714
868120163664722
868120163664730
868120163664748
868120163664755
868120163664763
868120163664771
868120163664789
868120163664797
868120163664805
868120163664813
868120163664821
868120163664839
868120163664847
868120163664854
868120163664862
868120163664870
868120163664888
868120163664896
868120163664904
868120163664912
868120163664920
868120163664938
868120163664946
868120163664953
868120163664961
868120163664979
868120163664987
868120163664995
868120163665000
868120163665018
868120163665026
868120163665034
868120163665042
868120163665059
868120163665067
868120163665075
868120163665083
868120163665091
868120163665109
868120163665117
868120163665125
868120163665133
868120163665141
868120163665158
868120163665166
868120163665174
868120163665182
868120163665190
868120163665208
868120163665216
868120163665224
868120163665232
868120163665240
868120163665257
868120163665265
868120163665273
868120163665281
868120163665299
868120163665307
868120163665315
868120163665323
868120163665331
868120163665349
868120163665356
868120163665364
868120163665372
868120163665380
868120163665398
868120163665406
868120163665414
868120163665422
868120163665430
868120163665448
868120163665455
868120163665463
868120163665471
868120163665489
868120163665497
868120163665505
868120163665513
868120163665521
868120163665539
868120163665547
868120163665554
868120163665562
868120163665570
868120163665588
868120163665596
868120163665604
868120163665612
868120163665620
868120163665638
868120163665646
868120163665653
868120163665661
868120163665679
868120163665687
868120163665695
868120163665703
868120163665711
868120163665729
868120163665737
868120163665745
868120163665752
868120163665760
868120163665778
868120163665786
868120163665794
868120163665802
868120163665810
868120163665828
868120163665836
868120163665844
868120163665851
868120163665869
868120163665877
868120163665885
868120163665893
868120163665901
868120163665919
868120163665927
868120163665935
868120163665943
868120163665950
868120163665968
868120163665976
868120163665984
868120163665992
868120163666008
868120163666016
868120163666024
868120163666032
868120163666040
868120163666057
868120163666065
868120163666073
868120163666081
868120163666099
868120163666107
868120163666115
868120163666123
868120163666131
868120163666149
868120163666156
868120163666164
868120163666172
868120163666180
868120163666198
868120163666206
868120163666214
868120163666222
868120163666230
868120163666248
868120163666255
868120163666263
868120163666271
868120163666289
868120163666297
868120163666305
868120163666313
868120163666321
868120163666339
868120163666347
868120163666354
868120163666362
868120163666370
868120163666388
868120163666396
868120163666404
868120163666412
868120163666420
868120163666438
868120163666446
868120163666453
868120163666461
868120163666479
868120163666487
868120163666495
868120163666503
868120163666511
868120163666529
868120163666537
868120163666545
868120163666552
868120163666560
868120163666578
868120163666586
868120163666594
868120163666602
868120163666610
868120163666628
868120163666636
868120163666644
868120163666651
868120163666669
868120163666677
868120163666685
868120163666693
868120163666701
868120163666719
868120163666727
868120163666735
868120163666743
868120163666750
868120163666768
868120163666776
868120163666784
868120163666792
868120163666800
868120163666818
868120163666826
868120163666834
868120163666842
868120163666859
868120163666867
868120163666875
868120163666883
868120163666891
868120163666909
868120163666917
868120163666925
868120163666933
868120163666941
868120163666958
868120163666966
868120163666974
868120163666982
868120163666990
868120163667006
868120163667014
868120163667022
868120163667030
868120163667048
868120163667055
868120163667063
868120163667071
868120163667089
868120163667097
868120163667105
868120163667113
868120163667121
868120163667139
868120163667147
868120163667154
868120163667162
868120163667170
868120163667188
868120163667196
868120163667204
868120163667212
868120163667220
868120163667238
868120163667246
868120163667253
868120163667261
868120163667279
868120163667287
868120163667295
868120163667303
868120163667311
868120163667329
868120163667337
868120163667345
868120163667352
868120163667360
868120163667378
868120163667386
868120163667394
868120163667402
868120163667410
868120163667428
868120163667436
868120163667444
868120163667451
868120163667469
868120163667477
868120163667485
868120163667493
868120163667501
868120163667519
868120163667527
868120163667535
868120163667543
868120163667550
868120163667568
868120163667576
868120163667584
868120163667592
868120163667600
868120163667618
868120163667626
868120163667634
868120163667642
868120163667659
868120163667667
868120163667675
868120163667683
868120163667691
868120163667709
868120163667717
868120163667725
868120163667733
868120163667741
868120163667758
868120163667766
868120163667774
868120163667782
868120163667790
868120163667808
868120163667816
868120163667824
868120163667832
868120163667840
868120163667857
868120163667865
868120163667873
868120163667881
868120163667899
868120163667907
868120163667915
868120163667923
868120163667931
