868120168589445
868120168589452
868120168589460
868120168589478
868120168589486
868120168589494
868120168589502
868120168589510
868120168589528
868120168589536
868120168589544
868120168589551
868120168589569
868120168589577
868120168589585
868120168589593
868120168589601
868120168589619
868120168589627
868120168589635
868120168589643
868120168589650
868120168589668
868120168589676
868120168589684
868120168589692
868120168589700
868120168589718
868120168589726
868120168589734
868120168589742
868120168589759
868120168589767
868120168589775
868120168589783
868120168589791
868120168589809
868120168589817
868120168589825
868120168589833
868120168589841
868120168589858
868120168589866
868120168589874
868120168589882
868120168589890
868120168589908
868120168589916
868120168589924
868120168589932
868120168589940
868120168589957
868120168589965
868120168589973
868120168589981
868120168589999
868120168590005
868120168590013
868120168590021
868120168590039
868120168590047
868120168590054
868120168590062
868120168590070
868120168590088
868120168590096
868120168590104
868120168590112
868120168590120
868120168590138
868120168590146
868120168590153
868120168590161
868120168590179
868120168590187
868120168590195
868120168590203
868120168590211
868120168590229
868120168590237
868120168590245
868120168590252
868120168590260
868120168590278
868120168590286
868120168590294
868120168590302
868120168590310
868120168590328
868120168590336
868120168590344
868120168590351
868120168590369
868120168590377
868120168590385
868120168590393
868120168590401
868120168590419
868120168590427
868120168590435
868120168590443
868120168590450
868120168590468
868120168590476
868120168590484
868120168590492
868120168590500
868120168590518
868120168590526
868120168590534
868120168590542
868120168590559
868120168590567
868120168590575
868120168590583
868120168590591
868120168590609
868120168590617
868120168590625
868120168590633
868120168590641
868120168590658
868120168590666
868120168590674
868120168590682
868120168590690
868120168590708
868120168590716
868120168590724
868120168590732
868120168590740
868120168590757
868120168590765
868120168590773
868120168590781
868120168590799
868120168590807
868120168590815
868120168590823
868120168590831
868120168590849
868120168590856
868120168590864
868120168590872
868120168590880
868120168590898
868120168590906
868120168590914
868120168590922
868120168590930
868120168590948
868120168590955
868120168590963
868120168590971
868120168590989
868120168590997
868120168591003
868120168591011
868120168591029
868120168591037
868120168591045
868120168591052
868120168591060
868120168591078
868120168591086
868120168591094
868120168591102
868120168591110
868120168591128
868120168591136
868120168591144
868120168591151
868120168591169
868120168591177
868120168591185
868120168591193
868120168591201
868120168591219
868120168591227
868120168591235
868120168591243
868120168591250
868120168591268
868120168591276
868120168591284
868120168591292
868120168591300
868120168591318
868120168591326
868120168591334
868120168591342
868120168591359
868120168591367
868120168591375
868120168591383
868120168591391
868120168591409
868120168591417
868120168591425
868120168591433
868120168591441
868120168591458
868120168591466
868120168591474
868120168591482
868120168591490
868120168591508
868120168591516
868120168591524
868120168591532
868120168591540
868120168591557
868120168591565
868120168591573
868120168591581
868120168591599
868120168591607
868120168591615
868120168591623
868120168591631
868120168591649
868120168591656
868120168591664
868120168591672
868120168591680
868120168591698
868120168591706
868120168591714
868120168591722
868120168591730
868120168591748
868120168591755
868120168591763
868120168591771
868120168591789
868120168591797
868120168591805
868120168591813
868120168591821
868120168591839
868120168591847
868120168591854
868120168591862
868120168591870
868120168591888
868120168591896
868120168591904
868120168591912
868120168591920
868120168591938
868120168591946
868120168591953
868120168591961
868120168591979
868120168591987
868120168591995
868120168592001
868120168592019
868120168592027
868120168592035
868120168592043
868120168592050
868120168592068
868120168592076
868120168592084
868120168592092
868120168592100
868120168592118
868120168592126
868120168592134
868120168592142
868120168592159
868120168592167
868120168592175
868120168592183
868120168592191
868120168592209
868120168592217
868120168592225
868120168592233
868120168592241
868120168592258
868120168592266
868120168592274
868120168592282
868120168592290
868120168592308
868120168592316
868120168592324
868120168592332
868120168592340
868120168592357
868120168592365
868120168592373
868120168592381
868120168592399
868120168592407
868120168592415
868120168592423
868120168592431
868120168592449
868120168592456
868120168592464
868120168592472
868120168592480
868120168592498
868120168592506
868120168592514
868120168592522
868120168592530
868120168592548
868120168592555
868120168592563
868120168592571
868120168592589
868120168592597
868120168592605
868120168592613
868120168592621
868120168592639
868120168592647
868120168592654
868120168592662
868120168592670
868120168592688
868120168592696
868120168592704
868120168592712
868120168592720
868120168592738
868120168592746
868120168592753
868120168592761
868120168592779
868120168592787
868120168592795
868120168592803
868120168592811
868120168592829
868120168592837
868120168592845
868120168592852
868120168592860
868120168592878
868120168592886
868120168592894
868120168592902
868120168592910
868120168592928
868120168592936
868120168592944
868120168592951
868120168592969
868120168592977
868120168592985
868120168592993
868120168593009
868120168593017
868120168593025
868120168593033
868120168593041
868120168593058
868120168593066
868120168593074
868120168593082
868120168593090
868120168593108
868120168593116
868120168593124
868120168593132
868120168593140
868120168593157
868120168593165
868120168593173
868120168593181
868120168593199
868120168593207
868120168593215
868120168593223
868120168593231
868120168593249
868120168593256
868120168593264
868120168593272
868120168593280
868120168593298
868120168593306
868120168593314
868120168593322
868120168593330
868120168593348
868120168593355
868120168593363
868120168593371
868120168593389
868120168593397
868120168593405
868120168593413
868120168593421
868120168593439
868120168593447
868120168593454
868120168593462
868120168593470
868120168593488
868120168593496
868120168593504
868120168593512
868120168593520
868120168593538
868120168593546
868120168593553
868120168593561
868120168593579
868120168593587
868120168593595
868120168593603
868120168593611
868120168593629
868120168593637
868120168593645
868120168593652
868120168593660
868120168593678
868120168593686
868120168593694
868120168593702
868120168593710
868120168593728
868120168593736
868120168593744
868120168593751
868120168593769
868120168593777
868120168593785
868120168593793
868120168593801
868120168593819
868120168593827
868120168593835
868120168593843
868120168593850
868120168593868
868120168593876
868120168593884
868120168593892
868120168593900
868120168593918
868120168593926
868120168593934
868120168593942
868120168593959
868120168593967
868120168593975
868120168593983
868120168593991
868120168594007
868120168594015
868120168594023
868120168594031
868120168594049
868120168594056
868120168594064
868120168594072
868120168594080
868120168594098
868120168594106
868120168594114
868120168594122
868120168594130
868120168594148
868120168594155
868120168594163
868120168594171
868120168594189
868120168594197
868120168594205
868120168594213
868120168594221
868120168594239
868120168594247
868120168594254
868120168594262
868120168594270
868120168594288
868120168594296
868120168594304
868120168594312
868120168594320
868120168594338
868120168594346
868120168594353
868120168594361
868120168594379
868120168594387
868120168594395
868120168594403
868120168594411
868120168594429
868120168594437
868120168594445
868120168594452
868120168594460
868120168594478
868120168594486
868120168594494
868120168594502
868120168594510
868120168594528
868120168594536
868120168594544
868120168594551
868120168594569
868120168594577
868120168594585
868120168594593
868120168594601
868120168594619
868120168594627
868120168594635
868120168594643
868120168594650
868120168594668
868120168594676
868120168594684
868120168594692
868120168594700
868120168594718
868120168594726
868120168594734
868120168594742
868120168594759
868120168594767
868120168594775
868120168594783
868120168594791
868120168594809
868120168594817
868120168594825
868120168594833
868120168594841
868120168594858
868120168594866
868120168594874
868120168594882
868120168594890
868120168594908
868120168594916
868120168594924
868120168594932
868120168594940
868120168594957
868120168594965
868120168594973
868120168594981
868120168594999
868120168595004
868120168595012
868120168595020
868120168595038
868120168595046
868120168595053
868120168595061
868120168595079
868120168595087
868120168595095
868120168595103
868120168595111
868120168595129
868120168595137
868120168595145
868120168595152
868120168595160
868120168595178
868120168595186
868120168595194
868120168595202
868120168595210
868120168595228
868120168595236
868120168595244
868120168595251
868120168595269
868120168595277
868120168595285
868120168595293
868120168595301
868120168595319
868120168595327
868120168595335
868120168595343
868120168595350
868120168595368
868120168595376
868120168595384
868120168595392
868120168595400
868120168595418
868120168595426
868120168595434
868120168595442
868120168595459
868120168595467
868120168595475
868120168595483
868120168595491
868120168595509
868120168595517
868120168595525
868120168595533
868120168595541
868120168595558
868120168595566
868120168595574
868120168595582
868120168595590
868120168595608
868120168595616
868120168595624
868120168595632
868120168595640
868120168595657
868120168595665
868120168595673
868120168595681
868120168595699
868120168595707
868120168595715
868120168595723
868120168595731
868120168595749
868120168595756
868120168595764
868120168595772
868120168595780
868120168595798
868120168595806
868120168595814
868120168595822
868120168595830
868120168595848
868120168595855
868120168595863
868120168595871
868120168595889
868120168595897
868120168595905
868120168595913
868120168595921
868120168595939
868120168595947
868120168595954
868120168595962
868120168595970
868120168595988
868120168595996
868120168596002
868120168596010
868120168596028
868120168596036
868120168596044
868120168596051
868120168596069
868120168596077
868120168596085
868120168596093
868120168596101
868120168596119
868120168596127
868120168596135
868120168596143
868120168596150
868120168596168
868120168596176
868120168596184
868120168596192
868120168596200
868120168596218
868120168596226
868120168596234
868120168596242
868120168596259
868120168596267
868120168596275
868120168596283
868120168596291
868120168596309
868120168596317
868120168596325
868120168596333
868120168596341
868120168596358
868120168596366
868120168596374
868120168596382
868120168596390
868120168596408
868120168596416
868120168596424
868120168596432
868120168596440
868120168596457
868120168596465
868120168596473
868120168596481
868120168596499
868120168596507
868120168596515
868120168596523
868120168596531
868120168596549
868120168596556
868120168596564
868120168596572
868120168596580
868120168596598
868120168596606
868120168596614
868120168596622
868120168596630
868120168596648
868120168596655
868120168596663
868120168596671
868120168596689
868120168596697
868120168596705
868120168596713
868120168596721
868120168596739
868120168596747
868120168596754
868120168596762
868120168596770
868120168596788
868120168596796
868120168596804
868120168596812
868120168596820
868120168596838
868120168596846
868120168596853
868120168596861
868120168596879
868120168596887
868120168596895
868120168596903
868120168596911
868120168596929
868120168596937
868120168596945
868120168596952
868120168596960
868120168596978
868120168596986
868120168596994
868120168597000
868120168597018
868120168597026
868120168597034
868120168597042
868120168597059
868120168597067
868120168597075
868120168597083
868120168597091
868120168597109
868120168597117
868120168597125
868120168597133
868120168597141
868120168597158
868120168597166
868120168597174
868120168597182
868120168597190
868120168597208
868120168597216
868120168597224
868120168597232
868120168597240
868120168597257
868120168597265
868120168597273
868120168597281
868120168597299
868120168597307
868120168597315
868120168597323
868120168597331
868120168597349
868120168597356
868120168597364
868120168597372
868120168597380
868120168597398
868120168597406
868120168597414
868120168597422
868120168597430
868120168597448
868120168597455
868120168597463
868120168597471
868120168597489
868120168597497
868120168597505
868120168597513
868120168597521
868120168597539
868120168597547
868120168597554
868120168597562
868120168597570
868120168597588
868120168597596
868120168597604
868120168597612
868120168597620
868120168597638
868120168597646
868120168597653
868120168597661
868120168597679
868120168597687
868120168597695
868120168597703
868120168597711
868120168597729
868120168597737
868120168597745
868120168597752
868120168597760
868120168597778
868120168597786
868120168597794
868120168597802
868120168597810
868120168597828
868120168597836
868120168597844
868120168597851
868120168597869
868120168597877
868120168597885
868120168597893
868120168597901
868120168597919
868120168597927
868120168597935
868120168597943
868120168597950
868120168597968
868120168597976
868120168597984
868120168597992
868120168598008
868120168598016
868120168598024
868120168598032
868120168598040
868120168598057
868120168598065
868120168598073
868120168598081
868120168598099
868120168598107
868120168598115
868120168598123
868120168598131
868120168598149
868120168598156
868120168598164
868120168598172
868120168598180
868120168598198
868120168598206
868120168598214
868120168598222
868120168598230
868120168598248
868120168598255
868120168598263
868120168598271
868120168598289
868120168598297
868120168598305
868120168598313
868120168598321
868120168598339
868120168598347
868120168598354
868120168598362
868120168598370
868120168598388
868120168598396
868120168598404
868120168598412
868120168598420
868120168598438
868120168598446
868120168598453
868120168598461
868120168598479
868120168598487
868120168598495
868120168598503
868120168598511
868120168598529
868120168598537
868120168598545
868120168598552
868120168598560
868120168598578
868120168598586
868120168598594
868120168598602
868120168598610
868120168598628
868120168598636
868120168598644
868120168598651
868120168598669
868120168598677
868120168598685
868120168598693
868120168598701
868120168598719
868120168598727
868120168598735
868120168598743
868120168598750
868120168598768
868120168598776
868120168598784
868120168598792
868120168598800
868120168598818
868120168598826
868120168598834
868120168598842
868120168598859
868120168598867
868120168598875
868120168598883
868120168598891
868120168598909
868120168598917
868120168598925
868120168598933
868120168598941
868120168598958
868120168598966
868120168598974
868120168598982
868120168598990
868120168599006
868120168599014
868120168599022
868120168599030
868120168599048
868120168599055
868120168599063
868120168599071
868120168599089
868120168599097
868120168599105
868120168599113
868120168599121
868120168599139
868120168599147
868120168599154
868120168599162
868120168599170
868120168599188
868120168599196
868120168599204
868120168599212
868120168599220
868120168599238
868120168599246
868120168599253
868120168599261
868120168599279
868120168599287
868120168599295
868120168599303
868120168599311
868120168599329
868120168599337
868120168599345
868120168599352
868120168599360
868120168599378
868120168599386
868120168599394
868120168599402
868120168599410
868120168599428
868120168599436
868120168599444
868120168599451
868120168599469
868120168599477
868120168599485
868120168599493
868120168599501
868120168599519
868120168599527
868120168599535
868120168599543
868120168599550
868120168599568
868120168599576
868120168599584
868120168599592
868120168599600
868120168599618
868120168599626
868120168599634
868120168599642
868120168599659
868120168599667
868120168599675
868120168599683
868120168599691
868120168599709
868120168599717
868120168599725
868120168599733
868120168599741
868120168599758
868120168599766
868120168599774
868120168599782
868120168599790
868120168599808
868120168599816
868120168599824
868120168599832
868120168599840
868120168599857
868120168599865
868120168599873
868120168599881
868120168599899
868120168599907
868120168599915
868120168599923
868120168599931
868120168599949
868120168599956
868120168599964
868120168599972
868120168599980
868120168599998
868120168600002
868120168600010
868120168600028
868120168600036
868120168600044
868120168600051
868120168600069
868120168600077
868120168600085
868120168600093
868120168600101
868120168600119
868120168600127
868120168600135
868120168600143
868120168600150
868120168600168
868120168600176
868120168600184
868120168600192
868120168600200
868120168600218
868120168600226
868120168600234
868120168600242
868120168600259
868120168600267
868120168600275
868120168600283
868120168600291
868120168600309
868120168600317
868120168600325
868120168600333
868120168600341
868120168600358
868120168600366
868120168600374
868120168600382
868120168600390
868120168600408
868120168600416
868120168600424
868120168600432
868120168600440
868120168600457
868120168600465
868120168600473
868120168600481
868120168600499
868120168600507
868120168600515
868120168600523
868120168600531
868120168600549
868120168600556
868120168600564
868120168600572
868120168600580
868120168600598
868120168600606
868120168600614
868120168600622
868120168600630
868120168600648
868120168600655
868120168600663
868120168600671
868120168600689
868120168600697
868120168600705
868120168600713
868120168600721
868120168600739
868120168600747
868120168600754
868120168600762
868120168600770
868120168600788
868120168600796
868120168600804
868120168600812
868120168600820
868120168600838
868120168600846
868120168600853
868120168600861
868120168600879
868120168600887
868120168600895
868120168600903
868120168600911
868120168600929
868120168600937
868120168600945
868120168600952
868120168600960
868120168600978
868120168600986
868120168600994
868120168601000
868120168601018
868120168601026
868120168601034
868120168601042
868120168601059
868120168601067
868120168601075
868120168601083
868120168601091
868120168601109
868120168601117
868120168601125
868120168601133
868120168601141
868120168601158
868120168601166
868120168601174
868120168601182
868120168601190
868120168601208
868120168601216
868120168601224
868120168601232
868120168601240
868120168601257
868120168601265
868120168601273
868120168601281
868120168601299
868120168601307
868120168601315
868120168601323
868120168601331
868120168601349
868120168601356
868120168601364
868120168601372
868120168601380
868120168601398
868120168601406
868120168601414
868120168601422
868120168601430
868120168601448
868120168601455
868120168601463
868120168601471
868120168601489
868120168601497
868120168601505
868120168601513
868120168601521
868120168601539
868120168601547
868120168601554
868120168601562
868120168601570
868120168601588
868120168601596
868120168601604
868120168601612
868120168601620
868120168601638
868120168601646
868120168601653
868120168601661
868120168601679
868120168601687
868120168601695
868120168601703
868120168601711
868120168601729
868120168601737
868120168601745
868120168601752
868120168601760
868120168601778
868120168601786
868120168601794
868120168601802
868120168601810
868120168601828
868120168601836
868120168601844
868120168601851
868120168601869
868120168601877
868120168601885
868120168601893
868120168601901
868120168601919
868120168601927
868120168601935
868120168601943
868120168601950
868120168601968
868120168601976
868120168601984
868120168601992
868120168602008
868120168602016
868120168602024
868120168602032
868120168602040
868120168602057
868120168602065
868120168602073
868120168602081
868120168602099
868120168602107
868120168602115
868120168602123
868120168602131
868120168602149
868120168602156
868120168602164
868120168602172
868120168602180
868120168602198
868120168602206
868120168602214
868120168602222
868120168602230
868120168602248
868120168602255
868120168602263
868120168602271
868120168602289
868120168602297
868120168602305
868120168602313
868120168602321
868120168602339
868120168602347
868120168602354
868120168602362
868120168602370
868120168602388
868120168602396
868120168602404
868120168602412
868120168602420
868120168602438
868120168602446
868120168602453
868120168602461
868120168602479
868120168602487
868120168602495
868120168602503
868120168602511
868120168602529
868120168602537
868120168602545
868120168602552
868120168602560
868120168602578
868120168602586
868120168602594
868120168602602
868120168602610
868120168602628
868120168602636
868120168602644
868120168602651
868120168602669
868120168602677
868120168602685
868120168602693
868120168602701
868120168602719
868120168602727
868120168602735
868120168602743
868120168602750
868120168602768
868120168602776
868120168602784
868120168602792
868120168602800
868120168602818
868120168602826
868120168602834
868120168602842
868120168602859
868120168602867
868120168602875
868120168602883
868120168602891
868120168602909
868120168602917
868120168602925
868120168602933
868120168602941
868120168602958
868120168602966
868120168602974
868120168602982
868120168602990
868120168603006
868120168603014
868120168603022
868120168603030
868120168603048
868120168603055
868120168603063
868120168603071
868120168603089
868120168603097
868120168603105
868120168603113
868120168603121
868120168603139
868120168603147
868120168603154
868120168603162
868120168603170
868120168603188
868120168603196
868120168603204
868120168603212
868120168603220
868120168603238
868120168603246
868120168603253
868120168603261
868120168603279
868120168603287
868120168603295
868120168603303
868120168603311
868120168603329
868120168603337
868120168603345
868120168603352
868120168603360
868120168603378
868120168603386
868120168603394
868120168603402
868120168603410
868120168603428
868120168603436
868120168603444
868120168603451
868120168603469
868120168603477
868120168603485
868120168603493
868120168603501
868120168603519
868120168603527
868120168603535
868120168603543
868120168603550
868120168603568
868120168603576
868120168603584
868120168603592
868120168603600
868120168603618
868120168603626
868120168603634
868120168603642
868120168603659
868120168603667
868120168603675
868120168603683
868120168603691
868120168603709
868120168603717
868120168603725
868120168603733
868120168603741
868120168603758
868120168603766
868120168603774
868120168603782
868120168603790
868120168603808
868120168603816
868120168603824
868120168603832
868120168603840
868120168603857
868120168603865
868120168603873
868120168603881
868120168603899
868120168603907
868120168603915
868120168603923
868120168603931
868120168603949
868120168603956
868120168603964
868120168603972
868120168603980
868120168603998
868120168604004
868120168604012
868120168604020
868120168604038
868120168604046
868120168604053
868120168604061
868120168604079
868120168604087
868120168604095
868120168604103
868120168604111
868120168604129
868120168604137
868120168604145
868120168604152
868120168604160
868120168604178
868120168604186
868120168604194
868120168604202
868120168604210
868120168604228
868120168604236
868120168604244
868120168604251
868120168604269
868120168604277
868120168604285
868120168604293
868120168604301
868120168604319
868120168604327
868120168604335
868120168604343
868120168604350
868120168604368
868120168604376
868120168604384
868120168604392
868120168604400
868120168604418
868120168604426
868120168604434
868120168604442
868120168604459
868120168604467
868120168604475
868120168604483
868120168604491
868120168604509
868120168604517
868120168604525
868120168604533
868120168604541
868120168604558
868120168604566
868120168604574
868120168604582
868120168604590
868120168604608
868120168604616
868120168604624
868120168604632
868120168604640
868120168604657
868120168604665
868120168604673
868120168604681
868120168604699
868120168604707
868120168604715
868120168604723
868120168604731
868120168604749
868120168604756
868120168604764
868120168604772
868120168604780
868120168604798
868120168604806
868120168604814
868120168604822
868120168604830
868120168604848
868120168604855
868120168604863
868120168604871
868120168604889
868120168604897
868120168604905
868120168604913
868120168604921
868120168604939
868120168604947
868120168604954
868120168604962
868120168604970
868120168604988
868120168604996
868120168605001
868120168605019
868120168605027
868120168605035
868120168605043
868120168605050
868120168605068
868120168605076
868120168605084
868120168605092
868120168605100
868120168605118
868120168605126
868120168605134
868120168605142
868120168605159
868120168605167
868120168605175
868120168605183
868120168605191
868120168605209
868120168605217
868120168605225
868120168605233
868120168605241
868120168605258
868120168605266
868120168605274
868120168605282
868120168605290
868120168605308
868120168605316
868120168605324
868120168605332
868120168605340
868120168605357
868120168605365
868120168605373
868120168605381
868120168605399
868120168605407
868120168605415
868120168605423
868120168605431
868120168605449
868120168605456
868120168605464
868120168605472
868120168605480
868120168605498
868120168605506
868120168605514
868120168605522
868120168605530
868120168605548
868120168605555
868120168605563
868120168605571
868120168605589
868120168605597
868120168605605
868120168605613
868120168605621
868120168605639
868120168605647
868120168605654
868120168605662
868120168605670
868120168605688
868120168605696
868120168605704
868120168605712
868120168605720
868120168605738
868120168605746
868120168605753
868120168605761
868120168605779
868120168605787
868120168605795
868120168605803
868120168605811
868120168605829
868120168605837
868120168605845
868120168605852
868120168605860
868120168605878
868120168605886
868120168605894
868120168605902
868120168605910
868120168605928
868120168605936
868120168605944
868120168605951
868120168605969
868120168605977
868120168605985
868120168605993
868120168606009
868120168606017
868120168606025
868120168606033
868120168606041
868120168606058
868120168606066
868120168606074
868120168606082
868120168606090
868120168606108
868120168606116
868120168606124
868120168606132
868120168606140
868120168606157
868120168606165
868120168606173
868120168606181
868120168606199
868120168606207
868120168606215
868120168606223
868120168606231
868120168606249
868120168606256
868120168606264
868120168606272
868120168606280
868120168606298
868120168606306
868120168606314
868120168606322
868120168606330
868120168606348
868120168606355
868120168606363
868120168606371
868120168606389
868120168606397
868120168606405
868120168606413
868120168606421
868120168606439
868120168606447
868120168606454
868120168606462
868120168606470
868120168606488
868120168606496
868120168606504
868120168606512
868120168606520
868120168606538
868120168606546
868120168606553
868120168606561
868120168606579
868120168606587
868120168606595
868120168606603
868120168606611
868120168606629
868120168606637
868120168606645
868120168606652
868120168606660
868120168606678
868120168606686
868120168606694
868120168606702
868120168606710
868120168606728
868120168606736
868120168606744
868120168606751
868120168606769
868120168606777
868120168606785
868120168606793
868120168606801
868120168606819
868120168606827
868120168606835
868120168606843
868120168606850
868120168606868
868120168606876
868120168606884
868120168606892
868120168606900
868120168606918
868120168606926
868120168606934
868120168606942
868120168606959
868120168606967
868120168606975
868120168606983
868120168606991
868120168607007
868120168607015
868120168607023
868120168607031
868120168607049
868120168607056
868120168607064
868120168607072
868120168607080
868120168607098
868120168607106
868120168607114
868120168607122
868120168607130
868120168607148
868120168607155
868120168607163
868120168607171
868120168607189
868120168607197
868120168607205
868120168607213
868120168607221
868120168607239
868120168607247
868120168607254
868120168607262
868120168607270
868120168607288
868120168607296
868120168607304
868120168607312
868120168607320
868120168607338
868120168607346
868120168607353
868120168607361
868120168607379
868120168607387
868120168607395
868120168607403
868120168607411
868120168607429
868120168607437
868120168607445
868120168607452
868120168607460
868120168607478
868120168607486
868120168607494
868120168607502
868120168607510
868120168607528
868120168607536
868120168607544
868120168607551
868120168607569
868120168607577
868120168607585
868120168607593
868120168607601
868120168607619
868120168607627
868120168607635
868120168607643
868120168607650
868120168607668
868120168607676
868120168607684
868120168607692
868120168607700
868120168607718
868120168607726
868120168607734
868120168607742
868120168607759
868120168607767
868120168607775
868120168607783
868120168607791
868120168607809
868120168607817
868120168607825
868120168607833
868120168607841
868120168607858
868120168607866
868120168607874
868120168607882
868120168607890
868120168607908
868120168607916
868120168607924
868120168607932
868120168607940
868120168607957
868120168607965
868120168607973
868120168607981
868120168607999
868120168608005
868120168608013
868120168608021
868120168608039
868120168608047
868120168608054
868120168608062
868120168608070
868120168608088
868120168608096
868120168608104
868120168608112
868120168608120
868120168608138
868120168608146
868120168608153
868120168608161
868120168608179
868120168608187
868120168608195
868120168608203
868120168608211
868120168608229
868120168608237
868120168608245
868120168608252
868120168608260
868120168608278
868120168608286
868120168608294
868120168608302
868120168608310
868120168608328
868120168608336
868120168608344
868120168608351
868120168608369
868120168608377
868120168608385
868120168608393
868120168608401
868120168608419
868120168608427
868120168608435
868120168608443
868120168608450
868120168608468
868120168608476
868120168608484
868120168608492
868120168608500
868120168608518
868120168608526
868120168608534
868120168608542
868120168608559
868120168608567
868120168608575
868120168608583
868120168608591
868120168608609
868120168608617
868120168608625
868120168608633
868120168608641
868120168608658
868120168608666
868120168608674
868120168608682
868120168608690
868120168608708
868120168608716
868120168608724
868120168608732
868120168608740
868120168608757
868120168608765
868120168608773
868120168608781
868120168608799
868120168608807
868120168608815
868120168608823
868120168608831
868120168608849
868120168608856
868120168608864
868120168608872
868120168608880
868120168608898
868120168608906
868120168608914
868120168608922
868120168608930
868120168608948
868120168608955
868120168608963
868120168608971
868120168608989
868120168608997
868120168609003
868120168609011
868120168609029
868120168609037
868120168609045
868120168609052
868120168609060
868120168609078
868120168609086
868120168609094
868120168609102
868120168609110
868120168609128
868120168609136
868120168609144
868120168609151
868120168609169
868120168609177
868120168609185
868120168609193
868120168609201
868120168609219
868120168609227
868120168609235
868120168609243
868120168609250
868120168609268
868120168609276
868120168609284
868120168609292
868120168609300
868120168609318
868120168609326
868120168609334
868120168609342
868120168609359
868120168609367
868120168609375
868120168609383
868120168609391
868120168609409
868120168609417
868120168609425
868120168609433
868120168609441
868120168609458
868120168609466
868120168609474
868120168609482
868120168609490
868120168609508
868120168609516
868120168609524
868120168609532
868120168609540
868120168609557
868120168609565
868120168609573
868120168609581
868120168609599
868120168609607
868120168609615
868120168609623
868120168609631
868120168609649
868120168609656
868120168609664
868120168609672
868120168609680
868120168609698
868120168609706
868120168609714
868120168609722
868120168609730
868120168609748
868120168609755
868120168609763
868120168609771
868120168609789
868120168609797
868120168609805
868120168609813
868120168609821
868120168609839
868120168609847
868120168609854
868120168609862
868120168609870
868120168609888
868120168609896
868120168609904
868120168609912
868120168609920
868120168609938
868120168609946
868120168609953
868120168609961
868120168609979
868120168609987
868120168609995
868120168610001
868120168610019
868120168610027
868120168610035
868120168610043
868120168610050
868120168610068
868120168610076
868120168610084
868120168610092
868120168610100
868120168610118
868120168610126
868120168610134
868120168610142
868120168610159
868120168610167
868120168610175
868120168610183
868120168610191
868120168610209
868120168610217
868120168610225
868120168610233
868120168610241
868120168610258
868120168610266
868120168610274
868120168610282
868120168610290
868120168610308
868120168610316
868120168610324
868120168610332
868120168610340
868120168610357
868120168610365
868120168610373
868120168610381
868120168610399
868120168610407
868120168610415
868120168610423
868120168610431
868120168610449
868120168610456
868120168610464
868120168610472
868120168610480
868120168610498
868120168610506
868120168610514
868120168610522
868120168610530
868120168610548
868120168610555
868120168610563
868120168610571
868120168610589
868120168610597
868120168610605
868120168610613
868120168610621
868120168610639
868120168610647
868120168610654
868120168610662
868120168610670
868120168610688
868120168610696
868120168610704
868120168610712
868120168610720
868120168610738
868120168610746
868120168610753
868120168610761
868120168610779
868120168610787
868120168610795
868120168610803
868120168610811
868120168610829
868120168610837
868120168610845
868120168610852
868120168610860
868120168610878
868120168610886
868120168610894
868120168610902
868120168610910
868120168610928
868120168610936
868120168610944
868120168610951
868120168610969
868120168610977
868120168610985
868120168610993
868120168611009
868120168611017
868120168611025
868120168611033
868120168611041
868120168611058
868120168611066
868120168611074
868120168611082
868120168611090
868120168611108
868120168611116
868120168611124
868120168611132
868120168611140
868120168611157
868120168611165
868120168611173
868120168611181
868120168611199
868120168611207
868120168611215
868120168611223
868120168611231
868120168611249
868120168611256
868120168611264
868120168611272
868120168611280
868120168611298
868120168611306
868120168611314
868120168611322
868120168611330
868120168611348
868120168611355
868120168611363
868120168611371
868120168611389
868120168611397
868120168611405
868120168611413
868120168611421
868120168611439
868120168611447
868120168611454
868120168611462
868120168611470
868120168611488
868120168611496
868120168611504
868120168611512
868120168611520
868120168611538
868120168611546
868120168611553
868120168611561
868120168611579
868120168611587
868120168611595
868120168611603
868120168611611
868120168611629
868120168611637
868120168611645
868120168611652
868120168611660
868120168611678
868120168611686
868120168611694
868120168611702
868120168611710
868120168611728
868120168611736
868120168611744
868120168611751
868120168611769
868120168611777
868120168611785
868120168611793
868120168611801
868120168611819
868120168611827
868120168611835
868120168611843
868120168611850
868120168611868
868120168611876
868120168611884
868120168611892
868120168611900
868120168611918
868120168611926
868120168611934
868120168611942
868120168611959
868120168611967
868120168611975
868120168611983
868120168611991
868120168612007
868120168612015
868120168612023
868120168612031
868120168612049
868120168612056
868120168612064
868120168612072
868120168612080
868120168612098
868120168612106
868120168612114
868120168612122
868120168612130
868120168612148
868120168612155
868120168612163
868120168612171
868120168612189
868120168612197
868120168612205
868120168612213
868120168612221
868120168612239
868120168612247
868120168612254
868120168612262
868120168612270
868120168612288
868120168612296
868120168612304
868120168612312
868120168612320
868120168612338
868120168612346
868120168612353
868120168612361
868120168612379
868120168612387
868120168612395
868120168612403
868120168612411
868120168612429
868120168612437
868120168612445
868120168612452
868120168612460
868120168612478
868120168612486
868120168612494
868120168612502
868120168612510
868120168612528
868120168612536
868120168612544
868120168612551
868120168612569
868120168612577
868120168612585
868120168612593
868120168612601
868120168612619
868120168612627
868120168612635
868120168612643
868120168612650
868120168612668
868120168612676
868120168612684
868120168612692
868120168612700
868120168612718
868120168612726
868120168612734
868120168612742
868120168612759
868120168612767
868120168612775
868120168612783
868120168612791
868120168612809
868120168612817
868120168612825
868120168612833
868120168612841
868120168612858
868120168612866
868120168612874
868120168612882
868120168612890
868120168612908
868120168612916
868120168612924
868120168612932
868120168612940
868120168612957
868120168612965
868120168612973
868120168612981
868120168612999
868120168613005
868120168613013
868120168613021
868120168613039
868120168613047
868120168613054
868120168613062
868120168613070
868120168613088
868120168613096
868120168613104
868120168613112
868120168613120
868120168613138
868120168613146
868120168613153
868120168613161
868120168613179
868120168613187
868120168613195
868120168613203
868120168613211
868120168613229
868120168613237
868120168613245
868120168613252
868120168613260
868120168613278
868120168613286
868120168613294
868120168613302
868120168613310
868120168613328
868120168613336
868120168613344
868120168613351
868120168613369
868120168613377
868120168613385
868120168613393
868120168613401
868120168613419
868120168613427
868120168613435
868120168613443
868120168613450
868120168613468
868120168613476
868120168613484
868120168613492
868120168613500
868120168613518
868120168613526
868120168613534
868120168613542
868120168613559
868120168613567
868120168613575
868120168613583
868120168613591
868120168613609
868120168613617
868120168613625
868120168613633
868120168613641
868120168613658
868120168613666
868120168613674
868120168613682
868120168613690
868120168613708
868120168613716
868120168613724
868120168613732
868120168613740
868120168613757
868120168613765
868120168613773
868120168613781
868120168613799
868120168613807
868120168613815
868120168613823
868120168613831
868120168613849
868120168613856
868120168613864
868120168613872
868120168613880
868120168613898
868120168613906
868120168613914
868120168613922
868120168613930
868120168613948
868120168613955
868120168613963
868120168613971
868120168613989
868120168613997
868120168614003
868120168614011
868120168614029
868120168614037
868120168614045
868120168614052
868120168614060
868120168614078
868120168614086
868120168614094
868120168614102
868120168614110
868120168614128
868120168614136
868120168614144
868120168614151
868120168614169
868120168614177
868120168614185
868120168614193
868120168614201
868120168614219
868120168614227
868120168614235
868120168614243
868120168614250
868120168614268
868120168614276
868120168614284
868120168614292
868120168614300
868120168614318
868120168614326
868120168614334
868120168614342
868120168614359
868120168614367
868120168614375
868120168614383
868120168614391
868120168614409
868120168614417
868120168614425
868120168614433
868120168614441
868120168614458
868120168614466
868120168614474
868120168614482
868120168614490
868120168614508
868120168614516
868120168614524
868120168614532
868120168614540
868120168614557
868120168614565
868120168614573
868120168614581
868120168614599
868120168614607
868120168614615
868120168614623
868120168614631
868120168614649
868120168614656
868120168614664
868120168614672
868120168614680
868120168614698
868120168614706
868120168614714
868120168614722
868120168614730
868120168614748
868120168614755
868120168614763
868120168614771
868120168614789
868120168614797
868120168614805
868120168614813
868120168614821
868120168614839
868120168614847
868120168614854
868120168614862
868120168614870
868120168614888
868120168614896
868120168614904
868120168614912
868120168614920
868120168614938
868120168614946
868120168614953
868120168614961
868120168614979
868120168614987
868120168614995
868120168615000
868120168615018
868120168615026
868120168615034
868120168615042
868120168615059
868120168615067
868120168615075
868120168615083
868120168615091
868120168615109
868120168615117
868120168615125
868120168615133
868120168615141
868120168615158
868120168615166
868120168615174
868120168615182
868120168615190
868120168615208
868120168615216
868120168615224
868120168615232
868120168615240
868120168615257
868120168615265
868120168615273
868120168615281
868120168615299
868120168615307
868120168615315
868120168615323
868120168615331
868120168615349
868120168615356
868120168615364
868120168615372
868120168615380
868120168615398
868120168615406
868120168615414
868120168615422
868120168615430
868120168615448
868120168615455
868120168615463
868120168615471
868120168615489
868120168615497
868120168615505
868120168615513
868120168615521
868120168615539
868120168615547
868120168615554
868120168615562
868120168615570
868120168615588
868120168615596
868120168615604
868120168615612
868120168615620
868120168615638
868120168615646
868120168615653
868120168615661
868120168615679
868120168615687
868120168615695
868120168615703
868120168615711
868120168615729
868120168615737
868120168615745
868120168615752
868120168615760
868120168615778
868120168615786
868120168615794
868120168615802
868120168615810
868120168615828
868120168615836
868120168615844
868120168615851
868120168615869
868120168615877
868120168615885
868120168615893
868120168615901
868120168615919
868120168615927
868120168615935
868120168615943
868120168615950
868120168615968
868120168615976
868120168615984
868120168615992
868120168616008
868120168616016
868120168616024
868120168616032
868120168616040
868120168616057
868120168616065
868120168616073
868120168616081
868120168616099
868120168616107
868120168616115
868120168616123
868120168616131
868120168616149
868120168616156
868120168616164
868120168616172
868120168616180
868120168616198
868120168616206
868120168616214
868120168616222
868120168616230
868120168616248
868120168616255
868120168616263
868120168616271
868120168616289
868120168616297
868120168616305
868120168616313
868120168616321
868120168616339
868120168616347
868120168616354
868120168616362
868120168616370
868120168616388
868120168616396
868120168616404
868120168616412
868120168616420
868120168616438
868120168616446
868120168616453
868120168616461
868120168616479
868120168616487
868120168616495
868120168616503
868120168616511
868120168616529
868120168616537
868120168616545
868120168616552
868120168616560
868120168616578
868120168616586
868120168616594
868120168616602
868120168616610
868120168616628
868120168616636
868120168616644
868120168616651
868120168616669
868120168616677
868120168616685
868120168616693
868120168616701
868120168616719
868120168616727
868120168616735
868120168616743
868120168616750
868120168616768
868120168616776
868120168616784
868120168616792
868120168616800
868120168616818
868120168616826
868120168616834
868120168616842
868120168616859
868120168616867
868120168616875
868120168616883
868120168616891
868120168616909
868120168616917
868120168616925
868120168616933
868120168616941
868120168616958
868120168616966
868120168616974
868120168616982
868120168616990
868120168617006
868120168617014
868120168617022
868120168617030
868120168617048
868120168617055
868120168617063
868120168617071
868120168617089
868120168617097
868120168617105
868120168617113
868120168617121
868120168617139
868120168617147
868120168617154
868120168617162
868120168617170
868120168617188
868120168617196
868120168617204
868120168617212
868120168617220
868120168617238
868120168617246
868120168617253
868120168617261
868120168617279
868120168617287
868120168617295
868120168617303
868120168617311
868120168617329
868120168617337
868120168617345
868120168617352
868120168617360
868120168617378
868120168617386
868120168617394
868120168617402
868120168617410
868120168617428
868120168617436
868120168617444
868120168617451
868120168617469
868120168617477
868120168617485
868120168617493
868120168617501
868120168617519
868120168617527
868120168617535
868120168617543
868120168617550
868120168617568
868120168617576
868120168617584
868120168617592
868120168617600
868120168617618
868120168617626
868120168617634
868120168617642
868120168617659
868120168617667
868120168617675
868120168617683
868120168617691
868120168617709
868120168617717
868120168617725
868120168617733
868120168617741
868120168617758
868120168617766
868120168617774
868120168617782
868120168617790
868120168617808
868120168617816
868120168617824
868120168617832
868120168617840
868120168617857
868120168617865
868120168617873
868120168617881
868120168617899
868120168617907
868120168617915
868120168617923
868120168617931
868120168617949
868120168617956
868120168617964
868120168617972
868120168617980
868120168617998
868120168618004
868120168618012
868120168618020
868120168618038
868120168618046
868120168618053
868120168618061
868120168618079
868120168618087
868120168618095
868120168618103
868120168618111
868120168618129
868120168618137
868120168618145
868120168618152
868120168618160
868120168618178
868120168618186
868120168618194
868120168618202
868120168618210
868120168618228
868120168618236
868120168618244
868120168618251
868120168618269
868120168618277
868120168618285
868120168618293
868120168618301
868120168618319
868120168618327
868120168618335
868120168618343
868120168618350
868120168618368
868120168618376
868120168618384
868120168618392
868120168618400
868120168618418
868120168618426
868120168618434
868120168618442
868120168618459
868120168618467
868120168618475
868120168618483
868120168618491
868120168618509
868120168618517
868120168618525
868120168618533
868120168618541
868120168618558
868120168618566
868120168618574
868120168618582
868120168618590
868120168618608
868120168618616
868120168618624
868120168618632
868120168618640
868120168618657
868120168618665
868120168618673
868120168618681
868120168618699
868120168618707
868120168618715
868120168618723
868120168618731
868120168618749
868120168618756
868120168618764
868120168618772
868120168618780
868120168618798
868120168618806
868120168618814
868120168618822
868120168618830
868120168618848
868120168618855
868120168618863
868120168618871
868120168618889
868120168618897
868120168618905
868120168618913
868120168618921
868120168618939
868120168618947
868120168618954
868120168618962
868120168618970
868120168618988
868120168618996
868120168619002
868120168619010
868120168619028
868120168619036
868120168619044
868120168619051
868120168619069
868120168619077
868120168619085
868120168619093
868120168619101
868120168619119
868120168619127
868120168619135
868120168619143
868120168619150
868120168619168
868120168619176
868120168619184
868120168619192
868120168619200
868120168619218
868120168619226
868120168619234
868120168619242
868120168619259
868120168619267
868120168619275
868120168619283
868120168619291
868120168619309
868120168619317
868120168619325
868120168619333
868120168619341
868120168619358
868120168619366
868120168619374
868120168619382
868120168619390
868120168619408
868120168619416
868120168619424
868120168619432