3613060012003058
3613060012003059
3613060012003060
3613060012003061
3613060012003062
3613060012003063
3613060012003064
3613060012003065
3613060012003066
3613060012003067
3613060012003068
3613060012003069
3613060012003070
3613060012003071
3613060012003072
3613060012003073
3613060012003074
3613060012003075
3613060012003076
3613060012003077
3613060012003078
3613060012003079
3613060012003080
3613060012003081
3613060012003082
3613060012003083
3613060012003084
3613060012003085
3613060012003086
3613060012003087
3613060012003088
3613060012003089
3613060012003090
3613060012003091
3613060012003092
3613060012003093
3613060012003094
3613060012003095
3613060012003096
3613060012003097
3613060012003098
3613060012003099
3613060012003100
3613060012003101
3613060012003102
3613060012003103
3613060012003104
3613060012003105
3613060012003106
3613060012003107
3613060012003108
3613060012003109
3613060012003110
3613060012003111
3613060012003112
3613060012003113
3613060012003114
3613060012003115
3613060012003116
3613060012003117
3613060012003118
3613060012003119
3613060012003120
3613060012003121
3613060012003122
3613060012003123
3613060012003124
3613060012003125
3613060012003126
3613060012003127
3613060012003128
3613060012003129
3613060012003130
3613060012003131
3613060012003132
3613060012003133
3613060012003134
3613060012003135
3613060012003136
3613060012003137
3613060012003138
3613060012003139
3613060012003140
3613060012003141
3613060012003142
3613060012003143
3613060012003144
3613060012003145
3613060012003146
3613060012003147
3613060012003148
3613060012003149
3613060012003150
3613060012003151
3613060012003152
3613060012003153
3613060012003154
3613060012003155
3613060012003156
3613060012003157
3613060012003158
3613060012003159
3613060012003160
3613060012003161
3613060012003162
3613060012003163
3613060012003164
3613060012003165
3613060012003166
3613060012003167
3613060012003168
3613060012003169
3613060012003170
3613060012003171
3613060012003172
3613060012003173
3613060012003174
3613060012003175
3613060012003176
3613060012003177
3613060012003178
3613060012003179
3613060012003180
3613060012003181
3613060012003182
3613060012003183
3613060012003184
3613060012003185
3613060012003186
3613060012003187
3613060012003188
3613060012003189
3613060012003190
3613060012003191
3613060012003192
3613060012003193
3613060012003194
3613060012003195
3613060012003196
3613060012003197
3613060012003198
3613060012003199
3613060012003200
3613060012003201
3613060012003202
3613060012003203
3613060012003204
3613060012003205
3613060012003206
3613060012003207
3613060012003208
3613060012003209
3613060012003210
3613060012003211
3613060012003212
3613060012003213
3613060012003214
3613060012003215
3613060012003216
3613060012003217
3613060012003218
3613060012003219
3613060012003220
3613060012003221
3613060012003222
3613060012003223
3613060012003224
3613060012003225
3613060012003226
3613060012003227
3613060012003228
3613060012003229
3613060012003230
3613060012003231
3613060012003232
3613060012003233
3613060012003234
3613060012003235
3613060012003236
3613060012003237
3613060012003238
3613060012003239
3613060012003240
3613060012003241
3613060012003242
3613060012003243
3613060012003244
3613060012003245
3613060012003246
3613060012003247
3613060012003248
3613060012003249
3613060012003250
3613060012003251
3613060012003252
3613060012003253
3613060012003254
3613060012003255
3613060012003256
3613060012003257
3613060012003258
3613060012003259
3613060012003260
3613060012003261
3613060012003262
3613060012003263
3613060012003264
3613060012003265
3613060012003266
3613060012003267
3613060012003268
3613060012003269
3613060012003270
3613060012003271
3613060012003272
3613060012003273
3613060012003274
3613060012003275
3613060012003276
3613060012003277
3613060012003278
3613060012003279
3613060012003280
3613060012003281
3613060012003282
3613060012003283
3613060012003284
3613060012003285
3613060012003286
3613060012003287
3613060012003288
3613060012003289
3613060012003290
3613060012003291
3613060012003292
3613060012003293
3613060012003294
3613060012003295
3613060012003296
3613060012003297
3613060012003298
3613060012003299
3613060012003300
3613060012003301
3613060012003302
3613060012003303
3613060012003304
3613060012003305
3613060012003306
3613060012003307
3613060012003308
3613060012003309
3613060012003310
3613060012003311
3613060012003312
3613060012003313
3613060012003314
3613060012003315
3613060012003316
3613060012003317
3613060012003318
3613060012003319
3613060012003320
3613060012003321
3613060012003322
3613060012003323
3613060012003324
3613060012003325
3613060012003326
3613060012003327
3613060012003328
3613060012003329
3613060012003330
3613060012003331
3613060012003332
3613060012003333
3613060012003334
3613060012003335
3613060012003336
3613060012003337
3613060012003338
3613060012003339
3613060012003340
3613060012003341
3613060012003342
3613060012003343
3613060012003344
3613060012003345
3613060012003346
3613060012003347
3613060012003348
3613060012003349
3613060012003350
3613060012003351
3613060012003352
3613060012003353
3613060012003354
3613060012003355
3613060012003356
3613060012003357
3613060012003358
3613060012003359
3613060012003360
3613060012003361
3613060012003362
3613060012003363
3613060012003364
3613060012003365
3613060012003366
3613060012003367
3613060012003368
3613060012003369
3613060012003370
3613060012003371
3613060012003372
3613060012003373
3613060012003374
3613060012003375
3613060012003376
3613060012003377
3613060012003378
3613060012003379
3613060012003380
3613060012003381
3613060012003382
3613060012003383
3613060012003384
3613060012003385
3613060012003386
3613060012003387
3613060012003388
3613060012003389
3613060012003390
3613060012003391
3613060012003392
3613060012003393
3613060012003394
3613060012003395
3613060012003396
3613060012003397
3613060012003398
3613060012003399
3613060012003400
3613060012003401
3613060012003402
3613060012003403
3613060012003404
3613060012003405
3613060012003406
3613060012003407
3613060012003408
3613060012003409
3613060012003410
3613060012003411
3613060012003412
3613060012003413
3613060012003414
3613060012003415
3613060012003416
3613060012003417
3613060012003418
3613060012003419
3613060012003420
3613060012003421
3613060012003422
3613060012003423
3613060012003424
3613060012003425
3613060012003426
3613060012003427
3613060012003428
3613060012003429
3613060012003430
3613060012003431
3613060012003432
3613060012003433
3613060012003434
3613060012003435
3613060012003436
3613060012003437
3613060012003438
3613060012003439
3613060012003440
3613060012003441
3613060012003442
3613060012003443
3613060012003444
3613060012003445
3613060012003446
3613060012003447
3613060012003448
3613060012003449
3613060012003450
3613060012003451
3613060012003452
3613060012003453
3613060012003454
3613060012003455
3613060012003456
3613060012003457
3613060012003458
3613060012003459
3613060012003460
3613060012003461
3613060012003462
3613060012003463
3613060012003464
3613060012003465
3613060012003466
3613060012003467
3613060012003468
3613060012003469
3613060012003470
3613060012003471
3613060012003472
3613060012003473
3613060012003474
3613060012003475
3613060012003476
3613060012003477
3613060012003478
3613060012003479
3613060012003480
3613060012003481
3613060012003482
3613060012003483
3613060012003484
3613060012003485
3613060012003486
3613060012003487
3613060012003488
3613060012003489
3613060012003490
3613060012003491
3613060012003492
3613060012003493
3613060012003494
3613060012003495
3613060012003496
3613060012003497
3613060012003498
3613060012003499
3613060012003500
3613060012003501
3613060012003502
3613060012003503
3613060012003504
3613060012003505
3613060012003506
3613060012003507
3613060012003508
3613060012003509
3613060012003510
3613060012003511
3613060012003512
3613060012003513
3613060012003514
3613060012003515
3613060012003516
3613060012003517
3613060012003518
3613060012003519
3613060012003520
3613060012003521
3613060012003522
3613060012003523
3613060012003524
3613060012003525
3613060012003526
3613060012003527
3613060012003528
3613060012003529
3613060012003530
3613060012003531
3613060012003532
3613060012003533
3613060012003534
3613060012003535
3613060012003536
3613060012003537
3613060012003538
3613060012003539
3613060012003540
3613060012003541
3613060012003542
3613060012003543
3613060012003544
3613060012003545
3613060012003546
3613060012003547
3613060012003548
3613060012003549
3613060012003550
3613060012003551
3613060012003552
3613060012003553
3613060012003554
3613060012003555
3613060012003556
3613060012003557
3613060012003558
3613060012003559
3613060012003560
3613060012003561
3613060012003562
3613060012003563
3613060012003564
3613060012003565
3613060012003566
3613060012003567
3613060012003568
3613060012003569
3613060012003570
3613060012003571
3613060012003572
3613060012003573
3613060012003574
3613060012003575
3613060012003576
3613060012003577
3613060012003578
3613060012003579
3613060012003580
3613060012003581
3613060012003582
3613060012003583
3613060012003584
3613060012003585
3613060012003586
3613060012003587
3613060012003588
3613060012003589
3613060012003590
3613060012003591
3613060012003592
3613060012003593
3613060012003594
3613060012003595
3613060012003596
3613060012003597
3613060012003598
3613060012003599
3613060012003600
3613060012003601
3613060012003602
3613060012003603
3613060012003604
3613060012003605
3613060012003606
3613060012003607
3613060012003608
3613060012003609
3613060012003610
3613060012003611
3613060012003612
3613060012003613
3613060012003614
3613060012003615
3613060012003616
3613060012003617
3613060012003618
3613060012003619
3613060012003620
3613060012003621
3613060012003622
3613060012003623
3613060012003624
3613060012003625
3613060012003626
3613060012003627
3613060012003628
3613060012003629
3613060012003630
3613060012003631
3613060012003632
3613060012003633
3613060012003634
3613060012003635
3613060012003636
3613060012003637
3613060012003638
3613060012003639
3613060012003640
3613060012003641
3613060012003642
3613060012003643
3613060012003644
3613060012003645
3613060012003646
3613060012003647
3613060012003648
3613060012003649
3613060012003650
3613060012003651
3613060012003652
3613060012003653
3613060012003654
3613060012003655
3613060012003656
3613060012003657
3613060012003658
3613060012003659
3613060012003660
3613060012003661
3613060012003662
3613060012003663
3613060012003664
3613060012003665
3613060012003666
3613060012003667
3613060012003668
3613060012003669
3613060012003670
3613060012003671
3613060012003672
3613060012003673
3613060012003674
3613060012003675
3613060012003676
3613060012003677
3613060012003678
3613060012003679
3613060012003680
3613060012003681
3613060012003682
3613060012003683
3613060012003684
3613060012003685
3613060012003686
3613060012003687
3613060012003688
3613060012003689
3613060012003690
3613060012003691
3613060012003692
3613060012003693
3613060012003694
3613060012003695
3613060012003696
3613060012003697
3613060012003698
3613060012003699
3613060012003700
3613060012003701
3613060012003702
3613060012003703
3613060012003704
3613060012003705
3613060012003706
3613060012003707
3613060012003708
3613060012003709
3613060012003710
3613060012003711
3613060012003712
3613060012003713
3613060012003714
3613060012003715
3613060012003716
3613060012003717
3613060012003718
3613060012003719
3613060012003720
3613060012003721
3613060012003722
3613060012003723
3613060012003724
3613060012003725
3613060012003726
3613060012003727
3613060012003728
3613060012003729
3613060012003730
3613060012003731
3613060012003732
3613060012003733
3613060012003734
3613060012003735
3613060012003736
3613060012003737
3613060012003738
3613060012003739
3613060012003740
3613060012003741
3613060012003742
3613060012003743
3613060012003744
3613060012003745
3613060012003746
3613060012003747
3613060012003748
3613060012003749
3613060012003750
3613060012003751
3613060012003752
3613060012003753
3613060012003754
3613060012003755
3613060012003756
3613060012003757
3613060012003758
3613060012003759
3613060012003760
3613060012003761
3613060012003762
3613060012003763
3613060012003764
3613060012003765
3613060012003766
3613060012003767
3613060012003768
3613060012003769
3613060012003770
3613060012003771
3613060012003772
3613060012003773
3613060012003774
3613060012003775
3613060012003776
3613060012003777
3613060012003778
3613060012003779
3613060012003780
3613060012003781
3613060012003782
3613060012003783
3613060012003784
3613060012003785
3613060012003786
3613060012003787
3613060012003788
3613060012003789
3613060012003790
3613060012003791
3613060012003792
3613060012003793
3613060012003794
3613060012003795
3613060012003796
3613060012003797
3613060012003798
3613060012003799
3613060012003800
3613060012003801
3613060012003802
3613060012003803
3613060012003804
3613060012003805
3613060012003806
3613060012003807
3613060012003808
3613060012003809
3613060012003810
3613060012003811
3613060012003812
3613060012003813
3613060012003814
3613060012003815
3613060012003816
3613060012003817
3613060012003818
3613060012003819
3613060012003820
3613060012003821
3613060012003822
3613060012003823
3613060012003824
3613060012003825
3613060012003826
3613060012003827
3613060012003828
3613060012003829
3613060012003830
3613060012003831
3613060012003832
3613060012003833
3613060012003834
3613060012003835
3613060012003836
3613060012003837
3613060012003838
3613060012003839
3613060012003840
3613060012003841
3613060012003842
3613060012003843
3613060012003844
3613060012003845
3613060012003846
3613060012003847
3613060012003848
3613060012003849
3613060012003850
3613060012003851
3613060012003852
3613060012003853
3613060012003854
3613060012003855
3613060012003856
3613060012003857
3613060012003858
3613060012003859
3613060012003860
3613060012003861
3613060012003862
3613060012003863
3613060012003864
3613060012003865
3613060012003866
3613060012003867
3613060012003868
3613060012003869
3613060012003870
3613060012003871
3613060012003872
3613060012003873
3613060012003874
3613060012003875
3613060012003876
3613060012003877
3613060012003878
3613060012003879
3613060012003880
3613060012003881
3613060012003882
3613060012003883
3613060012003884
3613060012003885
3613060012003886
3613060012003887
3613060012003888
3613060012003889
3613060012003890
3613060012003891
3613060012003892
3613060012003893
3613060012003894
3613060012003895
3613060012003896
3613060012003897
3613060012003898
3613060012003899
3613060012003900
3613060012003901
3613060012003902
3613060012003903
3613060012003904
3613060012003905
3613060012003906
3613060012003907
3613060012003908
3613060012003909
3613060012003910
3613060012003911
3613060012003912
3613060012003913
3613060012003914
3613060012003915
3613060012003916
3613060012003917
3613060012003918
3613060012003919
3613060012003920
3613060012003921
3613060012003922
3613060012003923
3613060012003924
3613060012003925
3613060012003926
3613060012003927
3613060012003928
3613060012003929
3613060012003930
3613060012003931
3613060012003932
3613060012003933
3613060012003934
3613060012003935
3613060012003936
3613060012003937
3613060012003938
3613060012003939
3613060012003940
3613060012003941
3613060012003942
3613060012003943
3613060012003944
3613060012003945
3613060012003946
3613060012003947
3613060012003948
3613060012003949
3613060012003950
3613060012003951
3613060012003952
3613060012003953
3613060012003954
3613060012003955
3613060012003956
3613060012003957
3613060012003958
3613060012003959
3613060012003960
3613060012003961
3613060012003962
3613060012003963
3613060012003964
3613060012003965
3613060012003966
3613060012003967
3613060012003968
3613060012003969
3613060012003970
3613060012003971
3613060012003972
3613060012003973
3613060012003974
3613060012003975
3613060012003976
3613060012003977
3613060012003978
3613060012003979
3613060012003980
3613060012003981
3613060012003982
3613060012003983
3613060012003984
3613060012003985
3613060012003986
3613060012003987
3613060012003988
3613060012003989
3613060012003990
3613060012003991
3613060012003992
3613060012003993
3613060012003994
3613060012003995
3613060012003996
3613060012003997
3613060012003998
3613060012003999
3613060012004000
3613060012004001
3613060012004002
3613060012004003
3613060012004004
3613060012004005
3613060012004006
3613060012004007
3613060012004008
3613060012004009
3613060012004010
3613060012004011
3613060012004012
3613060012004013
3613060012004014
3613060012004015
3613060012004016
3613060012004017
3613060012004018
3613060012004019
3613060012004020
3613060012004021
3613060012004022
3613060012004023
3613060012004024
3613060012004025
3613060012004026
3613060012004027
3613060012004028
3613060012004029
3613060012004030
3613060012004031
3613060012004032
3613060012004033
3613060012004034
3613060012004035
3613060012004036
3613060012004037
3613060012004038
3613060012004039
3613060012004040
3613060012004041
3613060012004042
3613060012004043
3613060012004044
3613060012004045
3613060012004046
3613060012004047
3613060012004048
3613060012004049
3613060012004050
3613060012004051
3613060012004052
3613060012004053
3613060012004054
3613060012004055
3613060012004056
3613060012004057
3613060012004058
3613060012004059
3613060012004060
3613060012004061
3613060012004062
3613060012004063
3613060012004064
3613060012004065
3613060012004066
3613060012004067
3613060012004068
3613060012004069
3613060012004070
3613060012004071
3613060012004072
3613060012004073
3613060012004074
3613060012004075
3613060012004076
3613060012004077
3613060012004078
3613060012004079
3613060012004080
3613060012004081
3613060012004082
3613060012004083
3613060012004084
3613060012004085
3613060012004086
3613060012004087
3613060012004088
3613060012004089
3613060012004090
3613060012004091
3613060012004092
3613060012004093
3613060012004094
3613060012004095
3613060012004096
3613060012004097
3613060012004098
3613060012004099
3613060012004100
3613060012004101
3613060012004102
3613060012004103
3613060012004104
3613060012004105
3613060012004106
3613060012004107
3613060012004108
3613060012004109
3613060012004110
3613060012004111
3613060012004112
3613060012004113
3613060012004114
3613060012004115
3613060012004116
3613060012004117
3613060012004118
3613060012004119
3613060012004120
3613060012004121
3613060012004122
3613060012004123
3613060012004124
3613060012004125
3613060012004126
3613060012004127
3613060012004128
3613060012004129
3613060012004130
3613060012004131
3613060012004132
3613060012004133
3613060012004134
3613060012004135
3613060012004136
3613060012004137
3613060012004138
3613060012004139
3613060012004140
3613060012004141
3613060012004142
3613060012004143
3613060012004144
3613060012004145
3613060012004146
3613060012004147
3613060012004148
3613060012004149
3613060012004150
3613060012004151
3613060012004152
3613060012004153
3613060012004154
3613060012004155
3613060012004156
3613060012004157
3613060012004158
3613060012004159
3613060012004160
3613060012004161
3613060012004162
3613060012004163
3613060012004164
3613060012004165
3613060012004166
3613060012004167
3613060012004168
3613060012004169
3613060012004170
3613060012004171
3613060012004172
3613060012004173
3613060012004174
3613060012004175
3613060012004176
3613060012004177
3613060012004178
3613060012004179
3613060012004180
3613060012004181
3613060012004182
3613060012004183
3613060012004184
3613060012004185
3613060012004186
3613060012004187
3613060012004188
3613060012004189
3613060012004190
3613060012004191
3613060012004192
3613060012004193
3613060012004194
3613060012004195
3613060012004196
3613060012004197
3613060012004198
3613060012004199
3613060012004200
3613060012004201
3613060012004202
3613060012004203
3613060012004204
3613060012004205
3613060012004206
3613060012004207
3613060012004208
3613060012004209
3613060012004210
3613060012004211
3613060012004212
3613060012004213
3613060012004214
3613060012004215
3613060012004216
3613060012004217
3613060012004218
3613060012004219
3613060012004220
3613060012004221
3613060012004222
3613060012004223
3613060012004224
3613060012004225
3613060012004226
3613060012004227
3613060012004228
3613060012004229
3613060012004230
3613060012004231
3613060012004232
3613060012004233
3613060012004234
3613060012004235
3613060012004236
3613060012004237
3613060012004238
3613060012004239
3613060012004240
3613060012004241
3613060012004242
3613060012004243
3613060012004244
3613060012004245
3613060012004246
3613060012004247
3613060012004248
3613060012004249
3613060012004250
3613060012004251
3613060012004252
3613060012004253
3613060012004254
3613060012004255
3613060012004256
3613060012004257
3613060012004258
3613060012004259
3613060012004260
3613060012004261
3613060012004262
3613060012004263
3613060012004264
3613060012004265
3613060012004266
3613060012004267
3613060012004268
3613060012004269
3613060012004270
3613060012004271
3613060012004272
3613060012004273
3613060012004274
3613060012004275
3613060012004276
3613060012004277
3613060012004278
3613060012004279
3613060012004280
3613060012004281
3613060012004282
3613060012004283
3613060012004284
3613060012004285
3613060012004286
3613060012004287
3613060012004288
3613060012004289
3613060012004290
3613060012004291
3613060012004292
3613060012004293
3613060012004294
3613060012004295
3613060012004296
3613060012004297
3613060012004298
3613060012004299
3613060012004300
3613060012004301
3613060012004302
3613060012004303
3613060012004304
3613060012004305
3613060012004306
3613060012004307
3613060012004308
3613060012004309
3613060012004310
3613060012004311
3613060012004312
3613060012004313
3613060012004314
3613060012004315
3613060012004316
3613060012004317
3613060012004318
3613060012004319
3613060012004320
3613060012004321
3613060012004322
3613060012004323
3613060012004324
3613060012004325
3613060012004326
3613060012004327
3613060012004328
3613060012004329
3613060012004330
3613060012004331
3613060012004332
3613060012004333
3613060012004334
3613060012004335
3613060012004336
3613060012004337
3613060012004338
3613060012004339
3613060012004340
3613060012004341
3613060012004342
3613060012004343
3613060012004344
3613060012004345
3613060012004346
3613060012004347
3613060012004348
3613060012004349
3613060012004350
3613060012004351
3613060012004352
3613060012004353
3613060012004354
3613060012004355
3613060012004356
3613060012004357
3613060012004358
3613060012004359
3613060012004360
3613060012004361
3613060012004362
3613060012004363
3613060012004364
3613060012004365
3613060012004366
3613060012004367
3613060012004368
3613060012004369
3613060012004370
3613060012004371
3613060012004372
3613060012004373
3613060012004374
3613060012004375
3613060012004376
3613060012004377
3613060012004378
3613060012004379
3613060012004380
3613060012004381
3613060012004382
3613060012004383
3613060012004384
3613060012004385
3613060012004386
3613060012004387
3613060012004388
3613060012004389
3613060012004390
3613060012004391
3613060012004392
3613060012004393
3613060012004394
3613060012004395
3613060012004396
3613060012004397
3613060012004398
3613060012004399
3613060012004400
3613060012004401
3613060012004402
3613060012004403
3613060012004404
3613060012004405
3613060012004406
3613060012004407
3613060012004408
3613060012004409
3613060012004410
3613060012004411
3613060012004412
3613060012004413
3613060012004414
3613060012004415
3613060012004416
3613060012004417
3613060012004418
3613060012004419
3613060012004420
3613060012004421
3613060012004422
3613060012004423
3613060012004424
3613060012004425
3613060012004426
3613060012004427
3613060012004428
3613060012004429
3613060012004430
3613060012004431
3613060012004432
3613060012004433
3613060012004434
3613060012004435
3613060012004436
3613060012004437
3613060012004438
3613060012004439
3613060012004440
3613060012004441
3613060012004442
3613060012004443
3613060012004444
3613060012004445
3613060012004446
3613060012004447
3613060012004448
3613060012004449
3613060012004450
3613060012004451
3613060012004452
3613060012004453
3613060012004454
3613060012004455
3613060012004456
3613060012004457
3613060012004458
3613060012004459
3613060012004460
3613060012004461
3613060012004462
3613060012004463
3613060012004464
3613060012004465
3613060012004466
3613060012004467
3613060012004468
3613060012004469
3613060012004470
3613060012004471
3613060012004472
3613060012004473
3613060012004474
3613060012004475
3613060012004476
3613060012004477
3613060012004478
3613060012004479
3613060012004480
3613060012004481
3613060012004482
3613060012004483
3613060012004484
3613060012004485
3613060012004486
3613060012004487
3613060012004488
3613060012004489
3613060012004490
3613060012004491
3613060012004492
3613060012004493
3613060012004494
3613060012004495
3613060012004496
3613060012004497
3613060012004498
3613060012004499
3613060012004500
3613060012004501
3613060012004502
3613060012004503
3613060012004504
3613060012004505
3613060012004506
3613060012004507
3613060012004508
3613060012004509
3613060012004510
3613060012004511
3613060012004512
3613060012004513
3613060012004514
3613060012004515
3613060012004516
3613060012004517
3613060012004518
3613060012004519
3613060012004520
3613060012004521
3613060012004522
3613060012004523
3613060012004524
3613060012004525
3613060012004526
3613060012004527
3613060012004528
3613060012004529
3613060012004530
3613060012004531
3613060012004532
3613060012004533
3613060012004534
3613060012004535
3613060012004536
3613060012004537
3613060012004538
3613060012004539
3613060012004540
3613060012004541
3613060012004542
3613060012004543
3613060012004544
3613060012004545
3613060012004546
3613060012004547
3613060012004548
3613060012004549
3613060012004550
3613060012004551
3613060012004552
3613060012004553
3613060012004554
3613060012004555
3613060012004556
3613060012004557
3613060012004558
3613060012004559
3613060012004560
3613060012004561
3613060012004562
3613060012004563
3613060012004564
3613060012004565
3613060012004566
3613060012004567
3613060012004568
3613060012004569
3613060012004570
3613060012004571
3613060012004572
3613060012004573
3613060012004574
3613060012004575
3613060012004576
3613060012004577
3613060012004578
3613060012004579
3613060012004580
3613060012004581
3613060012004582
3613060012004583
3613060012004584
3613060012004585
3613060012004586
3613060012004587
3613060012004588
3613060012004589
3613060012004590
3613060012004591
3613060012004592
3613060012004593
3613060012004594
3613060012004595
3613060012004596
3613060012004597
3613060012004598
3613060012004599
3613060012004600
3613060012004601
3613060012004602
3613060012004603
3613060012004604
3613060012004605
3613060012004606
3613060012004607
3613060012004608
3613060012004609
3613060012004610
3613060012004611
3613060012004612
3613060012004613
3613060012004614
3613060012004615
3613060012004616
3613060012004617
3613060012004618
3613060012004619
3613060012004620
3613060012004621
3613060012004622
3613060012004623
3613060012004624
3613060012004625
3613060012004626
3613060012004627
3613060012004628
3613060012004629
3613060012004630
3613060012004631
3613060012004632
3613060012004633
3613060012004634
3613060012004635
3613060012004636
3613060012004637
3613060012004638
3613060012004639
3613060012004640
3613060012004641
3613060012004642
3613060012004643
3613060012004644
3613060012004645
3613060012004646
3613060012004647
3613060012004648
3613060012004649
3613060012004650
3613060012004651
3613060012004652
3613060012004653
3613060012004654
3613060012004655
3613060012004656
3613060012004657
3613060012004658
3613060012004659
3613060012004660
3613060012004661
3613060012004662
3613060012004663
3613060012004664
3613060012004665
3613060012004666
3613060012004667
3613060012004668
3613060012004669
3613060012004670
3613060012004671
3613060012004672
3613060012004673
3613060012004674
3613060012004675
3613060012004676
3613060012004677
3613060012004678
3613060012004679
3613060012004680
3613060012004681
3613060012004682
3613060012004683
3613060012004684
3613060012004685
3613060012004686
3613060012004687
3613060012004688
3613060012004689
3613060012004690
3613060012004691
3613060012004692
3613060012004693
3613060012004694
3613060012004695
3613060012004696
3613060012004697
3613060012004698
3613060012004699
3613060012004700
3613060012004701
3613060012004702
3613060012004703
3613060012004704
3613060012004705
3613060012004706
3613060012004707
3613060012004708
3613060012004709
3613060012004710
3613060012004711
3613060012004712
3613060012004713
3613060012004714
3613060012004715
3613060012004716
3613060012004717
3613060012004718
3613060012004719
3613060012004720
3613060012004721
3613060012004722
3613060012004723
3613060012004724
3613060012004725
3613060012004726
3613060012004727
3613060012004728
3613060012004729
3613060012004730
3613060012004731
3613060012004732
3613060012004733
3613060012004734
3613060012004735
3613060012004736
3613060012004737
3613060012004738
3613060012004739
3613060012004740
3613060012004741
3613060012004742
3613060012004743
3613060012004744
3613060012004745
3613060012004746
3613060012004747
3613060012004748
3613060012004749
3613060012004750
3613060012004751
3613060012004752
3613060012004753
3613060012004754
3613060012004755
3613060012004756
3613060012004757
3613060012004758
3613060012004759
3613060012004760
3613060012004761
3613060012004762
3613060012004763
3613060012004764
3613060012004765
3613060012004766
3613060012004767
3613060012004768
3613060012004769
3613060012004770
3613060012004771
3613060012004772
3613060012004773
3613060012004774
3613060012004775
3613060012004776
3613060012004777
3613060012004778
3613060012004779
3613060012004780
3613060012004781
3613060012004782
3613060012004783
3613060012004784
3613060012004785
3613060012004786
3613060012004787
3613060012004788
3613060012004789
3613060012004790
3613060012004791
3613060012004792
3613060012004793
3613060012004794
3613060012004795
3613060012004796
3613060012004797
3613060012004798
3613060012004799
3613060012004800
3613060012004801
3613060012004802
3613060012004803
3613060012004804
3613060012004805
3613060012004806
3613060012004807
3613060012004808
3613060012004809
3613060012004810
3613060012004811
3613060012004812
3613060012004813
3613060012004814
3613060012004815
3613060012004816
3613060012004817
3613060012004818
3613060012004819
3613060012004820
3613060012004821
3613060012004822
3613060012004823
3613060012004824
3613060012004825
3613060012004826
3613060012004827
3613060012004828
3613060012004829
3613060012004830
3613060012004831
3613060012004832
3613060012004833
3613060012004834
3613060012004835
3613060012004836
3613060012004837
3613060012004838
3613060012004839
3613060012004840
3613060012004841
3613060012004842
3613060012004843
3613060012004844
3613060012004845
3613060012004846
3613060012004847
3613060012004848
3613060012004849
3613060012004850
3613060012004851
3613060012004852
3613060012004853
3613060012004854
3613060012004855
3613060012004856
3613060012004857
3613060012004858
3613060012004859
3613060012004860
3613060012004861
3613060012004862
3613060012004863
3613060012004864
3613060012004865
3613060012004866
3613060012004867
3613060012004868
3613060012004869
3613060012004870
3613060012004871
3613060012004872
3613060012004873
3613060012004874
3613060012004875
3613060012004876
3613060012004877
3613060012004878
3613060012004879
3613060012004880
3613060012004881
3613060012004882
3613060012004883
3613060012004884
3613060012004885
3613060012004886
3613060012004887
3613060012004888
3613060012004889
3613060012004890
3613060012004891
3613060012004892
3613060012004893
3613060012004894
3613060012004895
3613060012004896
3613060012004897
3613060012004898
3613060012004899
3613060012004900
3613060012004901
3613060012004902
3613060012004903
3613060012004904
3613060012004905
3613060012004906
3613060012004907
3613060012004908
3613060012004909
3613060012004910
3613060012004911
3613060012004912
3613060012004913
3613060012004914
3613060012004915
3613060012004916
3613060012004917
3613060012004918
3613060012004919
3613060012004920
3613060012004921
3613060012004922
3613060012004923
3613060012004924
3613060012004925
3613060012004926
3613060012004927
3613060012004928
3613060012004929
3613060012004930
3613060012004931
3613060012004932
3613060012004933
3613060012004934
3613060012004935
3613060012004936
3613060012004937
3613060012004938
3613060012004939
3613060012004940
3613060012004941
3613060012004942
3613060012004943
3613060012004944
3613060012004945
3613060012004946
3613060012004947
3613060012004948
3613060012004949
3613060012004950
3613060012004951
3613060012004952
3613060012004953
3613060012004954
3613060012004955
3613060012004956
3613060012004957
3613060012004958
3613060012004959
3613060012004960
3613060012004961
3613060012004962
3613060012004963
3613060012004964
3613060012004965
3613060012004966
3613060012004967
3613060012004968
3613060012004969
3613060012004970
3613060012004971
3613060012004972
3613060012004973
3613060012004974
3613060012004975
3613060012004976
3613060012004977
3613060012004978
3613060012004979
3613060012004980
3613060012004981
3613060012004982
3613060012004983
3613060012004984
3613060012004985
3613060012004986
3613060012004987
3613060012004988
3613060012004989
3613060012004990
3613060012004991
3613060012004992
3613060012004993
3613060012004994
3613060012004995
3613060012004996
3613060012004997
3613060012004998
3613060012004999
3613060012005000
3613060012005001
3613060012005002
3613060012005003
3613060012005004
3613060012005005
3613060012005006
3613060012005007
3613060012005008
3613060012005009
3613060012005010
3613060012005011
3613060012005012
3613060012005013
3613060012005014
3613060012005015
3613060012005016
3613060012005017
3613060012005018
3613060012005019
3613060012005020
3613060012005021
3613060012005022
3613060012005023
3613060012005024
3613060012005025
3613060012005026
3613060012005027
3613060012005028
3613060012005029
3613060012005030
3613060012005031
3613060012005032
3613060012005033
3613060012005034
3613060012005035
3613060012005036
3613060012005037
3613060012005038
3613060012005039
3613060012005040
3613060012005041
3613060012005042
3613060012005043
3613060012005044
3613060012005045
3613060012005046
3613060012005047
3613060012005048
3613060012005049
3613060012005050
3613060012005051
3613060012005052
3613060012005053
3613060012005054
3613060012005055
3613060012005056
3613060012005057
3613060012005058
3613060012005059
3613060012005060
3613060012005061
3613060012005062
3613060012005063
3613060012005064
3613060012005065
3613060012005066
3613060012005067
3613060012005068
3613060012005069
3613060012005070
3613060012005071
3613060012005072
3613060012005073
3613060012005074
3613060012005075
3613060012005076
3613060012005077
3613060012005078
3613060012005079
3613060012005080
3613060012005081
3613060012005082
3613060012005083
3613060012005084
3613060012005085
3613060012005086
3613060012005087
3613060012005088
3613060012005089
3613060012005090
3613060012005091
3613060012005092
3613060012005093
3613060012005094
3613060012005095
3613060012005096
3613060012005097
3613060012005098
3613060012005099
3613060012005100
3613060012005101
3613060012005102
3613060012005103
3613060012005104
3613060012005105
3613060012005106
3613060012005107
3613060012005108
3613060012005109
3613060012005110
3613060012005111
3613060012005112
3613060012005113
3613060012005114
3613060012005115
3613060012005116
3613060012005117
3613060012005118
3613060012005119
3613060012005120
3613060012005121
3613060012005122
3613060012005123
3613060012005124
3613060012005125
3613060012005126
3613060012005127
3613060012005128
3613060012005129
3613060012005130
3613060012005131
3613060012005132
3613060012005133
3613060012005134
3613060012005135
3613060012005136
3613060012005137
3613060012005138
3613060012005139
3613060012005140
3613060012005141
3613060012005142
3613060012005143
3613060012005144
3613060012005145
3613060012005146
3613060012005147
3613060012005148
3613060012005149
3613060012005150
3613060012005151
3613060012005152
3613060012005153
3613060012005154
3613060012005155
3613060012005156
3613060012005157
3613060012005158
3613060012005159
3613060012005160
3613060012005161
3613060012005162
3613060012005163
3613060012005164
3613060012005165
3613060012005166
3613060012005167
3613060012005168
3613060012005169
3613060012005170
3613060012005171
3613060012005172
3613060012005173
3613060012005174
3613060012005175
3613060012005176
3613060012005177
3613060012005178
3613060012005179
3613060012005180
3613060012005181
3613060012005182
3613060012005183
3613060012005184
3613060012005185
3613060012005186
3613060012005187
3613060012005188
3613060012005189
3613060012005190
3613060012005191
3613060012005192
3613060012005193
3613060012005194
3613060012005195
3613060012005196
3613060012005197
3613060012005198
3613060012005199
3613060012005200
3613060012005201
3613060012005202
3613060012005203
3613060012005204
3613060012005205
3613060012005206
3613060012005207
3613060012005208
3613060012005209
3613060012005210
3613060012005211
3613060012005212
3613060012005213
3613060012005214
3613060012005215
3613060012005216
3613060012005217
3613060012005218
3613060012005219
3613060012005220
3613060012005221
3613060012005222
3613060012005223
3613060012005224
3613060012005225
3613060012005226
3613060012005227
3613060012005228
3613060012005229
3613060012005230
3613060012005231
3613060012005232
3613060012005233
3613060012005234
3613060012005235
3613060012005236
3613060012005237
3613060012005238
3613060012005239
3613060012005240
3613060012005241
3613060012005242
3613060012005243
3613060012005244
3613060012005245
3613060012005246
3613060012005247
3613060012005248
3613060012005249
3613060012005250
3613060012005251
3613060012005252
3613060012005253
3613060012005254
3613060012005255
3613060012005256
3613060012005257
3613060012005258
3613060012005259
3613060012005260
3613060012005261
3613060012005262
3613060012005263
3613060012005264
3613060012005265
3613060012005266
3613060012005267
3613060012005268
3613060012005269
3613060012005270
3613060012005271
3613060012005272
3613060012005273
3613060012005274
3613060012005275
3613060012005276
3613060012005277
3613060012005278
3613060012005279
3613060012005280
3613060012005281
3613060012005282
3613060012005283
3613060012005284
3613060012005285
3613060012005286
3613060012005287
3613060012005288
3613060012005289
3613060012005290
3613060012005291
3613060012005292
3613060012005293
3613060012005294
3613060012005295
3613060012005296
3613060012005297
3613060012005298
3613060012005299
3613060012005300
3613060012005301
3613060012005302
3613060012005303
3613060012005304
3613060012005305
3613060012005306
3613060012005307
3613060012005308
3613060012005309
3613060012005310
3613060012005311
3613060012005312
3613060012005313
3613060012005314
3613060012005315
3613060012005316
3613060012005317
3613060012005318
3613060012005319
3613060012005320
3613060012005321
3613060012005322
3613060012005323
3613060012005324
3613060012005325
3613060012005326
3613060012005327
3613060012005328
3613060012005329
3613060012005330
3613060012005331
3613060012005332
3613060012005333
3613060012005334
3613060012005335
3613060012005336
3613060012005337
3613060012005338
3613060012005339
3613060012005340
3613060012005341
3613060012005342
3613060012005343
3613060012005344
3613060012005345
3613060012005346
3613060012005347
3613060012005348
3613060012005349
3613060012005350
3613060012005351
3613060012005352
3613060012005353
3613060012005354
3613060012005355
3613060012005356
3613060012005357
3613060012005358
3613060012005359
3613060012005360
3613060012005361
3613060012005362
3613060012005363
3613060012005364
3613060012005365
3613060012005366
3613060012005367
3613060012005368
3613060012005369
3613060012005370
3613060012005371
3613060012005372
3613060012005373
3613060012005374
3613060012005375
3613060012005376
3613060012005377
3613060012005378
3613060012005379
3613060012005380
3613060012005381
3613060012005382
3613060012005383
3613060012005384
3613060012005385
3613060012005386
3613060012005387
3613060012005388
3613060012005389
3613060012005390
3613060012005391
3613060012005392
3613060012005393
3613060012005394
3613060012005395
3613060012005396
3613060012005397
3613060012005398
3613060012005399
3613060012005400
3613060012005401
3613060012005402
3613060012005403
3613060012005404
3613060012005405
3613060012005406
3613060012005407
3613060012005408
3613060012005409
3613060012005410
3613060012005411
3613060012005412
3613060012005413
3613060012005414
3613060012005415
3613060012005416
3613060012005417
3613060012005418
3613060012005419
3613060012005420
3613060012005421
3613060012005422
3613060012005423
3613060012005424
3613060012005425
3613060012005426
3613060012005427
3613060012005428
3613060012005429
3613060012005430
3613060012005431
3613060012005432
3613060012005433
3613060012005434
3613060012005435
3613060012005436
3613060012005437
3613060012005438
3613060012005439
3613060012005440
3613060012005441
3613060012005442
3613060012005443
3613060012005444
3613060012005445
3613060012005446
3613060012005447
3613060012005448
3613060012005449
3613060012005450
3613060012005451
3613060012005452
3613060012005453
3613060012005454
3613060012005455
3613060012005456
3613060012005457
3613060012005458
3613060012005459
3613060012005460
3613060012005461
3613060012005462
3613060012005463
3613060012005464
3613060012005465
3613060012005466
3613060012005467
3613060012005468
3613060012005469
3613060012005470
3613060012005471
3613060012005472
3613060012005473
3613060012005474
3613060012005475
3613060012005476
3613060012005477
3613060012005478
3613060012005479
3613060012005480
3613060012005481
3613060012005482
3613060012005483
3613060012005484
3613060012005485
3613060012005486
3613060012005487
3613060012005488
3613060012005489
3613060012005490
3613060012005491
3613060012005492
3613060012005493
3613060012005494
3613060012005495
3613060012005496
3613060012005497
3613060012005498
3613060012005499
3613060012005500
3613060012005501
3613060012005502
3613060012005503
3613060012005504
3613060012005505
3613060012005506
3613060012005507
3613060012005508
3613060012005509
3613060012005510
3613060012005511
3613060012005512
3613060012005513
3613060012005514
3613060012005515
3613060012005516
3613060012005517
3613060012005518
3613060012005519
3613060012005520
3613060012005521
3613060012005522
3613060012005523
3613060012005524
3613060012005525
3613060012005526
3613060012005527
3613060012005528
3613060012005529
3613060012005530
3613060012005531
3613060012005532
3613060012005533
3613060012005534
3613060012005535
3613060012005536
3613060012005537
3613060012005538
3613060012005539
3613060012005540
3613060012005541
3613060012005542
3613060012005543
3613060012005544
3613060012005545
3613060012005546
3613060012005547
3613060012005548
3613060012005549
3613060012005550
3613060012005551
3613060012005552
3613060012005553
3613060012005554
3613060012005555
3613060012005556
3613060012005557
3613060012005558
3613060012005559
3613060012005560
3613060012005561
3613060012005562
3613060012005563
3613060012005564
3613060012005565
3613060012005566
3613060012005567
3613060012005568
3613060012005569
3613060012005570
3613060012005571
3613060012005572
3613060012005573
3613060012005574
3613060012005575
3613060012005576
3613060012005577
3613060012005578
3613060012005579
3613060012005580
3613060012005581
3613060012005582
3613060012005583
3613060012005584
3613060012005585
3613060012005586
3613060012005587
3613060012005588
3613060012005589
3613060012005590
3613060012005591
3613060012005592
3613060012005593
3613060012005594
3613060012005595
3613060012005596
3613060012005597
3613060012005598
3613060012005599
3613060012005600
3613060012005601
3613060012005602
3613060012005603
3613060012005604
3613060012005605
3613060012005606
3613060012005607
3613060012005608
3613060012005609
3613060012005610
3613060012005611
3613060012005612
3613060012005613
3613060012005614
3613060012005615
3613060012005616
3613060012005617
3613060012005618
3613060012005619
3613060012005620
3613060012005621
3613060012005622
3613060012005623
3613060012005624
3613060012005625
3613060012005626
3613060012005627
3613060012005628
3613060012005629
3613060012005630
3613060012005631
3613060012005632
3613060012005633
3613060012005634
3613060012005635
3613060012005636
3613060012005637
3613060012005638
3613060012005639
3613060012005640
3613060012005641
3613060012005642
3613060012005643
3613060012005644
3613060012005645
3613060012005646
3613060012005647
3613060012005648
3613060012005649
3613060012005650
3613060012005651
3613060012005652
3613060012005653
3613060012005654
3613060012005655
3613060012005656
3613060012005657
3613060012005658
3613060012005659
3613060012005660
3613060012005661
3613060012005662
3613060012005663
3613060012005664
3613060012005665
3613060012005666
3613060012005667
3613060012005668
3613060012005669
3613060012005670
3613060012005671
3613060012005672
3613060012005673
3613060012005674
3613060012005675
3613060012005676
3613060012005677
3613060012005678
3613060012005679
3613060012005680
3613060012005681
3613060012005682
3613060012005683
3613060012005684
3613060012005685
3613060012005686
3613060012005687
3613060012005688
3613060012005689
3613060012005690
3613060012005691
3613060012005692
3613060012005693
3613060012005694
3613060012005695
3613060012005696
3613060012005697
3613060012005698
3613060012005699
3613060012005700
3613060012005701
3613060012005702
3613060012005703
3613060012005704
3613060012005705
3613060012005706
3613060012005707
3613060012005708
3613060012005709
3613060012005710
3613060012005711
3613060012005712
3613060012005713
3613060012005714
3613060012005715
3613060012005716
3613060012005717
3613060012005718
3613060012005719
3613060012005720
3613060012005721
3613060012005722
3613060012005723
3613060012005724
3613060012005725
3613060012005726
3613060012005727
3613060012005728
3613060012005729
3613060012005730
3613060012005731
3613060012005732
3613060012005733
3613060012005734
3613060012005735
3613060012005736
3613060012005737
3613060012005738
3613060012005739
3613060012005740
3613060012005741
3613060012005742
3613060012005743
3613060012005744
3613060012005745
3613060012005746
3613060012005747
3613060012005748
3613060012005749
3613060012005750
3613060012005751
3613060012005752
3613060012005753
3613060012005754
3613060012005755
3613060012005756
3613060012005757
3613060012005758
3613060012005759
3613060012005760
3613060012005761
3613060012005762
3613060012005763
3613060012005764
3613060012005765
3613060012005766
3613060012005767
3613060012005768
3613060012005769
3613060012005770
3613060012005771
3613060012005772
3613060012005773
3613060012005774
3613060012005775
3613060012005776
3613060012005777
3613060012005778
3613060012005779
3613060012005780
3613060012005781
3613060012005782
3613060012005783
3613060012005784
3613060012005785
3613060012005786
3613060012005787
3613060012005788
3613060012005789
3613060012005790
3613060012005791
3613060012005792
3613060012005793
3613060012005794
3613060012005795
3613060012005796
3613060012005797
3613060012005798
3613060012005799
3613060012005800
3613060012005801
3613060012005802
3613060012005803
3613060012005804
3613060012005805
3613060012005806
3613060012005807
3613060012005808
3613060012005809
3613060012005810
3613060012005811
3613060012005812
3613060012005813
3613060012005814
3613060012005815
3613060012005816
3613060012005817
3613060012005818
3613060012005819
3613060012005820
3613060012005821
3613060012005822
3613060012005823
3613060012005824
3613060012005825
3613060012005826
3613060012005827
3613060012005828
3613060012005829
3613060012005830
3613060012005831
3613060012005832
3613060012005833
3613060012005834
3613060012005835
3613060012005836
3613060012005837
3613060012005838
3613060012005839
3613060012005840
3613060012005841
3613060012005842
3613060012005843
3613060012005844
3613060012005845
3613060012005846
3613060012005847
3613060012005848
3613060012005849
3613060012005850
3613060012005851
3613060012005852
3613060012005853
3613060012005854
3613060012005855
3613060012005856
3613060012005857
3613060012005858
3613060012005859
3613060012005860
3613060012005861
3613060012005862
3613060012005863
3613060012005864
3613060012005865
3613060012005866
3613060012005867
3613060012005868
3613060012005869
3613060012005870
3613060012005871
3613060012005872
3613060012005873
3613060012005874
3613060012005875
3613060012005876
3613060012005877
3613060012005878
3613060012005879
3613060012005880
3613060012005881
3613060012005882
3613060012005883
3613060012005884
3613060012005885
3613060012005886
3613060012005887
3613060012005888
3613060012005889
3613060012005890
3613060012005891
3613060012005892
3613060012005893
3613060012005894
3613060012005895
3613060012005896
3613060012005897
3613060012005898
3613060012005899
3613060012005900
3613060012005901
3613060012005902
3613060012005903
3613060012005904
3613060012005905
3613060012005906
3613060012005907
3613060012005908
3613060012005909
3613060012005910
3613060012005911
3613060012005912
3613060012005913
3613060012005914
3613060012005915
3613060012005916
3613060012005917
3613060012005918
3613060012005919
3613060012005920
3613060012005921
3613060012005922
3613060012005923
3613060012005924
3613060012005925
3613060012005926
3613060012005927
3613060012005928
3613060012005929
3613060012005930
3613060012005931
3613060012005932
3613060012005933
3613060012005934
3613060012005935
3613060012005936
3613060012005937
3613060012005938
3613060012005939
3613060012005940
3613060012005941
3613060012005942
3613060012005943
3613060012005944
3613060012005945
3613060012005946
3613060012005947
3613060012005948
3613060012005949
3613060012005950
3613060012005951
3613060012005952
3613060012005953
3613060012005954
3613060012005955
3613060012005956
3613060012005957
3613060012005958
3613060012005959
3613060012005960
3613060012005961
3613060012005962
3613060012005963
3613060012005964
3613060012005965
3613060012005966
3613060012005967
3613060012005968
3613060012005969
3613060012005970
3613060012005971
3613060012005972
3613060012005973
3613060012005974
3613060012005975
3613060012005976
3613060012005977
3613060012005978
3613060012005979
3613060012005980
3613060012005981
3613060012005982
3613060012005983
3613060012005984
3613060012005985
3613060012005986
3613060012005987
3613060012005988
3613060012005989
3613060012005990
3613060012005991
3613060012005992
3613060012005993
3613060012005994
3613060012005995
3613060012005996
3613060012005997
3613060012005998
3613060012005999
3613060012006000
3613060012006001
3613060012006002
3613060012006003
3613060012006004
3613060012006005
3613060012006006
3613060012006007
3613060012006008
3613060012006009
3613060012006010
3613060012006011
3613060012006012
3613060012006013
3613060012006014
3613060012006015
3613060012006016
3613060012006017
3613060012006018
3613060012006019
3613060012006020
3613060012006021
3613060012006022
3613060012006023
3613060012006024
3613060012006025
3613060012006026
3613060012006027
3613060012006028
3613060012006029
3613060012006030
3613060012006031
3613060012006032
3613060012006033
3613060012006034
3613060012006035
3613060012006036
3613060012006037
3613060012006038
3613060012006039
3613060012006040
3613060012006041
3613060012006042
3613060012006043
3613060012006044
3613060012006045
3613060012006046
3613060012006047
3613060012006048
3613060012006049
3613060012006050
3613060012006051
3613060012006052
3613060012006053
3613060012006054
3613060012006055
3613060012006056
3613060012006057
3613060012006058
3613060012006059
3613060012006060
3613060012006061
3613060012006062
3613060012006063
3613060012006064
3613060012006065
3613060012006066
3613060012006067
3613060012006068
3613060012006069
3613060012006070
3613060012006071
3613060012006072
3613060012006073
3613060012006074
3613060012006075
3613060012006076
3613060012006077
3613060012006078
3613060012006079
3613060012006080
3613060012006081
3613060012006082
3613060012006083
3613060012006084
3613060012006085
3613060012006086
3613060012006087
