868120163155945
868120163155952
868120163155960
868120163155978
868120163155986
868120163155994
868120163156000
868120163156018
868120163156026
868120163156034
868120163156042
868120163156059
868120163156067
868120163156075
868120163156083
868120163156091
868120163156109
868120163156117
868120163156125
868120163156133
868120163156141
868120163156158
868120163156166
868120163156174
868120163156182
868120163156190
868120163156208
868120163156216
868120163156224
868120163156232
868120163156240
868120163156257
868120163156265
868120163156273
868120163156281
868120163156299
868120163156307
868120163156315
868120163156323
868120163156331
868120163156349
868120163156356
868120163156364
868120163156372
868120163156380
868120163156398
868120163156406
868120163156414
868120163156422
868120163156430
868120163156448
868120163156455
868120163156463
868120163156471
868120163156489
868120163156497
868120163156505
868120163156513
868120163156521
868120163156539
868120163156547
868120163156554
868120163156562
868120163156570
868120163156588
868120163156596
868120163156604
868120163156612
868120163156620
868120163156638
868120163156646
868120163156653
868120163156661
868120163156679
868120163156687
868120163156695
868120163156703
868120163156711
868120163156729
868120163156737
868120163156745
868120163156752
868120163156760
868120163156778
868120163156786
868120163156794
868120163156802
868120163156810
868120163156828
868120163156836
868120163156844
868120163156851
868120163156869
868120163156877
868120163156885
868120163156893
868120163156901
868120163156919
868120163156927
868120163156935
868120163156943
868120163156950
868120163156968
868120163156976
868120163156984
868120163156992
868120163157008
868120163157016
868120163157024
868120163157032
868120163157040
868120163157057
868120163157065
868120163157073
868120163157081
868120163157099
868120163157107
868120163157115
868120163157123
868120163157131
868120163157149
868120163157156
868120163157164
868120163157172
868120163157180
868120163157198
868120163157206
868120163157214
868120163157222
868120163157230
868120163157248
868120163157255
868120163157263
868120163157271
868120163157289
868120163157297
868120163157305
868120163157313
868120163157321
868120163157339
868120163157347
868120163157354
868120163157362
868120163157370
868120163157388
868120163157396
868120163157404
868120163157412
868120163157420
868120163157438
868120163157446
868120163157453
868120163157461
868120163157479
868120163157487
868120163157495
868120163157503
868120163157511
868120163157529
868120163157537
868120163157545
868120163157552
868120163157560
868120163157578
868120163157586
868120163157594
868120163157602
868120163157610
868120163157628
868120163157636
868120163157644
868120163157651
868120163157669
868120163157677
868120163157685
868120163157693
868120163157701
868120163157719
868120163157727
868120163157735
868120163157743
868120163157750
868120163157768
868120163157776
868120163157784
868120163157792
868120163157800
868120163157818
868120163157826
868120163157834
868120163157842
868120163157859
868120163157867
868120163157875
868120163157883
868120163157891
868120163157909
868120163157917
868120163157925
868120163157933
868120163157941
868120163157958
868120163157966
868120163157974
868120163157982
868120163157990
868120163158006
868120163158014
868120163158022
868120163158030
868120163158048
868120163158055
868120163158063
868120163158071
868120163158089
868120163158097
868120163158105
868120163158113
868120163158121
868120163158139
868120163158147
868120163158154
868120163158162
868120163158170
868120163158188
868120163158196
868120163158204
868120163158212
868120163158220
868120163158238
868120163158246
868120163158253
868120163158261
868120163158279
868120163158287
868120163158295
868120163158303
868120163158311
868120163158329
868120163158337
868120163158345
868120163158352
868120163158360
868120163158378
868120163158386
868120163158394
868120163158402
868120163158410
868120163158428
868120163158436
868120163158444
868120163158451
868120163158469
868120163158477
868120163158485
868120163158493
868120163158501
868120163158519
868120163158527
868120163158535
868120163158543
868120163158550
868120163158568
868120163158576
868120163158584
868120163158592
868120163158600
868120163158618
868120163158626
868120163158634
868120163158642
868120163158659
868120163158667
868120163158675
868120163158683
868120163158691
868120163158709
868120163158717
868120163158725
868120163158733
868120163158741
868120163158758
868120163158766
868120163158774
868120163158782
868120163158790
868120163158808
868120163158816
868120163158824
868120163158832
868120163158840
868120163158857
868120163158865
868120163158873
868120163158881
868120163158899
868120163158907
868120163158915
868120163158923
868120163158931
868120163158949
868120163158956
868120163158964
868120163158972
868120163158980
868120163158998
868120163159004
868120163159012
868120163159020
868120163159038
868120163159046
868120163159053
868120163159061
868120163159079
868120163159087
868120163159095
868120163159103
868120163159111
868120163159129
868120163159137
868120163159145
868120163159152
868120163159160
868120163159178
868120163159186
868120163159194
868120163159202
868120163159210
868120163159228
868120163159236
868120163159244
868120163159251
868120163159269
868120163159277
868120163159285
868120163159293
868120163159301
868120163159319
868120163159327
868120163159335
868120163159343
868120163159350
868120163159368
868120163159376
868120163159384
868120163159392
868120163159400
868120163159418
868120163159426
868120163159434
868120163159442
868120163159459
868120163159467
868120163159475
868120163159483
868120163159491
868120163159509
868120163159517
868120163159525
868120163159533
868120163159541
868120163159558
868120163159566
868120163159574
868120163159582
868120163159590
868120163159608
868120163159616
868120163159624
868120163159632
868120163159640
868120163159657
868120163159665
868120163159673
868120163159681
868120163159699
868120163159707
868120163159715
868120163159723
868120163159731
868120163159749
868120163159756
868120163159764
868120163159772
868120163159780
868120163159798
868120163159806
868120163159814
868120163159822
868120163159830
868120163159848
868120163159855
868120163159863
868120163159871
868120163159889
868120163159897
868120163159905
868120163159913
868120163159921
868120163159939
868120163159947
868120163159954
868120163159962
868120163159970
868120163159988
868120163159996
868120163160002
868120163160010
868120163160028
868120163160036
868120163160044
868120163160051
868120163160069
868120163160077
868120163160085
868120163160093
868120163160101
868120163160119
868120163160127
868120163160135
868120163160143
868120163160150
868120163160168
868120163160176
868120163160184
868120163160192
868120163160200
868120163160218
868120163160226
868120163160234
868120163160242
868120163160259
868120163160267
868120163160275
868120163160283
868120163160291
868120163160309
868120163160317
868120163160325
868120163160333
868120163160341
868120163160358
868120163160366
868120163160374
868120163160382
868120163160390
868120163160408
868120163160416
868120163160424
868120163160432
868120163160440
868120163160457
868120163160465
868120163160473
868120163160481
868120163160499
868120163160507
868120163160515
868120163160523
868120163160531
868120163160549
868120163160556
868120163160564
868120163160572
868120163160580
868120163160598
868120163160606
868120163160614
868120163160622
868120163160630
868120163160648
868120163160655
868120163160663
868120163160671
868120163160689
868120163160697
868120163160705
868120163160713
868120163160721
868120163160739
868120163160747
868120163160754
868120163160762
868120163160770
868120163160788
868120163160796
868120163160804
868120163160812
868120163160820
868120163160838
868120163160846
868120163160853
868120163160861
868120163160879
868120163160887
868120163160895
868120163160903
868120163160911
868120163160929
868120163160937
868120163160945
868120163160952
868120163160960
868120163160978
868120163160986
868120163160994
868120163161000
868120163161018
868120163161026
868120163161034
868120163161042
868120163161059
868120163161067
868120163161075
868120163161083
868120163161091
868120163161109
868120163161117
868120163161125
868120163161133
868120163161141
868120163161158
868120163161166
868120163161174
868120163161182
868120163161190
868120163161208
868120163161216
868120163161224
868120163161232
868120163161240
868120163161257
868120163161265
868120163161273
868120163161281
868120163161299
868120163161307
868120163161315
868120163161323
868120163161331
868120163161349
868120163161356
868120163161364
868120163161372
868120163161380
868120163161398
868120163161406
868120163161414
868120163161422
868120163161430
868120163161448
868120163161455
868120163161463
868120163161471
868120163161489
868120163161497
868120163161505
868120163161513
868120163161521
868120163161539
868120163161547
868120163161554
868120163161562
868120163161570
868120163161588
868120163161596
868120163161604
868120163161612
868120163161620
868120163161638
868120163161646
868120163161653
868120163161661
868120163161679
868120163161687
868120163161695
868120163161703
868120163161711
868120163161729
868120163161737
868120163161745
868120163161752
868120163161760
868120163161778
868120163161786
868120163161794
868120163161802
868120163161810
868120163161828
868120163161836
868120163161844
868120163161851
868120163161869
868120163161877
868120163161885
868120163161893
868120163161901
868120163161919
868120163161927
868120163161935
868120163161943
868120163161950
868120163161968
868120163161976
868120163161984
868120163161992
868120163162008
868120163162016
868120163162024
868120163162032
868120163162040
868120163162057
868120163162065
868120163162073
868120163162081
868120163162099
868120163162107
868120163162115
868120163162123
868120163162131
868120163162149
868120163162156
868120163162164
868120163162172
868120163162180
868120163162198
868120163162206
868120163162214
868120163162222
868120163162230
868120163162248
868120163162255
868120163162263
868120163162271
868120163162289
868120163162297
868120163162305
868120163162313
868120163162321
868120163162339
868120163162347
868120163162354
868120163162362
868120163162370
868120163162388
868120163162396
868120163162404
868120163162412
868120163162420
868120163162438
868120163162446
868120163162453
868120163162461
868120163162479
868120163162487
868120163162495
868120163162503
868120163162511
868120163162529
868120163162537
868120163162545
868120163162552
868120163162560
868120163162578
868120163162586
868120163162594
868120163162602
868120163162610
868120163162628
868120163162636
868120163162644
868120163162651
868120163162669
868120163162677
868120163162685
868120163162693
868120163162701
868120163162719
868120163162727
868120163162735
868120163162743
868120163162750
868120163162768
868120163162776
868120163162784
868120163162792
868120163162800
868120163162818
868120163162826
868120163162834
868120163162842
868120163162859
868120163162867
868120163162875
868120163162883
868120163162891
868120163162909
868120163162917
868120163162925
868120163162933
868120163162941
868120163162958
868120163162966
868120163162974
868120163162982
868120163162990
868120163163006
868120163163014
868120163163022
868120163163030
868120163163048
868120163163055
868120163163063
868120163163071
868120163163089
868120163163097
868120163163105
868120163163113
868120163163121
868120163163139
868120163163147
868120163163154
868120163163162
868120163163170
868120163163188
868120163163196
868120163163204
868120163163212
868120163163220
868120163163238
868120163163246
868120163163253
868120163163261
868120163163279
868120163163287
868120163163295
868120163163303
868120163163311
868120163163329
868120163163337
868120163163345
868120163163352
868120163163360
868120163163378
868120163163386
868120163163394
868120163163402
868120163163410
868120163163428
868120163163436
868120163163444
868120163163451
868120163163469
868120163163477
868120163163485
868120163163493
868120163163501
868120163163519
868120163163527
868120163163535
868120163163543
868120163163550
868120163163568
868120163163576
868120163163584
868120163163592
868120163163600
868120163163618
868120163163626
868120163163634
868120163163642
868120163163659
868120163163667
868120163163675
868120163163683
868120163163691
868120163163709
868120163163717
868120163163725
868120163163733
868120163163741
868120163163758
868120163163766
868120163163774
868120163163782
868120163163790
868120163163808
868120163163816
868120163163824
868120163163832
868120163163840
868120163163857
868120163163865
868120163163873
868120163163881
868120163163899
868120163163907
868120163163915
868120163163923
868120163163931
868120163163949
868120163163956
868120163163964
868120163163972
868120163163980
868120163163998
868120163164004
868120163164012
868120163164020
868120163164038
868120163164046
868120163164053
868120163164061
868120163164079
868120163164087
868120163164095
868120163164103
868120163164111
868120163164129
868120163164137
868120163164145
868120163164152
868120163164160
868120163164178
868120163164186
868120163164194
868120163164202
868120163164210
868120163164228
868120163164236
868120163164244
868120163164251
868120163164269
868120163164277
868120163164285
868120163164293
868120163164301
868120163164319
868120163164327
868120163164335
868120163164343
868120163164350
868120163164368
868120163164376
868120163164384
868120163164392
868120163164400
868120163164418
868120163164426
868120163164434
868120163164442
868120163164459
868120163164467
868120163164475
868120163164483
868120163164491
868120163164509
868120163164517
868120163164525
868120163164533
868120163164541
868120163164558
868120163164566
868120163164574
868120163164582
868120163164590
868120163164608
868120163164616
868120163164624
868120163164632
868120163164640
868120163164657
868120163164665
868120163164673
868120163164681
868120163164699
868120163164707
868120163164715
868120163164723
868120163164731
868120163164749
868120163164756
868120163164764
868120163164772
868120163164780
868120163164798
868120163164806
868120163164814
868120163164822
868120163164830
868120163164848
868120163164855
868120163164863
868120163164871
868120163164889
868120163164897
868120163164905
868120163164913
868120163164921
868120163164939
868120163164947
868120163164954
868120163164962
868120163164970
868120163164988
868120163164996
868120163165001
868120163165019
868120163165027
868120163165035
868120163165043
868120163165050
868120163165068
868120163165076
868120163165084
868120163165092
868120163165100
868120163165118
868120163165126
868120163165134
868120163165142
868120163165159
868120163165167
868120163165175
868120163165183
868120163165191
868120163165209
868120163165217
868120163165225
868120163165233
868120163165241
868120163165258
868120163165266
868120163165274
868120163165282
868120163165290
868120163165308
868120163165316
868120163165324
868120163165332
868120163165340
868120163165357
868120163165365
868120163165373
868120163165381
868120163165399
868120163165407
868120163165415
868120163165423
868120163165431
868120163165449
868120163165456
868120163165464
868120163165472
868120163165480
868120163165498
868120163165506
868120163165514
868120163165522
868120163165530
868120163165548
868120163165555
868120163165563
868120163165571
868120163165589
868120163165597
868120163165605
868120163165613
868120163165621
868120163165639
868120163165647
868120163165654
868120163165662
868120163165670
868120163165688
868120163165696
868120163165704
868120163165712
868120163165720
868120163165738
868120163165746
868120163165753
868120163165761
868120163165779
868120163165787
868120163165795
868120163165803
868120163165811
868120163165829
868120163165837
868120163165845
868120163165852
868120163165860
868120163165878
868120163165886
868120163165894
868120163165902
868120163165910
868120163165928
868120163165936
868120163165944
868120163165951
868120163165969
868120163165977
868120163165985
868120163165993
868120163166009
868120163166017
868120163166025
868120163166033
868120163166041
868120163166058
868120163166066
868120163166074
868120163166082
868120163166090
868120163166108
868120163166116
868120163166124
868120163166132
868120163166140
868120163166157
868120163166165
868120163166173
868120163166181
868120163166199
868120163166207
868120163166215
868120163166223
868120163166231
868120163166249
868120163166256
868120163166264
868120163166272
868120163166280
868120163166298
868120163166306
868120163166314
868120163166322
868120163166330
868120163166348
868120163166355
868120163166363
868120163166371
868120163166389
868120163166397
868120163166405
868120163166413
868120163166421
868120163166439
868120163166447
868120163166454
868120163166462
868120163166470
868120163166488
868120163166496
868120163166504
868120163166512
868120163166520
868120163166538
868120163166546
868120163166553
868120163166561
868120163166579
868120163166587
868120163166595
868120163166603
868120163166611
868120163166629
868120163166637
868120163166645
868120163166652
868120163166660
868120163166678
868120163166686
868120163166694
868120163166702
868120163166710
868120163166728
868120163166736
868120163166744
868120163166751
868120163166769
868120163166777
868120163166785
868120163166793
868120163166801
868120163166819
868120163166827
868120163166835
868120163166843
868120163166850
868120163166868
868120163166876
868120163166884
868120163166892
868120163166900
868120163166918
868120163166926
868120163166934
868120163166942
868120163166959
868120163166967
868120163166975
868120163166983
868120163166991
868120163167007
868120163167015
868120163167023
868120163167031
868120163167049
868120163167056
868120163167064
868120163167072
868120163167080
868120163167098
868120163167106
868120163167114
868120163167122
868120163167130
868120163167148
868120163167155
868120163167163
868120163167171
868120163167189
868120163167197
868120163167205
868120163167213
868120163167221
868120163167239
868120163167247
868120163167254
868120163167262
868120163167270
868120163167288
868120163167296
868120163167304
868120163167312
868120163167320
868120163167338
868120163167346
868120163167353
868120163167361
868120163167379
868120163167387
868120163167395
868120163167403
868120163167411
868120163167429
868120163167437
868120163167445
868120163167452
868120163167460
868120163167478
868120163167486
868120163167494
868120163167502
868120163167510
868120163167528
868120163167536
868120163167544
868120163167551
868120163167569
868120163167577
868120163167585
868120163167593
868120163167601
868120163167619
868120163167627
868120163167635
868120163167643
868120163167650
868120163167668
868120163167676
868120163167684
868120163167692
868120163167700
868120163167718
868120163167726
868120163167734
868120163167742
868120163167759
868120163167767
868120163167775
868120163167783
868120163167791
868120163167809
868120163167817
868120163167825
868120163167833
868120163167841
868120163167858
868120163167866
868120163167874
868120163167882
868120163167890
868120163167908
868120163167916
868120163167924
868120163167932
868120163167940
868120163167957
868120163167965
868120163167973
868120163167981
868120163167999
868120163168005
868120163168013
868120163168021
868120163168039
868120163168047
868120163168054
868120163168062
868120163168070
868120163168088
868120163168096
868120163168104
868120163168112
868120163168120
868120163168138
868120163168146
868120163168153
868120163168161
868120163168179
868120163168187
868120163168195
868120163168203
868120163168211
868120163168229
868120163168237
868120163168245
868120163168252
868120163168260
868120163168278
868120163168286
868120163168294
868120163168302
868120163168310
868120163168328
868120163168336
868120163168344
868120163168351
868120163168369
868120163168377
868120163168385
868120163168393
868120163168401
868120163168419
868120163168427
868120163168435
868120163168443
868120163168450
868120163168468
868120163168476
868120163168484
868120163168492
868120163168500
868120163168518
868120163168526
868120163168534
868120163168542
868120163168559
868120163168567
868120163168575
868120163168583
868120163168591
868120163168609
868120163168617
868120163168625
868120163168633
868120163168641
868120163168658
868120163168666
868120163168674
868120163168682
868120163168690
868120163168708
868120163168716
868120163168724
868120163168732
868120163168740
868120163168757
868120163168765
868120163168773
868120163168781
868120163168799
868120163168807
868120163168815
868120163168823
868120163168831
868120163168849
868120163168856
868120163168864
868120163168872
868120163168880
868120163168898
868120163168906
868120163168914
868120163168922
868120163168930
868120163168948
868120163168955
868120163168963
868120163168971
868120163168989
868120163168997
868120163169003
868120163169011
868120163169029
868120163169037
868120163169045
868120163169052
868120163169060
868120163169078
868120163169086
868120163169094
868120163169102
868120163169110
868120163169128
868120163169136
868120163169144
868120163169151
868120163169169
868120163169177
868120163169185
868120163169193
868120163169201
868120163169219
868120163169227
868120163169235
868120163169243
868120163169250
868120163169268
868120163169276
868120163169284
868120163169292
868120163169300
868120163169318
868120163169326
868120163169334
868120163169342
868120163169359
868120163169367
868120163169375
868120163169383
868120163169391
868120163169409
868120163169417
868120163169425
868120163169433
868120163169441
868120163169458
868120163169466
868120163169474
868120163169482
868120163169490
868120163169508
868120163169516
868120163169524
868120163169532
868120163169540
868120163169557
868120163169565
868120163169573
868120163169581
868120163169599
868120163169607
868120163169615
868120163169623
868120163169631
868120163169649
868120163169656
868120163169664
868120163169672
868120163169680
868120163169698
868120163169706
868120163169714
868120163169722
868120163169730
868120163169748
868120163169755
868120163169763
868120163169771
868120163169789
868120163169797
868120163169805
868120163169813
868120163169821
868120163169839
868120163169847
868120163169854
868120163169862
868120163169870
868120163169888
868120163169896
868120163169904
868120163169912
868120163169920
868120163169938
868120163169946
868120163169953
868120163169961
868120163169979
868120163169987
868120163169995
868120163170001
868120163170019
868120163170027
868120163170035
868120163170043
868120163170050
868120163170068
868120163170076
868120163170084
868120163170092
868120163170100
868120163170118
868120163170126
868120163170134
868120163170142
868120163170159
868120163170167
868120163170175
868120163170183
868120163170191
868120163170209
868120163170217
868120163170225
868120163170233
868120163170241
868120163170258
868120163170266
868120163170274
868120163170282
868120163170290
868120163170308
868120163170316
868120163170324
868120163170332
868120163170340
868120163170357
868120163170365
868120163170373
868120163170381
868120163170399
868120163170407
868120163170415
868120163170423
868120163170431
868120163170449
868120163170456
868120163170464
868120163170472
868120163170480
868120163170498
868120163170506
868120163170514
868120163170522
868120163170530
868120163170548
868120163170555
868120163170563
868120163170571
868120163170589
868120163170597
868120163170605
868120163170613
868120163170621
868120163170639
868120163170647
868120163170654
868120163170662
868120163170670
868120163170688
868120163170696
868120163170704
868120163170712
868120163170720
868120163170738
868120163170746
868120163170753
868120163170761
868120163170779
868120163170787
868120163170795
868120163170803
868120163170811
868120163170829
868120163170837
868120163170845
868120163170852
868120163170860
868120163170878
868120163170886
868120163170894
868120163170902
868120163170910
868120163170928
868120163170936
868120163170944
868120163170951
868120163170969
868120163170977
868120163170985
868120163170993
868120163171009
868120163171017
868120163171025
868120163171033
868120163171041
868120163171058
868120163171066
868120163171074
868120163171082
868120163171090
868120163171108
868120163171116
868120163171124
868120163171132
868120163171140
868120163171157
868120163171165
868120163171173
868120163171181
868120163171199
868120163171207
868120163171215
868120163171223
868120163171231
868120163171249
868120163171256
868120163171264
868120163171272
868120163171280
868120163171298
868120163171306
868120163171314
868120163171322
868120163171330
868120163171348
868120163171355
868120163171363
868120163171371
868120163171389
868120163171397
868120163171405
868120163171413
868120163171421
868120163171439
868120163171447
868120163171454
868120163171462
868120163171470
868120163171488
868120163171496
868120163171504
868120163171512
868120163171520
868120163171538
868120163171546
868120163171553
868120163171561
868120163171579
868120163171587
868120163171595
868120163171603
868120163171611
868120163171629
868120163171637
868120163171645
868120163171652
868120163171660
868120163171678
868120163171686
868120163171694
868120163171702
868120163171710
868120163171728
868120163171736
868120163171744
868120163171751
868120163171769
868120163171777
868120163171785
868120163171793
868120163171801
868120163171819
868120163171827
868120163171835
868120163171843
868120163171850
868120163171868
868120163171876
868120163171884
868120163171892
868120163171900
868120163171918
868120163171926
868120163171934
868120163171942
868120163171959
868120163171967
868120163171975
868120163171983
868120163171991
868120163172007
868120163172015
868120163172023
868120163172031
868120163172049
868120163172056
868120163172064
868120163172072
868120163172080
868120163172098
868120163172106
868120163172114
868120163172122
868120163172130
868120163172148
868120163172155
868120163172163
868120163172171
868120163172189
868120163172197
868120163172205
868120163172213
868120163172221
868120163172239
868120163172247
868120163172254
868120163172262
868120163172270
868120163172288
868120163172296
868120163172304
868120163172312
868120163172320
868120163172338
868120163172346
868120163172353
868120163172361
868120163172379
868120163172387
868120163172395
868120163172403
868120163172411
868120163172429
868120163172437
868120163172445
868120163172452
868120163172460
868120163172478
868120163172486
868120163172494
868120163172502
868120163172510
868120163172528
868120163172536
868120163172544
868120163172551
868120163172569
868120163172577
868120163172585
868120163172593
868120163172601
868120163172619
868120163172627
868120163172635
868120163172643
868120163172650
868120163172668
868120163172676
868120163172684
868120163172692
868120163172700
868120163172718
868120163172726
868120163172734
868120163172742
868120163172759
868120163172767
868120163172775
868120163172783
868120163172791
868120163172809
868120163172817
868120163172825
868120163172833
868120163172841
868120163172858
868120163172866
868120163172874
868120163172882
868120163172890
868120163172908
868120163172916
868120163172924
868120163172932
868120163172940
868120163172957
868120163172965
868120163172973
868120163172981
868120163172999
868120163173005
868120163173013
868120163173021
868120163173039
868120163173047
868120163173054
868120163173062
868120163173070
868120163173088
868120163173096
868120163173104
868120163173112
868120163173120
868120163173138
868120163173146
868120163173153
868120163173161
868120163173179
868120163173187
868120163173195
868120163173203
868120163173211
868120163173229
868120163173237
868120163173245
868120163173252
868120163173260
868120163173278
868120163173286
868120163173294
868120163173302
868120163173310
868120163173328
868120163173336
868120163173344
868120163173351
868120163173369
868120163173377
868120163173385
868120163173393
868120163173401
868120163173419
868120163173427
868120163173435
868120163173443
868120163173450
868120163173468
868120163173476
868120163173484
868120163173492
868120163173500
868120163173518
868120163173526
868120163173534
868120163173542
868120163173559
868120163173567
868120163173575
868120163173583
868120163173591
868120163173609
868120163173617
868120163173625
868120163173633
868120163173641
868120163173658
868120163173666
868120163173674
868120163173682
868120163173690
868120163173708
868120163173716
868120163173724
868120163173732
868120163173740
868120163173757
868120163173765
868120163173773
868120163173781
868120163173799
868120163173807
868120163173815
868120163173823
868120163173831
868120163173849
868120163173856
868120163173864
868120163173872
868120163173880
868120163173898
868120163173906
868120163173914
868120163173922
868120163173930
868120163173948
868120163173955
868120163173963
868120163173971
868120163173989
868120163173997
868120163174003
868120163174011
868120163174029
868120163174037
868120163174045
868120163174052
868120163174060
868120163174078
868120163174086
868120163174094
868120163174102
868120163174110
868120163174128
868120163174136
868120163174144
868120163174151
868120163174169
868120163174177
868120163174185
868120163174193
868120163174201
868120163174219
868120163174227
868120163174235
868120163174243
868120163174250
868120163174268
868120163174276
868120163174284
868120163174292
868120163174300
868120163174318
868120163174326
868120163174334
868120163174342
868120163174359
868120163174367
868120163174375
868120163174383
868120163174391
868120163174409
868120163174417
868120163174425
868120163174433
868120163174441
868120163174458
868120163174466
868120163174474
868120163174482
868120163174490
868120163174508
868120163174516
868120163174524
868120163174532
868120163174540
868120163174557
868120163174565
868120163174573
868120163174581
868120163174599
868120163174607
868120163174615
868120163174623
868120163174631
868120163174649
868120163174656
868120163174664
868120163174672
868120163174680
868120163174698
868120163174706
868120163174714
868120163174722
868120163174730
868120163174748
868120163174755
868120163174763
868120163174771
868120163174789
868120163174797
868120163174805
868120163174813
868120163174821
868120163174839
868120163174847
868120163174854
868120163174862
868120163174870
868120163174888
868120163174896
868120163174904
868120163174912
868120163174920
868120163174938
868120163174946
868120163174953
868120163174961
868120163174979
868120163174987
868120163174995
868120163175000
868120163175018
868120163175026
868120163175034
868120163175042
868120163175059
868120163175067
868120163175075
868120163175083
868120163175091
868120163175109
868120163175117
868120163175125
868120163175133
868120163175141
868120163175158
868120163175166
868120163175174
868120163175182
868120163175190
868120163175208
868120163175216
868120163175224
868120163175232
868120163175240
868120163175257
868120163175265
868120163175273
868120163175281
868120163175299
868120163175307
868120163175315
868120163175323
868120163175331
868120163175349
868120163175356
868120163175364
868120163175372
868120163175380
868120163175398
868120163175406
868120163175414
868120163175422
868120163175430
868120163175448
868120163175455
868120163175463
868120163175471
868120163175489
868120163175497
868120163175505
868120163175513
868120163175521
868120163175539
868120163175547
868120163175554
868120163175562
868120163175570
868120163175588
868120163175596
868120163175604
868120163175612
868120163175620
868120163175638
868120163175646
868120163175653
868120163175661
868120163175679
868120163175687
868120163175695
868120163175703
868120163175711
868120163175729
868120163175737
868120163175745
868120163175752
868120163175760
868120163175778
868120163175786
868120163175794
868120163175802
868120163175810
868120163175828
868120163175836
868120163175844
868120163175851
868120163175869
868120163175877
868120163175885
868120163175893
868120163175901
868120163175919
868120163175927
868120163175935
868120163175943
868120163175950
868120163175968
868120163175976
868120163175984
868120163175992
868120163176008
868120163176016
868120163176024
868120163176032
868120163176040
868120163176057
868120163176065
868120163176073
868120163176081
868120163176099
868120163176107
868120163176115
868120163176123
868120163176131
868120163176149
868120163176156
868120163176164
868120163176172
868120163176180
868120163176198
868120163176206
868120163176214
868120163176222
868120163176230
868120163176248
868120163176255
868120163176263
868120163176271
868120163176289
868120163176297
868120163176305
868120163176313
868120163176321
868120163176339
868120163176347
868120163176354
868120163176362
868120163176370
868120163176388
868120163176396
868120163176404
868120163176412
868120163176420
868120163176438
868120163176446
868120163176453
868120163176461
868120163176479
868120163176487
868120163176495
868120163176503
868120163176511
868120163176529
868120163176537
868120163176545
868120163176552
868120163176560
868120163176578
868120163176586
868120163176594
868120163176602
868120163176610
868120163176628
868120163176636
868120163176644
868120163176651
868120163176669
868120163176677
868120163176685
868120163176693
868120163176701
868120163176719
868120163176727
868120163176735
868120163176743
868120163176750
868120163176768
868120163176776
868120163176784
868120163176792
868120163176800
868120163176818
868120163176826
868120163176834
868120163176842
868120163176859
868120163176867
868120163176875
868120163176883
868120163176891
868120163176909
868120163176917
868120163176925
868120163176933
868120163176941
868120163176958
868120163176966
868120163176974
868120163176982
868120163176990
868120163177006
868120163177014
868120163177022
868120163177030
868120163177048
868120163177055
868120163177063
868120163177071
868120163177089
868120163177097
868120163177105
868120163177113
868120163177121
868120163177139
868120163177147
868120163177154
868120163177162
868120163177170
868120163177188
868120163177196
868120163177204
868120163177212
868120163177220
868120163177238
868120163177246
868120163177253
868120163177261
868120163177279
868120163177287
868120163177295
868120163177303
868120163177311
868120163177329
868120163177337
868120163177345
868120163177352
868120163177360
868120163177378
868120163177386
868120163177394
868120163177402
868120163177410
868120163177428
868120163177436
868120163177444
868120163177451
868120163177469
868120163177477
868120163177485
868120163177493
868120163177501
868120163177519
868120163177527
868120163177535
868120163177543
868120163177550
868120163177568
868120163177576
868120163177584
868120163177592
868120163177600
868120163177618
868120163177626
868120163177634
868120163177642
868120163177659
868120163177667
868120163177675
868120163177683
868120163177691
868120163177709
868120163177717
868120163177725
868120163177733
868120163177741
868120163177758
868120163177766
868120163177774
868120163177782
868120163177790
868120163177808
868120163177816
868120163177824
868120163177832
868120163177840
868120163177857
868120163177865
868120163177873
868120163177881
868120163177899
868120163177907
868120163177915
868120163177923
868120163177931
868120163177949
868120163177956
868120163177964
868120163177972
868120163177980
868120163177998
868120163178004
868120163178012
868120163178020
868120163178038
868120163178046
868120163178053
868120163178061
868120163178079
868120163178087
868120163178095
868120163178103
868120163178111
868120163178129
868120163178137
868120163178145
868120163178152
868120163178160
868120163178178
868120163178186
868120163178194
868120163178202
868120163178210
868120163178228
868120163178236
868120163178244
868120163178251
868120163178269
868120163178277
868120163178285
868120163178293
868120163178301
868120163178319
868120163178327
868120163178335
868120163178343
868120163178350
868120163178368
868120163178376
868120163178384
868120163178392
868120163178400
868120163178418
868120163178426
868120163178434
868120163178442
868120163178459
868120163178467
868120163178475
868120163178483
868120163178491
868120163178509
868120163178517
868120163178525
868120163178533
868120163178541
868120163178558
868120163178566
868120163178574
868120163178582
868120163178590
868120163178608
868120163178616
868120163178624
868120163178632
868120163178640
868120163178657
868120163178665
868120163178673
868120163178681
868120163178699
868120163178707
868120163178715
868120163178723
868120163178731
868120163178749
868120163178756
868120163178764
868120163178772
868120163178780
868120163178798
868120163178806
868120163178814
868120163178822
868120163178830
868120163178848
868120163178855
868120163178863
868120163178871
868120163178889
868120163178897
868120163178905
868120163178913
868120163178921
868120163178939
868120163178947
868120163178954
868120163178962
868120163178970
868120163178988
868120163178996
868120163179002
868120163179010
868120163179028
868120163179036
868120163179044
868120163179051
868120163179069
868120163179077
868120163179085
868120163179093
868120163179101
868120163179119
868120163179127
868120163179135
868120163179143
868120163179150
868120163179168
868120163179176
868120163179184
868120163179192
868120163179200
868120163179218
868120163179226
868120163179234
868120163179242
868120163179259
868120163179267
868120163179275
868120163179283
868120163179291
868120163179309
868120163179317
868120163179325
868120163179333
868120163179341
868120163179358
868120163179366
868120163179374
868120163179382
868120163179390
868120163179408
868120163179416
868120163179424
868120163179432
868120163179440
868120163179457
868120163179465
868120163179473
868120163179481
868120163179499
868120163179507
868120163179515
868120163179523
868120163179531
868120163179549
868120163179556
868120163179564
868120163179572
868120163179580
868120163179598
868120163179606
868120163179614
868120163179622
868120163179630
868120163179648
868120163179655
868120163179663
868120163179671
868120163179689
868120163179697
868120163179705
868120163179713
868120163179721
868120163179739
868120163179747
868120163179754
868120163179762
868120163179770
868120163179788
868120163179796
868120163179804
868120163179812
868120163179820
868120163179838
868120163179846
868120163179853
868120163179861
868120163179879
868120163179887
868120163179895
868120163179903
868120163179911
868120163179929
868120163179937
868120163179945
868120163179952
868120163179960
868120163179978
868120163179986
868120163179994
868120163180000
868120163180018
868120163180026
868120163180034
868120163180042
868120163180059
868120163180067
868120163180075
868120163180083
868120163180091
868120163180109
868120163180117
868120163180125
868120163180133
868120163180141
868120163180158
868120163180166
868120163180174
868120163180182
868120163180190
868120163180208
868120163180216
868120163180224
868120163180232
868120163180240
868120163180257
868120163180265
868120163180273
868120163180281
868120163180299
868120163180307
868120163180315
868120163180323
868120163180331
868120163180349
868120163180356
868120163180364
868120163180372
868120163180380
868120163180398
868120163180406
868120163180414
868120163180422
868120163180430
868120163180448
868120163180455
868120163180463
868120163180471
868120163180489
868120163180497
868120163180505
868120163180513
868120163180521
868120163180539
868120163180547
868120163180554
868120163180562
868120163180570
868120163180588
868120163180596
868120163180604
868120163180612
868120163180620
868120163180638
868120163180646
868120163180653
868120163180661
868120163180679
868120163180687
868120163180695
868120163180703
868120163180711
868120163180729
868120163180737
868120163180745
868120163180752
868120163180760
868120163180778
868120163180786
868120163180794
868120163180802
868120163180810
868120163180828
868120163180836
868120163180844
868120163180851
868120163180869
868120163180877
868120163180885
868120163180893
868120163180901
868120163180919
868120163180927
868120163180935
868120163180943
868120163180950
868120163180968
868120163180976
868120163180984
868120163180992
868120163181008
868120163181016
868120163181024
868120163181032
868120163181040
868120163181057
868120163181065
868120163181073
868120163181081
868120163181099
868120163181107
868120163181115
868120163181123
868120163181131
868120163181149
868120163181156
868120163181164
868120163181172
868120163181180
868120163181198
868120163181206
868120163181214
868120163181222
868120163181230
868120163181248
868120163181255
868120163181263
868120163181271
868120163181289
868120163181297
868120163181305
868120163181313
868120163181321
868120163181339
868120163181347
868120163181354
868120163181362
868120163181370
868120163181388
868120163181396
868120163181404
868120163181412
868120163181420
868120163181438
868120163181446
868120163181453
868120163181461
868120163181479
868120163181487
868120163181495
868120163181503
868120163181511
868120163181529
868120163181537
868120163181545
868120163181552
868120163181560
868120163181578
868120163181586
868120163181594
868120163181602
868120163181610
868120163181628
868120163181636
868120163181644
868120163181651
868120163181669
868120163181677
868120163181685
868120163181693
868120163181701
868120163181719
868120163181727
868120163181735
868120163181743
868120163181750
868120163181768
868120163181776
868120163181784
868120163181792
868120163181800
868120163181818
868120163181826
868120163181834
868120163181842
868120163181859
868120163181867
868120163181875
868120163181883
868120163181891
868120163181909
868120163181917
868120163181925
868120163181933
868120163181941
868120163181958
868120163181966
868120163181974
868120163181982
868120163181990
868120163182006
868120163182014
868120163182022
868120163182030
868120163182048
868120163182055
868120163182063
868120163182071
868120163182089
868120163182097
868120163182105
868120163182113
868120163182121
868120163182139
868120163182147
868120163182154
868120163182162
868120163182170
868120163182188
868120163182196
868120163182204
868120163182212
868120163182220
868120163182238
868120163182246
868120163182253
868120163182261
868120163182279
868120163182287
868120163182295
868120163182303
868120163182311
868120163182329
868120163182337
868120163182345
868120163182352
868120163182360
868120163182378
868120163182386
868120163182394
868120163182402
868120163182410
868120163182428
868120163182436
868120163182444
868120163182451
868120163182469
868120163182477
868120163182485
868120163182493
868120163182501
868120163182519
868120163182527
868120163182535
868120163182543
868120163182550
868120163182568
868120163182576
868120163182584
868120163182592
868120163182600
868120163182618
868120163182626
868120163182634
868120163182642
868120163182659
868120163182667
868120163182675
868120163182683
868120163182691
868120163182709
868120163182717
868120163182725
868120163182733
868120163182741
868120163182758
868120163182766
868120163182774
868120163182782
868120163182790
868120163182808
868120163182816
868120163182824
868120163182832
868120163182840
868120163182857
868120163182865
868120163182873
868120163182881
868120163182899
868120163182907
868120163182915
868120163182923
868120163182931
868120163182949
868120163182956
868120163182964
868120163182972
868120163182980
868120163182998
868120163183004
868120163183012
868120163183020
868120163183038
868120163183046
868120163183053
868120163183061
868120163183079
868120163183087
868120163183095
868120163183103
868120163183111
868120163183129
868120163183137
868120163183145
868120163183152
868120163183160
868120163183178
868120163183186
868120163183194
868120163183202
868120163183210
868120163183228
868120163183236
868120163183244
868120163183251
868120163183269
868120163183277
868120163183285
868120163183293
868120163183301
868120163183319
868120163183327
868120163183335
868120163183343
868120163183350
868120163183368
868120163183376
868120163183384
868120163183392
868120163183400
868120163183418
868120163183426
868120163183434
868120163183442
868120163183459
868120163183467
868120163183475
868120163183483
868120163183491
868120163183509
868120163183517
868120163183525
868120163183533
868120163183541
868120163183558
868120163183566
868120163183574
868120163183582
868120163183590
868120163183608
868120163183616
868120163183624
868120163183632
868120163183640
868120163183657
868120163183665
868120163183673
868120163183681
868120163183699
868120163183707
868120163183715
868120163183723
868120163183731
868120163183749
868120163183756
868120163183764
868120163183772
868120163183780
868120163183798
868120163183806
868120163183814
868120163183822
868120163183830
868120163183848
868120163183855
868120163183863
868120163183871
868120163183889
868120163183897
868120163183905
868120163183913
868120163183921
868120163183939
868120163183947
868120163183954
868120163183962
868120163183970
868120163183988
868120163183996
868120163184002
868120163184010
868120163184028
868120163184036
868120163184044
868120163184051
868120163184069
868120163184077
868120163184085
868120163184093
868120163184101
868120163184119
868120163184127
868120163184135
868120163184143
868120163184150
868120163184168
868120163184176
868120163184184
868120163184192
868120163184200
868120163184218
868120163184226
868120163184234
868120163184242
868120163184259
868120163184267
868120163184275
868120163184283
868120163184291
868120163184309
868120163184317
868120163184325
868120163184333
868120163184341
868120163184358
868120163184366
868120163184374
868120163184382
868120163184390
868120163184408
868120163184416
868120163184424
868120163184432
868120163184440
868120163184457
868120163184465
868120163184473
868120163184481
868120163184499
868120163184507
868120163184515
868120163184523
868120163184531
868120163184549
868120163184556
868120163184564
868120163184572
868120163184580
868120163184598
868120163184606
868120163184614
868120163184622
868120163184630
868120163184648
868120163184655
868120163184663
868120163184671
868120163184689
868120163184697
868120163184705
868120163184713
868120163184721
868120163184739
868120163184747
868120163184754
868120163184762
868120163184770
868120163184788
868120163184796
868120163184804
868120163184812
868120163184820
868120163184838
868120163184846
868120163184853
868120163184861
868120163184879
868120163184887
868120163184895
868120163184903
868120163184911
868120163184929
868120163184937
868120163184945
868120163184952
868120163184960
868120163184978
868120163184986
868120163184994
868120163185009
868120163185017
868120163185025
868120163185033
868120163185041
868120163185058
868120163185066
868120163185074
868120163185082
868120163185090
868120163185108
868120163185116
868120163185124
868120163185132
868120163185140
868120163185157
868120163185165
868120163185173
868120163185181
868120163185199
868120163185207
868120163185215
868120163185223
868120163185231
868120163185249
868120163185256
868120163185264
868120163185272
868120163185280
868120163185298
868120163185306
868120163185314
868120163185322
868120163185330
868120163185348
868120163185355
868120163185363
868120163185371
868120163185389
868120163185397
868120163185405
868120163185413
868120163185421
868120163185439
868120163185447
868120163185454
868120163185462
868120163185470
868120163185488
868120163185496
868120163185504
868120163185512
868120163185520
868120163185538
868120163185546
868120163185553
868120163185561
868120163185579
868120163185587
868120163185595
868120163185603
868120163185611
868120163185629
868120163185637
868120163185645
868120163185652
868120163185660
868120163185678
868120163185686
868120163185694
868120163185702
868120163185710
868120163185728
868120163185736
868120163185744
868120163185751
868120163185769
868120163185777
868120163185785
868120163185793
868120163185801
868120163185819
868120163185827
868120163185835
868120163185843
868120163185850
868120163185868
868120163185876
868120163185884
868120163185892
868120163185900
868120163185918
868120163185926
868120163185934