868120163135947
868120163135954
868120163135962
868120163135970
868120163135988
868120163135996
868120163136002
868120163136010
868120163136028
868120163136036
868120163136044
868120163136051
868120163136069
868120163136077
868120163136085
868120163136093
868120163136101
868120163136119
868120163136127
868120163136135
868120163136143
868120163136150
868120163136168
868120163136176
868120163136184
868120163136192
868120163136200
868120163136218
868120163136226
868120163136234
868120163136242
868120163136259
868120163136267
868120163136275
868120163136283
868120163136291
868120163136309
868120163136317
868120163136325
868120163136333
868120163136341
868120163136358
868120163136366
868120163136374
868120163136382
868120163136390
868120163136408
868120163136416
868120163136424
868120163136432
868120163136440
868120163136457
868120163136465
868120163136473
868120163136481
868120163136499
868120163136507
868120163136515
868120163136523
868120163136531
868120163136549
868120163136556
868120163136564
868120163136572
868120163136580
868120163136598
868120163136606
868120163136614
868120163136622
868120163136630
868120163136648
868120163136655
868120163136663
868120163136671
868120163136689
868120163136697
868120163136705
868120163136713
868120163136721
868120163136739
868120163136747
868120163136754
868120163136762
868120163136770
868120163136788
868120163136796
868120163136804
868120163136812
868120163136820
868120163136838
868120163136846
868120163136853
868120163136861
868120163136879
868120163136887
868120163136895
868120163136903
868120163136911
868120163136929
868120163136937
868120163136945
868120163136952
868120163136960
868120163136978
868120163136986
868120163136994
868120163137000
868120163137018
868120163137026
868120163137034
868120163137042
868120163137059
868120163137067
868120163137075
868120163137083
868120163137091
868120163137109
868120163137117
868120163137125
868120163137133
868120163137141
868120163137158
868120163137166
868120163137174
868120163137182
868120163137190
868120163137208
868120163137216
868120163137224
868120163137232
868120163137240
868120163137257
868120163137265
868120163137273
868120163137281
868120163137299
868120163137307
868120163137315
868120163137323
868120163137331
868120163137349
868120163137356
868120163137364
868120163137372
868120163137380
868120163137398
868120163137406
868120163137414
868120163137422
868120163137430
868120163137448
868120163137455
868120163137463
868120163137471
868120163137489
868120163137497
868120163137505
868120163137513
868120163137521
868120163137539
868120163137547
868120163137554
868120163137562
868120163137570
868120163137588
868120163137596
868120163137604
868120163137612
868120163137620
868120163137638
868120163137646
868120163137653
868120163137661
868120163137679
868120163137687
868120163137695
868120163137703
868120163137711
868120163137729
868120163137737
868120163137745
868120163137752
868120163137760
868120163137778
868120163137786
868120163137794
868120163137802
868120163137810
868120163137828
868120163137836
868120163137844
868120163137851
868120163137869
868120163137877
868120163137885
868120163137893
868120163137901
868120163137919
868120163137927
868120163137935
868120163137943
868120163137950
868120163137968
868120163137976
868120163137984
868120163137992
868120163138008
868120163138016
868120163138024
868120163138032
868120163138040
868120163138057
868120163138065
868120163138073
868120163138081
868120163138099
868120163138107
868120163138115
868120163138123
868120163138131
868120163138149
868120163138156
868120163138164
868120163138172
868120163138180
868120163138198
868120163138206
868120163138214
868120163138222
868120163138230
868120163138248
868120163138255
868120163138263
868120163138271
868120163138289
868120163138297
868120163138305
868120163138313
868120163138321
868120163138339
868120163138347
868120163138354
868120163138362
868120163138370
868120163138388
868120163138396
868120163138404
868120163138412
868120163138420
868120163138438
868120163138446
868120163138453
868120163138461
868120163138479
868120163138487
868120163138495
868120163138503
868120163138511
868120163138529
868120163138537
868120163138545
868120163138552
868120163138560
868120163138578
868120163138586
868120163138594
868120163138602
868120163138610
868120163138628
868120163138636
868120163138644
868120163138651
868120163138669
868120163138677
868120163138685
868120163138693
868120163138701
868120163138719
868120163138727
868120163138735
868120163138743
868120163138750
868120163138768
868120163138776
868120163138784
868120163138792
868120163138800
868120163138818
868120163138826
868120163138834
868120163138842
868120163138859
868120163138867
868120163138875
868120163138883
868120163138891
868120163138909
868120163138917
868120163138925
868120163138933
868120163138941
868120163138958
868120163138966
868120163138974
868120163138982
868120163138990
868120163139006
868120163139014
868120163139022
868120163139030
868120163139048
868120163139055
868120163139063
868120163139071
868120163139089
868120163139097
868120163139105
868120163139113
868120163139121
868120163139139
868120163139147
868120163139154
868120163139162
868120163139170
868120163139188
868120163139196
868120163139204
868120163139212
868120163139220
868120163139238
868120163139246
868120163139253
868120163139261
868120163139279
868120163139287
868120163139295
868120163139303
868120163139311
868120163139329
868120163139337
868120163139345
868120163139352
868120163139360
868120163139378
868120163139386
868120163139394
868120163139402
868120163139410
868120163139428
868120163139436
868120163139444
868120163139451
868120163139469
868120163139477
868120163139485
868120163139493
868120163139501
868120163139519
868120163139527
868120163139535
868120163139543
868120163139550
868120163139568
868120163139576
868120163139584
868120163139592
868120163139600
868120163139618
868120163139626
868120163139634
868120163139642
868120163139659
868120163139667
868120163139675
868120163139683
868120163139691
868120163139709
868120163139717
868120163139725
868120163139733
868120163139741
868120163139758
868120163139766
868120163139774
868120163139782
868120163139790
868120163139808
868120163139816
868120163139824
868120163139832
868120163139840
868120163139857
868120163139865
868120163139873
868120163139881
868120163139899
868120163139907
868120163139915
868120163139923
868120163139931
868120163139949
868120163139956
868120163139964
868120163139972
868120163139980
868120163139998
868120163140004
868120163140012
868120163140020
868120163140038
868120163140046
868120163140053
868120163140061
868120163140079
868120163140087
868120163140095
868120163140103
868120163140111
868120163140129
868120163140137
868120163140145
868120163140152
868120163140160
868120163140178
868120163140186
868120163140194
868120163140202
868120163140210
868120163140228
868120163140236
868120163140244
868120163140251
868120163140269
868120163140277
868120163140285
868120163140293
868120163140301
868120163140319
868120163140327
868120163140335
868120163140343
868120163140350
868120163140368
868120163140376
868120163140384
868120163140392
868120163140400
868120163140418
868120163140426
868120163140434
868120163140442
868120163140459
868120163140467
868120163140475
868120163140483
868120163140491
868120163140509
868120163140517
868120163140525
868120163140533
868120163140541
868120163140558
868120163140566
868120163140574
868120163140582
868120163140590
868120163140608
868120163140616
868120163140624
868120163140632
868120163140640
868120163140657
868120163140665
868120163140673
868120163140681
868120163140699
868120163140707
868120163140715
868120163140723
868120163140731
868120163140749
868120163140756
868120163140764
868120163140772
868120163140780
868120163140798
868120163140806
868120163140814
868120163140822
868120163140830
868120163140848
868120163140855
868120163140863
868120163140871
868120163140889
868120163140897
868120163140905
868120163140913
868120163140921
868120163140939
868120163140947
868120163140954
868120163140962
868120163140970
868120163140988
868120163140996
868120163141002
868120163141010
868120163141028
868120163141036
868120163141044
868120163141051
868120163141069
868120163141077
868120163141085
868120163141093
868120163141101
868120163141119
868120163141127
868120163141135
868120163141143
868120163141150
868120163141168
868120163141176
868120163141184
868120163141192
868120163141200
868120163141218
868120163141226
868120163141234
868120163141242
868120163141259
868120163141267
868120163141275
868120163141283
868120163141291
868120163141309
868120163141317
868120163141325
868120163141333
868120163141341
868120163141358
868120163141366
868120163141374
868120163141382
868120163141390
868120163141408
868120163141416
868120163141424
868120163141432
868120163141440
868120163141457
868120163141465
868120163141473
868120163141481
868120163141499
868120163141507
868120163141515
868120163141523
868120163141531
868120163141549
868120163141556
868120163141564
868120163141572
868120163141580
868120163141598
868120163141606
868120163141614
868120163141622
868120163141630
868120163141648
868120163141655
868120163141663
868120163141671
868120163141689
868120163141697
868120163141705
868120163141713
868120163141721
868120163141739
868120163141747
868120163141754
868120163141762
868120163141770
868120163141788
868120163141796
868120163141804
868120163141812
868120163141820
868120163141838
868120163141846
868120163141853
868120163141861
868120163141879
868120163141887
868120163141895
868120163141903
868120163141911
868120163141929
868120163141937
868120163141945
868120163141952
868120163141960
868120163141978
868120163141986
868120163141994
868120163142000
868120163142018
868120163142026
868120163142034
868120163142042
868120163142059
868120163142067
868120163142075
868120163142083
868120163142091
868120163142109
868120163142117
868120163142125
868120163142133
868120163142141
868120163142158
868120163142166
868120163142174
868120163142182
868120163142190
868120163142208
868120163142216
868120163142224
868120163142232
868120163142240
868120163142257
868120163142265
868120163142273
868120163142281
868120163142299
868120163142307
868120163142315
868120163142323
868120163142331
868120163142349
868120163142356
868120163142364
868120163142372
868120163142380
868120163142398
868120163142406
868120163142414
868120163142422
868120163142430
868120163142448
868120163142455
868120163142463
868120163142471
868120163142489
868120163142497
868120163142505
868120163142513
868120163142521
868120163142539
868120163142547
868120163142554
868120163142562
868120163142570
868120163142588
868120163142596
868120163142604
868120163142612
868120163142620
868120163142638
868120163142646
868120163142653
868120163142661
868120163142679
868120163142687
868120163142695
868120163142703
868120163142711
868120163142729
868120163142737
868120163142745
868120163142752
868120163142760
868120163142778
868120163142786
868120163142794
868120163142802
868120163142810
868120163142828
868120163142836
868120163142844
868120163142851
868120163142869
868120163142877
868120163142885
868120163142893
868120163142901
868120163142919
868120163142927
868120163142935
868120163142943
868120163142950
868120163142968
868120163142976
868120163142984
868120163142992
868120163143008
868120163143016
868120163143024
868120163143032
868120163143040
868120163143057
868120163143065
868120163143073
868120163143081
868120163143099
868120163143107
868120163143115
868120163143123
868120163143131
868120163143149
868120163143156
868120163143164
868120163143172
868120163143180
868120163143198
868120163143206
868120163143214
868120163143222
868120163143230
868120163143248
868120163143255
868120163143263
868120163143271
868120163143289
868120163143297
868120163143305
868120163143313
868120163143321
868120163143339
868120163143347
868120163143354
868120163143362
868120163143370
868120163143388
868120163143396
868120163143404
868120163143412
868120163143420
868120163143438
868120163143446
868120163143453
868120163143461
868120163143479
868120163143487
868120163143495
868120163143503
868120163143511
868120163143529
868120163143537
868120163143545
868120163143552
868120163143560
868120163143578
868120163143586
868120163143594
868120163143602
868120163143610
868120163143628
868120163143636
868120163143644
868120163143651
868120163143669
868120163143677
868120163143685
868120163143693
868120163143701
868120163143719
868120163143727
868120163143735
868120163143743
868120163143750
868120163143768
868120163143776
868120163143784
868120163143792
868120163143800
868120163143818
868120163143826
868120163143834
868120163143842
868120163143859
868120163143867
868120163143875
868120163143883
868120163143891
868120163143909
868120163143917
868120163143925
868120163143933
868120163143941
868120163143958
868120163143966
868120163143974
868120163143982
868120163143990
868120163144006
868120163144014
868120163144022
868120163144030
868120163144048
868120163144055
868120163144063
868120163144071
868120163144089
868120163144097
868120163144105
868120163144113
868120163144121
868120163144139
868120163144147
868120163144154
868120163144162
868120163144170
868120163144188
868120163144196
868120163144204
868120163144212
868120163144220
868120163144238
868120163144246
868120163144253
868120163144261
868120163144279
868120163144287
868120163144295
868120163144303
868120163144311
868120163144329
868120163144337
868120163144345
868120163144352
868120163144360
868120163144378
868120163144386
868120163144394
868120163144402
868120163144410
868120163144428
868120163144436
868120163144444
868120163144451
868120163144469
868120163144477
868120163144485
868120163144493
868120163144501
868120163144519
868120163144527
868120163144535
868120163144543
868120163144550
868120163144568
868120163144576
868120163144584
868120163144592
868120163144600
868120163144618
868120163144626
868120163144634
868120163144642
868120163144659
868120163144667
868120163144675
868120163144683
868120163144691
868120163144709
868120163144717
868120163144725
868120163144733
868120163144741
868120163144758
868120163144766
868120163144774
868120163144782
868120163144790
868120163144808
868120163144816
868120163144824
868120163144832
868120163144840
868120163144857
868120163144865
868120163144873
868120163144881
868120163144899
868120163144907
868120163144915
868120163144923
868120163144931
868120163144949
868120163144956
868120163144964
868120163144972
868120163144980
868120163144998
868120163145003
868120163145011
868120163145029
868120163145037
868120163145045
868120163145052
868120163145060
868120163145078
868120163145086
868120163145094
868120163145102
868120163145110
868120163145128
868120163145136
868120163145144
868120163145151
868120163145169
868120163145177
868120163145185
868120163145193
868120163145201
868120163145219
868120163145227
868120163145235
868120163145243
868120163145250
868120163145268
868120163145276
868120163145284
868120163145292
868120163145300
868120163145318
868120163145326
868120163145334
868120163145342
868120163145359
868120163145367
868120163145375
868120163145383
868120163145391
868120163145409
868120163145417
868120163145425
868120163145433
868120163145441
868120163145458
868120163145466
868120163145474
868120163145482
868120163145490
868120163145508
868120163145516
868120163145524
868120163145532
868120163145540
868120163145557
868120163145565
868120163145573
868120163145581
868120163145599
868120163145607
868120163145615
868120163145623
868120163145631
868120163145649
868120163145656
868120163145664
868120163145672
868120163145680
868120163145698
868120163145706
868120163145714
868120163145722
868120163145730
868120163145748
868120163145755
868120163145763
868120163145771
868120163145789
868120163145797
868120163145805
868120163145813
868120163145821
868120163145839
868120163145847
868120163145854
868120163145862
868120163145870
868120163145888
868120163145896
868120163145904
868120163145912
868120163145920
868120163145938
868120163145946
868120163145953
868120163145961
868120163145979
868120163145987
868120163145995
868120163146001
868120163146019
868120163146027
868120163146035
868120163146043
868120163146050
868120163146068
868120163146076
868120163146084
868120163146092
868120163146100
868120163146118
868120163146126
868120163146134
868120163146142
868120163146159
868120163146167
868120163146175
868120163146183
868120163146191
868120163146209
868120163146217
868120163146225
868120163146233
868120163146241
868120163146258
868120163146266
868120163146274
868120163146282
868120163146290
868120163146308
868120163146316
868120163146324
868120163146332
868120163146340
868120163146357
868120163146365
868120163146373
868120163146381
868120163146399
868120163146407
868120163146415
868120163146423
868120163146431
868120163146449
868120163146456
868120163146464
868120163146472
868120163146480
868120163146498
868120163146506
868120163146514
868120163146522
868120163146530
868120163146548
868120163146555
868120163146563
868120163146571
868120163146589
868120163146597
868120163146605
868120163146613
868120163146621
868120163146639
868120163146647
868120163146654
868120163146662
868120163146670
868120163146688
868120163146696
868120163146704
868120163146712
868120163146720
868120163146738
868120163146746
868120163146753
868120163146761
868120163146779
868120163146787
868120163146795
868120163146803
868120163146811
868120163146829
868120163146837
868120163146845
868120163146852
868120163146860
868120163146878
868120163146886
868120163146894
868120163146902
868120163146910
868120163146928
868120163146936
868120163146944
868120163146951
868120163146969
868120163146977
868120163146985
868120163146993
868120163147009
868120163147017
868120163147025
868120163147033
868120163147041
868120163147058
868120163147066
868120163147074
868120163147082
868120163147090
868120163147108
868120163147116
868120163147124
868120163147132
868120163147140
868120163147157
868120163147165
868120163147173
868120163147181
868120163147199
868120163147207
868120163147215
868120163147223
868120163147231
868120163147249
868120163147256
868120163147264
868120163147272
868120163147280
868120163147298
868120163147306
868120163147314
868120163147322
868120163147330
868120163147348
868120163147355
868120163147363
868120163147371
868120163147389
868120163147397
868120163147405
868120163147413
868120163147421
868120163147439
868120163147447
868120163147454
868120163147462
868120163147470
868120163147488
868120163147496
868120163147504
868120163147512
868120163147520
868120163147538
868120163147546
868120163147553
868120163147561
868120163147579
868120163147587
868120163147595
868120163147603
868120163147611
868120163147629
868120163147637
868120163147645
868120163147652
868120163147660
868120163147678
868120163147686
868120163147694
868120163147702
868120163147710
868120163147728
868120163147736
868120163147744
868120163147751
868120163147769
868120163147777
868120163147785
868120163147793
868120163147801
868120163147819
868120163147827
868120163147835
868120163147843
868120163147850
868120163147868
868120163147876
868120163147884
868120163147892
868120163147900
868120163147918
868120163147926
868120163147934
868120163147942
868120163147959
868120163147967
868120163147975
868120163147983
868120163147991
868120163148007
868120163148015
868120163148023
868120163148031
868120163148049
868120163148056
868120163148064
868120163148072
868120163148080
868120163148098
868120163148106
868120163148114
868120163148122
868120163148130
868120163148148
868120163148155
868120163148163
868120163148171
868120163148189
868120163148197
868120163148205
868120163148213
868120163148221
868120163148239
868120163148247
868120163148254
868120163148262
868120163148270
868120163148288
868120163148296
868120163148304
868120163148312
868120163148320
868120163148338
868120163148346
868120163148353
868120163148361
868120163148379
868120163148387
868120163148395
868120163148403
868120163148411
868120163148429
868120163148437
868120163148445
868120163148452
868120163148460
868120163148478
868120163148486
868120163148494
868120163148502
868120163148510
868120163148528
868120163148536
868120163148544
868120163148551
868120163148569
868120163148577
868120163148585
868120163148593
868120163148601
868120163148619
868120163148627
868120163148635
868120163148643
868120163148650
868120163148668
868120163148676
868120163148684
868120163148692
868120163148700
868120163148718
868120163148726
868120163148734
868120163148742
868120163148759
868120163148767
868120163148775
868120163148783
868120163148791
868120163148809
868120163148817
868120163148825
868120163148833
868120163148841
868120163148858
868120163148866
868120163148874
868120163148882
868120163148890
868120163148908
868120163148916
868120163148924
868120163148932
868120163148940
868120163148957
868120163148965
868120163148973
868120163148981
868120163148999
868120163149005
868120163149013
868120163149021
868120163149039
868120163149047
868120163149054
868120163149062
868120163149070
868120163149088
868120163149096
868120163149104
868120163149112
868120163149120
868120163149138
868120163149146
868120163149153
868120163149161
868120163149179
868120163149187
868120163149195
868120163149203
868120163149211
868120163149229
868120163149237
868120163149245
868120163149252
868120163149260
868120163149278
868120163149286
868120163149294
868120163149302
868120163149310
868120163149328
868120163149336
868120163149344
868120163149351
868120163149369
868120163149377
868120163149385
868120163149393
868120163149401
868120163149419
868120163149427
868120163149435
868120163149443
868120163149450
868120163149468
868120163149476
868120163149484
868120163149492
868120163149500
868120163149518
868120163149526
868120163149534
868120163149542
868120163149559
868120163149567
868120163149575
868120163149583
868120163149591
868120163149609
868120163149617
868120163149625
868120163149633
868120163149641
868120163149658
868120163149666
868120163149674
868120163149682
868120163149690
868120163149708
868120163149716
868120163149724
868120163149732
868120163149740
868120163149757
868120163149765
868120163149773
868120163149781
868120163149799
868120163149807
868120163149815
868120163149823
868120163149831
868120163149849
868120163149856
868120163149864
868120163149872
868120163149880
868120163149898
868120163149906
868120163149914
868120163149922
868120163149930
868120163149948
868120163149955
868120163149963
868120163149971
868120163149989
868120163149997
868120163150003
868120163150011
868120163150029
868120163150037
868120163150045
868120163150052
868120163150060
868120163150078
868120163150086
868120163150094
868120163150102
868120163150110
868120163150128
868120163150136
868120163150144
868120163150151
868120163150169
868120163150177
868120163150185
868120163150193
868120163150201
868120163150219
868120163150227
868120163150235
868120163150243
868120163150250
868120163150268
868120163150276
868120163150284
868120163150292
868120163150300
868120163150318
868120163150326
868120163150334
868120163150342
868120163150359
868120163150367
868120163150375
868120163150383
868120163150391
868120163150409
868120163150417
868120163150425
868120163150433
868120163150441
868120163150458
868120163150466
868120163150474
868120163150482
868120163150490
868120163150508
868120163150516
868120163150524
868120163150532
868120163150540
868120163150557
868120163150565
868120163150573
868120163150581
868120163150599
868120163150607
868120163150615
868120163150623
868120163150631
868120163150649
868120163150656
868120163150664
868120163150672
868120163150680
868120163150698
868120163150706
868120163150714
868120163150722
868120163150730
868120163150748
868120163150755
868120163150763
868120163150771
868120163150789
868120163150797
868120163150805
868120163150813
868120163150821
868120163150839
868120163150847
868120163150854
868120163150862
868120163150870
868120163150888
868120163150896
868120163150904
868120163150912
868120163150920
868120163150938
868120163150946
868120163150953
868120163150961
868120163150979
868120163150987
868120163150995
868120163151001
868120163151019
868120163151027
868120163151035
868120163151043
868120163151050
868120163151068
868120163151076
868120163151084
868120163151092
868120163151100
868120163151118
868120163151126
868120163151134
868120163151142
868120163151159
868120163151167
868120163151175
868120163151183
868120163151191
868120163151209
868120163151217
868120163151225
868120163151233
868120163151241
868120163151258
868120163151266
868120163151274
868120163151282
868120163151290
868120163151308
868120163151316
868120163151324
868120163151332
868120163151340
868120163151357
868120163151365
868120163151373
868120163151381
868120163151399
868120163151407
868120163151415
868120163151423
868120163151431
868120163151449
868120163151456
868120163151464
868120163151472
868120163151480
868120163151498
868120163151506
868120163151514
868120163151522
868120163151530
868120163151548
868120163151555
868120163151563
868120163151571
868120163151589
868120163151597
868120163151605
868120163151613
868120163151621
868120163151639
868120163151647
868120163151654
868120163151662
868120163151670
868120163151688
868120163151696
868120163151704
868120163151712
868120163151720
868120163151738
868120163151746
868120163151753
868120163151761
868120163151779
868120163151787
868120163151795
868120163151803
868120163151811
868120163151829
868120163151837
868120163151845
868120163151852
868120163151860
868120163151878
868120163151886
868120163151894
868120163151902
868120163151910
868120163151928
868120163151936
868120163151944
868120163151951
868120163151969
868120163151977
868120163151985
868120163151993
868120163152009
868120163152017
868120163152025
868120163152033
868120163152041
868120163152058
868120163152066
868120163152074
868120163152082
868120163152090
868120163152108
868120163152116
868120163152124
868120163152132
868120163152140
868120163152157
868120163152165
868120163152173
868120163152181
868120163152199
868120163152207
868120163152215
868120163152223
868120163152231
868120163152249
868120163152256
868120163152264
868120163152272
868120163152280
868120163152298
868120163152306
868120163152314
868120163152322
868120163152330
868120163152348
868120163152355
868120163152363
868120163152371
868120163152389
868120163152397
868120163152405
868120163152413
868120163152421
868120163152439
868120163152447
868120163152454
868120163152462
868120163152470
868120163152488
868120163152496
868120163152504
868120163152512
868120163152520
868120163152538
868120163152546
868120163152553
868120163152561
868120163152579
868120163152587
868120163152595
868120163152603
868120163152611
868120163152629
868120163152637
868120163152645
868120163152652
868120163152660
868120163152678
868120163152686
868120163152694
868120163152702
868120163152710
868120163152728
868120163152736
868120163152744
868120163152751
868120163152769
868120163152777
868120163152785
868120163152793
868120163152801
868120163152819
868120163152827
868120163152835
868120163152843
868120163152850
868120163152868
868120163152876
868120163152884
868120163152892
868120163152900
868120163152918
868120163152926
868120163152934
868120163152942
868120163152959
868120163152967
868120163152975
868120163152983
868120163152991
868120163153007
868120163153015
868120163153023
868120163153031
868120163153049
868120163153056
868120163153064
868120163153072
868120163153080
868120163153098
868120163153106
868120163153114
868120163153122
868120163153130
868120163153148
868120163153155
868120163153163
868120163153171
868120163153189
868120163153197
868120163153205
868120163153213
868120163153221
868120163153239
868120163153247
868120163153254
868120163153262
868120163153270
868120163153288
868120163153296
868120163153304
868120163153312
868120163153320
868120163153338
868120163153346
868120163153353
868120163153361
868120163153379
868120163153387
868120163153395
868120163153403
868120163153411
868120163153429
868120163153437
868120163153445
868120163153452
868120163153460
868120163153478
868120163153486
868120163153494
868120163153502
868120163153510
868120163153528
868120163153536
868120163153544
868120163153551
868120163153569
868120163153577
868120163153585
868120163153593
868120163153601
868120163153619
868120163153627
868120163153635
868120163153643
868120163153650
868120163153668
868120163153676
868120163153684
868120163153692
868120163153700
868120163153718
868120163153726
868120163153734
868120163153742
868120163153759
868120163153767
868120163153775
868120163153783
868120163153791
868120163153809
868120163153817
868120163153825
868120163153833
868120163153841
868120163153858
868120163153866
868120163153874
868120163153882
868120163153890
868120163153908
868120163153916
868120163153924
868120163153932
868120163153940
868120163153957
868120163153965
868120163153973
868120163153981
868120163153999
868120163154005
868120163154013
868120163154021
868120163154039
868120163154047
868120163154054
868120163154062
868120163154070
868120163154088
868120163154096
868120163154104
868120163154112
868120163154120
868120163154138
868120163154146
868120163154153
868120163154161
868120163154179
868120163154187
868120163154195
868120163154203
868120163154211
868120163154229
868120163154237
868120163154245
868120163154252
868120163154260
868120163154278
868120163154286
868120163154294
868120163154302
868120163154310
868120163154328
868120163154336
868120163154344
868120163154351
868120163154369
868120163154377
868120163154385
868120163154393
868120163154401
868120163154419
868120163154427
868120163154435
868120163154443
868120163154450
868120163154468
868120163154476
868120163154484
868120163154492
868120163154500
868120163154518
868120163154526
868120163154534
868120163154542
868120163154559
868120163154567
868120163154575
868120163154583
868120163154591
868120163154609
868120163154617
868120163154625
868120163154633
868120163154641
868120163154658
868120163154666
868120163154674
868120163154682
868120163154690
868120163154708
868120163154716
868120163154724
868120163154732
868120163154740
868120163154757
868120163154765
868120163154773
868120163154781
868120163154799
868120163154807
868120163154815
868120163154823
868120163154831
868120163154849
868120163154856
868120163154864
868120163154872
868120163154880
868120163154898
868120163154906
868120163154914
868120163154922
868120163154930
868120163154948
868120163154955
868120163154963
868120163154971
868120163154989
868120163154997
868120163155002
868120163155010
868120163155028
868120163155036
868120163155044
868120163155051
868120163155069
868120163155077
868120163155085
868120163155093
868120163155101
868120163155119
868120163155127
868120163155135
868120163155143
868120163155150
868120163155168
868120163155176
868120163155184
868120163155192
868120163155200
868120163155218
868120163155226
868120163155234
868120163155242
868120163155259
868120163155267
868120163155275
868120163155283
868120163155291
868120163155309
868120163155317
868120163155325
868120163155333
868120163155341
868120163155358
868120163155366
868120163155374
868120163155382
868120163155390
868120163155408
868120163155416
868120163155424
868120163155432
868120163155440
868120163155457
868120163155465
868120163155473
868120163155481
868120163155499
868120163155507
868120163155515
868120163155523
868120163155531
868120163155549
868120163155556
868120163155564
868120163155572
868120163155580
868120163155598
868120163155606
868120163155614
868120163155622
868120163155630
868120163155648
868120163155655
868120163155663
868120163155671
868120163155689
868120163155697
868120163155705
868120163155713
868120163155721
868120163155739
868120163155747
868120163155754
868120163155762
868120163155770
868120163155788
868120163155796
868120163155804
868120163155812
868120163155820
868120163155838
868120163155846
868120163155853
868120163155861
868120163155879
868120163155887
868120163155895
868120163155903
868120163155911
868120163155929
868120163155937