868120170190257
868120170190265
868120170190273
868120170190281
868120170190299
868120170190307
868120170190315
868120170190323
868120170190331
868120170190349
868120170190356
868120170190364
868120170190372
868120170190380
868120170190398
868120170190406
868120170190414
868120170190422
868120170190430
868120170190448
868120170190455
868120170190463
868120170190471
868120170190489
868120170190497
868120170190505
868120170190513
868120170190521
868120170190539
868120170190547
868120170190554
868120170190562
868120170190570
868120170190588
868120170190596
868120170190604
868120170190612
868120170190620
868120170190638
868120170190646
868120170190653
868120170190661
868120170190679
868120170190687
868120170190695
868120170190703
868120170190711
868120170190729
868120170190737
868120170190745
868120170190752
868120170190760
868120170190778
868120170190786
868120170190794
868120170190802
868120170190810
868120170190828
868120170190836
868120170190844
868120170190851
868120170190869
868120170190877
868120170190885
868120170190893
868120170190901
868120170190919
868120170190927
868120170190935
868120170190943
868120170190950
868120170190968
868120170190976
868120170190984
868120170190992
868120170191008
868120170191016
868120170191024
868120170191032
868120170191040
868120170191057
868120170191065
868120170191073
868120170191081
868120170191099
868120170191107
868120170191115
868120170191123
868120170191131
868120170191149
868120170191156
868120170191164
868120170191172
868120170191180
868120170191198
868120170191206
868120170191214
868120170191222
868120170191230
868120170191248
868120170191255
868120170191263
868120170191271
868120170191289
868120170191297
868120170191305
868120170191313
868120170191321
868120170191339
868120170191347
868120170191354
868120170191362
868120170191370
868120170191388
868120170191396
868120170191404
868120170191412
868120170191420
868120170191438
868120170191446
868120170191453
868120170191461
868120170191479
868120170191487
868120170191495
868120170191503
868120170191511
868120170191529
868120170191537
868120170191545
868120170191552
868120170191560
868120170191578
868120170191586
868120170191594
868120170191602
868120170191610
868120170191628
868120170191636
868120170191644
868120170191651
868120170191669
868120170191677
868120170191685
868120170191693
868120170191701
868120170191719
868120170191727
868120170191735
868120170191743
868120170191750
868120170191768
868120170191776
868120170191784
868120170191792
868120170191800
868120170191818
868120170191826
868120170191834
868120170191842
868120170191859
868120170191867
868120170191875
868120170191883
868120170191891
868120170191909
868120170191917
868120170191925
868120170191933
868120170191941
868120170191958
868120170191966
868120170191974
868120170191982
868120170191990
868120170192006
868120170192014
868120170192022
868120170192030
868120170192048
868120170192055
868120170192063
868120170192071
868120170192089
868120170192097
868120170192105
868120170192113
868120170192121
868120170192139
868120170192147
868120170192154
868120170192162
868120170192170
868120170192188
868120170192196
868120170192204
868120170192212
868120170192220
868120170192238
868120170192246
868120170192253
868120170192261
868120170192279
868120170192287
868120170192295
868120170192303
868120170192311
868120170192329
868120170192337
868120170192345
868120170192352
868120170192360
868120170192378
868120170192386
868120170192394
868120170192402
868120170192410
868120170192428
868120170192436
868120170192444
868120170192451
868120170192469
868120170192477
868120170192485
868120170192493
868120170192501
868120170192519
868120170192527
868120170192535
868120170192543
868120170192550
868120170192568
868120170192576
868120170192584
868120170192592
868120170192600
868120170192618
868120170192626
868120170192634
868120170192642
868120170192659
868120170192667
868120170192675
868120170192683
868120170192691
868120170192709
868120170192717
868120170192725
868120170192733
868120170192741
868120170192758
868120170192766
868120170192774
868120170192782
868120170192790
868120170192808
868120170192816
868120170192824
868120170192832
868120170192840
868120170192857
868120170192865
868120170192873
868120170192881
868120170192899
868120170192907
868120170192915
868120170192923
868120170192931
868120170192949
868120170192956
868120170192964
868120170192972
868120170192980
868120170192998
868120170193004
868120170193012
868120170193020
868120170193038
868120170193046
868120170193053
868120170193061
868120170193079
868120170193087
868120170193095
868120170193103
868120170193111
868120170193129
868120170193137
868120170193145
868120170193152
868120170193160
868120170193178
868120170193186
868120170193194
868120170193202
868120170193210
868120170193228
868120170193236
868120170193244
868120170193251
868120170193269
868120170193277
868120170193285
868120170193293
868120170193301
868120170193319
868120170193327
868120170193335
868120170193343
868120170193350
868120170193368
868120170193376
868120170193384
868120170193392
868120170193400
868120170193418
868120170193426
868120170193434
868120170193442
868120170193459
868120170193467
868120170193475
868120170193483
868120170193491
868120170193509
868120170193517
868120170193525
868120170193533
868120170193541
868120170193558
868120170193566
868120170193574
868120170193582
868120170193590
868120170193608
868120170193616
868120170193624
868120170193632
868120170193640
868120170193657
868120170193665
868120170193673
868120170193681
868120170193699
868120170193707
868120170193715
868120170193723
868120170193731
868120170193749
868120170193756
868120170193764
868120170193772
868120170193780
868120170193798
868120170193806
868120170193814
868120170193822
868120170193830
868120170193848
868120170193855
868120170193863
868120170193871
868120170193889
868120170193897
868120170193905
868120170193913
868120170193921
868120170193939
868120170193947
868120170193954
868120170193962
868120170193970
868120170193988
868120170193996
868120170194002
868120170194010
868120170194028
868120170194036
868120170194044
868120170194051
868120170194069
868120170194077
868120170194085
868120170194093
868120170194101
868120170194119
868120170194127
868120170194135
868120170194143
868120170194150
868120170194168
868120170194176
868120170194184
868120170194192
868120170194200
868120170194218
868120170194226
868120170194234
868120170194242
868120170194259
868120170194267
868120170194275
868120170194283
868120170194291
868120170194309
868120170194317
868120170194325
868120170194333
868120170194341
868120170194358
868120170194366
868120170194374
868120170194382
868120170194390
868120170194408
868120170194416
868120170194424
868120170194432
868120170194440
868120170194457
868120170194465
868120170194473
868120170194481
868120170194499
868120170194507
868120170194515
868120170194523
868120170194531
868120170194549
868120170194556
868120170194564
868120170194572
868120170194580
868120170194598
868120170194606
868120170194614
868120170194622
868120170194630
868120170194648
868120170194655
868120170194663
868120170194671
868120170194689
868120170194697
868120170194705
868120170194713
868120170194721
868120170194739
868120170194747
868120170194754
868120170194762
868120170194770
868120170194788
868120170194796
868120170194804
868120170194812
868120170194820
868120170194838
868120170194846
868120170194853
868120170194861
868120170194879
868120170194887
868120170194895
868120170194903
868120170194911
868120170194929
868120170194937
868120170194945
868120170194952
868120170194960
868120170194978
868120170194986
868120170194994
868120170195009
868120170195017
868120170195025
868120170195033
868120170195041
868120170195058
868120170195066
868120170195074
868120170195082
868120170195090
868120170195108
868120170195116
868120170195124
868120170195132
868120170195140
868120170195157
868120170195165
868120170195173
868120170195181
868120170195199
868120170195207
868120170195215
868120170195223
868120170195231
868120170195249
868120170195256
868120170195264
868120170195272
868120170195280
868120170195298
868120170195306
868120170195314
868120170195322
868120170195330
868120170195348
868120170195355
868120170195363
868120170195371
868120170195389
868120170195397
868120170195405
868120170195413
868120170195421
868120170195439
868120170195447
868120170195454
868120170195462
868120170195470
868120170195488
868120170195496
868120170195504
868120170195512
868120170195520
868120170195538
868120170195546
868120170195553
868120170195561
868120170195579
868120170195587
868120170195595
868120170195603
868120170195611
868120170195629
868120170195637
868120170195645
868120170195652
868120170195660
868120170195678
868120170195686
868120170195694
868120170195702
868120170195710
868120170195728
868120170195736
868120170195744
868120170195751
868120170195769
868120170195777
868120170195785
868120170195793
868120170195801
868120170195819
868120170195827
868120170195835
868120170195843
868120170195850
868120170195868
868120170195876
868120170195884
868120170195892
868120170195900
868120170195918
868120170195926
868120170195934
868120170195942
868120170195959
868120170195967
868120170195975
868120170195983
868120170195991
868120170196007
868120170196015
868120170196023
868120170196031
868120170196049
868120170196056
868120170196064
868120170196072
868120170196080
868120170196098
868120170196106
868120170196114
868120170196122
868120170196130
868120170196148
868120170196155
868120170196163
868120170196171
868120170196189
868120170196197
868120170196205
868120170196213
868120170196221
868120170196239
868120170196247
868120170196254
868120170196262
868120170196270
868120170196288
868120170196296
868120170196304
868120170196312
868120170196320
868120170196338
868120170196346
868120170196353
868120170196361
868120170196379
868120170196387
868120170196395
868120170196403
868120170196411
868120170196429
868120170196437
868120170196445
868120170196452
868120170196460
868120170196478
868120170196486
868120170196494
868120170196502
868120170196510
868120170196528
868120170196536
868120170196544
868120170196551
868120170196569
868120170196577
868120170196585
868120170196593
868120170196601
868120170196619
868120170196627
868120170196635
868120170196643
868120170196650
868120170196668
868120170196676
868120170196684
868120170196692
868120170196700
868120170196718
868120170196726
868120170196734
868120170196742
868120170196759
868120170196767
868120170196775
868120170196783
868120170196791
868120170196809
868120170196817
868120170196825
868120170196833
868120170196841
868120170196858
868120170196866
868120170196874
868120170196882
868120170196890
868120170196908
868120170196916
868120170196924
868120170196932
868120170196940
868120170196957
868120170196965
868120170196973
868120170196981
868120170196999
868120170197005
868120170197013
868120170197021
868120170197039
868120170197047
868120170197054
868120170197062
868120170197070
868120170197088
868120170197096
868120170197104
868120170197112
868120170197120
868120170197138
868120170197146
868120170197153
868120170197161
868120170197179
868120170197187
868120170197195
868120170197203
868120170197211
868120170197229
868120170197237
868120170197245
868120170197252
868120170197260
868120170197278
868120170197286
868120170197294
868120170197302
868120170197310
868120170197328
868120170197336
868120170197344
868120170197351
868120170197369
868120170197377
868120170197385
868120170197393
868120170197401
868120170197419
868120170197427
868120170197435
868120170197443
868120170197450
868120170197468
868120170197476
868120170197484
868120170197492
868120170197500
868120170197518
868120170197526
868120170197534
868120170197542
868120170197559
868120170197567
868120170197575
868120170197583
868120170197591
868120170197609
868120170197617
868120170197625
868120170197633
868120170197641
868120170197658
868120170197666
868120170197674
868120170197682
868120170197690
868120170197708
868120170197716
868120170197724
868120170197732
868120170197740
868120170197757
868120170197765
868120170197773
868120170197781
868120170197799
868120170197807
868120170197815
868120170197823
868120170197831
868120170197849
868120170197856
868120170197864
868120170197872
868120170197880
868120170197898
868120170197906
868120170197914
868120170197922
868120170197930
868120170197948
868120170197955
868120170197963
868120170197971
868120170197989
868120170197997
868120170198003
868120170198011
868120170198029
868120170198037
868120170198045
868120170198052
868120170198060
868120170198078
868120170198086
868120170198094
868120170198102
868120170198110
868120170198128
868120170198136
868120170198144
868120170198151
868120170198169
868120170198177
868120170198185
868120170198193
868120170198201
868120170198219
868120170198227
868120170198235
868120170198243
868120170198250
868120170198268
868120170198276
868120170198284
868120170198292
868120170198300
868120170198318
868120170198326
868120170198334
868120170198342
868120170198359
868120170198367
868120170198375
868120170198383
868120170198391
868120170198409
868120170198417
868120170198425
868120170198433
868120170198441
868120170198458
868120170198466
868120170198474
868120170198482
868120170198490
868120170198508
868120170198516
868120170198524
868120170198532
868120170198540
868120170198557
868120170198565
868120170198573
868120170198581
868120170198599
868120170198607
868120170198615
868120170198623
868120170198631
868120170198649
868120170198656
868120170198664
868120170198672
868120170198680
868120170198698
868120170198706
868120170198714
868120170198722
868120170198730
868120170198748
868120170198755
868120170198763
868120170198771
868120170198789
868120170198797
868120170198805
868120170198813
868120170198821
868120170198839
868120170198847
868120170198854
868120170198862
868120170198870
868120170198888
868120170198896
868120170198904
868120170198912
868120170198920
868120170198938
868120170198946
868120170198953
868120170198961
868120170198979
868120170198987
868120170198995
868120170199001
868120170199019
868120170199027
868120170199035
868120170199043
868120170199050
868120170199068
868120170199076
868120170199084
868120170199092
868120170199100
868120170199118
868120170199126
868120170199134
868120170199142
868120170199159
868120170199167
868120170199175
868120170199183
868120170199191
868120170199209
868120170199217
868120170199225
868120170199233
868120170199241
868120170199258
868120170199266
868120170199274
868120170199282
868120170199290
868120170199308
868120170199316
868120170199324
868120170199332
868120170199340
868120170199357
868120170199365
868120170199373
868120170199381
868120170199399
868120170199407
868120170199415
868120170199423
868120170199431
868120170199449
868120170199456
868120170199464
868120170199472
868120170199480
868120170199498
868120170199506
868120170199514
868120170199522
868120170199530
868120170199548
868120170199555
868120170199563
868120170199571
868120170199589
868120170199597
868120170199605
868120170199613
868120170199621
868120170199639
868120170199647
868120170199654
868120170199662
868120170199670
868120170199688
868120170199696
868120170199704
868120170199712
868120170199720
868120170199738
868120170199746
868120170199753
868120170199761
868120170199779
868120170199787
868120170199795
868120170199803
868120170199811
868120170199829
868120170199837
868120170199845
868120170199852
868120170199860
868120170199878
868120170199886
868120170199894
868120170199902
868120170199910
868120170199928
868120170199936
868120170199944
868120170199951
868120170199969
868120170199977
868120170199985
868120170199993
868120170200007
868120170200015
868120170200023
868120170200031
868120170200049
868120170200056
868120170200064
868120170200072
868120170200080
868120170200098
868120170200106
868120170200114
868120170200122
868120170200130
868120170200148
868120170200155
868120170200163
868120170200171
868120170200189
868120170200197
868120170200205
868120170200213
868120170200221
868120170200239
868120170200247
868120170200254
868120170200262
868120170200270
868120170200288
868120170200296
868120170200304
868120170200312
868120170200320
868120170200338
868120170200346
868120170200353
868120170200361
868120170200379
868120170200387
868120170200395
868120170200403
868120170200411
868120170200429
868120170200437
868120170200445
868120170200452
868120170200460
868120170200478
868120170200486
868120170200494
868120170200502
868120170200510
868120170200528
868120170200536
868120170200544
868120170200551
868120170200569
868120170200577
868120170200585
868120170200593
868120170200601
868120170200619
868120170200627
868120170200635
868120170200643
868120170200650
868120170200668
868120170200676
868120170200684
868120170200692
868120170200700
868120170200718
868120170200726
868120170200734
868120170200742
868120170200759
868120170200767
868120170200775
868120170200783
868120170200791
868120170200809
868120170200817
868120170200825
868120170200833
868120170200841
868120170200858
868120170200866
868120170200874
868120170200882
868120170200890
868120170200908
868120170200916
868120170200924
868120170200932
868120170200940
868120170200957
868120170200965
868120170200973
868120170200981
868120170200999
868120170201005
868120170201013
868120170201021
868120170201039
868120170201047
868120170201054
868120170201062
868120170201070
868120170201088
868120170201096
868120170201104
868120170201112
868120170201120
868120170201138
868120170201146
868120170201153
868120170201161
868120170201179
868120170201187
868120170201195
868120170201203
868120170201211
868120170201229
868120170201237
868120170201245
868120170201252
868120170201260
868120170201278
868120170201286
868120170201294
868120170201302
868120170201310
868120170201328
868120170201336
868120170201344
868120170201351
868120170201369
868120170201377
868120170201385
868120170201393
868120170201401
868120170201419
868120170201427
868120170201435
868120170201443
868120170201450
868120170201468
868120170201476
868120170201484
868120170201492
868120170201500
868120170201518
868120170201526
868120170201534
868120170201542
868120170201559
868120170201567
868120170201575
868120170201583
868120170201591
868120170201609
868120170201617
868120170201625
868120170201633
868120170201641
868120170201658
868120170201666
868120170201674
868120170201682
868120170201690
868120170201708
868120170201716
868120170201724
868120170201732
868120170201740
868120170201757
868120170201765
868120170201773
868120170201781
868120170201799
868120170201807
868120170201815
868120170201823
868120170201831
868120170201849
868120170201856
868120170201864
868120170201872
868120170201880
868120170201898
868120170201906
868120170201914
868120170201922
868120170201930
868120170201948
868120170201955
868120170201963
868120170201971
868120170201989
868120170201997
868120170202003
868120170202011
868120170202029
868120170202037
868120170202045
868120170202052
868120170202060
868120170202078
868120170202086
868120170202094
868120170202102
868120170202110
868120170202128
868120170202136
868120170202144
868120170202151
868120170202169
868120170202177
868120170202185
868120170202193
868120170202201
868120170202219
868120170202227
868120170202235
868120170202243
868120170202250
868120170202268
868120170202276
868120170202284
868120170202292
868120170202300
868120170202318
868120170202326
868120170202334
868120170202342
868120170202359
868120170202367
868120170202375
868120170202383
868120170202391
868120170202409
868120170202417
868120170202425
868120170202433
868120170202441
868120170202458
868120170202466
868120170202474
868120170202482
868120170202490
868120170202508
868120170202516
868120170202524
868120170202532
868120170202540
868120170202557
868120170202565
868120170202573
868120170202581
868120170202599
868120170202607
868120170202615
868120170202623
868120170202631
868120170202649
868120170202656
868120170202664
868120170202672
868120170202680
868120170202698
868120170202706
868120170202714
868120170202722
868120170202730
868120170202748
868120170202755
868120170202763
868120170202771
868120170202789
868120170202797
868120170202805
868120170202813
868120170202821
868120170202839
868120170202847
868120170202854
868120170202862
868120170202870
868120170202888
868120170202896
868120170202904
868120170202912
868120170202920
868120170202938
868120170202946
868120170202953
868120170202961
868120170202979
868120170202987
868120170202995
868120170203001
868120170203019
868120170203027
868120170203035
868120170203043
868120170203050
868120170203068
868120170203076
868120170203084
868120170203092
868120170203100
868120170203118
868120170203126
868120170203134
868120170203142
868120170203159
868120170203167
868120170203175
868120170203183
868120170203191
868120170203209
868120170203217
868120170203225
868120170203233
868120170203241
868120170203258
868120170203266
868120170203274
868120170203282
868120170203290
868120170203308
868120170203316
868120170203324
868120170203332
868120170203340
868120170203357
868120170203365
868120170203373
868120170203381
868120170203399
868120170203407
868120170203415
868120170203423
868120170203431
868120170203449
868120170203456
868120170203464
868120170203472
868120170203480
868120170203498
868120170203506
868120170203514
868120170203522
868120170203530
868120170203548
868120170203555
868120170203563
868120170203571
868120170203589
868120170203597
868120170203605
868120170203613
868120170203621
868120170203639
868120170203647
868120170203654
868120170203662
868120170203670
868120170203688
868120170203696
868120170203704
868120170203712
868120170203720
868120170203738
868120170203746
868120170203753
868120170203761
868120170203779
868120170203787
868120170203795
868120170203803
868120170203811
868120170203829
868120170203837
868120170203845
868120170203852
868120170203860
868120170203878
868120170203886
868120170203894
868120170203902
868120170203910
868120170203928
868120170203936
868120170203944
868120170203951
868120170203969
868120170203977
868120170203985
868120170203993
868120170204009
868120170204017
868120170204025
868120170204033
868120170204041
868120170204058
868120170204066
868120170204074
868120170204082
868120170204090
868120170204108
868120170204116
868120170204124
868120170204132
868120170204140
868120170204157
868120170204165
868120170204173
868120170204181
868120170204199
868120170204207
868120170204215
868120170204223
868120170204231
868120170204249
868120170204256
868120170204264
868120170204272
868120170204280
868120170204298
868120170204306
868120170204314
868120170204322
868120170204330
868120170204348
868120170204355
868120170204363
868120170204371
868120170204389
868120170204397
868120170204405
868120170204413
868120170204421
868120170204439
868120170204447
868120170204454
868120170204462
868120170204470
868120170204488
868120170204496
868120170204504
868120170204512
868120170204520
868120170204538
868120170204546
868120170204553
868120170204561
868120170204579
868120170204587
868120170204595
868120170204603
868120170204611
868120170204629
868120170204637
868120170204645
868120170204652
868120170204660
868120170204678
868120170204686
868120170204694
868120170204702
868120170204710
868120170204728
868120170204736
868120170204744
868120170204751
868120170204769
868120170204777
868120170204785
868120170204793
868120170204801
868120170204819
868120170204827
868120170204835
868120170204843
868120170204850
868120170204868
868120170204876
868120170204884
868120170204892
868120170204900
868120170204918
868120170204926
868120170204934
868120170204942
868120170204959
868120170204967
868120170204975
868120170204983
868120170204991
868120170205006
868120170205014
868120170205022
868120170205030
868120170205048
868120170205055
868120170205063
868120170205071
868120170205089
868120170205097
868120170205105
868120170205113
868120170205121
868120170205139
868120170205147
868120170205154
868120170205162
868120170205170
868120170205188
868120170205196
868120170205204
868120170205212
868120170205220
868120170205238
868120170205246
868120170205253
868120170205261
868120170205279
868120170205287
868120170205295
868120170205303
868120170205311
868120170205329
868120170205337
868120170205345
868120170205352
868120170205360
868120170205378
868120170205386
868120170205394
868120170205402
868120170205410
868120170205428
868120170205436
868120170205444
868120170205451
868120170205469
868120170205477
868120170205485
868120170205493
868120170205501
868120170205519
868120170205527
868120170205535
868120170205543
868120170205550
868120170205568
868120170205576
868120170205584
868120170205592
868120170205600
868120170205618
868120170205626
868120170205634
868120170205642
868120170205659
868120170205667
868120170205675
868120170205683
868120170205691
868120170205709
868120170205717
868120170205725
868120170205733
868120170205741
868120170205758
868120170205766
868120170205774
868120170205782
868120170205790
868120170205808
868120170205816
868120170205824
868120170205832
868120170205840
868120170205857
868120170205865
868120170205873
868120170205881
868120170205899
868120170205907
868120170205915
868120170205923
868120170205931
868120170205949
868120170205956
868120170205964
868120170205972
868120170205980
868120170205998
868120170206004
868120170206012
868120170206020
868120170206038
868120170206046
868120170206053
868120170206061
868120170206079
868120170206087
868120170206095
868120170206103
868120170206111
868120170206129
868120170206137
868120170206145
868120170206152
868120170206160
868120170206178
868120170206186
868120170206194
868120170206202
868120170206210
868120170206228
868120170206236
868120170206244
868120170206251
868120170206269
868120170206277
868120170206285
868120170206293
868120170206301
868120170206319
868120170206327
868120170206335
868120170206343
868120170206350
868120170206368
868120170206376
868120170206384
868120170206392
868120170206400
868120170206418
868120170206426
868120170206434
868120170206442
868120170206459
868120170206467
868120170206475
868120170206483
868120170206491
868120170206509
868120170206517
868120170206525
868120170206533
868120170206541
868120170206558
868120170206566
868120170206574
868120170206582
868120170206590
868120170206608
868120170206616
868120170206624
868120170206632
868120170206640
868120170206657
868120170206665
868120170206673
868120170206681
868120170206699
868120170206707
868120170206715
868120170206723
868120170206731
868120170206749
868120170206756
868120170206764
868120170206772
868120170206780
868120170206798
868120170206806
868120170206814
868120170206822
868120170206830
868120170206848
868120170206855
868120170206863
868120170206871
868120170206889
868120170206897
868120170206905
868120170206913
868120170206921
868120170206939
868120170206947
868120170206954
868120170206962
868120170206970
868120170206988
868120170206996
868120170207002
868120170207010
868120170207028
868120170207036
868120170207044
868120170207051
868120170207069
868120170207077
868120170207085
868120170207093
868120170207101
868120170207119
868120170207127
868120170207135
868120170207143
868120170207150
868120170207168
868120170207176
868120170207184
868120170207192
868120170207200
868120170207218
868120170207226
868120170207234
868120170207242
868120170207259
868120170207267
868120170207275
868120170207283
868120170207291
868120170207309
868120170207317
868120170207325
868120170207333
868120170207341
868120170207358
868120170207366
868120170207374
868120170207382
868120170207390
868120170207408
868120170207416
868120170207424
868120170207432
868120170207440
868120170207457
868120170207465
868120170207473
868120170207481
868120170207499
868120170207507
868120170207515
868120170207523
868120170207531
868120170207549
868120170207556
868120170207564
868120170207572
868120170207580
868120170207598
868120170207606
868120170207614
868120170207622
868120170207630
868120170207648
868120170207655
868120170207663
868120170207671
868120170207689
868120170207697
868120170207705
868120170207713
868120170207721
868120170207739
868120170207747
868120170207754
868120170207762
868120170207770
868120170207788
868120170207796
868120170207804
868120170207812
868120170207820
868120170207838
868120170207846
868120170207853
868120170207861
868120170207879
868120170207887
868120170207895
868120170207903
868120170207911
868120170207929
868120170207937
868120170207945
868120170207952
868120170207960
868120170207978
868120170207986
868120170207994
868120170208000
868120170208018
868120170208026
868120170208034
868120170208042
868120170208059
868120170208067
868120170208075
868120170208083
868120170208091
868120170208109
868120170208117
868120170208125
868120170208133
868120170208141
868120170208158
868120170208166
868120170208174
868120170208182
868120170208190
868120170208208
868120170208216
868120170208224
868120170208232
868120170208240
868120170208257
868120170208265
868120170208273
868120170208281
868120170208299
868120170208307
868120170208315
868120170208323
868120170208331
868120170208349
868120170208356
868120170208364
868120170208372
868120170208380
868120170208398
868120170208406
868120170208414
868120170208422
868120170208430
868120170208448
868120170208455
868120170208463
868120170208471
868120170208489
868120170208497
868120170208505
868120170208513
868120170208521
868120170208539
868120170208547
868120170208554
868120170208562
868120170208570
868120170208588
868120170208596
868120170208604
868120170208612
868120170208620
868120170208638
868120170208646
868120170208653
868120170208661
868120170208679
868120170208687
868120170208695
868120170208703
868120170208711
868120170208729
868120170208737
868120170208745
868120170208752
868120170208760
868120170208778
868120170208786
868120170208794
868120170208802
868120170208810
868120170208828
868120170208836
868120170208844
868120170208851
868120170208869
868120170208877
868120170208885
868120170208893
868120170208901
868120170208919
868120170208927
868120170208935
868120170208943
868120170208950
868120170208968
868120170208976
868120170208984
868120170208992
868120170209008
868120170209016
868120170209024
868120170209032
868120170209040
868120170209057
868120170209065
868120170209073
868120170209081
868120170209099
868120170209107
868120170209115
868120170209123
868120170209131
868120170209149
868120170209156
868120170209164
868120170209172
868120170209180
868120170209198
868120170209206
868120170209214
868120170209222
868120170209230
868120170209248
868120170209255
868120170209263
868120170209271
868120170209289
868120170209297
868120170209305
868120170209313
868120170209321
868120170209339
868120170209347
868120170209354
868120170209362
868120170209370
868120170209388
868120170209396
868120170209404
868120170209412
868120170209420
868120170209438
868120170209446
868120170209453
868120170209461
868120170209479
868120170209487
868120170209495
868120170209503
868120170209511
868120170209529
868120170209537
868120170209545
868120170209552
868120170209560
868120170209578
868120170209586
868120170209594
868120170209602
868120170209610
868120170209628
868120170209636
868120170209644
868120170209651
868120170209669
868120170209677
868120170209685
868120170209693
868120170209701
868120170209719
868120170209727
868120170209735
868120170209743
868120170209750
868120170209768
868120170209776
868120170209784
868120170209792
868120170209800
868120170209818
868120170209826
868120170209834
868120170209842
868120170209859
868120170209867
868120170209875
868120170209883
868120170209891
868120170209909
868120170209917
868120170209925
868120170209933
868120170209941
868120170209958
868120170209966
868120170209974
868120170209982
868120170209990
868120170210006
868120170210014
868120170210022
868120170210030
868120170210048
868120170210055
868120170210063
868120170210071
868120170210089
868120170210097
868120170210105
868120170210113
868120170210121
868120170210139
868120170210147
868120170210154
868120170210162
868120170210170
868120170210188
868120170210196
868120170210204
868120170210212
868120170210220
868120170210238
868120170210246
868120170210253
868120170210261
868120170210279
868120170210287
868120170210295
868120170210303
868120170210311
868120170210329
868120170210337
868120170210345
868120170210352
868120170210360
868120170210378
868120170210386
868120170210394
868120170210402
868120170210410
868120170210428
868120170210436
868120170210444
868120170210451
868120170210469
868120170210477
868120170210485
868120170210493
868120170210501
868120170210519
868120170210527
868120170210535
868120170210543
868120170210550
868120170210568
868120170210576
868120170210584
868120170210592
868120170210600
868120170210618
868120170210626
868120170210634
868120170210642
868120170210659
868120170210667
868120170210675
868120170210683
868120170210691
868120170210709
868120170210717
868120170210725
868120170210733
868120170210741
868120170210758
868120170210766
868120170210774
868120170210782
868120170210790
868120170210808
868120170210816
868120170210824
868120170210832
868120170210840
868120170210857
868120170210865
868120170210873
868120170210881
868120170210899
868120170210907
868120170210915
868120170210923
868120170210931
868120170210949
868120170210956
868120170210964
868120170210972
868120170210980
868120170210998
868120170211004
868120170211012
868120170211020
868120170211038
868120170211046
868120170211053
868120170211061
868120170211079
868120170211087
868120170211095
868120170211103
868120170211111
868120170211129
868120170211137
868120170211145
868120170211152
868120170211160
868120170211178
868120170211186
868120170211194
868120170211202
868120170211210
868120170211228
868120170211236
868120170211244
868120170211251
868120170211269
868120170211277
868120170211285
868120170211293
868120170211301
868120170211319
868120170211327
868120170211335
868120170211343
868120170211350
868120170211368
868120170211376
868120170211384
868120170211392
868120170211400
868120170211418
868120170211426
868120170211434
868120170211442
868120170211459
868120170211467
868120170211475
868120170211483
868120170211491
868120170211509
868120170211517
868120170211525
868120170211533
868120170211541
868120170211558
868120170211566
868120170211574
868120170211582
868120170211590
868120170211608
868120170211616
868120170211624
868120170211632
868120170211640
868120170211657
868120170211665
868120170211673
868120170211681
868120170211699
868120170211707
868120170211715
868120170211723
868120170211731
868120170211749
868120170211756
868120170211764
868120170211772
868120170211780
868120170211798
868120170211806
868120170211814
868120170211822
868120170211830
868120170211848
868120170211855
868120170211863
868120170211871
868120170211889
868120170211897
868120170211905
868120170211913
868120170211921
868120170211939
868120170211947
868120170211954
868120170211962
868120170211970
868120170211988
868120170211996
868120170212002
868120170212010
868120170212028
868120170212036
868120170212044
868120170212051
868120170212069
868120170212077
868120170212085
868120170212093
868120170212101
868120170212119
868120170212127
868120170212135
868120170212143
868120170212150
868120170212168
868120170212176
868120170212184
868120170212192
868120170212200
868120170212218
868120170212226
868120170212234
868120170212242
868120170212259
868120170212267
868120170212275
868120170212283
868120170212291
868120170212309
868120170212317
868120170212325
868120170212333
868120170212341
868120170212358
868120170212366
868120170212374
868120170212382
868120170212390
868120170212408
868120170212416
868120170212424
868120170212432
868120170212440
868120170212457
868120170212465
868120170212473
868120170212481
868120170212499
868120170212507
868120170212515
868120170212523
868120170212531
868120170212549
868120170212556
868120170212564
868120170212572
868120170212580
868120170212598
868120170212606
868120170212614
868120170212622
868120170212630
868120170212648
868120170212655
868120170212663
868120170212671
868120170212689
868120170212697
868120170212705
868120170212713
868120170212721
868120170212739
868120170212747
868120170212754
868120170212762
868120170212770
868120170212788
868120170212796
868120170212804
868120170212812
868120170212820
868120170212838
868120170212846
868120170212853
868120170212861
868120170212879
868120170212887
868120170212895
868120170212903
868120170212911
868120170212929
868120170212937
868120170212945
868120170212952
868120170212960
868120170212978
868120170212986
868120170212994
868120170213000
868120170213018
868120170213026
868120170213034
868120170213042
868120170213059
868120170213067
868120170213075
868120170213083
868120170213091
868120170213109
868120170213117
868120170213125
868120170213133
868120170213141
868120170213158
868120170213166
868120170213174
868120170213182
868120170213190
868120170213208
868120170213216
868120170213224
868120170213232
868120170213240
868120170213257
868120170213265
868120170213273
868120170213281
868120170213299
868120170213307
868120170213315
868120170213323
868120170213331
868120170213349
868120170213356
868120170213364
868120170213372
868120170213380
868120170213398
868120170213406
868120170213414
868120170213422
868120170213430
868120170213448
868120170213455
868120170213463
868120170213471
868120170213489
868120170213497
868120170213505
868120170213513
868120170213521
868120170213539
868120170213547
868120170213554
868120170213562
868120170213570
868120170213588
868120170213596
868120170213604
868120170213612
868120170213620
868120170213638
868120170213646
868120170213653
868120170213661
868120170213679
868120170213687
868120170213695
868120170213703
868120170213711
868120170213729
868120170213737
868120170213745
868120170213752
868120170213760
868120170213778
868120170213786
868120170213794
868120170213802
868120170213810
868120170213828
868120170213836
868120170213844
868120170213851
868120170213869
868120170213877
868120170213885
868120170213893
868120170213901
868120170213919
868120170213927
868120170213935
868120170213943
868120170213950
868120170213968
868120170213976
868120170213984
868120170213992
868120170214008
868120170214016
868120170214024
868120170214032
868120170214040
868120170214057
868120170214065
868120170214073
868120170214081
868120170214099
868120170214107
868120170214115
868120170214123
868120170214131
868120170214149
868120170214156
868120170214164
868120170214172
868120170214180
868120170214198
868120170214206
868120170214214
868120170214222
868120170214230
868120170214248
868120170214255
868120170214263
868120170214271
868120170214289
868120170214297
868120170214305
868120170214313
868120170214321
868120170214339
868120170214347
868120170214354
868120170214362
868120170214370
868120170214388
868120170214396
868120170214404
868120170214412
868120170214420
868120170214438
868120170214446
868120170214453
868120170214461
868120170214479
868120170214487
868120170214495
868120170214503
868120170214511
868120170214529
868120170214537
868120170214545
868120170214552
868120170214560
868120170214578
868120170214586
868120170214594
868120170214602
868120170214610
868120170214628
868120170214636
868120170214644
868120170214651
868120170214669
868120170214677
868120170214685
868120170214693
868120170214701
868120170214719
868120170214727
868120170214735
868120170214743
868120170214750
868120170214768
868120170214776
868120170214784
868120170214792
868120170214800
868120170214818
868120170214826
868120170214834
868120170214842
868120170214859
868120170214867
868120170214875
868120170214883
868120170214891
868120170214909
868120170214917
868120170214925
868120170214933
868120170214941
868120170214958
868120170214966
868120170214974
868120170214982
868120170214990
868120170215005
868120170215013
868120170215021
868120170215039
868120170215047
868120170215054
868120170215062
868120170215070
868120170215088
868120170215096
868120170215104
868120170215112
868120170215120
868120170215138
868120170215146
868120170215153
868120170215161
868120170215179
868120170215187
868120170215195
868120170215203
868120170215211
868120170215229
868120170215237
868120170215245