868120170240250
868120170240268
868120170240276
868120170240284
868120170240292
868120170240300
868120170240318
868120170240326
868120170240334
868120170240342
868120170240359
868120170240367
868120170240375
868120170240383
868120170240391
868120170240409
868120170240417
868120170240425
868120170240433
868120170240441
868120170240458
868120170240466
868120170240474
868120170240482
868120170240490
868120170240508
868120170240516
868120170240524
868120170240532
868120170240540
868120170240557
868120170240565
868120170240573
868120170240581
868120170240599
868120170240607
868120170240615
868120170240623
868120170240631
868120170240649
868120170240656
868120170240664
868120170240672
868120170240680
868120170240698
868120170240706
868120170240714
868120170240722
868120170240730
868120170240748
868120170240755
868120170240763
868120170240771
868120170240789
868120170240797
868120170240805
868120170240813
868120170240821
868120170240839
868120170240847
868120170240854
868120170240862
868120170240870
868120170240888
868120170240896
868120170240904
868120170240912
868120170240920
868120170240938
868120170240946
868120170240953
868120170240961
868120170240979
868120170240987
868120170240995
868120170241001
868120170241019
868120170241027
868120170241035
868120170241043
868120170241050
868120170241068
868120170241076
868120170241084
868120170241092
868120170241100
868120170241118
868120170241126
868120170241134
868120170241142
868120170241159
868120170241167
868120170241175
868120170241183
868120170241191
868120170241209
868120170241217
868120170241225
868120170241233
868120170241241
868120170241258
868120170241266
868120170241274
868120170241282
868120170241290
868120170241308
868120170241316
868120170241324
868120170241332
868120170241340
868120170241357
868120170241365
868120170241373
868120170241381
868120170241399
868120170241407
868120170241415
868120170241423
868120170241431
868120170241449
868120170241456
868120170241464
868120170241472
868120170241480
868120170241498
868120170241506
868120170241514
868120170241522
868120170241530
868120170241548
868120170241555
868120170241563
868120170241571
868120170241589
868120170241597
868120170241605
868120170241613
868120170241621
868120170241639
868120170241647
868120170241654
868120170241662
868120170241670
868120170241688
868120170241696
868120170241704
868120170241712
868120170241720
868120170241738
868120170241746
868120170241753
868120170241761
868120170241779
868120170241787
868120170241795
868120170241803
868120170241811
868120170241829
868120170241837
868120170241845
868120170241852
868120170241860
868120170241878
868120170241886
868120170241894
868120170241902
868120170241910
868120170241928
868120170241936
868120170241944
868120170241951
868120170241969
868120170241977
868120170241985
868120170241993
868120170242009
868120170242017
868120170242025
868120170242033
868120170242041
868120170242058
868120170242066
868120170242074
868120170242082
868120170242090
868120170242108
868120170242116
868120170242124
868120170242132
868120170242140
868120170242157
868120170242165
868120170242173
868120170242181
868120170242199
868120170242207
868120170242215
868120170242223
868120170242231
868120170242249
868120170242256
868120170242264
868120170242272
868120170242280
868120170242298
868120170242306
868120170242314
868120170242322
868120170242330
868120170242348
868120170242355
868120170242363
868120170242371
868120170242389
868120170242397
868120170242405
868120170242413
868120170242421
868120170242439
868120170242447
868120170242454
868120170242462
868120170242470
868120170242488
868120170242496
868120170242504
868120170242512
868120170242520
868120170242538
868120170242546
868120170242553
868120170242561
868120170242579
868120170242587
868120170242595
868120170242603
868120170242611
868120170242629
868120170242637
868120170242645
868120170242652
868120170242660
868120170242678
868120170242686
868120170242694
868120170242702
868120170242710
868120170242728
868120170242736
868120170242744
868120170242751
868120170242769
868120170242777
868120170242785
868120170242793
868120170242801
868120170242819
868120170242827
868120170242835
868120170242843
868120170242850
868120170242868
868120170242876
868120170242884
868120170242892
868120170242900
868120170242918
868120170242926
868120170242934
868120170242942
868120170242959
868120170242967
868120170242975
868120170242983
868120170242991
868120170243007
868120170243015
868120170243023
868120170243031
868120170243049
868120170243056
868120170243064
868120170243072
868120170243080
868120170243098
868120170243106
868120170243114
868120170243122
868120170243130
868120170243148
868120170243155
868120170243163
868120170243171
868120170243189
868120170243197
868120170243205
868120170243213
868120170243221
868120170243239
868120170243247
868120170243254
868120170243262
868120170243270
868120170243288
868120170243296
868120170243304
868120170243312
868120170243320
868120170243338
868120170243346
868120170243353
868120170243361
868120170243379
868120170243387
868120170243395
868120170243403
868120170243411
868120170243429
868120170243437
868120170243445
868120170243452
868120170243460
868120170243478
868120170243486
868120170243494
868120170243502
868120170243510
868120170243528
868120170243536
868120170243544
868120170243551
868120170243569
868120170243577
868120170243585
868120170243593
868120170243601
868120170243619
868120170243627
868120170243635
868120170243643
868120170243650
868120170243668
868120170243676
868120170243684
868120170243692
868120170243700
868120170243718
868120170243726
868120170243734
868120170243742
868120170243759
868120170243767
868120170243775
868120170243783
868120170243791
868120170243809
868120170243817
868120170243825
868120170243833
868120170243841
868120170243858
868120170243866
868120170243874
868120170243882
868120170243890
868120170243908
868120170243916
868120170243924
868120170243932
868120170243940
868120170243957
868120170243965
868120170243973
868120170243981
868120170243999
868120170244005
868120170244013
868120170244021
868120170244039
868120170244047
868120170244054
868120170244062
868120170244070
868120170244088
868120170244096
868120170244104
868120170244112
868120170244120
868120170244138
868120170244146
868120170244153
868120170244161
868120170244179
868120170244187
868120170244195
868120170244203
868120170244211
868120170244229
868120170244237
868120170244245
868120170244252
868120170244260
868120170244278
868120170244286
868120170244294
868120170244302
868120170244310
868120170244328
868120170244336
868120170244344
868120170244351
868120170244369
868120170244377
868120170244385
868120170244393
868120170244401
868120170244419
868120170244427
868120170244435
868120170244443
868120170244450
868120170244468
868120170244476
868120170244484
868120170244492
868120170244500
868120170244518
868120170244526
868120170244534
868120170244542
868120170244559
868120170244567
868120170244575
868120170244583
868120170244591
868120170244609
868120170244617
868120170244625
868120170244633
868120170244641
868120170244658
868120170244666
868120170244674
868120170244682
868120170244690
868120170244708
868120170244716
868120170244724
868120170244732
868120170244740
868120170244757
868120170244765
868120170244773
868120170244781
868120170244799
868120170244807
868120170244815
868120170244823
868120170244831
868120170244849
868120170244856
868120170244864
868120170244872
868120170244880
868120170244898
868120170244906
868120170244914
868120170244922
868120170244930
868120170244948
868120170244955
868120170244963
868120170244971
868120170244989
868120170244997
868120170245002
868120170245010
868120170245028
868120170245036
868120170245044
868120170245051
868120170245069
868120170245077
868120170245085
868120170245093
868120170245101
868120170245119
868120170245127
868120170245135
868120170245143
868120170245150
868120170245168
868120170245176
868120170245184
868120170245192
868120170245200
868120170245218
868120170245226
868120170245234
868120170245242
868120170245259
868120170245267
868120170245275
868120170245283
868120170245291
868120170245309
868120170245317
868120170245325
868120170245333
868120170245341
868120170245358
868120170245366
868120170245374
868120170245382
868120170245390
868120170245408
868120170245416
868120170245424
868120170245432
868120170245440
868120170245457
868120170245465
868120170245473
868120170245481
868120170245499
868120170245507
868120170245515
868120170245523
868120170245531
868120170245549
868120170245556
868120170245564
868120170245572
868120170245580
868120170245598
868120170245606
868120170245614
868120170245622
868120170245630
868120170245648
868120170245655
868120170245663
868120170245671
868120170245689
868120170245697
868120170245705
868120170245713
868120170245721
868120170245739
868120170245747
868120170245754
868120170245762
868120170245770
868120170245788
868120170245796
868120170245804
868120170245812
868120170245820
868120170245838
868120170245846
868120170245853
868120170245861
868120170245879
868120170245887
868120170245895
868120170245903
868120170245911
868120170245929
868120170245937
868120170245945
868120170245952
868120170245960
868120170245978
868120170245986
868120170245994
868120170246000
868120170246018
868120170246026
868120170246034
868120170246042
868120170246059
868120170246067
868120170246075
868120170246083
868120170246091
868120170246109
868120170246117
868120170246125
868120170246133
868120170246141
868120170246158
868120170246166
868120170246174
868120170246182
868120170246190
868120170246208
868120170246216
868120170246224
868120170246232
868120170246240
868120170246257
868120170246265
868120170246273
868120170246281
868120170246299
868120170246307
868120170246315
868120170246323
868120170246331
868120170246349
868120170246356
868120170246364
868120170246372
868120170246380
868120170246398
868120170246406
868120170246414
868120170246422
868120170246430
868120170246448
868120170246455
868120170246463
868120170246471
868120170246489
868120170246497
868120170246505
868120170246513
868120170246521
868120170246539
868120170246547
868120170246554
868120170246562
868120170246570
868120170246588
868120170246596
868120170246604
868120170246612
868120170246620
868120170246638
868120170246646
868120170246653
868120170246661
868120170246679
868120170246687
868120170246695
868120170246703
868120170246711
868120170246729
868120170246737
868120170246745
868120170246752
868120170246760
868120170246778
868120170246786
868120170246794
868120170246802
868120170246810
868120170246828
868120170246836
868120170246844
868120170246851
868120170246869
868120170246877
868120170246885
868120170246893
868120170246901
868120170246919
868120170246927
868120170246935
868120170246943
868120170246950
868120170246968
868120170246976
868120170246984
868120170246992
868120170247008
868120170247016
868120170247024
868120170247032
868120170247040
868120170247057
868120170247065
868120170247073
868120170247081
868120170247099
868120170247107
868120170247115
868120170247123
868120170247131
868120170247149
868120170247156
868120170247164
868120170247172
868120170247180
868120170247198
868120170247206
868120170247214
868120170247222
868120170247230
868120170247248
868120170247255
868120170247263
868120170247271
868120170247289
868120170247297
868120170247305
868120170247313
868120170247321
868120170247339
868120170247347
868120170247354
868120170247362
868120170247370
868120170247388
868120170247396
868120170247404
868120170247412
868120170247420
868120170247438
868120170247446
868120170247453
868120170247461
868120170247479
868120170247487
868120170247495
868120170247503
868120170247511
868120170247529
868120170247537
868120170247545
868120170247552
868120170247560
868120170247578
868120170247586
868120170247594
868120170247602
868120170247610
868120170247628
868120170247636
868120170247644
868120170247651
868120170247669
868120170247677
868120170247685
868120170247693
868120170247701
868120170247719
868120170247727
868120170247735
868120170247743
868120170247750
868120170247768
868120170247776
868120170247784
868120170247792
868120170247800
868120170247818
868120170247826
868120170247834
868120170247842
868120170247859
868120170247867
868120170247875
868120170247883
868120170247891
868120170247909
868120170247917
868120170247925
868120170247933
868120170247941
868120170247958
868120170247966
868120170247974
868120170247982
868120170247990
868120170248006
868120170248014
868120170248022
868120170248030
868120170248048
868120170248055
868120170248063
868120170248071
868120170248089
868120170248097
868120170248105
868120170248113
868120170248121
868120170248139
868120170248147
868120170248154
868120170248162
868120170248170
868120170248188
868120170248196
868120170248204
868120170248212
868120170248220
868120170248238
868120170248246
868120170248253
868120170248261
868120170248279
868120170248287
868120170248295
868120170248303
868120170248311
868120170248329
868120170248337
868120170248345
868120170248352
868120170248360
868120170248378
868120170248386
868120170248394
868120170248402
868120170248410
868120170248428
868120170248436
868120170248444
868120170248451
868120170248469
868120170248477
868120170248485
868120170248493
868120170248501
868120170248519
868120170248527
868120170248535
868120170248543
868120170248550
868120170248568
868120170248576
868120170248584
868120170248592
868120170248600
868120170248618
868120170248626
868120170248634
868120170248642
868120170248659
868120170248667
868120170248675
868120170248683
868120170248691
868120170248709
868120170248717
868120170248725
868120170248733
868120170248741
868120170248758
868120170248766
868120170248774
868120170248782
868120170248790
868120170248808
868120170248816
868120170248824
868120170248832
868120170248840
868120170248857
868120170248865
868120170248873
868120170248881
868120170248899
868120170248907
868120170248915
868120170248923
868120170248931
868120170248949
868120170248956
868120170248964
868120170248972
868120170248980
868120170248998
868120170249004
868120170249012
868120170249020
868120170249038
868120170249046
868120170249053
868120170249061
868120170249079
868120170249087
868120170249095
868120170249103
868120170249111
868120170249129
868120170249137
868120170249145
868120170249152
868120170249160
868120170249178
868120170249186
868120170249194
868120170249202
868120170249210
868120170249228
868120170249236
868120170249244
868120170249251
868120170249269
868120170249277
868120170249285
868120170249293
868120170249301
868120170249319
868120170249327
868120170249335
868120170249343
868120170249350
868120170249368
868120170249376
868120170249384
868120170249392
868120170249400
868120170249418
868120170249426
868120170249434
868120170249442
868120170249459
868120170249467
868120170249475
868120170249483
868120170249491
868120170249509
868120170249517
868120170249525
868120170249533
868120170249541
868120170249558
868120170249566
868120170249574
868120170249582
868120170249590
868120170249608
868120170249616
868120170249624
868120170249632
868120170249640
868120170249657
868120170249665
868120170249673
868120170249681
868120170249699
868120170249707
868120170249715
868120170249723
868120170249731
868120170249749
868120170249756
868120170249764
868120170249772
868120170249780
868120170249798
868120170249806
868120170249814
868120170249822
868120170249830
868120170249848
868120170249855
868120170249863
868120170249871
868120170249889
868120170249897
868120170249905
868120170249913
868120170249921
868120170249939
868120170249947
868120170249954
868120170249962
868120170249970
868120170249988
868120170249996
868120170250002
868120170250010
868120170250028
868120170250036
868120170250044
868120170250051
868120170250069
868120170250077
868120170250085
868120170250093
868120170250101
868120170250119
868120170250127
868120170250135
868120170250143
868120170250150
868120170250168
868120170250176
868120170250184
868120170250192
868120170250200
868120170250218
868120170250226
868120170250234
868120170250242
868120170250259
868120170250267
868120170250275
868120170250283
868120170250291
868120170250309
868120170250317
868120170250325
868120170250333
868120170250341
868120170250358
868120170250366
868120170250374
868120170250382
868120170250390
868120170250408
868120170250416
868120170250424
868120170250432
868120170250440
868120170250457
868120170250465
868120170250473
868120170250481
868120170250499
868120170250507
868120170250515
868120170250523
868120170250531
868120170250549
868120170250556
868120170250564
868120170250572
868120170250580
868120170250598
868120170250606
868120170250614
868120170250622
868120170250630
868120170250648
868120170250655
868120170250663
868120170250671
868120170250689
868120170250697
868120170250705
868120170250713
868120170250721
868120170250739
868120170250747
868120170250754
868120170250762
868120170250770
868120170250788
868120170250796
868120170250804
868120170250812
868120170250820
868120170250838
868120170250846
868120170250853
868120170250861
868120170250879
868120170250887
868120170250895
868120170250903
868120170250911
868120170250929
868120170250937
868120170250945
868120170250952
868120170250960
868120170250978
868120170250986
868120170250994
868120170251000
868120170251018
868120170251026
868120170251034
868120170251042
868120170251059
868120170251067
868120170251075
868120170251083
868120170251091
868120170251109
868120170251117
868120170251125
868120170251133
868120170251141
868120170251158
868120170251166
868120170251174
868120170251182
868120170251190
868120170251208
868120170251216
868120170251224
868120170251232
868120170251240
868120170251257
868120170251265
868120170251273
868120170251281
868120170251299
868120170251307
868120170251315
868120170251323
868120170251331
868120170251349
868120170251356
868120170251364
868120170251372
868120170251380
868120170251398
868120170251406
868120170251414
868120170251422
868120170251430
868120170251448
868120170251455
868120170251463
868120170251471
868120170251489
868120170251497
868120170251505
868120170251513
868120170251521
868120170251539
868120170251547
868120170251554
868120170251562
868120170251570
868120170251588
868120170251596
868120170251604
868120170251612
868120170251620
868120170251638
868120170251646
868120170251653
868120170251661
868120170251679
868120170251687
868120170251695
868120170251703
868120170251711
868120170251729
868120170251737
868120170251745
868120170251752
868120170251760
868120170251778
868120170251786
868120170251794
868120170251802
868120170251810
868120170251828
868120170251836
868120170251844
868120170251851
868120170251869
868120170251877
868120170251885
868120170251893
868120170251901
868120170251919
868120170251927
868120170251935
868120170251943
868120170251950
868120170251968
868120170251976
868120170251984
868120170251992
868120170252008
868120170252016
868120170252024
868120170252032
868120170252040
868120170252057
868120170252065
868120170252073
868120170252081
868120170252099
868120170252107
868120170252115
868120170252123
868120170252131
868120170252149
868120170252156
868120170252164
868120170252172
868120170252180
868120170252198
868120170252206
868120170252214
868120170252222
868120170252230
868120170252248
868120170252255
868120170252263
868120170252271
868120170252289
868120170252297
868120170252305
868120170252313
868120170252321
868120170252339
868120170252347
868120170252354
868120170252362
868120170252370
868120170252388
868120170252396
868120170252404
868120170252412
868120170252420
868120170252438
868120170252446
868120170252453
868120170252461
868120170252479
868120170252487
868120170252495
868120170252503
868120170252511
868120170252529
868120170252537
868120170252545
868120170252552
868120170252560
868120170252578
868120170252586
868120170252594
868120170252602
868120170252610
868120170252628
868120170252636
868120170252644
868120170252651
868120170252669
868120170252677
868120170252685
868120170252693
868120170252701
868120170252719
868120170252727
868120170252735
868120170252743
868120170252750
868120170252768
868120170252776
868120170252784
868120170252792
868120170252800
868120170252818
868120170252826
868120170252834
868120170252842
868120170252859
868120170252867
868120170252875
868120170252883
868120170252891
868120170252909
868120170252917
868120170252925
868120170252933
868120170252941
868120170252958
868120170252966
868120170252974
868120170252982
868120170252990
868120170253006
868120170253014
868120170253022
868120170253030
868120170253048
868120170253055
868120170253063
868120170253071
868120170253089
868120170253097
868120170253105
868120170253113
868120170253121
868120170253139
868120170253147
868120170253154
868120170253162
868120170253170
868120170253188
868120170253196
868120170253204
868120170253212
868120170253220
868120170253238
868120170253246
868120170253253
868120170253261
868120170253279
868120170253287
868120170253295
868120170253303
868120170253311
868120170253329
868120170253337
868120170253345
868120170253352
868120170253360
868120170253378
868120170253386
868120170253394
868120170253402
868120170253410
868120170253428
868120170253436
868120170253444
868120170253451
868120170253469
868120170253477
868120170253485
868120170253493
868120170253501
868120170253519
868120170253527
868120170253535
868120170253543
868120170253550
868120170253568
868120170253576
868120170253584
868120170253592
868120170253600
868120170253618
868120170253626
868120170253634
868120170253642
868120170253659
868120170253667
868120170253675
868120170253683
868120170253691
868120170253709
868120170253717
868120170253725
868120170253733
868120170253741
868120170253758
868120170253766
868120170253774
868120170253782
868120170253790
868120170253808
868120170253816
868120170253824
868120170253832
868120170253840
868120170253857
868120170253865
868120170253873
868120170253881
868120170253899
868120170253907
868120170253915
868120170253923
868120170253931
868120170253949
868120170253956
868120170253964
868120170253972
868120170253980
868120170253998
868120170254004
868120170254012
868120170254020
868120170254038
868120170254046
868120170254053
868120170254061
868120170254079
868120170254087
868120170254095
868120170254103
868120170254111
868120170254129
868120170254137
868120170254145
868120170254152
868120170254160
868120170254178
868120170254186
868120170254194
868120170254202
868120170254210
868120170254228
868120170254236
868120170254244
868120170254251
868120170254269
868120170254277
868120170254285
868120170254293
868120170254301
868120170254319
868120170254327
868120170254335
868120170254343
868120170254350
868120170254368
868120170254376
868120170254384
868120170254392
868120170254400
868120170254418
868120170254426
868120170254434
868120170254442
868120170254459
868120170254467
868120170254475
868120170254483
868120170254491
868120170254509
868120170254517
868120170254525
868120170254533
868120170254541
868120170254558
868120170254566
868120170254574
868120170254582
868120170254590
868120170254608
868120170254616
868120170254624
868120170254632
868120170254640
868120170254657
868120170254665
868120170254673
868120170254681
868120170254699
868120170254707
868120170254715
868120170254723
868120170254731
868120170254749
868120170254756
868120170254764
868120170254772
868120170254780
868120170254798
868120170254806
868120170254814
868120170254822
868120170254830
868120170254848
868120170254855
868120170254863
868120170254871
868120170254889
868120170254897
868120170254905
868120170254913
868120170254921
868120170254939
868120170254947
868120170254954
868120170254962
868120170254970
868120170254988
868120170254996
868120170255001
868120170255019
868120170255027
868120170255035
868120170255043
868120170255050
868120170255068
868120170255076
868120170255084
868120170255092
868120170255100
868120170255118
868120170255126
868120170255134
868120170255142
868120170255159
868120170255167
868120170255175
868120170255183
868120170255191
868120170255209
868120170255217
868120170255225
868120170255233
868120170255241
868120170255258
868120170255266
868120170255274
868120170255282
868120170255290
868120170255308
868120170255316
868120170255324
868120170255332
868120170255340
868120170255357
868120170255365
868120170255373
868120170255381
868120170255399
868120170255407
868120170255415
868120170255423
868120170255431
868120170255449
868120170255456
868120170255464
868120170255472
868120170255480
868120170255498
868120170255506
868120170255514
868120170255522
868120170255530
868120170255548
868120170255555
868120170255563
868120170255571
868120170255589
868120170255597
868120170255605
868120170255613
868120170255621
868120170255639
868120170255647
868120170255654
868120170255662
868120170255670
868120170255688
868120170255696
868120170255704
868120170255712
868120170255720
868120170255738
868120170255746
868120170255753
868120170255761
868120170255779
868120170255787
868120170255795
868120170255803
868120170255811
868120170255829
868120170255837
868120170255845
868120170255852
868120170255860
868120170255878
868120170255886
868120170255894
868120170255902
868120170255910
868120170255928
868120170255936
868120170255944
868120170255951
868120170255969
868120170255977
868120170255985
868120170255993
868120170256009
868120170256017
868120170256025
868120170256033
868120170256041
868120170256058
868120170256066
868120170256074
868120170256082
868120170256090
868120170256108
868120170256116
868120170256124
868120170256132
868120170256140
868120170256157
868120170256165
868120170256173
868120170256181
868120170256199
868120170256207
868120170256215
868120170256223
868120170256231
868120170256249
868120170256256
868120170256264
868120170256272
868120170256280
868120170256298
868120170256306
868120170256314
868120170256322
868120170256330
868120170256348
868120170256355
868120170256363
868120170256371
868120170256389
868120170256397
868120170256405
868120170256413
868120170256421
868120170256439
868120170256447
868120170256454
868120170256462
868120170256470
868120170256488
868120170256496
868120170256504
868120170256512
868120170256520
868120170256538
868120170256546
868120170256553
868120170256561
868120170256579
868120170256587
868120170256595
868120170256603
868120170256611
868120170256629
868120170256637
868120170256645
868120170256652
868120170256660
868120170256678
868120170256686
868120170256694
868120170256702
868120170256710
868120170256728
868120170256736
868120170256744
868120170256751
868120170256769
868120170256777
868120170256785
868120170256793
868120170256801
868120170256819
868120170256827
868120170256835
868120170256843
868120170256850
868120170256868
868120170256876
868120170256884
868120170256892
868120170256900
868120170256918
868120170256926
868120170256934
868120170256942
868120170256959
868120170256967
868120170256975
868120170256983
868120170256991
868120170257007
868120170257015
868120170257023
868120170257031
868120170257049
868120170257056
868120170257064
868120170257072
868120170257080
868120170257098
868120170257106
868120170257114
868120170257122
868120170257130
868120170257148
868120170257155
868120170257163
868120170257171
868120170257189
868120170257197
868120170257205
868120170257213
868120170257221
868120170257239
868120170257247
868120170257254
868120170257262
868120170257270
868120170257288
868120170257296
868120170257304
868120170257312
868120170257320
868120170257338
868120170257346
868120170257353
868120170257361
868120170257379
868120170257387
868120170257395
868120170257403
868120170257411
868120170257429
868120170257437
868120170257445
868120170257452
868120170257460
868120170257478
868120170257486
868120170257494
868120170257502
868120170257510
868120170257528
868120170257536
868120170257544
868120170257551
868120170257569
868120170257577
868120170257585
868120170257593
868120170257601
868120170257619
868120170257627
868120170257635
868120170257643
868120170257650
868120170257668
868120170257676
868120170257684
868120170257692
868120170257700
868120170257718
868120170257726
868120170257734
868120170257742
868120170257759
868120170257767
868120170257775
868120170257783
868120170257791
868120170257809
868120170257817
868120170257825
868120170257833
868120170257841
868120170257858
868120170257866
868120170257874
868120170257882
868120170257890
868120170257908
868120170257916
868120170257924
868120170257932
868120170257940
868120170257957
868120170257965
868120170257973
868120170257981
868120170257999
868120170258005
868120170258013
868120170258021
868120170258039
868120170258047
868120170258054
868120170258062
868120170258070
868120170258088
868120170258096
868120170258104
868120170258112
868120170258120
868120170258138
868120170258146
868120170258153
868120170258161
868120170258179
868120170258187
868120170258195
868120170258203
868120170258211
868120170258229
868120170258237
868120170258245
868120170258252
868120170258260
868120170258278
868120170258286
868120170258294
868120170258302
868120170258310
868120170258328
868120170258336
868120170258344
868120170258351
868120170258369
868120170258377
868120170258385
868120170258393
868120170258401
868120170258419
868120170258427
868120170258435
868120170258443
868120170258450
868120170258468
868120170258476
868120170258484
868120170258492
868120170258500
868120170258518
868120170258526
868120170258534
868120170258542
868120170258559
868120170258567
868120170258575
868120170258583
868120170258591
868120170258609
868120170258617
868120170258625
868120170258633
868120170258641
868120170258658
868120170258666
868120170258674
868120170258682
868120170258690
868120170258708
868120170258716
868120170258724
868120170258732
868120170258740
868120170258757
868120170258765
868120170258773
868120170258781
868120170258799
868120170258807
868120170258815
868120170258823
868120170258831
868120170258849
868120170258856
868120170258864
868120170258872
868120170258880
868120170258898
868120170258906
868120170258914
868120170258922
868120170258930
868120170258948
868120170258955
868120170258963
868120170258971
868120170258989
868120170258997
868120170259003
868120170259011
868120170259029
868120170259037
868120170259045
868120170259052
868120170259060
868120170259078
868120170259086
868120170259094
868120170259102
868120170259110
868120170259128
868120170259136
868120170259144
868120170259151
868120170259169
868120170259177
868120170259185
868120170259193
868120170259201
868120170259219
868120170259227
868120170259235
868120170259243
868120170259250
868120170259268
868120170259276
868120170259284
868120170259292
868120170259300
868120170259318
868120170259326
868120170259334
868120170259342
868120170259359
868120170259367
868120170259375
868120170259383
868120170259391
868120170259409
868120170259417
868120170259425
868120170259433
868120170259441
868120170259458
868120170259466
868120170259474
868120170259482
868120170259490
868120170259508
868120170259516
868120170259524
868120170259532
868120170259540
868120170259557
868120170259565
868120170259573
868120170259581
868120170259599
868120170259607
868120170259615
868120170259623
868120170259631
868120170259649
868120170259656
868120170259664
868120170259672
868120170259680
868120170259698
868120170259706
868120170259714
868120170259722
868120170259730
868120170259748
868120170259755
868120170259763
868120170259771
868120170259789
868120170259797
868120170259805
868120170259813
868120170259821
868120170259839
868120170259847
868120170259854
868120170259862
868120170259870
868120170259888
868120170259896
868120170259904
868120170259912
868120170259920
868120170259938
868120170259946
868120170259953
868120170259961
868120170259979
868120170259987
868120170259995
868120170260001
868120170260019
868120170260027
868120170260035
868120170260043
868120170260050
868120170260068
868120170260076
868120170260084
868120170260092
868120170260100
868120170260118
868120170260126
868120170260134
868120170260142
868120170260159
868120170260167
868120170260175
868120170260183
868120170260191
868120170260209
868120170260217
868120170260225
868120170260233
868120170260241
868120170260258
868120170260266
868120170260274
868120170260282
868120170260290
868120170260308
868120170260316
868120170260324
868120170260332
868120170260340
868120170260357
868120170260365
868120170260373
868120170260381
868120170260399
868120170260407
868120170260415
868120170260423
868120170260431
868120170260449
868120170260456
868120170260464
868120170260472
868120170260480
868120170260498
868120170260506
868120170260514
868120170260522
868120170260530
868120170260548
868120170260555
868120170260563
868120170260571
868120170260589
868120170260597
868120170260605
868120170260613
868120170260621
868120170260639
868120170260647
868120170260654
868120170260662
868120170260670
868120170260688
868120170260696
868120170260704
868120170260712
868120170260720
868120170260738
868120170260746
868120170260753
868120170260761
868120170260779
868120170260787
868120170260795
868120170260803
868120170260811
868120170260829
868120170260837
868120170260845
868120170260852
868120170260860
868120170260878
868120170260886
868120170260894
868120170260902
868120170260910
868120170260928
868120170260936
868120170260944
868120170260951
868120170260969
868120170260977
868120170260985
868120170260993
868120170261009
868120170261017
868120170261025
868120170261033
868120170261041
868120170261058
868120170261066
868120170261074
868120170261082
868120170261090
868120170261108
868120170261116
868120170261124
868120170261132
868120170261140
868120170261157
868120170261165
868120170261173
868120170261181
868120170261199
868120170261207
868120170261215
868120170261223
868120170261231
868120170261249
868120170261256
868120170261264
868120170261272
868120170261280
868120170261298
868120170261306
868120170261314
868120170261322
868120170261330
868120170261348
868120170261355
868120170261363
868120170261371
868120170261389
868120170261397
868120170261405
868120170261413
868120170261421
868120170261439
868120170261447
868120170261454
868120170261462
868120170261470
868120170261488
868120170261496
868120170261504
868120170261512
868120170261520
868120170261538
868120170261546
868120170261553
868120170261561
868120170261579
868120170261587
868120170261595
868120170261603
868120170261611
868120170261629
868120170261637
868120170261645
868120170261652
868120170261660
868120170261678
868120170261686
868120170261694
868120170261702
868120170261710
868120170261728
868120170261736
868120170261744
868120170261751
868120170261769
868120170261777
868120170261785
868120170261793
868120170261801
868120170261819
868120170261827
868120170261835
868120170261843
868120170261850
868120170261868
868120170261876
868120170261884
868120170261892
868120170261900
868120170261918
868120170261926
868120170261934
868120170261942
868120170261959
868120170261967
868120170261975
868120170261983
868120170261991
868120170262007
868120170262015
868120170262023
868120170262031
868120170262049
868120170262056
868120170262064
868120170262072
868120170262080
868120170262098
868120170262106
868120170262114
868120170262122
868120170262130
868120170262148
868120170262155
868120170262163
868120170262171
868120170262189
868120170262197
868120170262205
868120170262213
868120170262221
868120170262239
868120170262247
868120170262254
868120170262262
868120170262270
868120170262288
868120170262296
868120170262304
868120170262312
868120170262320
868120170262338
868120170262346
868120170262353
868120170262361
868120170262379
868120170262387
868120170262395
868120170262403
868120170262411
868120170262429
868120170262437
868120170262445
868120170262452
868120170262460
868120170262478
868120170262486
868120170262494
868120170262502
868120170262510
868120170262528
868120170262536
868120170262544
868120170262551
868120170262569
868120170262577
868120170262585
868120170262593
868120170262601
868120170262619
868120170262627
868120170262635
868120170262643
868120170262650
868120170262668
868120170262676
868120170262684
868120170262692
868120170262700
868120170262718
868120170262726
868120170262734
868120170262742
868120170262759
868120170262767
868120170262775
868120170262783
868120170262791
868120170262809
868120170262817
868120170262825
868120170262833
868120170262841
868120170262858
868120170262866
868120170262874
868120170262882
868120170262890
868120170262908
868120170262916
868120170262924
868120170262932
868120170262940
868120170262957
868120170262965
868120170262973
868120170262981
868120170262999
868120170263005
868120170263013
868120170263021
868120170263039
868120170263047
868120170263054
868120170263062
868120170263070
868120170263088
868120170263096
868120170263104
868120170263112
868120170263120
868120170263138
868120170263146
868120170263153
868120170263161
868120170263179
868120170263187
868120170263195
868120170263203
868120170263211
868120170263229
868120170263237
868120170263245
868120170263252
868120170263260
868120170263278
868120170263286
868120170263294
868120170263302
868120170263310
868120170263328
868120170263336
868120170263344
868120170263351
868120170263369
868120170263377
868120170263385
868120170263393
868120170263401
868120170263419
868120170263427
868120170263435
868120170263443
868120170263450
868120170263468
868120170263476
868120170263484
868120170263492
868120170263500
868120170263518
868120170263526
868120170263534
868120170263542
868120170263559
868120170263567
868120170263575
868120170263583
868120170263591
868120170263609
868120170263617
868120170263625
868120170263633
868120170263641
868120170263658
868120170263666
868120170263674
868120170263682
868120170263690
868120170263708
868120170263716
868120170263724
868120170263732
868120170263740
868120170263757
868120170263765
868120170263773
868120170263781
868120170263799
868120170263807
868120170263815
868120170263823
868120170263831
868120170263849
868120170263856
868120170263864
868120170263872
868120170263880
868120170263898
868120170263906
868120170263914
868120170263922
868120170263930
868120170263948
868120170263955
868120170263963
868120170263971
868120170263989
868120170263997
868120170264003
868120170264011
868120170264029
868120170264037
868120170264045
868120170264052
868120170264060
868120170264078
868120170264086
868120170264094
868120170264102
868120170264110
868120170264128
868120170264136
868120170264144
868120170264151
868120170264169
868120170264177
868120170264185
868120170264193
868120170264201
868120170264219
868120170264227
868120170264235
868120170264243
868120170264250
868120170264268
868120170264276
868120170264284
868120170264292
868120170264300
868120170264318
868120170264326
868120170264334
868120170264342
868120170264359
868120170264367
868120170264375
868120170264383
868120170264391
868120170264409
868120170264417
868120170264425
868120170264433
868120170264441
868120170264458
868120170264466
868120170264474
868120170264482
868120170264490
868120170264508
868120170264516
868120170264524
868120170264532
868120170264540
868120170264557
868120170264565
868120170264573
868120170264581
868120170264599
868120170264607
868120170264615
868120170264623
868120170264631
868120170264649
868120170264656
868120170264664
868120170264672
868120170264680
868120170264698
868120170264706
868120170264714
868120170264722
868120170264730
868120170264748
868120170264755
868120170264763
868120170264771
868120170264789
868120170264797
868120170264805
868120170264813
868120170264821
868120170264839
868120170264847
868120170264854
868120170264862
868120170264870
868120170264888
868120170264896
868120170264904
868120170264912
868120170264920
868120170264938
868120170264946
868120170264953
868120170264961
868120170264979
868120170264987
868120170264995
868120170265000
868120170265018
868120170265026
868120170265034
868120170265042
868120170265059
868120170265067
868120170265075
868120170265083
868120170265091
868120170265109
868120170265117
868120170265125
868120170265133
868120170265141
868120170265158
868120170265166
868120170265174
868120170265182
868120170265190
868120170265208
868120170265216
868120170265224
868120170265232
868120170265240