868120166759347
868120166759354
868120166759362
868120166759370
868120166759388
868120166759396
868120166759404
868120166759412
868120166759420
868120166759438
868120166759446
868120166759453
868120166759461
868120166759479
868120166759487
868120166759495
868120166759503
868120166759511
868120166759529
868120166759537
868120166759545
868120166759552
868120166759560
868120166759578
868120166759586
868120166759594
868120166759602
868120166759610
868120166759628
868120166759636
868120166759644
868120166759651
868120166759669
868120166759677
868120166759685
868120166759693
868120166759701
868120166759719
868120166759727
868120166759735
868120166759743
868120166759750
868120166759768
868120166759776
868120166759784
868120166759792
868120166759800
868120166759818
868120166759826
868120166759834
868120166759842
868120166759859
868120166759867
868120166759875
868120166759883
868120166759891
868120166759909
868120166759917
868120166759925
868120166759933
868120166759941
868120166759958
868120166759966
868120166759974
868120166759982
868120166759990
868120166760006
868120166760014
868120166760022
868120166760030
868120166760048
868120166760055
868120166760063
868120166760071
868120166760089
868120166760097
868120166760105
868120166760113
868120166760121
868120166760139
868120166760147
868120166760154
868120166760162
868120166760170
868120166760188
868120166760196
868120166760204
868120166760212
868120166760220
868120166760238
868120166760246
868120166760253
868120166760261
868120166760279
868120166760287
868120166760295
868120166760303
868120166760311
868120166760329
868120166760337
868120166760345
868120166760352
868120166760360
868120166760378
868120166760386
868120166760394
868120166760402
868120166760410
868120166760428
868120166760436
868120166760444
868120166760451
868120166760469
868120166760477
868120166760485
868120166760493
868120166760501
868120166760519
868120166760527
868120166760535
868120166760543
868120166760550
868120166760568
868120166760576
868120166760584
868120166760592
868120166760600
868120166760618
868120166760626
868120166760634
868120166760642
868120166760659
868120166760667
868120166760675
868120166760683
868120166760691
868120166760709
868120166760717
868120166760725
868120166760733
868120166760741
868120166760758
868120166760766
868120166760774
868120166760782
868120166760790
868120166760808
868120166760816
868120166760824
868120166760832
868120166760840
868120166760857
868120166760865
868120166760873
868120166760881
868120166760899
868120166760907
868120166760915
868120166760923
868120166760931
868120166760949
868120166760956
868120166760964
868120166760972
868120166760980
868120166760998
868120166761004
868120166761012
868120166761020
868120166761038
868120166761046
868120166761053
868120166761061
868120166761079
868120166761087
868120166761095
868120166761103
868120166761111
868120166761129
868120166761137
868120166761145
868120166761152
868120166761160
868120166761178
868120166761186
868120166761194
868120166761202
868120166761210
868120166761228
868120166761236
868120166761244
868120166761251
868120166761269
868120166761277
868120166761285
868120166761293
868120166761301
868120166761319
868120166761327
868120166761335
868120166761343
868120166761350
868120166761368
868120166761376
868120166761384
868120166761392
868120166761400
868120166761418
868120166761426
868120166761434
868120166761442
868120166761459
868120166761467
868120166761475
868120166761483
868120166761491
868120166761509
868120166761517
868120166761525
868120166761533
868120166761541
868120166761558
868120166761566
868120166761574
868120166761582
868120166761590
868120166761608
868120166761616
868120166761624
868120166761632
868120166761640
868120166761657
868120166761665
868120166761673
868120166761681
868120166761699
868120166761707
868120166761715
868120166761723
868120166761731
868120166761749
868120166761756
868120166761764
868120166761772
868120166761780
868120166761798
868120166761806
868120166761814
868120166761822
868120166761830
868120166761848
868120166761855
868120166761863
868120166761871
868120166761889
868120166761897
868120166761905
868120166761913
868120166761921
868120166761939
868120166761947
868120166761954
868120166761962
868120166761970
868120166761988
868120166761996
868120166762002
868120166762010
868120166762028
868120166762036
868120166762044
868120166762051
868120166762069
868120166762077
868120166762085
868120166762093
868120166762101
868120166762119
868120166762127
868120166762135
868120166762143
868120166762150
868120166762168
868120166762176
868120166762184
868120166762192
868120166762200
868120166762218
868120166762226
868120166762234
868120166762242
868120166762259
868120166762267
868120166762275
868120166762283
868120166762291
868120166762309
868120166762317
868120166762325
868120166762333
868120166762341
868120166762358
868120166762366
868120166762374
868120166762382
868120166762390
868120166762408
868120166762416
868120166762424
868120166762432
868120166762440
868120166762457
868120166762465
868120166762473
868120166762481
868120166762499
868120166762507
868120166762515
868120166762523
868120166762531
868120166762549
868120166762556
868120166762564
868120166762572
868120166762580
868120166762598
868120166762606
868120166762614
868120166762622
868120166762630
868120166762648
868120166762655
868120166762663
868120166762671
868120166762689
868120166762697
868120166762705
868120166762713
868120166762721
868120166762739
868120166762747
868120166762754
868120166762762
868120166762770
868120166762788
868120166762796
868120166762804
868120166762812
868120166762820
868120166762838
868120166762846
868120166762853
868120166762861
868120166762879
868120166762887
868120166762895
868120166762903
868120166762911
868120166762929
868120166762937
868120166762945
868120166762952
868120166762960
868120166762978
868120166762986
868120166762994
868120166763000
868120166763018
868120166763026
868120166763034
868120166763042
868120166763059
868120166763067
868120166763075
868120166763083
868120166763091
868120166763109
868120166763117
868120166763125
868120166763133
868120166763141
868120166763158
868120166763166
868120166763174
868120166763182
868120166763190
868120166763208
868120166763216
868120166763224
868120166763232
868120166763240
868120166763257
868120166763265
868120166763273
868120166763281
868120166763299
868120166763307
868120166763315
868120166763323
868120166763331
868120166763349
868120166763356
868120166763364
868120166763372
868120166763380
868120166763398
868120166763406
868120166763414
868120166763422
868120166763430
868120166763448
868120166763455
868120166763463
868120166763471
868120166763489
868120166763497
868120166763505
868120166763513
868120166763521
868120166763539
868120166763547
868120166763554
868120166763562
868120166763570
868120166763588
868120166763596
868120166763604
868120166763612
868120166763620
868120166763638
868120166763646
868120166763653
868120166763661
868120166763679
868120166763687
868120166763695
868120166763703
868120166763711
868120166763729
868120166763737
868120166763745
868120166763752
868120166763760
868120166763778
868120166763786
868120166763794
868120166763802
868120166763810
868120166763828
868120166763836
868120166763844
868120166763851
868120166763869
868120166763877
868120166763885
868120166763893
868120166763901
868120166763919
868120166763927
868120166763935
868120166763943
868120166763950
868120166763968
868120166763976
868120166763984
868120166763992
868120166764008
868120166764016
868120166764024
868120166764032
868120166764040
868120166764057
868120166764065
868120166764073
868120166764081
868120166764099
868120166764107
868120166764115
868120166764123
868120166764131
868120166764149
868120166764156
868120166764164
868120166764172
868120166764180
868120166764198
868120166764206
868120166764214
868120166764222
868120166764230
868120166764248
868120166764255
868120166764263
868120166764271
868120166764289
868120166764297
868120166764305
868120166764313
868120166764321
868120166764339
868120166764347
868120166764354
868120166764362
868120166764370
868120166764388
868120166764396
868120166764404
868120166764412
868120166764420
868120166764438
868120166764446
868120166764453
868120166764461
868120166764479
868120166764487
868120166764495
868120166764503
868120166764511
868120166764529
868120166764537
868120166764545
868120166764552
868120166764560
868120166764578
868120166764586
868120166764594
868120166764602
868120166764610
868120166764628
868120166764636
868120166764644
868120166764651
868120166764669
868120166764677
868120166764685
868120166764693
868120166764701
868120166764719
868120166764727
868120166764735
868120166764743
868120166764750
868120166764768
868120166764776
868120166764784
868120166764792
868120166764800
868120166764818
868120166764826
868120166764834
868120166764842
868120166764859
868120166764867
868120166764875
868120166764883
868120166764891
868120166764909
868120166764917
868120166764925
868120166764933
868120166764941
868120166764958
868120166764966
868120166764974
868120166764982
868120166764990
868120166765005
868120166765013
868120166765021
868120166765039
868120166765047
868120166765054
868120166765062
868120166765070
868120166765088
868120166765096
868120166765104
868120166765112
868120166765120
868120166765138
868120166765146
868120166765153
868120166765161
868120166765179
868120166765187
868120166765195
868120166765203
868120166765211
868120166765229
868120166765237
868120166765245
868120166765252
868120166765260
868120166765278
868120166765286
868120166765294
868120166765302
868120166765310
868120166765328
868120166765336
868120166765344
868120166765351
868120166765369
868120166765377
868120166765385
868120166765393
868120166765401
868120166765419
868120166765427
868120166765435
868120166765443
868120166765450
868120166765468
868120166765476
868120166765484
868120166765492
868120166765500
868120166765518
868120166765526
868120166765534
868120166765542
868120166765559
868120166765567
868120166765575
868120166765583
868120166765591
868120166765609
868120166765617
868120166765625
868120166765633
868120166765641
868120166765658
868120166765666
868120166765674
868120166765682
868120166765690
868120166765708
868120166765716
868120166765724
868120166765732
868120166765740
868120166765757
868120166765765
868120166765773
868120166765781
868120166765799
868120166765807
868120166765815
868120166765823
868120166765831
868120166765849
868120166765856
868120166765864
868120166765872
868120166765880
868120166765898
868120166765906
868120166765914
868120166765922
868120166765930
868120166765948
868120166765955
868120166765963
868120166765971
868120166765989
868120166765997
868120166766003
868120166766011
868120166766029
868120166766037
868120166766045
868120166766052
868120166766060
868120166766078
868120166766086
868120166766094
868120166766102
868120166766110
868120166766128
868120166766136
868120166766144
868120166766151
868120166766169
868120166766177
868120166766185
868120166766193
868120166766201
868120166766219
868120166766227
868120166766235
868120166766243
868120166766250
868120166766268
868120166766276
868120166766284
868120166766292
868120166766300
868120166766318
868120166766326
868120166766334
868120166766342
868120166766359
868120166766367
868120166766375
868120166766383
868120166766391
868120166766409
868120166766417
868120166766425
868120166766433
868120166766441
868120166766458
868120166766466
868120166766474
868120166766482
868120166766490
868120166766508
868120166766516
868120166766524
868120166766532
868120166766540
868120166766557
868120166766565
868120166766573
868120166766581
868120166766599
868120166766607
868120166766615
868120166766623
868120166766631
868120166766649
868120166766656
868120166766664
868120166766672
868120166766680
868120166766698
868120166766706
868120166766714
868120166766722
868120166766730
868120166766748
868120166766755
868120166766763
868120166766771
868120166766789
868120166766797
868120166766805
868120166766813
868120166766821
868120166766839
868120166766847
868120166766854
868120166766862
868120166766870
868120166766888
868120166766896
868120166766904
868120166766912
868120166766920
868120166766938
868120166766946
868120166766953
868120166766961
868120166766979
868120166766987
868120166766995
868120166767001
868120166767019
868120166767027
868120166767035
868120166767043
868120166767050
868120166767068
868120166767076
868120166767084
868120166767092
868120166767100
868120166767118
868120166767126
868120166767134
868120166767142
868120166767159
868120166767167
868120166767175
868120166767183
868120166767191
868120166767209
868120166767217
868120166767225
868120166767233
868120166767241
868120166767258
868120166767266
868120166767274
868120166767282
868120166767290
868120166767308
868120166767316
868120166767324
868120166767332
868120166767340
868120166767357
868120166767365
868120166767373
868120166767381
868120166767399
868120166767407
868120166767415
868120166767423
868120166767431
868120166767449
868120166767456
868120166767464
868120166767472
868120166767480
868120166767498
868120166767506
868120166767514
868120166767522
868120166767530
868120166767548
868120166767555
868120166767563
868120166767571
868120166767589
868120166767597
868120166767605
868120166767613
868120166767621
868120166767639
868120166767647
868120166767654
868120166767662
868120166767670
868120166767688
868120166767696
868120166767704
868120166767712
868120166767720
868120166767738
868120166767746
868120166767753
868120166767761
868120166767779
868120166767787
868120166767795
868120166767803
868120166767811
868120166767829
868120166767837
868120166767845
868120166767852
868120166767860
868120166767878
868120166767886
868120166767894
868120166767902
868120166767910
868120166767928
868120166767936
868120166767944
868120166767951
868120166767969
868120166767977
868120166767985
868120166767993
868120166768009
868120166768017
868120166768025
868120166768033
868120166768041
868120166768058
868120166768066
868120166768074
868120166768082
868120166768090
868120166768108
868120166768116
868120166768124
868120166768132
868120166768140
868120166768157
868120166768165
868120166768173
868120166768181
868120166768199
868120166768207
868120166768215
868120166768223
868120166768231
868120166768249
868120166768256
868120166768264
868120166768272
868120166768280
868120166768298
868120166768306
868120166768314
868120166768322
868120166768330
868120166768348
868120166768355
868120166768363
868120166768371
868120166768389
868120166768397
868120166768405
868120166768413
868120166768421
868120166768439
868120166768447
868120166768454
868120166768462
868120166768470
868120166768488
868120166768496
868120166768504
868120166768512
868120166768520
868120166768538
868120166768546
868120166768553
868120166768561
868120166768579
868120166768587
868120166768595
868120166768603
868120166768611
868120166768629
868120166768637
868120166768645
868120166768652
868120166768660
868120166768678
868120166768686
868120166768694
868120166768702
868120166768710
868120166768728
868120166768736
868120166768744
868120166768751
868120166768769
868120166768777
868120166768785
868120166768793
868120166768801
868120166768819
868120166768827
868120166768835
868120166768843
868120166768850
868120166768868
868120166768876
868120166768884
868120166768892
868120166768900
868120166768918
868120166768926
868120166768934
868120166768942
868120166768959
868120166768967
868120166768975
868120166768983
868120166768991
868120166769007
868120166769015
868120166769023
868120166769031
868120166769049
868120166769056
868120166769064
868120166769072
868120166769080
868120166769098
868120166769106
868120166769114
868120166769122
868120166769130
868120166769148
868120166769155
868120166769163
868120166769171
868120166769189
868120166769197
868120166769205
868120166769213
868120166769221
868120166769239
868120166769247
868120166769254
868120166769262
868120166769270
868120166769288
868120166769296
868120166769304
868120166769312
868120166769320
868120166769338
868120166769346
868120166769353
868120166769361
868120166769379
868120166769387
868120166769395
868120166769403
868120166769411
868120166769429
868120166769437
868120166769445
868120166769452
868120166769460
868120166769478
868120166769486
868120166769494
868120166769502
868120166769510
868120166769528
868120166769536
868120166769544
868120166769551
868120166769569
868120166769577
868120166769585
868120166769593
868120166769601
868120166769619
868120166769627
868120166769635
868120166769643
868120166769650
868120166769668
868120166769676
868120166769684
868120166769692
868120166769700
868120166769718
868120166769726
868120166769734
868120166769742
868120166769759
868120166769767
868120166769775
868120166769783
868120166769791
868120166769809
868120166769817
868120166769825
868120166769833
868120166769841
868120166769858
868120166769866
868120166769874
868120166769882
868120166769890
868120166769908
868120166769916
868120166769924
868120166769932
868120166769940
868120166769957
868120166769965
868120166769973
868120166769981
868120166769999
868120166770005
868120166770013
868120166770021
868120166770039
868120166770047
868120166770054
868120166770062
868120166770070
868120166770088
868120166770096
868120166770104
868120166770112
868120166770120
868120166770138
868120166770146
868120166770153
868120166770161
868120166770179
868120166770187
868120166770195
868120166770203
868120166770211
868120166770229
868120166770237
868120166770245
868120166770252
868120166770260
868120166770278
868120166770286
868120166770294
868120166770302
868120166770310
868120166770328
868120166770336
868120166770344
868120166770351
868120166770369
868120166770377
868120166770385
868120166770393
868120166770401
868120166770419
868120166770427
868120166770435
868120166770443
868120166770450
868120166770468
868120166770476
868120166770484
868120166770492
868120166770500
868120166770518
868120166770526
868120166770534
868120166770542
868120166770559
868120166770567
868120166770575
868120166770583
868120166770591
868120166770609
868120166770617
868120166770625
868120166770633
868120166770641
868120166770658
868120166770666
868120166770674
868120166770682
868120166770690
868120166770708
868120166770716
868120166770724
868120166770732
868120166770740
868120166770757
868120166770765
868120166770773
868120166770781
868120166770799
868120166770807
868120166770815
868120166770823
868120166770831
868120166770849
868120166770856
868120166770864
868120166770872
868120166770880
868120166770898
868120166770906
868120166770914
868120166770922
868120166770930
868120166770948
868120166770955
868120166770963
868120166770971
868120166770989
868120166770997
868120166771003
868120166771011
868120166771029
868120166771037
868120166771045
868120166771052
868120166771060
868120166771078
868120166771086
868120166771094
868120166771102
868120166771110
868120166771128
868120166771136
868120166771144
868120166771151
868120166771169
868120166771177
868120166771185
868120166771193
868120166771201
868120166771219
868120166771227
868120166771235
868120166771243
868120166771250
868120166771268
868120166771276
868120166771284
868120166771292
868120166771300
868120166771318
868120166771326
868120166771334
868120166771342
868120166771359
868120166771367
868120166771375
868120166771383
868120166771391
868120166771409
868120166771417
868120166771425
868120166771433
868120166771441
868120166771458
868120166771466
868120166771474
868120166771482
868120166771490
868120166771508
868120166771516
868120166771524
868120166771532
868120166771540
868120166771557
868120166771565
868120166771573
868120166771581
868120166771599
868120166771607
868120166771615
868120166771623
868120166771631
868120166771649
868120166771656
868120166771664
868120166771672
868120166771680
868120166771698
868120166771706
868120166771714
868120166771722
868120166771730
868120166771748
868120166771755
868120166771763
868120166771771
868120166771789
868120166771797
868120166771805
868120166771813
868120166771821
868120166771839
868120166771847
868120166771854
868120166771862
868120166771870
868120166771888
868120166771896
868120166771904
868120166771912
868120166771920
868120166771938
868120166771946
868120166771953
868120166771961
868120166771979
868120166771987
868120166771995
868120166772001
868120166772019
868120166772027
868120166772035
868120166772043
868120166772050
868120166772068
868120166772076
868120166772084
868120166772092
868120166772100
868120166772118
868120166772126
868120166772134
868120166772142
868120166772159
868120166772167
868120166772175
868120166772183
868120166772191
868120166772209
868120166772217
868120166772225
868120166772233
868120166772241
868120166772258
868120166772266
868120166772274
868120166772282
868120166772290
868120166772308
868120166772316
868120166772324
868120166772332
868120166772340
868120166772357
868120166772365
868120166772373
868120166772381
868120166772399
868120166772407
868120166772415
868120166772423
868120166772431
868120166772449
868120166772456
868120166772464
868120166772472
868120166772480
868120166772498
868120166772506
868120166772514
868120166772522
868120166772530
868120166772548
868120166772555
868120166772563
868120166772571
868120166772589
868120166772597
868120166772605
868120166772613
868120166772621
868120166772639
868120166772647
868120166772654
868120166772662
868120166772670
868120166772688
868120166772696
868120166772704
868120166772712
868120166772720
868120166772738
868120166772746
868120166772753
868120166772761
868120166772779
868120166772787
868120166772795
868120166772803
868120166772811
868120166772829
868120166772837
868120166772845
868120166772852
868120166772860
868120166772878
868120166772886
868120166772894
868120166772902
868120166772910
868120166772928
868120166772936
868120166772944
868120166772951
868120166772969
868120166772977
868120166772985
868120166772993
868120166773009
868120166773017
868120166773025
868120166773033
868120166773041
868120166773058
868120166773066
868120166773074
868120166773082
868120166773090
868120166773108
868120166773116
868120166773124
868120166773132
868120166773140
868120166773157
868120166773165
868120166773173
868120166773181
868120166773199
868120166773207
868120166773215
868120166773223
868120166773231
868120166773249
868120166773256
868120166773264
868120166773272
868120166773280
868120166773298
868120166773306
868120166773314
868120166773322
868120166773330
868120166773348
868120166773355
868120166773363
868120166773371
868120166773389
868120166773397
868120166773405
868120166773413
868120166773421
868120166773439
868120166773447
868120166773454
868120166773462
868120166773470
868120166773488
868120166773496
868120166773504
868120166773512
868120166773520
868120166773538
868120166773546
868120166773553
868120166773561
868120166773579
868120166773587
868120166773595
868120166773603
868120166773611
868120166773629
868120166773637
868120166773645
868120166773652
868120166773660
868120166773678
868120166773686
868120166773694
868120166773702
868120166773710
868120166773728
868120166773736
868120166773744
868120166773751
868120166773769
868120166773777
868120166773785
868120166773793
868120166773801
868120166773819
868120166773827
868120166773835
868120166773843
868120166773850
868120166773868
868120166773876
868120166773884
868120166773892
868120166773900
868120166773918
868120166773926
868120166773934
868120166773942
868120166773959
868120166773967
868120166773975
868120166773983
868120166773991
868120166774007
868120166774015
868120166774023
868120166774031
868120166774049
868120166774056
868120166774064
868120166774072
868120166774080
868120166774098
868120166774106
868120166774114
868120166774122
868120166774130
868120166774148
868120166774155
868120166774163
868120166774171
868120166774189
868120166774197
868120166774205
868120166774213
868120166774221
868120166774239
868120166774247
868120166774254
868120166774262
868120166774270
868120166774288
868120166774296
868120166774304
868120166774312
868120166774320
868120166774338
868120166774346
868120166774353
868120166774361
868120166774379
868120166774387
868120166774395
868120166774403
868120166774411
868120166774429
868120166774437
868120166774445
868120166774452
868120166774460
868120166774478
868120166774486
868120166774494
868120166774502
868120166774510
868120166774528
868120166774536
868120166774544
868120166774551
868120166774569
868120166774577
868120166774585
868120166774593
868120166774601
868120166774619
868120166774627
868120166774635
868120166774643
868120166774650
868120166774668
868120166774676
868120166774684
868120166774692
868120166774700
868120166774718
868120166774726
868120166774734
868120166774742
868120166774759
868120166774767
868120166774775
868120166774783
868120166774791
868120166774809
868120166774817
868120166774825
868120166774833
868120166774841
868120166774858
868120166774866
868120166774874
868120166774882
868120166774890
868120166774908
868120166774916
868120166774924
868120166774932
868120166774940
868120166774957
868120166774965
868120166774973
868120166774981
868120166774999
868120166775004
868120166775012
868120166775020
868120166775038
868120166775046
868120166775053
868120166775061
868120166775079
868120166775087
868120166775095
868120166775103
868120166775111
868120166775129
868120166775137
868120166775145
868120166775152
868120166775160
868120166775178
868120166775186
868120166775194
868120166775202
868120166775210
868120166775228
868120166775236
868120166775244
868120166775251
868120166775269
868120166775277
868120166775285
868120166775293
868120166775301
868120166775319
868120166775327
868120166775335
868120166775343
868120166775350
868120166775368
868120166775376
868120166775384
868120166775392
868120166775400
868120166775418
868120166775426
868120166775434
868120166775442
868120166775459
868120166775467
868120166775475
868120166775483
868120166775491
868120166775509
868120166775517
868120166775525
868120166775533
868120166775541
868120166775558
868120166775566
868120166775574
868120166775582
868120166775590
868120166775608
868120166775616
868120166775624
868120166775632
868120166775640
868120166775657
868120166775665
868120166775673
868120166775681
868120166775699
868120166775707
868120166775715
868120166775723
868120166775731
868120166775749
868120166775756
868120166775764
868120166775772
868120166775780
868120166775798
868120166775806
868120166775814
868120166775822
868120166775830
868120166775848
868120166775855
868120166775863
868120166775871
868120166775889
868120166775897
868120166775905
868120166775913
868120166775921
868120166775939
868120166775947
868120166775954
868120166775962
868120166775970
868120166775988
868120166775996
868120166776002
868120166776010
868120166776028
868120166776036
868120166776044
868120166776051
868120166776069
868120166776077
868120166776085
868120166776093
868120166776101
868120166776119
868120166776127
868120166776135
868120166776143
868120166776150
868120166776168
868120166776176
868120166776184
868120166776192
868120166776200
868120166776218
868120166776226
868120166776234
868120166776242
868120166776259
868120166776267
868120166776275
868120166776283
868120166776291
868120166776309
868120166776317
868120166776325
868120166776333
868120166776341
868120166776358
868120166776366
868120166776374
868120166776382
868120166776390
868120166776408
868120166776416
868120166776424
868120166776432
868120166776440
868120166776457
868120166776465
868120166776473
868120166776481
868120166776499
868120166776507
868120166776515
868120166776523
868120166776531
868120166776549
868120166776556
868120166776564
868120166776572
868120166776580
868120166776598
868120166776606
868120166776614
868120166776622
868120166776630
868120166776648
868120166776655
868120166776663
868120166776671
868120166776689
868120166776697
868120166776705
868120166776713
868120166776721
868120166776739
868120166776747
868120166776754
868120166776762
868120166776770
868120166776788
868120166776796
868120166776804
868120166776812
868120166776820
868120166776838
868120166776846
868120166776853
868120166776861
868120166776879
868120166776887
868120166776895
868120166776903
868120166776911
868120166776929
868120166776937
868120166776945
868120166776952
868120166776960
868120166776978
868120166776986
868120166776994
868120166777000
868120166777018
868120166777026
868120166777034
868120166777042
868120166777059
868120166777067
868120166777075
868120166777083
868120166777091
868120166777109
868120166777117
868120166777125
868120166777133
868120166777141
868120166777158
868120166777166
868120166777174
868120166777182
868120166777190
868120166777208
868120166777216
868120166777224
868120166777232
868120166777240
868120166777257
868120166777265
868120166777273
868120166777281
868120166777299
868120166777307
868120166777315
868120166777323
868120166777331
868120166777349
868120166777356
868120166777364
868120166777372
868120166777380
868120166777398
868120166777406
868120166777414
868120166777422
868120166777430
868120166777448
868120166777455
868120166777463
868120166777471
868120166777489
868120166777497
868120166777505
868120166777513
868120166777521
868120166777539
868120166777547
868120166777554
868120166777562
868120166777570
868120166777588
868120166777596
868120166777604
868120166777612
868120166777620
868120166777638
868120166777646
868120166777653
868120166777661
868120166777679
868120166777687
868120166777695
868120166777703
868120166777711
868120166777729
868120166777737
868120166777745
868120166777752
868120166777760
868120166777778
868120166777786
868120166777794
868120166777802
868120166777810
868120166777828
868120166777836
868120166777844
868120166777851
868120166777869
868120166777877
868120166777885
868120166777893
868120166777901
868120166777919
868120166777927
868120166777935
868120166777943
868120166777950
868120166777968
868120166777976
868120166777984
868120166777992
868120166778008
868120166778016
868120166778024
868120166778032
868120166778040
868120166778057
868120166778065
868120166778073
868120166778081
868120166778099
868120166778107
868120166778115
868120166778123
868120166778131
868120166778149
868120166778156
868120166778164
868120166778172
868120166778180
868120166778198
868120166778206
868120166778214
868120166778222
868120166778230
868120166778248
868120166778255
868120166778263
868120166778271
868120166778289
868120166778297
868120166778305
868120166778313
868120166778321
868120166778339
868120166778347
868120166778354
868120166778362
868120166778370
868120166778388
868120166778396
868120166778404
868120166778412
868120166778420
868120166778438
868120166778446
868120166778453
868120166778461
868120166778479
868120166778487
868120166778495
868120166778503
868120166778511
868120166778529
868120166778537
868120166778545
868120166778552
868120166778560
868120166778578
868120166778586
868120166778594
868120166778602
868120166778610
868120166778628
868120166778636
868120166778644
868120166778651
868120166778669
868120166778677
868120166778685
868120166778693
868120166778701
868120166778719
868120166778727
868120166778735
868120166778743
868120166778750
868120166778768
868120166778776
868120166778784
868120166778792
868120166778800
868120166778818
868120166778826
868120166778834
868120166778842
868120166778859
868120166778867
868120166778875
868120166778883
868120166778891
868120166778909
868120166778917
868120166778925
868120166778933
868120166778941
868120166778958
868120166778966
868120166778974
868120166778982
868120166778990
868120166779006
868120166779014
868120166779022
868120166779030
868120166779048
868120166779055
868120166779063
868120166779071
868120166779089
868120166779097
868120166779105
868120166779113
868120166779121
868120166779139
868120166779147
868120166779154
868120166779162
868120166779170
868120166779188
868120166779196
868120166779204
868120166779212
868120166779220
868120166779238
868120166779246
868120166779253
868120166779261
868120166779279
868120166779287
868120166779295
868120166779303
868120166779311
868120166779329
868120166779337