868120163603944
868120163603951
868120163603969
868120163603977
868120163603985
868120163603993
868120163604009
868120163604017
868120163604025
868120163604033
868120163604041
868120163604058
868120163604066
868120163604074
868120163604082
868120163604090
868120163604108
868120163604116
868120163604124
868120163604132
868120163604140
868120163604157
868120163604165
868120163604173
868120163604181
868120163604199
868120163604207
868120163604215
868120163604223
868120163604231
868120163604249
868120163604256
868120163604264
868120163604272
868120163604280
868120163604298
868120163604306
868120163604314
868120163604322
868120163604330
868120163604348
868120163604355
868120163604363
868120163604371
868120163604389
868120163604397
868120163604405
868120163604413
868120163604421
868120163604439
868120163604447
868120163604454
868120163604462
868120163604470
868120163604488
868120163604496
868120163604504
868120163604512
868120163604520
868120163604538
868120163604546
868120163604553
868120163604561
868120163604579
868120163604587
868120163604595
868120163604603
868120163604611
868120163604629
868120163604637
868120163604645
868120163604652
868120163604660
868120163604678
868120163604686
868120163604694
868120163604702
868120163604710
868120163604728
868120163604736
868120163604744
868120163604751
868120163604769
868120163604777
868120163604785
868120163604793
868120163604801
868120163604819
868120163604827
868120163604835
868120163604843
868120163604850
868120163604868
868120163604876
868120163604884
868120163604892
868120163604900
868120163604918
868120163604926
868120163604934
868120163604942
868120163604959
868120163604967
868120163604975
868120163604983
868120163604991
868120163605006
868120163605014
868120163605022
868120163605030
868120163605048
868120163605055
868120163605063
868120163605071
868120163605089
868120163605097
868120163605105
868120163605113
868120163605121
868120163605139
868120163605147
868120163605154
868120163605162
868120163605170
868120163605188
868120163605196
868120163605204
868120163605212
868120163605220
868120163605238
868120163605246
868120163605253
868120163605261
868120163605279
868120163605287
868120163605295
868120163605303
868120163605311
868120163605329
868120163605337
868120163605345
868120163605352
868120163605360
868120163605378
868120163605386
868120163605394
868120163605402
868120163605410
868120163605428
868120163605436
868120163605444
868120163605451
868120163605469
868120163605477
868120163605485
868120163605493
868120163605501
868120163605519
868120163605527
868120163605535
868120163605543
868120163605550
868120163605568
868120163605576
868120163605584
868120163605592
868120163605600
868120163605618
868120163605626
868120163605634
868120163605642
868120163605659
868120163605667
868120163605675
868120163605683
868120163605691
868120163605709
868120163605717
868120163605725
868120163605733
868120163605741
868120163605758
868120163605766
868120163605774
868120163605782
868120163605790
868120163605808
868120163605816
868120163605824
868120163605832
868120163605840
868120163605857
868120163605865
868120163605873
868120163605881
868120163605899
868120163605907
868120163605915
868120163605923
868120163605931
868120163605949
868120163605956
868120163605964
868120163605972
868120163605980
868120163605998
868120163606004
868120163606012
868120163606020
868120163606038
868120163606046
868120163606053
868120163606061
868120163606079
868120163606087
868120163606095
868120163606103
868120163606111
868120163606129
868120163606137
868120163606145
868120163606152
868120163606160
868120163606178
868120163606186
868120163606194
868120163606202
868120163606210
868120163606228
868120163606236
868120163606244
868120163606251
868120163606269
868120163606277
868120163606285
868120163606293
868120163606301
868120163606319
868120163606327
868120163606335
868120163606343
868120163606350
868120163606368
868120163606376
868120163606384
868120163606392
868120163606400
868120163606418
868120163606426
868120163606434
868120163606442
868120163606459
868120163606467
868120163606475
868120163606483
868120163606491
868120163606509
868120163606517
868120163606525
868120163606533
868120163606541
868120163606558
868120163606566
868120163606574
868120163606582
868120163606590
868120163606608
868120163606616
868120163606624
868120163606632
868120163606640
868120163606657
868120163606665
868120163606673
868120163606681
868120163606699
868120163606707
868120163606715
868120163606723
868120163606731
868120163606749
868120163606756
868120163606764
868120163606772
868120163606780
868120163606798
868120163606806
868120163606814
868120163606822
868120163606830
868120163606848
868120163606855
868120163606863
868120163606871
868120163606889
868120163606897
868120163606905
868120163606913
868120163606921
868120163606939
868120163606947
868120163606954
868120163606962
868120163606970
868120163606988
868120163606996
868120163607002
868120163607010
868120163607028
868120163607036
868120163607044
868120163607051
868120163607069
868120163607077
868120163607085
868120163607093
868120163607101
868120163607119
868120163607127
868120163607135
868120163607143
868120163607150
868120163607168
868120163607176
868120163607184
868120163607192
868120163607200
868120163607218
868120163607226
868120163607234
868120163607242
868120163607259
868120163607267
868120163607275
868120163607283
868120163607291
868120163607309
868120163607317
868120163607325
868120163607333
868120163607341
868120163607358
868120163607366
868120163607374
868120163607382
868120163607390
868120163607408
868120163607416
868120163607424
868120163607432
868120163607440
868120163607457
868120163607465
868120163607473
868120163607481
868120163607499
868120163607507
868120163607515
868120163607523
868120163607531
868120163607549
868120163607556
868120163607564
868120163607572
868120163607580
868120163607598
868120163607606
868120163607614
868120163607622
868120163607630
868120163607648
868120163607655
868120163607663
868120163607671
868120163607689
868120163607697
868120163607705
868120163607713
868120163607721
868120163607739
868120163607747
868120163607754
868120163607762
868120163607770
868120163607788
868120163607796
868120163607804
868120163607812
868120163607820
868120163607838
868120163607846
868120163607853
868120163607861
868120163607879
868120163607887
868120163607895
868120163607903
868120163607911
868120163607929
868120163607937
868120163607945
868120163607952
868120163607960
868120163607978
868120163607986
868120163607994
868120163608000
868120163608018
868120163608026
868120163608034
868120163608042
868120163608059
868120163608067
868120163608075
868120163608083
868120163608091
868120163608109
868120163608117
868120163608125
868120163608133
868120163608141
868120163608158
868120163608166
868120163608174
868120163608182
868120163608190
868120163608208
868120163608216
868120163608224
868120163608232
868120163608240
868120163608257
868120163608265
868120163608273
868120163608281
868120163608299
868120163608307
868120163608315
868120163608323
868120163608331
868120163608349
868120163608356
868120163608364
868120163608372
868120163608380
868120163608398
868120163608406
868120163608414
868120163608422
868120163608430
868120163608448
868120163608455
868120163608463
868120163608471
868120163608489
868120163608497
868120163608505
868120163608513
868120163608521
868120163608539
868120163608547
868120163608554
868120163608562
868120163608570
868120163608588
868120163608596
868120163608604
868120163608612
868120163608620
868120163608638
868120163608646
868120163608653
868120163608661
868120163608679
868120163608687
868120163608695
868120163608703
868120163608711
868120163608729
868120163608737
868120163608745
868120163608752
868120163608760
868120163608778
868120163608786
868120163608794
868120163608802
868120163608810
868120163608828
868120163608836
868120163608844
868120163608851
868120163608869
868120163608877
868120163608885
868120163608893
868120163608901
868120163608919
868120163608927
868120163608935
868120163608943
868120163608950
868120163608968
868120163608976
868120163608984
868120163608992
868120163609008
868120163609016
868120163609024
868120163609032
868120163609040
868120163609057
868120163609065
868120163609073
868120163609081
868120163609099
868120163609107
868120163609115
868120163609123
868120163609131
868120163609149
868120163609156
868120163609164
868120163609172
868120163609180
868120163609198
868120163609206
868120163609214
868120163609222
868120163609230
868120163609248
868120163609255
868120163609263
868120163609271
868120163609289
868120163609297
868120163609305
868120163609313
868120163609321
868120163609339
868120163609347
868120163609354
868120163609362
868120163609370
868120163609388
868120163609396
868120163609404
868120163609412
868120163609420
868120163609438
868120163609446
868120163609453
868120163609461
868120163609479
868120163609487
868120163609495
868120163609503
868120163609511
868120163609529
868120163609537
868120163609545
868120163609552
868120163609560
868120163609578
868120163609586
868120163609594
868120163609602
868120163609610
868120163609628
868120163609636
868120163609644
868120163609651
868120163609669
868120163609677
868120163609685
868120163609693
868120163609701
868120163609719
868120163609727
868120163609735
868120163609743
868120163609750
868120163609768
868120163609776
868120163609784
868120163609792
868120163609800
868120163609818
868120163609826
868120163609834
868120163609842
868120163609859
868120163609867
868120163609875
868120163609883
868120163609891
868120163609909
868120163609917
868120163609925
868120163609933
868120163609941
868120163609958
868120163609966
868120163609974
868120163609982
868120163609990
868120163610006
868120163610014
868120163610022
868120163610030
868120163610048
868120163610055
868120163610063
868120163610071
868120163610089
868120163610097
868120163610105
868120163610113
868120163610121
868120163610139
868120163610147
868120163610154
868120163610162
868120163610170
868120163610188
868120163610196
868120163610204
868120163610212
868120163610220
868120163610238
868120163610246
868120163610253
868120163610261
868120163610279
868120163610287
868120163610295
868120163610303
868120163610311
868120163610329
868120163610337
868120163610345
868120163610352
868120163610360
868120163610378
868120163610386
868120163610394
868120163610402
868120163610410
868120163610428
868120163610436
868120163610444
868120163610451
868120163610469
868120163610477
868120163610485
868120163610493
868120163610501
868120163610519
868120163610527
868120163610535
868120163610543
868120163610550
868120163610568
868120163610576
868120163610584
868120163610592
868120163610600
868120163610618
868120163610626
868120163610634
868120163610642
868120163610659
868120163610667
868120163610675
868120163610683
868120163610691
868120163610709
868120163610717
868120163610725
868120163610733
868120163610741
868120163610758
868120163610766
868120163610774
868120163610782
868120163610790
868120163610808
868120163610816
868120163610824
868120163610832
868120163610840
868120163610857
868120163610865
868120163610873
868120163610881
868120163610899
868120163610907
868120163610915
868120163610923
868120163610931
868120163610949
868120163610956
868120163610964
868120163610972
868120163610980
868120163610998
868120163611004
868120163611012
868120163611020
868120163611038
868120163611046
868120163611053
868120163611061
868120163611079
868120163611087
868120163611095
868120163611103
868120163611111
868120163611129
868120163611137
868120163611145
868120163611152
868120163611160
868120163611178
868120163611186
868120163611194
868120163611202
868120163611210
868120163611228
868120163611236
868120163611244
868120163611251
868120163611269
868120163611277
868120163611285
868120163611293
868120163611301
868120163611319
868120163611327
868120163611335
868120163611343
868120163611350
868120163611368
868120163611376
868120163611384
868120163611392
868120163611400
868120163611418
868120163611426
868120163611434
868120163611442
868120163611459
868120163611467
868120163611475
868120163611483
868120163611491
868120163611509
868120163611517
868120163611525
868120163611533
868120163611541
868120163611558
868120163611566
868120163611574
868120163611582
868120163611590
868120163611608
868120163611616
868120163611624
868120163611632
868120163611640
868120163611657
868120163611665
868120163611673
868120163611681
868120163611699
868120163611707
868120163611715
868120163611723
868120163611731
868120163611749
868120163611756
868120163611764
868120163611772
868120163611780
868120163611798
868120163611806
868120163611814
868120163611822
868120163611830
868120163611848
868120163611855
868120163611863
868120163611871
868120163611889
868120163611897
868120163611905
868120163611913
868120163611921
868120163611939
868120163611947
868120163611954
868120163611962
868120163611970
868120163611988
868120163611996
868120163612002
868120163612010
868120163612028
868120163612036
868120163612044
868120163612051
868120163612069
868120163612077
868120163612085
868120163612093
868120163612101
868120163612119
868120163612127
868120163612135
868120163612143
868120163612150
868120163612168
868120163612176
868120163612184
868120163612192
868120163612200
868120163612218
868120163612226
868120163612234
868120163612242
868120163612259
868120163612267
868120163612275
868120163612283
868120163612291
868120163612309
868120163612317
868120163612325
868120163612333
868120163612341
868120163612358
868120163612366
868120163612374
868120163612382
868120163612390
868120163612408
868120163612416
868120163612424
868120163612432
868120163612440
868120163612457
868120163612465
868120163612473
868120163612481
868120163612499
868120163612507
868120163612515
868120163612523
868120163612531
868120163612549
868120163612556
868120163612564
868120163612572
868120163612580
868120163612598
868120163612606
868120163612614
868120163612622
868120163612630
868120163612648
868120163612655
868120163612663
868120163612671
868120163612689
868120163612697
868120163612705
868120163612713
868120163612721
868120163612739
868120163612747
868120163612754
868120163612762
868120163612770
868120163612788
868120163612796
868120163612804
868120163612812
868120163612820
868120163612838
868120163612846
868120163612853
868120163612861
868120163612879
868120163612887
868120163612895
868120163612903
868120163612911
868120163612929
868120163612937
868120163612945
868120163612952
868120163612960
868120163612978
868120163612986
868120163612994
868120163613000
868120163613018
868120163613026
868120163613034
868120163613042
868120163613059
868120163613067
868120163613075
868120163613083
868120163613091
868120163613109
868120163613117
868120163613125
868120163613133
868120163613141
868120163613158
868120163613166
868120163613174
868120163613182
868120163613190
868120163613208
868120163613216
868120163613224
868120163613232
868120163613240
868120163613257
868120163613265
868120163613273
868120163613281
868120163613299
868120163613307
868120163613315
868120163613323
868120163613331
868120163613349
868120163613356
868120163613364
868120163613372
868120163613380
868120163613398
868120163613406
868120163613414
868120163613422
868120163613430
868120163613448
868120163613455
868120163613463
868120163613471
868120163613489
868120163613497
868120163613505
868120163613513
868120163613521
868120163613539
868120163613547
868120163613554
868120163613562
868120163613570
868120163613588
868120163613596
868120163613604
868120163613612
868120163613620
868120163613638
868120163613646
868120163613653
868120163613661
868120163613679
868120163613687
868120163613695
868120163613703
868120163613711
868120163613729
868120163613737
868120163613745
868120163613752
868120163613760
868120163613778
868120163613786
868120163613794
868120163613802
868120163613810
868120163613828
868120163613836
868120163613844
868120163613851
868120163613869
868120163613877
868120163613885
868120163613893
868120163613901
868120163613919
868120163613927
868120163613935
868120163613943
868120163613950
868120163613968
868120163613976
868120163613984
868120163613992
868120163614008
868120163614016
868120163614024
868120163614032
868120163614040
868120163614057
868120163614065
868120163614073
868120163614081
868120163614099
868120163614107
868120163614115
868120163614123
868120163614131
868120163614149
868120163614156
868120163614164
868120163614172
868120163614180
868120163614198
868120163614206
868120163614214
868120163614222
868120163614230
868120163614248
868120163614255
868120163614263
868120163614271
868120163614289
868120163614297
868120163614305
868120163614313
868120163614321
868120163614339
868120163614347
868120163614354
868120163614362
868120163614370
868120163614388
868120163614396
868120163614404
868120163614412
868120163614420
868120163614438
868120163614446
868120163614453
868120163614461
868120163614479
868120163614487
868120163614495
868120163614503
868120163614511
868120163614529
868120163614537
868120163614545
868120163614552
868120163614560
868120163614578
868120163614586
868120163614594
868120163614602
868120163614610
868120163614628
868120163614636
868120163614644
868120163614651
868120163614669
868120163614677
868120163614685
868120163614693
868120163614701
868120163614719
868120163614727
868120163614735
868120163614743
868120163614750
868120163614768
868120163614776
868120163614784
868120163614792
868120163614800
868120163614818
868120163614826
868120163614834
868120163614842
868120163614859
868120163614867
868120163614875
868120163614883
868120163614891
868120163614909
868120163614917
868120163614925
868120163614933
868120163614941
868120163614958
868120163614966
868120163614974
868120163614982
868120163614990
868120163615005
868120163615013
868120163615021
868120163615039
868120163615047
868120163615054
868120163615062
868120163615070
868120163615088
868120163615096
868120163615104
868120163615112
868120163615120
868120163615138
868120163615146
868120163615153
868120163615161
868120163615179
868120163615187
868120163615195
868120163615203
868120163615211
868120163615229
868120163615237
868120163615245
868120163615252
868120163615260
868120163615278
868120163615286
868120163615294
868120163615302
868120163615310
868120163615328
868120163615336
868120163615344
868120163615351
868120163615369
868120163615377
868120163615385
868120163615393
868120163615401
868120163615419
868120163615427
868120163615435
868120163615443
868120163615450
868120163615468
868120163615476
868120163615484
868120163615492
868120163615500
868120163615518
868120163615526
868120163615534
868120163615542
868120163615559
868120163615567
868120163615575
868120163615583
868120163615591
868120163615609
868120163615617
868120163615625
868120163615633
868120163615641
868120163615658
868120163615666
868120163615674
868120163615682
868120163615690
868120163615708
868120163615716
868120163615724
868120163615732
868120163615740
868120163615757
868120163615765
868120163615773
868120163615781
868120163615799
868120163615807
868120163615815
868120163615823
868120163615831
868120163615849
868120163615856
868120163615864
868120163615872
868120163615880
868120163615898
868120163615906
868120163615914
868120163615922
868120163615930
868120163615948
868120163615955
868120163615963
868120163615971
868120163615989
868120163615997
868120163616003
868120163616011
868120163616029
868120163616037
868120163616045
868120163616052
868120163616060
868120163616078
868120163616086
868120163616094
868120163616102
868120163616110
868120163616128
868120163616136
868120163616144
868120163616151
868120163616169
868120163616177
868120163616185
868120163616193
868120163616201
868120163616219
868120163616227
868120163616235
868120163616243
868120163616250
868120163616268
868120163616276
868120163616284
868120163616292
868120163616300
868120163616318
868120163616326
868120163616334
868120163616342
868120163616359
868120163616367
868120163616375
868120163616383
868120163616391
868120163616409
868120163616417
868120163616425
868120163616433
868120163616441
868120163616458
868120163616466
868120163616474
868120163616482
868120163616490
868120163616508
868120163616516
868120163616524
868120163616532
868120163616540
868120163616557
868120163616565
868120163616573
868120163616581
868120163616599
868120163616607
868120163616615
868120163616623
868120163616631
868120163616649
868120163616656
868120163616664
868120163616672
868120163616680
868120163616698
868120163616706
868120163616714
868120163616722
868120163616730
868120163616748
868120163616755
868120163616763
868120163616771
868120163616789
868120163616797
868120163616805
868120163616813
868120163616821
868120163616839
868120163616847
868120163616854
868120163616862
868120163616870
868120163616888
868120163616896
868120163616904
868120163616912
868120163616920
868120163616938
868120163616946
868120163616953
868120163616961
868120163616979
868120163616987
868120163616995
868120163617001
868120163617019
868120163617027
868120163617035
868120163617043
868120163617050
868120163617068
868120163617076
868120163617084
868120163617092
868120163617100
868120163617118
868120163617126
868120163617134
868120163617142
868120163617159
868120163617167
868120163617175
868120163617183
868120163617191
868120163617209
868120163617217
868120163617225
868120163617233
868120163617241
868120163617258
868120163617266
868120163617274
868120163617282
868120163617290
868120163617308
868120163617316
868120163617324
868120163617332
868120163617340
868120163617357
868120163617365
868120163617373
868120163617381
868120163617399
868120163617407
868120163617415
868120163617423
868120163617431
868120163617449
868120163617456
868120163617464
868120163617472
868120163617480
868120163617498
868120163617506
868120163617514
868120163617522
868120163617530
868120163617548
868120163617555
868120163617563
868120163617571
868120163617589
868120163617597
868120163617605
868120163617613
868120163617621
868120163617639
868120163617647
868120163617654
868120163617662
868120163617670
868120163617688
868120163617696
868120163617704
868120163617712
868120163617720
868120163617738
868120163617746
868120163617753
868120163617761
868120163617779
868120163617787
868120163617795
868120163617803
868120163617811
868120163617829
868120163617837
868120163617845
868120163617852
868120163617860
868120163617878
868120163617886
868120163617894
868120163617902
868120163617910
868120163617928
868120163617936
