868120169871479
868120169871487
868120169871495
868120169871503
868120169871511
868120169871529
868120169871537
868120169871545
868120169871552
868120169871560
868120169871578
868120169871586
868120169871594
868120169871602
868120169871610
868120169871628
868120169871636
868120169871644
868120169871651
868120169871669
868120169871677
868120169871685
868120169871693
868120169871701
868120169871719
868120169871727
868120169871735
868120169871743
868120169871750
868120169871768
868120169871776
868120169871784
868120169871792
868120169871800
868120169871818
868120169871826
868120169871834
868120169871842
868120169871859
868120169871867
868120169871875
868120169871883
868120169871891
868120169871909
868120169871917
868120169871925
868120169871933
868120169871941
868120169871958
868120169871966
868120169871974
868120169871982
868120169871990
868120169872006
868120169872014
868120169872022
868120169872030
868120169872048
868120169872055
868120169872063
868120169872071
868120169872089
868120169872097
868120169872105
868120169872113
868120169872121
868120169872139
868120169872147
868120169872154
868120169872162
868120169872170
868120169872188
868120169872196
868120169872204
868120169872212
868120169872220
868120169872238
868120169872246
868120169872253
868120169872261
868120169872279
868120169872287
868120169872295
868120169872303
868120169872311
868120169872329
868120169872337
868120169872345
868120169872352
868120169872360
868120169872378
868120169872386
868120169872394
868120169872402
868120169872410
868120169872428
868120169872436
868120169872444
868120169872451
868120169872469
868120169872477
868120169872485
868120169872493
868120169872501
868120169872519
868120169872527
868120169872535
868120169872543
868120169872550
868120169872568
868120169872576
868120169872584
868120169872592
868120169872600
868120169872618
868120169872626
868120169872634
868120169872642
868120169872659
868120169872667
868120169872675
868120169872683
868120169872691
868120169872709
868120169872717
868120169872725
868120169872733
868120169872741
868120169872758
868120169872766
868120169872774
868120169872782
868120169872790
868120169872808
868120169872816
868120169872824
868120169872832
868120169872840
868120169872857
868120169872865
868120169872873
868120169872881
868120169872899
868120169872907
868120169872915
868120169872923
868120169872931
868120169872949
868120169872956
868120169872964
868120169872972
868120169872980
868120169872998
868120169873004
868120169873012
868120169873020
868120169873038
868120169873046
868120169873053
868120169873061
868120169873079
868120169873087
868120169873095
868120169873103
868120169873111
868120169873129
868120169873137
868120169873145
868120169873152
868120169873160
868120169873178
868120169873186
868120169873194
868120169873202
868120169873210
868120169873228
868120169873236
868120169873244
868120169873251
868120169873269
868120169873277
868120169873285
868120169873293
868120169873301
868120169873319
868120169873327
868120169873335
868120169873343
868120169873350
868120169873368
868120169873376
868120169873384
868120169873392
868120169873400
868120169873418
868120169873426
868120169873434
868120169873442
868120169873459
868120169873467
868120169873475
868120169873483
868120169873491
868120169873509
868120169873517
868120169873525
868120169873533
868120169873541
868120169873558
868120169873566
868120169873574
868120169873582
868120169873590
868120169873608
868120169873616
868120169873624
868120169873632
868120169873640
868120169873657
868120169873665
868120169873673
868120169873681
868120169873699
868120169873707
868120169873715
868120169873723
868120169873731
868120169873749
868120169873756
868120169873764
868120169873772
868120169873780
868120169873798
868120169873806
868120169873814
868120169873822
868120169873830
868120169873848
868120169873855
868120169873863
868120169873871
868120169873889
868120169873897
868120169873905
868120169873913
868120169873921
868120169873939
868120169873947
868120169873954
868120169873962
868120169873970
868120169873988
868120169873996
868120169874002
868120169874010
868120169874028
868120169874036
868120169874044
868120169874051
868120169874069
868120169874077
868120169874085
868120169874093
868120169874101
868120169874119
868120169874127
868120169874135
868120169874143
868120169874150
868120169874168
868120169874176
868120169874184
868120169874192
868120169874200
868120169874218
868120169874226
868120169874234
868120169874242
868120169874259
868120169874267
868120169874275
868120169874283
868120169874291
868120169874309
868120169874317
868120169874325
868120169874333
868120169874341
868120169874358
868120169874366
868120169874374
868120169874382
868120169874390
868120169874408
868120169874416
868120169874424
868120169874432
868120169874440
868120169874457
868120169874465
868120169874473
868120169874481
868120169874499
868120169874507
868120169874515
868120169874523
868120169874531
868120169874549
868120169874556
868120169874564
868120169874572
868120169874580
868120169874598
868120169874606
868120169874614
868120169874622
868120169874630
868120169874648
868120169874655
868120169874663
868120169874671
868120169874689
868120169874697
868120169874705
868120169874713
868120169874721
868120169874739
868120169874747
868120169874754
868120169874762
868120169874770
868120169874788
868120169874796
868120169874804
868120169874812
868120169874820
868120169874838
868120169874846
868120169874853
868120169874861
868120169874879
868120169874887
868120169874895
868120169874903
868120169874911
868120169874929
868120169874937
868120169874945
868120169874952
868120169874960
868120169874978
868120169874986
868120169874994
868120169875009
868120169875017
868120169875025
868120169875033
868120169875041
868120169875058
868120169875066
868120169875074
868120169875082
868120169875090
868120169875108
868120169875116
868120169875124
868120169875132
868120169875140
868120169875157
868120169875165
868120169875173
868120169875181
868120169875199
868120169875207
868120169875215
868120169875223
868120169875231
868120169875249
868120169875256
868120169875264
868120169875272
868120169875280
868120169875298
868120169875306
868120169875314
868120169875322
868120169875330
868120169875348
868120169875355
868120169875363
868120169875371
868120169875389
868120169875397
868120169875405
868120169875413
868120169875421
868120169875439
868120169875447
868120169875454
868120169875462
868120169875470
868120169875488
868120169875496
868120169875504
868120169875512
868120169875520
868120169875538
868120169875546
868120169875553
868120169875561
868120169875579
868120169875587
868120169875595
868120169875603
868120169875611
868120169875629
868120169875637
868120169875645
868120169875652
868120169875660
868120169875678
868120169875686
868120169875694
868120169875702
868120169875710
868120169875728
868120169875736
868120169875744
868120169875751
868120169875769
868120169875777
868120169875785
868120169875793
868120169875801
868120169875819
868120169875827
868120169875835
868120169875843
868120169875850
868120169875868
868120169875876
868120169875884
868120169875892
868120169875900
868120169875918
868120169875926
868120169875934
868120169875942
868120169875959
868120169875967
868120169875975
868120169875983
868120169875991
868120169876007
868120169876015
868120169876023
868120169876031
868120169876049
868120169876056
868120169876064
868120169876072
868120169876080
868120169876098
868120169876106
868120169876114
868120169876122
868120169876130
868120169876148
868120169876155
868120169876163
868120169876171
868120169876189
868120169876197
868120169876205
868120169876213
868120169876221
868120169876239
868120169876247
868120169876254
868120169876262
868120169876270
868120169876288
868120169876296
868120169876304
868120169876312
868120169876320
868120169876338
868120169876346
868120169876353
868120169876361
868120169876379
868120169876387
868120169876395
868120169876403
868120169876411
868120169876429
868120169876437
868120169876445
868120169876452
868120169876460
868120169876478
868120169876486
868120169876494
868120169876502
868120169876510
868120169876528
868120169876536
868120169876544
868120169876551
868120169876569
868120169876577
868120169876585
868120169876593
868120169876601
868120169876619
868120169876627
868120169876635
868120169876643
868120169876650
868120169876668
868120169876676
868120169876684
868120169876692
868120169876700
868120169876718
868120169876726
868120169876734
868120169876742
868120169876759
868120169876767
868120169876775
868120169876783
868120169876791
868120169876809
868120169876817
868120169876825
868120169876833
868120169876841
868120169876858
868120169876866
868120169876874
868120169876882
868120169876890
868120169876908
868120169876916
868120169876924
868120169876932
868120169876940
868120169876957
868120169876965
868120169876973
868120169876981
868120169876999
868120169877005
868120169877013
868120169877021
868120169877039
868120169877047
868120169877054
868120169877062
868120169877070
868120169877088
868120169877096
868120169877104
868120169877112
868120169877120
868120169877138
868120169877146
868120169877153
868120169877161
868120169877179
868120169877187
868120169877195
868120169877203
868120169877211
868120169877229
868120169877237
868120169877245
868120169877252
868120169877260
868120169877278
868120169877286
868120169877294
868120169877302
868120169877310
868120169877328
868120169877336
868120169877344
868120169877351
868120169877369
868120169877377
868120169877385
868120169877393
868120169877401
868120169877419
868120169877427
868120169877435
868120169877443
868120169877450
868120169877468
868120169877476
868120169877484
868120169877492
868120169877500
868120169877518
868120169877526
868120169877534
868120169877542
868120169877559
868120169877567
868120169877575
868120169877583
868120169877591
868120169877609
868120169877617
868120169877625
868120169877633
868120169877641
868120169877658
868120169877666
868120169877674
868120169877682
868120169877690
868120169877708
868120169877716
868120169877724
868120169877732
868120169877740
868120169877757
868120169877765
868120169877773
868120169877781
868120169877799
868120169877807
868120169877815
868120169877823
868120169877831
868120169877849
868120169877856
868120169877864
868120169877872
868120169877880
868120169877898
868120169877906
868120169877914
868120169877922
868120169877930
868120169877948
868120169877955
868120169877963
868120169877971
868120169877989
868120169877997
868120169878003
868120169878011
868120169878029
868120169878037
868120169878045
868120169878052
868120169878060
868120169878078
868120169878086
868120169878094
868120169878102
868120169878110
868120169878128
868120169878136
868120169878144
868120169878151
868120169878169
868120169878177
868120169878185
868120169878193
868120169878201
868120169878219
868120169878227
868120169878235
868120169878243
868120169878250
868120169878268
868120169878276
868120169878284
868120169878292
868120169878300
868120169878318
868120169878326
868120169878334
868120169878342
868120169878359
868120169878367
868120169878375
868120169878383
868120169878391
868120169878409
868120169878417
868120169878425
868120169878433
868120169878441
868120169878458
868120169878466
868120169878474
868120169878482
868120169878490
868120169878508
868120169878516
868120169878524
868120169878532
868120169878540
868120169878557
868120169878565
868120169878573
868120169878581
868120169878599
868120169878607
868120169878615
868120169878623
868120169878631
868120169878649
868120169878656
868120169878664
868120169878672
868120169878680
868120169878698
868120169878706
868120169878714
868120169878722
868120169878730
868120169878748
868120169878755
868120169878763
868120169878771
868120169878789
868120169878797
868120169878805
868120169878813
868120169878821
868120169878839
868120169878847
868120169878854
868120169878862
868120169878870
868120169878888
868120169878896
868120169878904
868120169878912
868120169878920
868120169878938
868120169878946
868120169878953
868120169878961
868120169878979
868120169878987
868120169878995
868120169879001
868120169879019
868120169879027
868120169879035
868120169879043
868120169879050
868120169879068
868120169879076
868120169879084
868120169879092
868120169879100
868120169879118
868120169879126
868120169879134
868120169879142
868120169879159
868120169879167
868120169879175
868120169879183
868120169879191
868120169879209
868120169879217
868120169879225
868120169879233
868120169879241
868120169879258
868120169879266
868120169879274
868120169879282
868120169879290
868120169879308
868120169879316
868120169879324
868120169879332
868120169879340
868120169879357
868120169879365
868120169879373
868120169879381
868120169879399
868120169879407
868120169879415
868120169879423
868120169879431
868120169879449
868120169879456
868120169879464
868120169879472
868120169879480
868120169879498
868120169879506
868120169879514
868120169879522
868120169879530
868120169879548
868120169879555
868120169879563
868120169879571
868120169879589
868120169879597
868120169879605
868120169879613
868120169879621
868120169879639
868120169879647
868120169879654
868120169879662
868120169879670
868120169879688
868120169879696
868120169879704
868120169879712
868120169879720
868120169879738
868120169879746
868120169879753
868120169879761
868120169879779
868120169879787
868120169879795
868120169879803
868120169879811
868120169879829
868120169879837
868120169879845
868120169879852
868120169879860
868120169879878
868120169879886
868120169879894
868120169879902
868120169879910
868120169879928
868120169879936
868120169879944
868120169879951
868120169879969
868120169879977
868120169879985
868120169879993
868120169880009
868120169880017
868120169880025
868120169880033
868120169880041
868120169880058
868120169880066
868120169880074
868120169880082
868120169880090
868120169880108
868120169880116
868120169880124
868120169880132
868120169880140
868120169880157
868120169880165
868120169880173
868120169880181
868120169880199
868120169880207
868120169880215
868120169880223
868120169880231
868120169880249
868120169880256
868120169880264
868120169880272
868120169880280
868120169880298
868120169880306
868120169880314
868120169880322
868120169880330
868120169880348
868120169880355
868120169880363
868120169880371
868120169880389
868120169880397
868120169880405
868120169880413
868120169880421
868120169880439
868120169880447
868120169880454
868120169880462
868120169880470
868120169880488
868120169880496
868120169880504
868120169880512
868120169880520
868120169880538
868120169880546
868120169880553
868120169880561
868120169880579
868120169880587
868120169880595
868120169880603
868120169880611
868120169880629
868120169880637
868120169880645
868120169880652
868120169880660
868120169880678
868120169880686
868120169880694
868120169880702
868120169880710
868120169880728
868120169880736
868120169880744
868120169880751
868120169880769
868120169880777
868120169880785
868120169880793
868120169880801
868120169880819
868120169880827
868120169880835
868120169880843
868120169880850
868120169880868
868120169880876
868120169880884
868120169880892
868120169880900
868120169880918
868120169880926
868120169880934
868120169880942
868120169880959
868120169880967
868120169880975
868120169880983
868120169880991
868120169881007
868120169881015
868120169881023
868120169881031
868120169881049
868120169881056
868120169881064
868120169881072
868120169881080
868120169881098
868120169881106
868120169881114
868120169881122
868120169881130
868120169881148
868120169881155
868120169881163
868120169881171
868120169881189
868120169881197
868120169881205
868120169881213
868120169881221
868120169881239
868120169881247
868120169881254
868120169881262
868120169881270
868120169881288
868120169881296
868120169881304
868120169881312
868120169881320
868120169881338
868120169881346
868120169881353
868120169881361
868120169881379
868120169881387
868120169881395
868120169881403
868120169881411
868120169881429
868120169881437
868120169881445
868120169881452
868120169881460
868120169881478
868120169881486
868120169881494
868120169881502
868120169881510
868120169881528
868120169881536
868120169881544
868120169881551
868120169881569
868120169881577
868120169881585
868120169881593
868120169881601
868120169881619
868120169881627
868120169881635
868120169881643
868120169881650
868120169881668
868120169881676
868120169881684
868120169881692
868120169881700
868120169881718
868120169881726
868120169881734
868120169881742
868120169881759
868120169881767
868120169881775
868120169881783
868120169881791
868120169881809
868120169881817
868120169881825
868120169881833
868120169881841
868120169881858
868120169881866
868120169881874
868120169881882
868120169881890
868120169881908
868120169881916
868120169881924
868120169881932
868120169881940
868120169881957
868120169881965
868120169881973
868120169881981
868120169881999
868120169882005
868120169882013
868120169882021
868120169882039
868120169882047
868120169882054
868120169882062
868120169882070
868120169882088
868120169882096
868120169882104
868120169882112
868120169882120
868120169882138
868120169882146
868120169882153
868120169882161
868120169882179
868120169882187
868120169882195
868120169882203
868120169882211
868120169882229
868120169882237
868120169882245
868120169882252
868120169882260
868120169882278
868120169882286
868120169882294
868120169882302
868120169882310
868120169882328
868120169882336
868120169882344
868120169882351
868120169882369
868120169882377
868120169882385
868120169882393
868120169882401
868120169882419
868120169882427
868120169882435
868120169882443
868120169882450
868120169882468
868120169882476
868120169882484
868120169882492
868120169882500
868120169882518
868120169882526
868120169882534
868120169882542
868120169882559
868120169882567
868120169882575
868120169882583
868120169882591
868120169882609
868120169882617
868120169882625
868120169882633
868120169882641
868120169882658
868120169882666
868120169882674
868120169882682
868120169882690
868120169882708
868120169882716
868120169882724
868120169882732
868120169882740
868120169882757
868120169882765
868120169882773
868120169882781
868120169882799
868120169882807
868120169882815
868120169882823
868120169882831
868120169882849
868120169882856
868120169882864
868120169882872
868120169882880
868120169882898
868120169882906
868120169882914
868120169882922
868120169882930
868120169882948
868120169882955
868120169882963
868120169882971
868120169882989
868120169882997
868120169883003
868120169883011
868120169883029
868120169883037
868120169883045
868120169883052
868120169883060
868120169883078
868120169883086
868120169883094
868120169883102
868120169883110
868120169883128
868120169883136
868120169883144
868120169883151
868120169883169
868120169883177
868120169883185
868120169883193
868120169883201
868120169883219
868120169883227
868120169883235
868120169883243
868120169883250
868120169883268
868120169883276
868120169883284
868120169883292
868120169883300
868120169883318
868120169883326
868120169883334
868120169883342
868120169883359
868120169883367
868120169883375
868120169883383
868120169883391
868120169883409
868120169883417
868120169883425
868120169883433
868120169883441
868120169883458
868120169883466
868120169883474
868120169883482
868120169883490
868120169883508
868120169883516
868120169883524
868120169883532
868120169883540
868120169883557
868120169883565
868120169883573
868120169883581
868120169883599
868120169883607
868120169883615
868120169883623
868120169883631
868120169883649
868120169883656
868120169883664
868120169883672
868120169883680
868120169883698
868120169883706
868120169883714
868120169883722
868120169883730
868120169883748
868120169883755
868120169883763
868120169883771
868120169883789
868120169883797
868120169883805
868120169883813
868120169883821
868120169883839
868120169883847
868120169883854
868120169883862
868120169883870
868120169883888
868120169883896
868120169883904
868120169883912
868120169883920
868120169883938
868120169883946
868120169883953
868120169883961
868120169883979
868120169883987
868120169883995
868120169884001
868120169884019
868120169884027
868120169884035
868120169884043
868120169884050
868120169884068
868120169884076
868120169884084
868120169884092
868120169884100
868120169884118
868120169884126
868120169884134
868120169884142
868120169884159
868120169884167
868120169884175
868120169884183
868120169884191
868120169884209
868120169884217
868120169884225
868120169884233
868120169884241
868120169884258
868120169884266
868120169884274
868120169884282
868120169884290
868120169884308
868120169884316
868120169884324
868120169884332
868120169884340
868120169884357
868120169884365
868120169884373
868120169884381
868120169884399
868120169884407
868120169884415
868120169884423
868120169884431
868120169884449
868120169884456
868120169884464
868120169884472
868120169884480
868120169884498
868120169884506
868120169884514
868120169884522
868120169884530
868120169884548
868120169884555
868120169884563
868120169884571
868120169884589
868120169884597
868120169884605
868120169884613
868120169884621
868120169884639
868120169884647
868120169884654
868120169884662
868120169884670
868120169884688
868120169884696
868120169884704
868120169884712
868120169884720
868120169884738
868120169884746
868120169884753
868120169884761
868120169884779
868120169884787
868120169884795
868120169884803
868120169884811
868120169884829
868120169884837
868120169884845
868120169884852
868120169884860
868120169884878
868120169884886
868120169884894
868120169884902
868120169884910
868120169884928
868120169884936
868120169884944
868120169884951
868120169884969
868120169884977
868120169884985
868120169884993
868120169885008
868120169885016
868120169885024
868120169885032
868120169885040
868120169885057
868120169885065
868120169885073
868120169885081
868120169885099
868120169885107
868120169885115
868120169885123
868120169885131
868120169885149
868120169885156
868120169885164
868120169885172
868120169885180
868120169885198
868120169885206
868120169885214
868120169885222
868120169885230
868120169885248
868120169885255
868120169885263
868120169885271
868120169885289
868120169885297
868120169885305
868120169885313
868120169885321
868120169885339
868120169885347
868120169885354
868120169885362
868120169885370
868120169885388
868120169885396
868120169885404
868120169885412
868120169885420
868120169885438
868120169885446
868120169885453
868120169885461
868120169885479
868120169885487
868120169885495
868120169885503
868120169885511
868120169885529
868120169885537
868120169885545
868120169885552
868120169885560
868120169885578
868120169885586
868120169885594
868120169885602
868120169885610
868120169885628
868120169885636
868120169885644
868120169885651
868120169885669
868120169885677
868120169885685
868120169885693
868120169885701
868120169885719
868120169885727
868120169885735
868120169885743
868120169885750
868120169885768
868120169885776
868120169885784
868120169885792
868120169885800
868120169885818
868120169885826
868120169885834
868120169885842
868120169885859
868120169885867
868120169885875
868120169885883
868120169885891
868120169885909
868120169885917
868120169885925
868120169885933
868120169885941
868120169885958
868120169885966
868120169885974
868120169885982
868120169885990
868120169886006
868120169886014
868120169886022
868120169886030
868120169886048
868120169886055
868120169886063
868120169886071
868120169886089
868120169886097
868120169886105
868120169886113
868120169886121
868120169886139
868120169886147
868120169886154
868120169886162
868120169886170
868120169886188
868120169886196
868120169886204
868120169886212
868120169886220
868120169886238
868120169886246
868120169886253
868120169886261
868120169886279
868120169886287
868120169886295
868120169886303
868120169886311
868120169886329
868120169886337
868120169886345
868120169886352
868120169886360
868120169886378
868120169886386
868120169886394
868120169886402
868120169886410
868120169886428
868120169886436
868120169886444
868120169886451
868120169886469
