868120160378177
868120160378185
868120160378193
868120160378201
868120160378219
868120160378227
868120160378235
868120160378243
868120160378250
868120160378268
868120160378276
868120160378284
868120160378292
868120160378300
868120160378318
868120160378326
868120160378334
868120160378342
868120160378359
868120160378367
868120160378375
868120160378383
868120160378391
868120160378409
868120160378417
868120160378425
868120160378433
868120160378441
868120160378458
868120160378466
868120160378474
868120160378482
868120160378490
868120160378508
868120160378516
868120160378524
868120160378532
868120160378540
868120160378557
868120160378565
868120160378573
868120160378581
868120160378599
868120160378607
868120160378615
868120160378623
868120160378631
868120160378649
868120160378656
868120160378664
868120160378672
868120160378680
868120160378698
868120160378706
868120160378714
868120160378722
868120160378730
868120160378748
868120160378755
868120160378763
868120160378771
868120160378789
868120160378797
868120160378805
868120160378813
868120160378821
868120160378839
868120160378847
868120160378854
868120160378862
868120160378870
868120160378888
868120160378896
868120160378904
868120160378912
868120160378920
868120160378938
868120160378946
868120160378953
868120160378961
868120160378979
868120160378987
868120160378995
868120160379001
868120160379019
868120160379027
868120160379035
868120160379043
868120160379050
868120160379068
868120160379076
868120160379084
868120160379092
868120160379100
868120160379118
868120160379126
868120160379134
868120160379142
868120160379159
868120160379167
868120160379175
868120160379183
868120160379191
868120160379209
868120160379217
868120160379225
868120160379233
868120160379241
868120160379258
868120160379266
868120160379274
868120160379282
868120160379290
868120160379308
868120160379316
868120160379324
868120160379332
868120160379340
868120160379357
868120160379365
868120160379373
868120160379381
868120160379399
868120160379407
868120160379415
868120160379423
868120160379431
868120160379449
868120160379456
868120160379464
868120160379472
868120160379480
868120160379498
868120160379506
868120160379514
868120160379522
868120160379530
868120160379548
868120160379555
868120160379563
868120160379571
868120160379589
868120160379597
868120160379605
868120160379613
868120160379621
868120160379639
868120160379647
868120160379654
868120160379662
868120160379670
868120160379688
868120160379696
868120160379704
868120160379712
868120160379720
868120160379738
868120160379746
868120160379753
868120160379761
868120160379779
868120160379787
868120160379795
868120160379803
868120160379811
868120160379829
868120160379837
868120160379845
868120160379852
868120160379860
868120160379878
868120160379886
868120160379894
868120160379902
868120160379910
868120160379928
868120160379936
868120160379944
868120160379951
868120160379969
868120160379977
868120160379985
868120160379993
868120160380009
868120160380017
868120160380025
868120160380033
868120160380041
868120160380058
868120160380066
868120160380074
868120160380082
868120160380090
868120160380108
868120160380116
868120160380124
868120160380132
868120160380140
868120160380157
868120160380165
868120160380173
868120160380181
868120160380199
868120160380207
868120160380215
868120160380223
868120160380231
868120160380249
868120160380256
868120160380264
868120160380272
868120160380280
868120160380298
868120160380306
868120160380314
868120160380322
868120160380330
868120160380348
868120160380355
868120160380363
868120160380371
868120160380389
868120160380397
868120160380405
868120160380413
868120160380421
868120160380439
868120160380447
868120160380454
868120160380462
868120160380470
868120160380488
868120160380496
868120160380504
868120160380512
868120160380520
868120160380538
868120160380546
868120160380553
868120160380561
868120160380579
868120160380587
868120160380595
868120160380603
868120160380611
868120160380629
868120160380637
868120160380645
868120160380652
868120160380660
868120160380678
868120160380686
868120160380694
868120160380702
868120160380710
868120160380728
868120160380736
868120160380744
868120160380751
868120160380769
868120160380777
868120160380785
868120160380793
868120160380801
868120160380819
868120160380827
868120160380835
868120160380843
868120160380850
868120160380868
868120160380876
868120160380884
868120160380892
868120160380900
868120160380918
868120160380926
868120160380934
868120160380942
868120160380959
868120160380967
868120160380975
868120160380983
868120160380991
868120160381007
868120160381015
868120160381023
868120160381031
868120160381049
868120160381056
868120160381064
868120160381072
868120160381080
868120160381098
868120160381106
868120160381114
868120160381122
868120160381130
868120160381148
868120160381155
868120160381163
868120160381171
868120160381189
868120160381197
868120160381205
868120160381213
868120160381221
868120160381239
868120160381247
868120160381254
868120160381262
868120160381270
868120160381288
868120160381296
868120160381304
868120160381312
868120160381320
868120160381338
868120160381346
868120160381353
868120160381361
868120160381379
868120160381387
868120160381395
868120160381403
868120160381411
868120160381429
868120160381437
868120160381445
868120160381452
868120160381460
868120160381478
868120160381486
868120160381494
868120160381502
868120160381510
868120160381528
868120160381536
868120160381544
868120160381551
868120160381569
868120160381577
868120160381585
868120160381593
868120160381601
868120160381619
868120160381627
868120160381635
868120160381643
868120160381650
868120160381668
868120160381676
868120160381684
868120160381692
868120160381700
868120160381718
868120160381726
868120160381734
868120160381742
868120160381759
868120160381767
868120160381775
868120160381783
868120160381791
868120160381809
868120160381817
868120160381825
868120160381833
868120160381841
868120160381858
868120160381866
868120160381874
868120160381882
868120160381890
868120160381908
868120160381916
868120160381924
868120160381932
868120160381940
868120160381957
868120160381965
868120160381973
868120160381981
868120160381999
868120160382005
868120160382013
868120160382021
868120160382039
868120160382047
868120160382054
868120160382062
868120160382070
868120160382088
868120160382096
868120160382104
868120160382112
868120160382120
868120160382138
868120160382146
868120160382153
868120160382161
868120160382179
868120160382187
868120160382195
868120160382203
868120160382211
868120160382229
868120160382237
868120160382245
868120160382252
868120160382260
868120160382278
868120160382286
868120160382294
868120160382302
868120160382310
868120160382328
868120160382336
868120160382344
868120160382351
868120160382369
868120160382377
868120160382385
868120160382393
868120160382401
868120160382419
868120160382427
868120160382435
868120160382443
868120160382450
868120160382468
868120160382476
868120160382484
868120160382492
868120160382500
868120160382518
868120160382526
868120160382534
868120160382542
868120160382559
868120160382567
868120160382575
868120160382583
868120160382591
868120160382609
868120160382617
868120160382625
868120160382633
868120160382641
868120160382658
868120160382666
868120160382674
868120160382682
868120160382690
868120160382708
868120160382716
868120160382724
868120160382732
868120160382740
868120160382757
868120160382765
868120160382773
868120160382781
868120160382799
868120160382807
868120160382815
868120160382823
868120160382831
868120160382849
868120160382856
868120160382864
868120160382872
868120160382880
868120160382898
868120160382906
868120160382914
868120160382922
868120160382930
868120160382948
868120160382955
868120160382963
868120160382971
868120160382989
868120160382997
868120160383003
868120160383011
868120160383029
868120160383037
868120160383045
868120160383052
868120160383060
868120160383078
868120160383086
868120160383094
868120160383102
868120160383110
868120160383128
868120160383136
868120160383144
868120160383151
868120160383169
868120160383177
868120160383185
868120160383193
868120160383201
868120160383219
868120160383227
868120160383235
868120160383243
868120160383250
868120160383268
868120160383276
868120160383284
868120160383292
868120160383300
868120160383318
868120160383326
868120160383334
868120160383342
868120160383359
868120160383367
868120160383375
868120160383383
868120160383391
868120160383409
868120160383417
868120160383425
868120160383433
868120160383441
868120160383458
868120160383466
868120160383474
868120160383482
868120160383490
868120160383508
868120160383516
868120160383524
868120160383532
868120160383540
868120160383557
868120160383565
868120160383573
868120160383581
868120160383599
868120160383607
868120160383615
868120160383623
868120160383631
868120160383649
868120160383656
868120160383664
868120160383672
868120160383680
868120160383698
868120160383706
868120160383714
868120160383722
868120160383730
868120160383748
868120160383755
868120160383763
868120160383771
868120160383789
868120160383797
868120160383805
868120160383813
868120160383821
868120160383839
868120160383847
868120160383854
868120160383862
868120160383870
868120160383888
868120160383896
868120160383904
868120160383912
868120160383920
868120160383938
868120160383946
868120160383953
868120160383961
868120160383979
868120160383987
868120160383995
868120160384001
868120160384019
868120160384027
868120160384035
868120160384043
868120160384050
868120160384068
868120160384076
868120160384084
868120160384092
868120160384100
868120160384118
868120160384126
868120160384134
868120160384142
868120160384159
868120160384167
868120160384175
868120160384183
868120160384191
868120160384209
868120160384217
868120160384225
868120160384233
868120160384241
868120160384258
868120160384266
868120160384274
868120160384282
868120160384290
868120160384308
868120160384316
868120160384324
868120160384332
868120160384340
868120160384357
868120160384365
868120160384373
868120160384381
868120160384399
868120160384407
868120160384415
868120160384423
868120160384431
868120160384449
868120160384456
868120160384464
868120160384472
868120160384480
868120160384498
868120160384506
868120160384514
868120160384522
868120160384530
868120160384548
868120160384555
868120160384563
868120160384571
868120160384589
868120160384597
868120160384605
868120160384613
868120160384621
868120160384639
868120160384647
868120160384654
868120160384662
868120160384670
868120160384688
868120160384696
868120160384704
868120160384712
868120160384720
868120160384738
868120160384746
868120160384753
868120160384761
868120160384779
868120160384787
868120160384795
868120160384803
868120160384811
868120160384829
868120160384837
868120160384845
868120160384852
868120160384860
868120160384878
868120160384886
868120160384894
868120160384902
868120160384910
868120160384928
868120160384936
868120160384944
868120160384951
868120160384969
868120160384977
868120160384985
868120160384993
868120160385008
868120160385016
868120160385024
868120160385032
868120160385040
868120160385057
868120160385065
868120160385073
868120160385081
868120160385099
868120160385107
868120160385115
868120160385123
868120160385131
868120160385149
868120160385156
868120160385164
868120160385172
868120160385180
868120160385198
868120160385206
868120160385214
868120160385222
868120160385230
868120160385248
868120160385255
868120160385263
868120160385271
868120160385289
868120160385297
868120160385305
868120160385313
868120160385321
868120160385339
868120160385347
868120160385354
868120160385362
868120160385370
868120160385388
868120160385396
868120160385404
868120160385412
868120160385420
868120160385438
868120160385446
868120160385453
868120160385461
868120160385479
868120160385487
868120160385495
868120160385503
868120160385511
868120160385529
868120160385537
868120160385545
868120160385552
868120160385560
868120160385578
868120160385586
868120160385594
868120160385602
868120160385610
868120160385628
868120160385636
868120160385644
868120160385651
868120160385669
868120160385677
868120160385685
868120160385693
868120160385701
868120160385719
868120160385727
868120160385735
868120160385743
868120160385750
868120160385768
868120160385776
868120160385784
868120160385792
868120160385800
868120160385818
868120160385826
868120160385834
868120160385842
868120160385859
868120160385867
868120160385875
868120160385883
868120160385891
868120160385909
868120160385917
868120160385925
868120160385933
868120160385941
868120160385958
868120160385966
868120160385974
868120160385982
868120160385990
868120160386006
868120160386014
868120160386022
868120160386030
868120160386048
868120160386055
868120160386063
868120160386071
868120160386089
868120160386097
868120160386105
868120160386113
868120160386121
868120160386139
868120160386147
868120160386154
868120160386162
868120160386170
868120160386188
868120160386196
868120160386204
868120160386212
868120160386220
868120160386238
868120160386246
868120160386253
868120160386261
868120160386279
868120160386287
868120160386295
868120160386303
868120160386311
868120160386329
868120160386337
868120160386345
868120160386352
868120160386360
868120160386378
868120160386386
868120160386394
868120160386402
868120160386410
868120160386428
868120160386436
868120160386444
868120160386451
868120160386469
868120160386477
868120160386485
868120160386493
868120160386501
868120160386519
868120160386527
868120160386535
868120160386543
868120160386550
868120160386568
868120160386576
868120160386584
868120160386592
868120160386600
868120160386618
868120160386626
868120160386634
868120160386642
868120160386659
868120160386667
868120160386675
868120160386683
868120160386691
868120160386709
868120160386717
868120160386725
868120160386733
868120160386741
868120160386758
868120160386766
868120160386774
868120160386782
868120160386790
868120160386808
868120160386816
868120160386824
868120160386832
868120160386840
868120160386857
868120160386865
868120160386873
868120160386881
868120160386899
868120160386907
868120160386915
868120160386923
868120160386931
868120160386949
868120160386956
868120160386964
868120160386972
868120160386980
868120160386998
868120160387004
868120160387012
868120160387020
868120160387038
868120160387046
868120160387053
868120160387061
868120160387079
868120160387087
868120160387095
868120160387103
868120160387111
868120160387129
868120160387137
868120160387145
868120160387152
868120160387160
868120160387178
868120160387186
868120160387194
868120160387202
868120160387210
868120160387228
868120160387236
868120160387244
868120160387251
868120160387269
868120160387277
868120160387285
868120160387293
868120160387301
868120160387319
868120160387327
868120160387335
868120160387343
868120160387350
868120160387368
868120160387376
868120160387384
868120160387392
868120160387400
868120160387418
868120160387426
868120160387434
868120160387442
868120160387459
868120160387467
868120160387475
868120160387483
868120160387491
868120160387509
868120160387517
868120160387525
868120160387533
868120160387541
868120160387558
868120160387566
868120160387574
868120160387582
868120160387590
868120160387608
868120160387616
868120160387624
868120160387632
868120160387640
868120160387657
868120160387665
868120160387673
868120160387681
868120160387699
868120160387707
868120160387715
868120160387723
868120160387731
868120160387749
868120160387756
868120160387764
868120160387772
868120160387780
868120160387798
868120160387806
868120160387814
868120160387822
868120160387830
868120160387848
868120160387855
868120160387863
868120160387871
868120160387889
868120160387897
868120160387905
868120160387913
868120160387921
868120160387939
868120160387947
868120160387954
868120160387962
868120160387970
868120160387988
868120160387996
868120160388002
868120160388010
868120160388028
868120160388036
868120160388044
868120160388051
868120160388069
868120160388077
868120160388085
868120160388093
868120160388101
868120160388119
868120160388127
868120160388135
868120160388143
868120160388150
868120160388168
868120160388176
868120160388184
868120160388192
868120160388200
868120160388218
868120160388226
868120160388234
868120160388242
868120160388259
868120160388267
868120160388275
868120160388283
868120160388291
868120160388309
868120160388317
868120160388325
868120160388333
868120160388341
868120160388358
868120160388366
868120160388374
868120160388382
868120160388390
868120160388408
868120160388416
868120160388424
868120160388432
868120160388440
868120160388457
868120160388465
868120160388473
868120160388481
868120160388499
868120160388507
868120160388515
868120160388523
868120160388531
868120160388549
868120160388556
868120160388564
868120160388572
868120160388580
868120160388598
868120160388606
868120160388614
868120160388622
868120160388630
868120160388648
868120160388655
868120160388663
868120160388671
868120160388689
868120160388697
868120160388705
868120160388713
868120160388721
868120160388739
868120160388747
868120160388754
868120160388762
868120160388770
868120160388788
868120160388796
868120160388804
868120160388812
868120160388820
868120160388838
868120160388846
868120160388853
868120160388861
868120160388879
868120160388887
868120160388895
868120160388903
868120160388911
868120160388929
868120160388937
868120160388945
868120160388952
868120160388960
868120160388978
868120160388986
868120160388994
868120160389000
868120160389018
868120160389026
868120160389034
868120160389042
868120160389059
868120160389067
868120160389075
868120160389083
868120160389091
868120160389109
868120160389117
868120160389125
868120160389133
868120160389141
868120160389158
868120160389166
868120160389174
868120160389182
868120160389190
868120160389208
868120160389216
868120160389224
868120160389232
868120160389240
868120160389257
868120160389265
868120160389273
868120160389281
868120160389299
868120160389307
868120160389315
868120160389323
868120160389331
868120160389349
868120160389356
868120160389364
868120160389372
868120160389380
868120160389398
868120160389406
868120160389414
868120160389422
868120160389430
868120160389448
868120160389455
868120160389463
868120160389471
868120160389489
868120160389497
868120160389505
868120160389513
868120160389521
868120160389539
868120160389547
868120160389554
868120160389562
868120160389570
868120160389588
868120160389596
868120160389604
868120160389612
868120160389620
868120160389638
868120160389646
868120160389653
868120160389661
868120160389679
868120160389687
868120160389695
868120160389703
868120160389711
868120160389729
868120160389737
868120160389745
868120160389752
868120160389760
868120160389778
868120160389786
868120160389794
868120160389802
868120160389810
868120160389828
868120160389836
868120160389844
868120160389851
868120160389869
868120160389877
868120160389885
868120160389893
868120160389901
868120160389919
868120160389927
868120160389935
868120160389943
868120160389950
868120160389968
868120160389976
868120160389984
868120160389992
868120160390008
868120160390016
868120160390024
868120160390032
868120160390040
868120160390057
868120160390065
868120160390073
868120160390081
868120160390099
868120160390107
868120160390115
868120160390123
868120160390131
868120160390149
868120160390156
868120160390164
868120160390172
868120160390180
868120160390198
868120160390206
868120160390214
868120160390222
868120160390230
868120160390248
868120160390255
868120160390263
868120160390271
868120160390289
868120160390297
868120160390305
868120160390313
868120160390321
868120160390339
868120160390347
868120160390354
868120160390362
868120160390370
868120160390388
868120160390396
868120160390404
868120160390412
868120160390420
868120160390438
868120160390446
868120160390453
868120160390461
868120160390479
868120160390487
868120160390495
868120160390503
868120160390511
868120160390529
868120160390537
868120160390545
868120160390552
868120160390560
868120160390578
868120160390586
868120160390594
868120160390602
868120160390610
868120160390628
868120160390636
868120160390644
868120160390651
868120160390669
868120160390677
868120160390685
868120160390693
868120160390701
868120160390719
868120160390727
868120160390735
868120160390743
868120160390750
868120160390768
868120160390776
868120160390784
868120160390792
868120160390800
868120160390818
868120160390826
868120160390834
868120160390842
868120160390859
868120160390867
868120160390875
868120160390883
868120160390891
868120160390909
868120160390917
868120160390925
868120160390933
868120160390941
868120160390958
868120160390966
868120160390974
868120160390982
868120160390990
868120160391006
868120160391014
868120160391022
868120160391030
868120160391048
868120160391055
868120160391063
868120160391071
868120160391089
868120160391097
868120160391105
868120160391113
868120160391121
868120160391139
868120160391147
868120160391154
868120160391162
868120160391170
868120160391188
868120160391196
868120160391204
868120160391212
868120160391220
868120160391238
868120160391246
868120160391253
868120160391261
868120160391279
868120160391287
868120160391295
868120160391303
868120160391311
868120160391329
868120160391337
868120160391345
868120160391352
868120160391360
868120160391378
868120160391386
868120160391394
868120160391402
868120160391410
868120160391428
868120160391436
868120160391444
868120160391451
868120160391469
868120160391477
868120160391485
868120160391493
868120160391501
868120160391519
868120160391527
868120160391535
868120160391543
868120160391550
868120160391568
868120160391576
868120160391584
868120160391592
868120160391600
868120160391618
868120160391626
868120160391634
868120160391642
868120160391659
868120160391667
868120160391675
868120160391683
868120160391691
868120160391709
868120160391717
868120160391725
868120160391733
868120160391741
868120160391758
868120160391766
868120160391774
868120160391782
868120160391790
868120160391808
868120160391816
868120160391824
868120160391832
868120160391840
868120160391857
868120160391865
868120160391873
868120160391881
868120160391899
868120160391907
868120160391915
868120160391923
868120160391931
868120160391949
868120160391956
868120160391964
868120160391972
868120160391980
868120160391998
868120160392004
868120160392012
868120160392020
868120160392038
868120160392046
868120160392053
868120160392061
868120160392079
868120160392087
868120160392095
868120160392103
868120160392111
868120160392129
868120160392137
868120160392145
868120160392152
868120160392160
868120160392178
868120160392186
868120160392194
868120160392202
868120160392210
868120160392228
868120160392236
868120160392244
868120160392251
868120160392269
868120160392277
868120160392285
868120160392293
868120160392301
868120160392319
868120160392327
868120160392335
868120160392343
868120160392350
868120160392368
868120160392376
868120160392384
868120160392392
868120160392400
868120160392418
868120160392426
868120160392434
868120160392442
868120160392459
868120160392467
868120160392475
868120160392483
868120160392491
868120160392509
868120160392517
868120160392525
868120160392533
868120160392541
868120160392558
868120160392566
868120160392574
868120160392582
868120160392590
868120160392608
868120160392616
868120160392624
868120160392632
868120160392640
868120160392657
868120160392665
868120160392673
868120160392681
868120160392699
868120160392707
868120160392715
868120160392723
868120160392731
868120160392749
868120160392756
868120160392764
868120160392772
868120160392780
868120160392798
868120160392806
868120160392814
868120160392822
868120160392830
868120160392848
868120160392855
868120160392863
868120160392871
868120160392889
868120160392897
868120160392905
868120160392913
868120160392921
868120160392939
868120160392947
868120160392954
868120160392962
868120160392970
868120160392988
868120160392996
868120160393002
868120160393010
868120160393028
868120160393036
868120160393044
868120160393051
868120160393069
868120160393077
868120160393085
868120160393093
868120160393101
868120160393119
868120160393127
868120160393135
868120160393143
868120160393150
868120160393168
868120160393176
868120160393184
868120160393192
868120160393200
868120160393218
868120160393226
868120160393234
868120160393242
868120160393259
868120160393267
868120160393275
868120160393283
868120160393291
868120160393309
868120160393317
868120160393325
868120160393333
868120160393341
868120160393358
868120160393366
868120160393374
868120160393382
868120160393390
868120160393408
868120160393416
868120160393424
868120160393432
868120160393440
868120160393457
868120160393465
868120160393473
868120160393481
868120160393499
868120160393507
868120160393515
868120160393523
868120160393531
868120160393549
868120160393556
868120160393564
868120160393572
868120160393580
868120160393598
868120160393606
868120160393614
868120160393622
868120160393630
868120160393648
868120160393655
868120160393663
868120160393671
868120160393689
868120160393697
868120160393705
868120160393713
868120160393721
868120160393739
868120160393747
868120160393754
868120160393762
868120160393770
868120160393788
868120160393796
868120160393804
868120160393812
868120160393820
868120160393838
868120160393846
868120160393853
868120160393861
868120160393879
868120160393887
868120160393895
868120160393903
868120160393911
868120160393929
868120160393937
868120160393945
868120160393952
868120160393960
868120160393978
868120160393986
868120160393994
868120160394000
868120160394018
868120160394026
868120160394034
868120160394042
868120160394059
868120160394067
868120160394075
868120160394083
868120160394091
868120160394109
868120160394117
868120160394125
868120160394133
868120160394141
868120160394158
868120160394166
868120160394174
868120160394182
868120160394190
868120160394208
868120160394216
868120160394224
868120160394232
868120160394240
868120160394257
868120160394265
868120160394273
868120160394281
868120160394299
868120160394307
868120160394315
868120160394323
868120160394331
868120160394349
868120160394356
868120160394364
868120160394372
868120160394380
868120160394398
868120160394406
868120160394414
868120160394422
868120160394430
868120160394448
868120160394455
868120160394463
868120160394471
868120160394489
868120160394497
868120160394505
868120160394513
868120160394521
868120160394539
868120160394547
868120160394554
868120160394562
868120160394570
868120160394588
868120160394596
868120160394604
868120160394612
868120160394620
868120160394638
868120160394646
868120160394653
868120160394661
868120160394679
868120160394687
868120160394695
868120160394703
868120160394711
868120160394729
868120160394737
868120160394745
868120160394752
868120160394760
868120160394778
868120160394786
868120160394794
868120160394802
868120160394810
868120160394828
868120160394836
868120160394844
868120160394851
868120160394869
868120160394877
868120160394885
868120160394893
868120160394901
868120160394919
868120160394927
868120160394935
868120160394943
868120160394950
868120160394968
868120160394976
868120160394984
868120160394992
868120160395007
868120160395015
868120160395023
868120160395031
868120160395049
868120160395056
868120160395064
868120160395072
868120160395080
868120160395098
868120160395106
868120160395114
868120160395122
868120160395130
868120160395148
868120160395155
868120160395163
868120160395171
868120160395189
868120160395197
868120160395205
868120160395213
868120160395221
868120160395239
868120160395247
868120160395254
868120160395262
868120160395270
868120160395288
868120160395296
868120160395304
868120160395312
868120160395320
868120160395338
868120160395346
868120160395353
868120160395361
868120160395379
868120160395387
868120160395395
868120160395403
868120160395411
868120160395429
868120160395437
868120160395445
868120160395452
868120160395460
868120160395478
868120160395486
868120160395494
868120160395502
868120160395510
868120160395528
868120160395536
868120160395544
868120160395551
868120160395569
868120160395577
868120160395585
868120160395593
868120160395601
868120160395619
868120160395627
868120160395635
868120160395643
868120160395650
868120160395668
868120160395676
868120160395684
868120160395692
868120160395700
868120160395718
868120160395726
868120160395734
868120160395742
868120160395759
868120160395767
868120160395775
868120160395783
868120160395791
868120160395809
868120160395817
868120160395825
868120160395833
868120160395841
868120160395858
868120160395866
868120160395874
868120160395882
868120160395890
868120160395908
868120160395916
868120160395924
868120160395932
868120160395940
868120160395957
868120160395965
868120160395973
868120160395981
868120160395999
868120160396005
868120160396013
868120160396021
868120160396039
868120160396047
868120160396054
868120160396062
868120160396070
868120160396088
868120160396096
868120160396104
868120160396112
868120160396120
868120160396138
868120160396146
868120160396153
868120160396161
868120160396179
868120160396187
868120160396195
868120160396203
868120160396211
868120160396229
868120160396237
868120160396245
868120160396252
868120160396260
868120160396278
868120160396286
868120160396294
868120160396302
868120160396310
868120160396328
868120160396336
868120160396344
868120160396351
868120160396369
868120160396377
868120160396385
868120160396393
868120160396401
868120160396419
868120160396427
868120160396435
868120160396443
868120160396450
868120160396468
868120160396476
868120160396484
868120160396492
868120160396500
868120160396518
868120160396526
868120160396534
868120160396542
868120160396559
868120160396567
868120160396575
868120160396583
868120160396591
868120160396609
868120160396617
868120160396625
868120160396633
868120160396641
868120160396658
868120160396666
868120160396674
868120160396682
868120160396690
868120160396708
868120160396716
868120160396724
868120160396732
868120160396740
868120160396757
868120160396765
868120160396773
868120160396781
868120160396799
868120160396807
868120160396815
868120160396823
868120160396831
868120160396849
868120160396856
868120160396864
868120160396872
868120160396880
868120160396898
868120160396906
868120160396914
868120160396922
868120160396930
868120160396948
868120160396955
868120160396963
868120160396971
868120160396989
868120160396997
868120160397003
868120160397011
868120160397029
868120160397037
868120160397045
868120160397052
868120160397060
868120160397078
868120160397086
868120160397094
868120160397102
868120160397110
868120160397128
868120160397136
868120160397144
868120160397151
868120160397169
868120160397177
868120160397185
868120160397193
868120160397201
868120160397219
868120160397227
868120160397235
868120160397243
868120160397250
868120160397268
868120160397276
868120160397284
868120160397292
868120160397300
868120160397318
868120160397326
868120160397334
868120160397342
868120160397359
868120160397367
868120160397375
868120160397383
868120160397391
868120160397409
868120160397417
868120160397425
868120160397433
868120160397441
868120160397458
868120160397466
868120160397474
868120160397482
868120160397490
868120160397508
868120160397516
868120160397524
868120160397532
868120160397540
868120160397557
868120160397565
868120160397573
868120160397581
868120160397599
868120160397607
868120160397615
868120160397623
868120160397631
868120160397649
868120160397656
868120160397664
868120160397672
868120160397680
868120160397698
868120160397706
868120160397714
868120160397722
868120160397730
868120160397748
868120160397755
868120160397763
868120160397771
868120160397789
868120160397797
868120160397805
868120160397813
868120160397821
868120160397839
868120160397847
868120160397854
868120160397862
868120160397870
868120160397888
868120160397896
868120160397904
868120160397912
868120160397920
868120160397938
868120160397946
868120160397953
868120160397961
868120160397979
868120160397987
868120160397995
868120160398001
868120160398019
868120160398027
868120160398035
868120160398043
868120160398050
868120160398068
868120160398076
868120160398084
868120160398092
868120160398100
868120160398118
868120160398126
868120160398134
868120160398142
868120160398159
868120160398167
868120160398175
868120160398183
868120160398191
868120160398209
868120160398217
868120160398225
868120160398233
868120160398241
868120160398258
868120160398266
868120160398274
868120160398282
868120160398290
868120160398308
868120160398316
868120160398324
868120160398332
868120160398340
868120160398357
868120160398365
868120160398373
868120160398381
868120160398399
868120160398407
868120160398415
868120160398423
868120160398431
868120160398449
868120160398456
868120160398464
868120160398472
868120160398480
868120160398498
868120160398506
868120160398514
868120160398522
868120160398530
868120160398548
868120160398555
868120160398563
868120160398571
868120160398589
868120160398597
868120160398605
868120160398613
868120160398621
868120160398639
868120160398647
868120160398654
868120160398662
868120160398670
868120160398688
868120160398696
868120160398704
868120160398712
868120160398720
868120160398738
868120160398746
868120160398753
868120160398761
868120160398779
868120160398787
868120160398795
868120160398803
868120160398811
868120160398829
868120160398837
868120160398845
868120160398852
868120160398860
868120160398878
868120160398886
868120160398894
868120160398902
868120160398910
868120160398928
868120160398936
868120160398944
868120160398951
868120160398969
868120160398977
868120160398985
868120160398993
868120160399009
868120160399017
868120160399025
868120160399033
868120160399041
868120160399058
868120160399066
868120160399074
868120160399082
868120160399090
868120160399108
868120160399116
868120160399124
868120160399132
868120160399140
868120160399157
868120160399165
868120160399173
868120160399181
868120160399199
868120160399207
868120160399215
868120160399223
868120160399231
868120160399249
868120160399256
868120160399264
868120160399272
868120160399280
868120160399298
868120160399306
868120160399314
868120160399322
868120160399330
868120160399348
868120160399355
868120160399363
868120160399371
868120160399389
868120160399397
868120160399405
868120160399413
868120160399421
868120160399439
868120160399447
868120160399454
868120160399462
868120160399470
868120160399488
868120160399496
868120160399504
868120160399512
868120160399520
868120160399538
868120160399546
868120160399553
868120160399561
868120160399579
868120160399587
868120160399595
868120160399603
868120160399611
868120160399629
868120160399637
868120160399645
868120160399652
868120160399660
868120160399678
868120160399686
868120160399694
868120160399702
868120160399710
868120160399728
868120160399736
868120160399744
868120160399751
868120160399769
868120160399777
868120160399785
868120160399793
868120160399801
868120160399819
868120160399827
868120160399835
868120160399843
868120160399850
868120160399868
868120160399876
868120160399884
868120160399892
868120160399900
868120160399918
868120160399926
868120160399934
868120160399942
868120160399959
868120160399967
868120160399975
868120160399983
868120160399991
868120160400005
868120160400013
868120160400021
868120160400039
868120160400047
868120160400054
868120160400062
868120160400070
868120160400088
868120160400096
868120160400104
868120160400112
868120160400120
868120160400138
868120160400146
868120160400153
868120160400161
868120160400179
868120160400187
868120160400195
868120160400203
868120160400211
868120160400229
868120160400237
868120160400245
868120160400252
868120160400260
868120160400278
868120160400286
868120160400294
868120160400302
868120160400310
868120160400328
868120160400336
868120160400344
868120160400351
868120160400369
868120160400377
868120160400385
868120160400393
868120160400401
868120160400419
868120160400427
868120160400435
868120160400443
868120160400450
868120160400468
868120160400476
868120160400484
868120160400492
868120160400500
868120160400518
868120160400526
868120160400534
868120160400542
868120160400559
868120160400567
868120160400575
868120160400583
868120160400591
868120160400609
868120160400617
868120160400625
868120160400633
868120160400641
868120160400658
868120160400666
868120160400674
868120160400682
868120160400690
868120160400708
868120160400716
868120160400724
868120160400732
868120160400740
868120160400757
868120160400765
868120160400773
868120160400781
868120160400799
868120160400807
868120160400815
868120160400823
868120160400831
868120160400849
868120160400856
868120160400864
868120160400872
868120160400880
868120160400898
868120160400906
868120160400914
868120160400922
868120160400930
868120160400948
868120160400955
868120160400963
868120160400971
868120160400989
868120160400997
868120160401003
868120160401011
868120160401029
868120160401037
868120160401045
868120160401052
868120160401060
868120160401078
868120160401086
868120160401094
868120160401102
868120160401110
868120160401128
868120160401136
868120160401144
868120160401151
868120160401169
868120160401177
868120160401185
868120160401193
868120160401201
868120160401219
868120160401227
868120160401235
868120160401243
868120160401250
868120160401268
868120160401276
868120160401284
868120160401292
868120160401300
868120160401318
868120160401326
868120160401334
868120160401342
868120160401359
868120160401367
868120160401375
868120160401383
868120160401391
868120160401409
868120160401417
868120160401425
868120160401433
868120160401441
868120160401458
868120160401466
868120160401474
868120160401482
868120160401490
868120160401508
868120160401516
868120160401524
868120160401532
868120160401540
868120160401557
868120160401565
868120160401573
868120160401581
868120160401599
868120160401607
868120160401615
868120160401623
868120160401631
868120160401649
868120160401656
868120160401664
868120160401672
868120160401680
868120160401698
868120160401706
868120160401714
868120160401722
868120160401730
868120160401748
868120160401755
868120160401763
868120160401771
868120160401789
868120160401797
868120160401805
868120160401813
868120160401821
868120160401839
868120160401847
868120160401854
868120160401862
868120160401870
868120160401888
868120160401896
868120160401904
868120160401912
868120160401920
868120160401938
868120160401946
868120160401953
868120160401961
868120160401979
868120160401987
868120160401995
868120160402001
868120160402019
868120160402027
868120160402035
868120160402043
868120160402050
868120160402068
868120160402076
868120160402084
868120160402092
868120160402100
868120160402118
868120160402126
868120160402134
868120160402142
868120160402159
868120160402167
868120160402175
868120160402183
868120160402191
868120160402209
868120160402217
868120160402225
868120160402233
868120160402241
868120160402258
868120160402266
868120160402274
868120160402282
868120160402290
868120160402308
868120160402316
868120160402324
868120160402332
868120160402340
868120160402357
868120160402365
868120160402373
868120160402381
868120160402399
868120160402407
868120160402415
868120160402423
868120160402431
868120160402449
868120160402456
868120160402464
868120160402472
868120160402480
868120160402498
868120160402506
868120160402514
868120160402522
868120160402530
868120160402548
868120160402555
868120160402563
868120160402571
868120160402589
868120160402597
868120160402605
868120160402613
868120160402621
868120160402639
868120160402647
868120160402654
868120160402662
868120160402670
868120160402688
868120160402696
868120160402704
868120160402712
868120160402720
868120160402738
868120160402746
868120160402753
868120160402761
868120160402779
868120160402787
868120160402795
868120160402803
868120160402811
868120160402829
868120160402837
868120160402845
868120160402852
868120160402860
868120160402878
868120160402886
868120160402894
868120160402902
868120160402910
868120160402928
868120160402936
868120160402944
868120160402951
868120160402969
868120160402977
868120160402985
868120160402993
868120160403009
868120160403017
868120160403025
868120160403033
868120160403041
868120160403058
868120160403066
868120160403074
868120160403082
868120160403090
868120160403108
868120160403116
868120160403124
868120160403132
868120160403140
868120160403157
868120160403165
868120160403173
868120160403181
868120160403199
868120160403207
868120160403215
868120160403223
868120160403231
868120160403249
868120160403256
868120160403264
868120160403272
868120160403280
868120160403298
868120160403306
868120160403314
868120160403322
868120160403330
868120160403348
868120160403355
868120160403363
868120160403371
868120160403389
868120160403397
868120160403405
868120160403413
868120160403421
868120160403439
868120160403447
868120160403454
868120160403462
868120160403470
868120160403488
868120160403496
868120160403504
868120160403512
868120160403520
868120160403538
868120160403546
868120160403553
868120160403561
868120160403579
868120160403587
868120160403595
868120160403603
868120160403611
868120160403629
868120160403637
868120160403645
868120160403652
868120160403660
868120160403678
868120160403686
868120160403694
868120160403702
868120160403710
868120160403728
868120160403736
868120160403744
868120160403751
868120160403769
868120160403777
868120160403785
868120160403793
868120160403801
868120160403819
868120160403827
868120160403835
868120160403843
868120160403850
868120160403868
868120160403876
868120160403884
868120160403892
868120160403900
868120160403918
868120160403926
868120160403934
868120160403942
868120160403959
868120160403967
868120160403975
868120160403983
868120160403991
868120160404007
868120160404015
868120160404023
868120160404031
868120160404049
868120160404056
868120160404064
868120160404072
868120160404080
868120160404098
868120160404106
868120160404114
868120160404122
868120160404130
868120160404148
868120160404155
868120160404163
868120160404171
868120160404189
868120160404197
868120160404205
868120160404213
868120160404221
868120160404239
868120160404247
868120160404254
868120160404262
868120160404270
868120160404288
868120160404296
868120160404304
868120160404312
868120160404320
868120160404338
868120160404346
868120160404353
868120160404361
868120160404379
868120160404387
868120160404395
868120160404403
868120160404411
868120160404429
868120160404437
868120160404445
868120160404452
868120160404460
868120160404478
868120160404486
868120160404494
868120160404502
868120160404510
868120160404528
868120160404536
868120160404544
868120160404551
868120160404569
868120160404577
868120160404585
868120160404593
868120160404601
868120160404619
868120160404627
868120160404635
868120160404643
868120160404650
868120160404668
868120160404676
868120160404684
868120160404692
868120160404700
868120160404718
868120160404726
868120160404734
868120160404742
868120160404759
868120160404767
868120160404775
868120160404783
868120160404791
868120160404809
868120160404817
868120160404825
868120160404833
868120160404841
868120160404858
868120160404866
868120160404874
868120160404882
868120160404890
868120160404908
868120160404916
868120160404924
868120160404932
868120160404940
868120160404957
868120160404965
868120160404973
868120160404981
868120160404999
868120160405004
868120160405012
868120160405020
868120160405038
868120160405046
868120160405053
868120160405061
868120160405079
868120160405087
868120160405095
868120160405103
868120160405111
868120160405129
868120160405137
868120160405145
868120160405152
868120160405160
868120160405178
868120160405186
868120160405194
868120160405202
868120160405210
868120160405228
868120160405236
868120160405244
868120160405251
868120160405269
868120160405277
868120160405285
868120160405293
868120160405301
868120160405319
868120160405327
868120160405335
868120160405343
868120160405350
868120160405368
868120160405376
868120160405384
868120160405392
868120160405400
868120160405418
868120160405426
868120160405434
868120160405442
868120160405459
868120160405467
868120160405475
868120160405483
868120160405491
868120160405509
868120160405517
868120160405525
868120160405533
868120160405541
868120160405558
868120160405566
868120160405574
868120160405582
868120160405590
868120160405608
868120160405616
868120160405624
868120160405632
868120160405640
868120160405657
868120160405665
868120160405673
868120160405681
868120160405699
868120160405707
868120160405715
868120160405723
868120160405731
868120160405749
868120160405756
868120160405764
868120160405772
868120160405780
868120160405798
868120160405806
868120160405814
868120160405822
868120160405830
868120160405848
868120160405855
868120160405863
868120160405871
868120160405889
868120160405897
868120160405905
868120160405913
868120160405921
868120160405939
868120160405947
868120160405954
868120160405962
868120160405970
868120160405988
868120160405996
868120160406002
868120160406010
868120160406028
868120160406036
868120160406044
868120160406051
868120160406069
868120160406077
868120160406085
868120160406093
868120160406101
868120160406119
868120160406127
868120160406135
868120160406143
868120160406150
868120160406168
868120160406176
868120160406184
868120160406192
868120160406200
868120160406218
868120160406226
868120160406234
868120160406242
868120160406259
868120160406267
868120160406275
868120160406283
868120160406291
868120160406309
868120160406317
868120160406325
868120160406333
868120160406341
868120160406358
868120160406366
868120160406374
868120160406382
868120160406390
868120160406408
868120160406416
868120160406424
868120160406432
868120160406440
868120160406457
868120160406465
868120160406473
868120160406481
868120160406499
868120160406507
868120160406515
868120160406523
868120160406531
868120160406549
868120160406556
868120160406564
868120160406572
868120160406580
868120160406598
868120160406606
868120160406614
868120160406622
868120160406630
868120160406648
868120160406655
868120160406663
868120160406671
868120160406689
868120160406697
868120160406705
868120160406713
868120160406721
868120160406739
868120160406747
868120160406754
868120160406762
868120160406770
868120160406788
868120160406796
868120160406804
868120160406812
868120160406820
868120160406838
868120160406846
868120160406853
868120160406861
868120160406879
868120160406887
868120160406895
868120160406903
868120160406911
868120160406929
868120160406937
868120160406945
868120160406952
868120160406960
868120160406978
868120160406986
868120160406994
868120160407000
868120160407018
868120160407026
868120160407034
868120160407042
868120160407059
868120160407067
868120160407075
868120160407083
868120160407091
868120160407109
868120160407117
868120160407125
868120160407133
868120160407141
868120160407158
868120160407166
868120160407174
868120160407182
868120160407190
868120160407208
868120160407216
868120160407224
868120160407232
868120160407240
868120160407257
868120160407265
868120160407273
868120160407281
868120160407299
868120160407307
868120160407315
868120160407323
868120160407331
868120160407349
868120160407356
868120160407364
868120160407372
868120160407380
868120160407398
868120160407406
868120160407414
868120160407422
868120160407430
868120160407448
868120160407455
868120160407463
868120160407471
868120160407489
868120160407497
868120160407505
868120160407513
868120160407521
868120160407539
868120160407547
868120160407554
868120160407562
868120160407570
868120160407588
868120160407596
868120160407604
868120160407612
868120160407620
868120160407638
868120160407646
868120160407653
868120160407661
868120160407679
868120160407687
868120160407695
868120160407703
868120160407711
868120160407729
868120160407737
868120160407745
868120160407752
868120160407760
868120160407778
868120160407786
868120160407794
868120160407802
868120160407810
868120160407828
868120160407836
868120160407844
868120160407851
868120160407869
868120160407877
868120160407885
868120160407893
868120160407901
868120160407919
868120160407927
868120160407935
868120160407943
868120160407950
868120160407968
868120160407976
868120160407984
868120160407992
868120160408008
868120160408016
868120160408024
868120160408032
868120160408040
868120160408057
868120160408065
868120160408073
868120160408081
868120160408099
868120160408107
868120160408115
868120160408123
868120160408131
868120160408149
868120160408156
868120160408164