868120165409845
868120165409852
868120165409860
868120165409878
868120165409886
868120165409894
868120165409902
868120165409910
868120165409928
868120165409936
868120165409944
868120165409951
868120165409969
868120165409977
868120165409985
868120165409993
868120165410009
868120165410017
868120165410025
868120165410033
868120165410041
868120165410058
868120165410066
868120165410074
868120165410082
868120165410090
868120165410108
868120165410116
868120165410124
868120165410132
868120165410140
868120165410157
868120165410165
868120165410173
868120165410181
868120165410199
868120165410207
868120165410215
868120165410223
868120165410231
868120165410249
868120165410256
868120165410264
868120165410272
868120165410280
868120165410298
868120165410306
868120165410314
868120165410322
868120165410330
868120165410348
868120165410355
868120165410363
868120165410371
868120165410389
868120165410397
868120165410405
868120165410413
868120165410421
868120165410439
868120165410447
868120165410454
868120165410462
868120165410470
868120165410488
868120165410496
868120165410504
868120165410512
868120165410520
868120165410538
868120165410546
868120165410553
868120165410561
868120165410579
868120165410587
868120165410595
868120165410603
868120165410611
868120165410629
868120165410637
868120165410645
868120165410652
868120165410660
868120165410678
868120165410686
868120165410694
868120165410702
868120165410710
868120165410728
868120165410736
868120165410744
868120165410751
868120165410769
868120165410777
868120165410785
868120165410793
868120165410801
868120165410819
868120165410827
868120165410835
868120165410843
868120165410850
868120165410868
868120165410876
868120165410884
868120165410892
868120165410900
868120165410918
868120165410926
868120165410934
868120165410942
868120165410959
868120165410967
868120165410975
868120165410983
868120165410991
868120165411007
868120165411015
868120165411023
868120165411031
868120165411049
868120165411056
868120165411064
868120165411072
868120165411080
868120165411098
868120165411106
868120165411114
868120165411122
868120165411130
868120165411148
868120165411155
868120165411163
868120165411171
868120165411189
868120165411197
868120165411205
868120165411213
868120165411221
868120165411239
868120165411247
868120165411254
868120165411262
868120165411270
868120165411288
868120165411296
868120165411304
868120165411312
868120165411320
868120165411338
868120165411346
868120165411353
868120165411361
868120165411379
868120165411387
868120165411395
868120165411403
868120165411411
868120165411429
868120165411437
868120165411445
868120165411452
868120165411460
868120165411478
868120165411486
868120165411494
868120165411502
868120165411510
868120165411528
868120165411536
868120165411544
868120165411551
868120165411569
868120165411577
868120165411585
868120165411593
868120165411601
868120165411619
868120165411627
868120165411635
868120165411643
868120165411650
868120165411668
868120165411676
868120165411684
868120165411692
868120165411700
868120165411718
868120165411726
868120165411734
868120165411742
868120165411759
868120165411767
868120165411775
868120165411783
868120165411791
868120165411809
868120165411817
868120165411825
868120165411833
868120165411841
868120165411858
868120165411866
868120165411874
868120165411882
868120165411890
868120165411908
868120165411916
868120165411924
868120165411932
868120165411940
868120165411957
868120165411965
868120165411973
868120165411981
868120165411999
868120165412005
868120165412013
868120165412021
868120165412039
868120165412047
868120165412054
868120165412062
868120165412070
868120165412088
868120165412096
868120165412104
868120165412112
868120165412120
868120165412138
868120165412146
868120165412153
868120165412161
868120165412179
868120165412187
868120165412195
868120165412203
868120165412211
868120165412229
868120165412237
868120165412245
868120165412252
868120165412260
868120165412278
868120165412286
868120165412294
868120165412302
868120165412310
868120165412328
868120165412336
868120165412344
868120165412351
868120165412369
868120165412377
868120165412385
868120165412393
868120165412401
868120165412419
868120165412427
868120165412435
868120165412443
868120165412450
868120165412468
868120165412476
868120165412484
868120165412492
868120165412500
868120165412518
868120165412526
868120165412534
868120165412542
868120165412559
868120165412567
868120165412575
868120165412583
868120165412591
868120165412609
868120165412617
868120165412625
868120165412633
868120165412641
868120165412658
868120165412666
868120165412674
868120165412682
868120165412690
868120165412708
868120165412716
868120165412724
868120165412732
868120165412740
868120165412757
868120165412765
868120165412773
868120165412781
868120165412799
868120165412807
868120165412815
868120165412823
868120165412831
868120165412849
868120165412856
868120165412864
868120165412872
868120165412880
868120165412898
868120165412906
868120165412914
868120165412922
868120165412930
868120165412948
868120165412955
868120165412963
868120165412971
868120165412989
868120165412997
868120165413003
868120165413011
868120165413029
868120165413037
868120165413045
868120165413052
868120165413060
868120165413078
868120165413086
868120165413094
868120165413102
868120165413110
868120165413128
868120165413136
868120165413144
868120165413151
868120165413169
868120165413177
868120165413185
868120165413193
868120165413201
868120165413219
868120165413227
868120165413235
868120165413243
868120165413250
868120165413268
868120165413276
868120165413284
868120165413292
868120165413300
868120165413318
868120165413326
868120165413334
868120165413342
868120165413359
868120165413367
868120165413375
868120165413383
868120165413391
868120165413409
868120165413417
868120165413425
868120165413433
868120165413441
868120165413458
868120165413466
868120165413474
868120165413482
868120165413490
868120165413508
868120165413516
868120165413524
868120165413532
868120165413540
868120165413557
868120165413565
868120165413573
868120165413581
868120165413599
868120165413607
868120165413615
868120165413623
868120165413631
868120165413649
868120165413656
868120165413664
868120165413672
868120165413680
868120165413698
868120165413706
868120165413714
868120165413722
868120165413730
868120165413748
868120165413755
868120165413763
868120165413771
868120165413789
868120165413797
868120165413805
868120165413813
868120165413821
868120165413839
868120165413847
868120165413854
868120165413862
868120165413870
868120165413888
868120165413896
868120165413904
868120165413912
868120165413920
868120165413938
868120165413946
868120165413953
868120165413961
868120165413979
868120165413987
868120165413995
868120165414001
868120165414019
868120165414027
868120165414035
868120165414043
868120165414050
868120165414068
868120165414076
868120165414084
868120165414092
868120165414100
868120165414118
868120165414126
868120165414134
868120165414142
868120165414159
868120165414167
868120165414175
868120165414183
868120165414191
868120165414209
868120165414217
868120165414225
868120165414233
868120165414241
868120165414258
868120165414266
868120165414274
868120165414282
868120165414290
868120165414308
868120165414316
868120165414324
868120165414332
868120165414340
868120165414357
868120165414365
868120165414373
868120165414381
868120165414399
868120165414407
868120165414415
868120165414423
868120165414431
868120165414449
868120165414456
868120165414464
868120165414472
868120165414480
868120165414498
868120165414506
868120165414514
868120165414522
868120165414530
868120165414548
868120165414555
868120165414563
868120165414571
868120165414589
868120165414597
868120165414605
868120165414613
868120165414621
868120165414639
868120165414647
868120165414654
868120165414662
868120165414670
868120165414688
868120165414696
868120165414704
868120165414712
868120165414720
868120165414738
868120165414746
868120165414753
868120165414761
868120165414779
868120165414787
868120165414795
868120165414803
868120165414811
868120165414829
868120165414837
868120165414845
868120165414852
868120165414860
868120165414878
868120165414886
868120165414894
868120165414902
868120165414910
868120165414928
868120165414936
868120165414944
868120165414951
868120165414969
868120165414977
868120165414985
868120165414993
868120165415008
868120165415016
868120165415024
868120165415032
868120165415040
868120165415057
868120165415065
868120165415073
868120165415081
868120165415099
868120165415107
868120165415115
868120165415123
868120165415131
868120165415149
868120165415156
868120165415164
868120165415172
868120165415180
868120165415198
868120165415206
868120165415214
868120165415222
868120165415230
868120165415248
868120165415255
868120165415263
868120165415271
868120165415289
868120165415297
868120165415305
868120165415313
868120165415321
868120165415339
868120165415347
868120165415354
868120165415362
868120165415370
868120165415388
868120165415396
868120165415404
868120165415412
868120165415420
868120165415438
868120165415446
868120165415453
868120165415461
868120165415479
868120165415487
868120165415495
868120165415503
868120165415511
868120165415529
868120165415537
868120165415545
868120165415552
868120165415560
868120165415578
868120165415586
868120165415594
868120165415602
868120165415610
868120165415628
868120165415636
868120165415644
868120165415651
868120165415669
868120165415677
868120165415685
868120165415693
868120165415701
868120165415719
868120165415727
868120165415735
868120165415743
868120165415750
868120165415768
868120165415776
868120165415784
868120165415792
868120165415800
868120165415818
868120165415826
868120165415834
868120165415842
868120165415859
868120165415867
868120165415875
868120165415883
868120165415891
868120165415909
868120165415917
868120165415925
868120165415933
868120165415941
868120165415958
868120165415966
868120165415974
868120165415982
868120165415990
868120165416006
868120165416014
868120165416022
868120165416030
868120165416048
868120165416055
868120165416063
868120165416071
868120165416089
868120165416097
868120165416105
868120165416113
868120165416121
868120165416139
868120165416147
868120165416154
868120165416162
868120165416170
868120165416188
868120165416196
868120165416204
868120165416212
868120165416220
868120165416238
868120165416246
868120165416253
868120165416261
868120165416279
868120165416287
868120165416295
868120165416303
868120165416311
868120165416329
868120165416337
868120165416345
868120165416352
868120165416360
868120165416378
868120165416386
868120165416394
868120165416402
868120165416410
868120165416428
868120165416436
868120165416444
868120165416451
868120165416469
868120165416477
868120165416485
868120165416493
868120165416501
868120165416519
868120165416527
868120165416535
868120165416543
868120165416550
868120165416568
868120165416576
868120165416584
868120165416592
868120165416600
868120165416618
868120165416626
868120165416634
868120165416642
868120165416659
868120165416667
868120165416675
868120165416683
868120165416691
868120165416709
868120165416717
868120165416725
868120165416733
868120165416741
868120165416758
868120165416766
868120165416774
868120165416782
868120165416790
868120165416808
868120165416816
868120165416824
868120165416832
868120165416840
868120165416857
868120165416865
868120165416873
868120165416881
868120165416899
868120165416907
868120165416915
868120165416923
868120165416931
868120165416949
868120165416956
868120165416964
868120165416972
868120165416980
868120165416998
868120165417004
868120165417012
868120165417020
868120165417038
868120165417046
868120165417053
868120165417061
868120165417079
868120165417087
868120165417095
868120165417103
868120165417111
868120165417129
868120165417137
868120165417145
868120165417152
868120165417160
868120165417178
868120165417186
868120165417194
868120165417202
868120165417210
868120165417228
868120165417236
868120165417244
868120165417251
868120165417269
868120165417277
868120165417285
868120165417293
868120165417301
868120165417319
868120165417327
868120165417335
868120165417343
868120165417350
868120165417368
868120165417376
868120165417384
868120165417392
868120165417400
868120165417418
868120165417426
868120165417434
868120165417442
868120165417459
868120165417467
868120165417475
868120165417483
868120165417491
868120165417509
868120165417517
868120165417525
868120165417533
868120165417541
868120165417558
868120165417566
868120165417574
868120165417582
868120165417590
868120165417608
868120165417616
868120165417624
868120165417632
868120165417640
868120165417657
868120165417665
868120165417673
868120165417681
868120165417699
868120165417707
868120165417715
868120165417723
868120165417731
868120165417749
868120165417756
868120165417764
868120165417772
868120165417780
868120165417798
868120165417806
868120165417814
868120165417822
868120165417830
868120165417848
868120165417855
868120165417863
868120165417871
868120165417889
868120165417897
868120165417905
868120165417913
868120165417921
868120165417939
868120165417947
868120165417954
868120165417962
868120165417970
868120165417988
868120165417996
868120165418002
868120165418010
868120165418028
868120165418036
868120165418044
868120165418051
868120165418069
868120165418077
868120165418085
868120165418093
868120165418101
868120165418119
868120165418127
868120165418135
868120165418143
868120165418150
868120165418168
868120165418176
868120165418184
868120165418192
868120165418200
868120165418218
868120165418226
868120165418234
868120165418242
868120165418259
868120165418267
868120165418275
868120165418283
868120165418291
868120165418309
868120165418317
868120165418325
868120165418333
868120165418341
868120165418358
868120165418366
868120165418374
868120165418382
868120165418390
868120165418408
868120165418416
868120165418424
868120165418432
868120165418440
868120165418457
868120165418465
868120165418473
868120165418481
868120165418499
868120165418507
868120165418515
868120165418523
868120165418531
868120165418549
868120165418556
868120165418564
868120165418572
868120165418580
868120165418598
868120165418606
868120165418614
868120165418622
868120165418630
868120165418648
868120165418655
868120165418663
868120165418671
868120165418689
868120165418697
868120165418705
868120165418713
868120165418721
868120165418739
868120165418747
868120165418754
868120165418762
868120165418770
868120165418788
868120165418796
868120165418804
868120165418812
868120165418820
868120165418838
868120165418846
868120165418853
868120165418861
868120165418879
868120165418887
868120165418895
868120165418903
868120165418911
868120165418929
868120165418937
868120165418945
868120165418952
868120165418960
868120165418978
868120165418986
868120165418994
868120165419000
868120165419018
868120165419026
868120165419034
868120165419042
868120165419059
868120165419067
868120165419075
868120165419083
868120165419091
868120165419109
868120165419117
868120165419125
868120165419133
868120165419141
868120165419158
868120165419166
868120165419174
868120165419182
868120165419190
868120165419208
868120165419216
868120165419224
868120165419232
868120165419240
868120165419257
868120165419265
868120165419273
868120165419281
868120165419299
868120165419307
868120165419315
868120165419323
868120165419331
868120165419349
868120165419356
868120165419364
868120165419372
868120165419380
868120165419398
868120165419406
868120165419414
868120165419422
868120165419430
868120165419448
868120165419455
868120165419463
868120165419471
868120165419489
868120165419497
868120165419505
868120165419513
868120165419521
868120165419539
868120165419547
868120165419554
868120165419562
868120165419570
868120165419588
868120165419596
868120165419604
868120165419612
868120165419620
868120165419638
868120165419646
868120165419653
868120165419661
868120165419679
868120165419687
868120165419695
868120165419703
868120165419711
868120165419729
868120165419737
868120165419745
868120165419752
868120165419760
868120165419778
868120165419786
868120165419794
868120165419802
868120165419810
868120165419828
868120165419836
