868120169543847
868120169543854
868120169543862
868120169543870
868120169543888
868120169543896
868120169543904
868120169543912
868120169543920
868120169543938
868120169543946
868120169543953
868120169543961
868120169543979
868120169543987
868120169543995
868120169544001
868120169544019
868120169544027
868120169544035
868120169544043
868120169544050
868120169544068
868120169544076
868120169544084
868120169544092
868120169544100
868120169544118
868120169544126
868120169544134
868120169544142
868120169544159
868120169544167
868120169544175
868120169544183
868120169544191
868120169544209
868120169544217
868120169544225
868120169544233
868120169544241
868120169544258
868120169544266
868120169544274
868120169544282
868120169544290
868120169544308
868120169544316
868120169544324
868120169544332
868120169544340
868120169544357
868120169544365
868120169544373
868120169544381
868120169544399
868120169544407
868120169544415
868120169544423
868120169544431
868120169544449
868120169544456
868120169544464
868120169544472
868120169544480
868120169544498
868120169544506
868120169544514
868120169544522
868120169544530
868120169544548
868120169544555
868120169544563
868120169544571
868120169544589
868120169544597
868120169544605
868120169544613
868120169544621
868120169544639
868120169544647
868120169544654
868120169544662
868120169544670
868120169544688
868120169544696
868120169544704
868120169544712
868120169544720
868120169544738
868120169544746
868120169544753
868120169544761
868120169544779
868120169544787
868120169544795
868120169544803
868120169544811
868120169544829
868120169544837
868120169544845
868120169544852
868120169544860
868120169544878
868120169544886
868120169544894
868120169544902
868120169544910
868120169544928
868120169544936
868120169544944
868120169544951
868120169544969
868120169544977
868120169544985
868120169544993
868120169545008
868120169545016
868120169545024
868120169545032
868120169545040
868120169545057
868120169545065
868120169545073
868120169545081
868120169545099
868120169545107
868120169545115
868120169545123
868120169545131
868120169545149
868120169545156
868120169545164
868120169545172
868120169545180
868120169545198
868120169545206
868120169545214
868120169545222
868120169545230
868120169545248
868120169545255
868120169545263
868120169545271
868120169545289
868120169545297
868120169545305
868120169545313
868120169545321
868120169545339
868120169545347
868120169545354
868120169545362
868120169545370
868120169545388
868120169545396
868120169545404
868120169545412
868120169545420
868120169545438
868120169545446
868120169545453
868120169545461
868120169545479
868120169545487
868120169545495
868120169545503
868120169545511
868120169545529
868120169545537
868120169545545
868120169545552
868120169545560
868120169545578
868120169545586
868120169545594
868120169545602
868120169545610
868120169545628
868120169545636
868120169545644
868120169545651
868120169545669
868120169545677
868120169545685
868120169545693
868120169545701
868120169545719
868120169545727
868120169545735
868120169545743
868120169545750
868120169545768
868120169545776
868120169545784
868120169545792
868120169545800
868120169545818
868120169545826
868120169545834
868120169545842
868120169545859
868120169545867
868120169545875
868120169545883
868120169545891
868120169545909
868120169545917
868120169545925
868120169545933
868120169545941
868120169545958
868120169545966
868120169545974
868120169545982
868120169545990
868120169546006
868120169546014
868120169546022
868120169546030
868120169546048
868120169546055
868120169546063
868120169546071
868120169546089
868120169546097
868120169546105
868120169546113
868120169546121
868120169546139
868120169546147
868120169546154
868120169546162
868120169546170
868120169546188
868120169546196
868120169546204
868120169546212
868120169546220
868120169546238
868120169546246
868120169546253
868120169546261
868120169546279
868120169546287
868120169546295
868120169546303
868120169546311
868120169546329
868120169546337
868120169546345
868120169546352
868120169546360
868120169546378
868120169546386
868120169546394
868120169546402
868120169546410
868120169546428
868120169546436
868120169546444
868120169546451
868120169546469
868120169546477
868120169546485
868120169546493
868120169546501
868120169546519
868120169546527
868120169546535
868120169546543
868120169546550
868120169546568
868120169546576
868120169546584
868120169546592
868120169546600
868120169546618
868120169546626
868120169546634
868120169546642
868120169546659
868120169546667
868120169546675
868120169546683
868120169546691
868120169546709
868120169546717
868120169546725
868120169546733
868120169546741
868120169546758
868120169546766
868120169546774
868120169546782
868120169546790
868120169546808
868120169546816
868120169546824
868120169546832
868120169546840
868120169546857
868120169546865
868120169546873
868120169546881
868120169546899
868120169546907
868120169546915
868120169546923
868120169546931
868120169546949
868120169546956
868120169546964
868120169546972
868120169546980
868120169546998
868120169547004
868120169547012
868120169547020
868120169547038
868120169547046
868120169547053
868120169547061
868120169547079
868120169547087
868120169547095
868120169547103
868120169547111
868120169547129
868120169547137
868120169547145
868120169547152
868120169547160
868120169547178
868120169547186
868120169547194
868120169547202
868120169547210
868120169547228
868120169547236
868120169547244
868120169547251
868120169547269
868120169547277
868120169547285
868120169547293
868120169547301
868120169547319
868120169547327
868120169547335
868120169547343
868120169547350
868120169547368
868120169547376
868120169547384
868120169547392
868120169547400
868120169547418
868120169547426
868120169547434
868120169547442
868120169547459
868120169547467
868120169547475
868120169547483
868120169547491
868120169547509
868120169547517
868120169547525
868120169547533
868120169547541
868120169547558
868120169547566
868120169547574
868120169547582
868120169547590
868120169547608
868120169547616
868120169547624
868120169547632
868120169547640
868120169547657
868120169547665
868120169547673
868120169547681
868120169547699
868120169547707
868120169547715
868120169547723
868120169547731
868120169547749
868120169547756
868120169547764
868120169547772
868120169547780
868120169547798
868120169547806
868120169547814
868120169547822
868120169547830
868120169547848
868120169547855
868120169547863
868120169547871
868120169547889
868120169547897
868120169547905
868120169547913
868120169547921
868120169547939
868120169547947
868120169547954
868120169547962
868120169547970
868120169547988
868120169547996
868120169548002
868120169548010
868120169548028
868120169548036
868120169548044
868120169548051
868120169548069
868120169548077
868120169548085
868120169548093
868120169548101
868120169548119
868120169548127
868120169548135
868120169548143
868120169548150
868120169548168
868120169548176
868120169548184
868120169548192
868120169548200
868120169548218
868120169548226
868120169548234
868120169548242
868120169548259
868120169548267
868120169548275
868120169548283
868120169548291
868120169548309
868120169548317
868120169548325
868120169548333
868120169548341
868120169548358
868120169548366
868120169548374
868120169548382
868120169548390
868120169548408
868120169548416
868120169548424
868120169548432
868120169548440
868120169548457
868120169548465
868120169548473
868120169548481
868120169548499
868120169548507
868120169548515
868120169548523
868120169548531
868120169548549
868120169548556
868120169548564
868120169548572
868120169548580
868120169548598
868120169548606
868120169548614
868120169548622
868120169548630
868120169548648
868120169548655
868120169548663
868120169548671
868120169548689
868120169548697
868120169548705
868120169548713
868120169548721
868120169548739
868120169548747
868120169548754
868120169548762
868120169548770
868120169548788
868120169548796
868120169548804
868120169548812
868120169548820
868120169548838
868120169548846
868120169548853
868120169548861
868120169548879
868120169548887
868120169548895
868120169548903
868120169548911
868120169548929
868120169548937
868120169548945
868120169548952
868120169548960
868120169548978
868120169548986
868120169548994
868120169549000
868120169549018
868120169549026
868120169549034
868120169549042
868120169549059
868120169549067
868120169549075
868120169549083
868120169549091
868120169549109
868120169549117
868120169549125
868120169549133
868120169549141
868120169549158
868120169549166
868120169549174
868120169549182
868120169549190
868120169549208
868120169549216
868120169549224
868120169549232
868120169549240
868120169549257
868120169549265
868120169549273
868120169549281
868120169549299
868120169549307
868120169549315
868120169549323
868120169549331
868120169549349
868120169549356
868120169549364
868120169549372
868120169549380
868120169549398
868120169549406
868120169549414
868120169549422
868120169549430
868120169549448
868120169549455
868120169549463
868120169549471
868120169549489
868120169549497
868120169549505
868120169549513
868120169549521
868120169549539
868120169549547
868120169549554
868120169549562
868120169549570
868120169549588
868120169549596
868120169549604
868120169549612
868120169549620
868120169549638
868120169549646
868120169549653
868120169549661
868120169549679
868120169549687
868120169549695
868120169549703
868120169549711
868120169549729
868120169549737
868120169549745
868120169549752
868120169549760
868120169549778
868120169549786
868120169549794
868120169549802
868120169549810
868120169549828
868120169549836
868120169549844
868120169549851
868120169549869
868120169549877
868120169549885
868120169549893
868120169549901
868120169549919
868120169549927
868120169549935
868120169549943
868120169549950
868120169549968
868120169549976
868120169549984
868120169549992
868120169550008
868120169550016
868120169550024
868120169550032
868120169550040
868120169550057
868120169550065
868120169550073
868120169550081
868120169550099
868120169550107
868120169550115
868120169550123
868120169550131
868120169550149
868120169550156
868120169550164
868120169550172
868120169550180
868120169550198
868120169550206
868120169550214
868120169550222
868120169550230
868120169550248
868120169550255
868120169550263
868120169550271
868120169550289
868120169550297
868120169550305
868120169550313
868120169550321
868120169550339
868120169550347
868120169550354
868120169550362
868120169550370
868120169550388
868120169550396
868120169550404
868120169550412
868120169550420
868120169550438
868120169550446
868120169550453
868120169550461
868120169550479
868120169550487
868120169550495
868120169550503
868120169550511
868120169550529
868120169550537
868120169550545
868120169550552
868120169550560
868120169550578
868120169550586
868120169550594
868120169550602
868120169550610
868120169550628
868120169550636
868120169550644
868120169550651
868120169550669
868120169550677
868120169550685
868120169550693
868120169550701
868120169550719
868120169550727
868120169550735
868120169550743
868120169550750
868120169550768
868120169550776
868120169550784
868120169550792
868120169550800
868120169550818
868120169550826
868120169550834
868120169550842
868120169550859
868120169550867
868120169550875
868120169550883
868120169550891
868120169550909
868120169550917
868120169550925
868120169550933
868120169550941
868120169550958
868120169550966
868120169550974
868120169550982
868120169550990
868120169551006
868120169551014
868120169551022
868120169551030
868120169551048
868120169551055
868120169551063
868120169551071
868120169551089
868120169551097
868120169551105
868120169551113
868120169551121
868120169551139
868120169551147
868120169551154
868120169551162
868120169551170
868120169551188
868120169551196
868120169551204
868120169551212
868120169551220
868120169551238
868120169551246
868120169551253
868120169551261
868120169551279
868120169551287
868120169551295
868120169551303
868120169551311
868120169551329
868120169551337
868120169551345
868120169551352
868120169551360
868120169551378
868120169551386
868120169551394
868120169551402
868120169551410
868120169551428
868120169551436
868120169551444
868120169551451
868120169551469
868120169551477
868120169551485
868120169551493
868120169551501
868120169551519
868120169551527
868120169551535
868120169551543
868120169551550
868120169551568
868120169551576
868120169551584
868120169551592
868120169551600
868120169551618
868120169551626
868120169551634
868120169551642
868120169551659
868120169551667
868120169551675
868120169551683
868120169551691
868120169551709
868120169551717
868120169551725
868120169551733
868120169551741
868120169551758
868120169551766
868120169551774
868120169551782
868120169551790
868120169551808
868120169551816
868120169551824
868120169551832
868120169551840
868120169551857
868120169551865
868120169551873
868120169551881
868120169551899
868120169551907
868120169551915
868120169551923
868120169551931
868120169551949
868120169551956
868120169551964
868120169551972
868120169551980
868120169551998
868120169552004
868120169552012
868120169552020
868120169552038
868120169552046
868120169552053
868120169552061
868120169552079
868120169552087
868120169552095
868120169552103
868120169552111
868120169552129
868120169552137
868120169552145
868120169552152
868120169552160
868120169552178
868120169552186
868120169552194
868120169552202
868120169552210
868120169552228
868120169552236
868120169552244
868120169552251
868120169552269
868120169552277
868120169552285
868120169552293
868120169552301
868120169552319
868120169552327
868120169552335
868120169552343
868120169552350
868120169552368
868120169552376
868120169552384
868120169552392
868120169552400
868120169552418
868120169552426
868120169552434
868120169552442
868120169552459
868120169552467
868120169552475
868120169552483
868120169552491
868120169552509
868120169552517
868120169552525
868120169552533
868120169552541
868120169552558
868120169552566
868120169552574
868120169552582
868120169552590
868120169552608
868120169552616
868120169552624
868120169552632
868120169552640
868120169552657
868120169552665
868120169552673
868120169552681
868120169552699
868120169552707
868120169552715
868120169552723
868120169552731
868120169552749
868120169552756
868120169552764
868120169552772
868120169552780
868120169552798
868120169552806
868120169552814
868120169552822
868120169552830
868120169552848
868120169552855
868120169552863
868120169552871
868120169552889
868120169552897
868120169552905
868120169552913
868120169552921
868120169552939
868120169552947
868120169552954
868120169552962
868120169552970
868120169552988
868120169552996
868120169553002
868120169553010
868120169553028
868120169553036
868120169553044
868120169553051
868120169553069
868120169553077
868120169553085
868120169553093
868120169553101
868120169553119
868120169553127
868120169553135
868120169553143
868120169553150
868120169553168
868120169553176
868120169553184
868120169553192
868120169553200
868120169553218
868120169553226
868120169553234
868120169553242
868120169553259
868120169553267
868120169553275
868120169553283
868120169553291
868120169553309
868120169553317
868120169553325
868120169553333
868120169553341
868120169553358
868120169553366
868120169553374
868120169553382
868120169553390
868120169553408
868120169553416
868120169553424
868120169553432
868120169553440
868120169553457
868120169553465
868120169553473
868120169553481
868120169553499
868120169553507
868120169553515
868120169553523
868120169553531
868120169553549
868120169553556
868120169553564
868120169553572
868120169553580
868120169553598
868120169553606
868120169553614
868120169553622
868120169553630
868120169553648
868120169553655
868120169553663
868120169553671
868120169553689
868120169553697
868120169553705
868120169553713
868120169553721
868120169553739
868120169553747
868120169553754
868120169553762
868120169553770
868120169553788
868120169553796
868120169553804
868120169553812
868120169553820
868120169553838
868120169553846
868120169553853
868120169553861
868120169553879
868120169553887
868120169553895
868120169553903
868120169553911
868120169553929
868120169553937
868120169553945
868120169553952
868120169553960
868120169553978
868120169553986
868120169553994
868120169554000
868120169554018
868120169554026
868120169554034
868120169554042
868120169554059
868120169554067
868120169554075
868120169554083
868120169554091
868120169554109
868120169554117
868120169554125
868120169554133
868120169554141
868120169554158
868120169554166
868120169554174
868120169554182
868120169554190
868120169554208
868120169554216
868120169554224
868120169554232
868120169554240
868120169554257
868120169554265
868120169554273
868120169554281
868120169554299
868120169554307
868120169554315
868120169554323
868120169554331
868120169554349
868120169554356
868120169554364
868120169554372
868120169554380
868120169554398
868120169554406
868120169554414
868120169554422
868120169554430
868120169554448
868120169554455
868120169554463
868120169554471
868120169554489
868120169554497
868120169554505
868120169554513
868120169554521
868120169554539
868120169554547
868120169554554
868120169554562
868120169554570
868120169554588
868120169554596
868120169554604
868120169554612
868120169554620
868120169554638
868120169554646
868120169554653
868120169554661
868120169554679
868120169554687
868120169554695
868120169554703
868120169554711
868120169554729
868120169554737
868120169554745
868120169554752
868120169554760
868120169554778
868120169554786
868120169554794
868120169554802
868120169554810
868120169554828
868120169554836
868120169554844
868120169554851
868120169554869
868120169554877
868120169554885
868120169554893
868120169554901
868120169554919
868120169554927
868120169554935
868120169554943
868120169554950
868120169554968
868120169554976
868120169554984
868120169554992
868120169555007
868120169555015
868120169555023
868120169555031
868120169555049
868120169555056
868120169555064
868120169555072
868120169555080
868120169555098
868120169555106
868120169555114
868120169555122
868120169555130
868120169555148
868120169555155
868120169555163
868120169555171
868120169555189
868120169555197
868120169555205
868120169555213
868120169555221
868120169555239
868120169555247
868120169555254
868120169555262
868120169555270
868120169555288
868120169555296
868120169555304
868120169555312
868120169555320
868120169555338
868120169555346
868120169555353
868120169555361
868120169555379
868120169555387
868120169555395
868120169555403
868120169555411
868120169555429
868120169555437
868120169555445
868120169555452
868120169555460
868120169555478
868120169555486
868120169555494
868120169555502
868120169555510
868120169555528
868120169555536
868120169555544
868120169555551
868120169555569
868120169555577
868120169555585
868120169555593
868120169555601
868120169555619
868120169555627
868120169555635
868120169555643
868120169555650
868120169555668
868120169555676
868120169555684
868120169555692
868120169555700
868120169555718
868120169555726
868120169555734
868120169555742
868120169555759
868120169555767
868120169555775
868120169555783
868120169555791
868120169555809
868120169555817
868120169555825
868120169555833
868120169555841
868120169555858
868120169555866
868120169555874
868120169555882
868120169555890
868120169555908
868120169555916
868120169555924
868120169555932
868120169555940
868120169555957
868120169555965
868120169555973
868120169555981
868120169555999
868120169556005
868120169556013
868120169556021
868120169556039
868120169556047
868120169556054
868120169556062
868120169556070
868120169556088
868120169556096
868120169556104
868120169556112
868120169556120
868120169556138
868120169556146
868120169556153
868120169556161
868120169556179
868120169556187
868120169556195
868120169556203
868120169556211
868120169556229
868120169556237
868120169556245
868120169556252
868120169556260
868120169556278
868120169556286
868120169556294
868120169556302
868120169556310
868120169556328
868120169556336
868120169556344
868120169556351
868120169556369
868120169556377
868120169556385
868120169556393
868120169556401
868120169556419
868120169556427
868120169556435
868120169556443
868120169556450
868120169556468
868120169556476
868120169556484
868120169556492
868120169556500
868120169556518
868120169556526
868120169556534
868120169556542
868120169556559
868120169556567
868120169556575
868120169556583
868120169556591
868120169556609
868120169556617
868120169556625
868120169556633
868120169556641
868120169556658
868120169556666
868120169556674
868120169556682
868120169556690
868120169556708
868120169556716
868120169556724
868120169556732
868120169556740
868120169556757
868120169556765
868120169556773
868120169556781
868120169556799
868120169556807
868120169556815
868120169556823
868120169556831
868120169556849
868120169556856
868120169556864
868120169556872
868120169556880
868120169556898
868120169556906
868120169556914
868120169556922
868120169556930
868120169556948
868120169556955
868120169556963
868120169556971
868120169556989
868120169556997
868120169557003
868120169557011
868120169557029
868120169557037
868120169557045
868120169557052
868120169557060
868120169557078
868120169557086
868120169557094
868120169557102
868120169557110
868120169557128
868120169557136
868120169557144
868120169557151
868120169557169
868120169557177
868120169557185
868120169557193
868120169557201
868120169557219
868120169557227
868120169557235
868120169557243
868120169557250
868120169557268
868120169557276
868120169557284
868120169557292
868120169557300
868120169557318
868120169557326
868120169557334
868120169557342
868120169557359
868120169557367
868120169557375
868120169557383
868120169557391
868120169557409
868120169557417
868120169557425
868120169557433
868120169557441
868120169557458
868120169557466
868120169557474
868120169557482
868120169557490
868120169557508
868120169557516
868120169557524
868120169557532
868120169557540
868120169557557
868120169557565
868120169557573
868120169557581
868120169557599
868120169557607
868120169557615
868120169557623
868120169557631
868120169557649
868120169557656
868120169557664
868120169557672
868120169557680
868120169557698
868120169557706
868120169557714
868120169557722
868120169557730
868120169557748
868120169557755
868120169557763
868120169557771
868120169557789
868120169557797
868120169557805
868120169557813
868120169557821
868120169557839
868120169557847
868120169557854
868120169557862
868120169557870
868120169557888
868120169557896
868120169557904
868120169557912
868120169557920
868120169557938
868120169557946
868120169557953
868120169557961
868120169557979
868120169557987
868120169557995
868120169558001
868120169558019
868120169558027
868120169558035
868120169558043
868120169558050
868120169558068
868120169558076
868120169558084
868120169558092
868120169558100
868120169558118
868120169558126
868120169558134
868120169558142
868120169558159
868120169558167
868120169558175
868120169558183
868120169558191
868120169558209
868120169558217
868120169558225
868120169558233
868120169558241
868120169558258
868120169558266
868120169558274
868120169558282
868120169558290
868120169558308
868120169558316
868120169558324
868120169558332
868120169558340
868120169558357
868120169558365
868120169558373
868120169558381
868120169558399
868120169558407
868120169558415
868120169558423
868120169558431
868120169558449
868120169558456
868120169558464
868120169558472
868120169558480
868120169558498
868120169558506
868120169558514
868120169558522
868120169558530
868120169558548
868120169558555
868120169558563
868120169558571
868120169558589
868120169558597
868120169558605
868120169558613
868120169558621
868120169558639
868120169558647
868120169558654
868120169558662
868120169558670
868120169558688
868120169558696
868120169558704
868120169558712
868120169558720
868120169558738
868120169558746
868120169558753
868120169558761
868120169558779
868120169558787
868120169558795
868120169558803
868120169558811
868120169558829
868120169558837
868120169558845
868120169558852
868120169558860
868120169558878
868120169558886
868120169558894
868120169558902
868120169558910
868120169558928
868120169558936
868120169558944
868120169558951
868120169558969
868120169558977
868120169558985
868120169558993
868120169559009
868120169559017
868120169559025
868120169559033
868120169559041
868120169559058
868120169559066
868120169559074
868120169559082
868120169559090
868120169559108
868120169559116
868120169559124
868120169559132
868120169559140
868120169559157
868120169559165
868120169559173
868120169559181
868120169559199
868120169559207
868120169559215
868120169559223
868120169559231
868120169559249
868120169559256
868120169559264
868120169559272
868120169559280
868120169559298
868120169559306
868120169559314
868120169559322
868120169559330
868120169559348
868120169559355
868120169559363
868120169559371
868120169559389
868120169559397
868120169559405
868120169559413
868120169559421
868120169559439
868120169559447
868120169559454
868120169559462
868120169559470
868120169559488
868120169559496
868120169559504
868120169559512
868120169559520
868120169559538
868120169559546
868120169559553
868120169559561
868120169559579
868120169559587
868120169559595
868120169559603
868120169559611
868120169559629
868120169559637
868120169559645
868120169559652
868120169559660
868120169559678
868120169559686
868120169559694
868120169559702
868120169559710
868120169559728
868120169559736
868120169559744
868120169559751
868120169559769
868120169559777
868120169559785
868120169559793
868120169559801
868120169559819
868120169559827
868120169559835
868120169559843
868120169559850
868120169559868
868120169559876
868120169559884
868120169559892
868120169559900
868120169559918
868120169559926
868120169559934
868120169559942
868120169559959
868120169559967
868120169559975
868120169559983
868120169559991
868120169560007
868120169560015
868120169560023
868120169560031
868120169560049
868120169560056
868120169560064
868120169560072
868120169560080
868120169560098
868120169560106
868120169560114
868120169560122
868120169560130
868120169560148
868120169560155
868120169560163
868120169560171
868120169560189
868120169560197
868120169560205
868120169560213
868120169560221
868120169560239
868120169560247
868120169560254
868120169560262
868120169560270
868120169560288
868120169560296
868120169560304
868120169560312
868120169560320
868120169560338
868120169560346
868120169560353
868120169560361
868120169560379
868120169560387
868120169560395
868120169560403
868120169560411
868120169560429
868120169560437
868120169560445
868120169560452
868120169560460
868120169560478
868120169560486
868120169560494
868120169560502
868120169560510
868120169560528
868120169560536
868120169560544
868120169560551
868120169560569
868120169560577
868120169560585
868120169560593
868120169560601
868120169560619
868120169560627
868120169560635
868120169560643
868120169560650
868120169560668
868120169560676
868120169560684
868120169560692
868120169560700
868120169560718
868120169560726
868120169560734
868120169560742
868120169560759
868120169560767
868120169560775
868120169560783
868120169560791
868120169560809
868120169560817
868120169560825
868120169560833
868120169560841
868120169560858
868120169560866
868120169560874
868120169560882
868120169560890
868120169560908
868120169560916
868120169560924
868120169560932
868120169560940
868120169560957
868120169560965
868120169560973
868120169560981
868120169560999
868120169561005
868120169561013
868120169561021
868120169561039
868120169561047
868120169561054
868120169561062
868120169561070
868120169561088
868120169561096
868120169561104
868120169561112
868120169561120
868120169561138
868120169561146
868120169561153
868120169561161
868120169561179
868120169561187
868120169561195
868120169561203
868120169561211
868120169561229
868120169561237
868120169561245
868120169561252
868120169561260
868120169561278
868120169561286
868120169561294
868120169561302
868120169561310
868120169561328
868120169561336
868120169561344
868120169561351
868120169561369
868120169561377
868120169561385
868120169561393
868120169561401
868120169561419
868120169561427
868120169561435
868120169561443
868120169561450
868120169561468
868120169561476
868120169561484
868120169561492
868120169561500
868120169561518
868120169561526
868120169561534
868120169561542
868120169561559
868120169561567
868120169561575
868120169561583
868120169561591
868120169561609
868120169561617
868120169561625
868120169561633
868120169561641
868120169561658
868120169561666
868120169561674
868120169561682
868120169561690
868120169561708
868120169561716
868120169561724
868120169561732
868120169561740
868120169561757
868120169561765
868120169561773
868120169561781
868120169561799
868120169561807
868120169561815
868120169561823
868120169561831
868120169561849
868120169561856
868120169561864
868120169561872
868120169561880
868120169561898
868120169561906
868120169561914
868120169561922
868120169561930
868120169561948
868120169561955
868120169561963
868120169561971
868120169561989
868120169561997
868120169562003
868120169562011
868120169562029
868120169562037
868120169562045
868120169562052
868120169562060
868120169562078
868120169562086
868120169562094
868120169562102
868120169562110
868120169562128
868120169562136
868120169562144
868120169562151
868120169562169
868120169562177
868120169562185
868120169562193
868120169562201
868120169562219
868120169562227
868120169562235
868120169562243
868120169562250
868120169562268
868120169562276
868120169562284
868120169562292
868120169562300
868120169562318
868120169562326
868120169562334
868120169562342
868120169562359
868120169562367
868120169562375
868120169562383
868120169562391
868120169562409
868120169562417
868120169562425
868120169562433
868120169562441
868120169562458
868120169562466
868120169562474
868120169562482
868120169562490
868120169562508
868120169562516
868120169562524
868120169562532
868120169562540
868120169562557
868120169562565
868120169562573
868120169562581
868120169562599
868120169562607
868120169562615
868120169562623
868120169562631
868120169562649
868120169562656
868120169562664
868120169562672
868120169562680
868120169562698
868120169562706
868120169562714
868120169562722
868120169562730
868120169562748
868120169562755
868120169562763
868120169562771
868120169562789
868120169562797
868120169562805
868120169562813
868120169562821
868120169562839
868120169562847
868120169562854
868120169562862
868120169562870
868120169562888
868120169562896
868120169562904
868120169562912
868120169562920
868120169562938
868120169562946
868120169562953
868120169562961
868120169562979
868120169562987
868120169562995
868120169563001
868120169563019
868120169563027
868120169563035
868120169563043
868120169563050
868120169563068
868120169563076
868120169563084
868120169563092
868120169563100
868120169563118
868120169563126
868120169563134
868120169563142
868120169563159
868120169563167
868120169563175
868120169563183
868120169563191
868120169563209
868120169563217
868120169563225
868120169563233
868120169563241
868120169563258
868120169563266
868120169563274
868120169563282
868120169563290
868120169563308
868120169563316
868120169563324
868120169563332
868120169563340
868120169563357
868120169563365
868120169563373
868120169563381
868120169563399
868120169563407
868120169563415
868120169563423
868120169563431
868120169563449
868120169563456
868120169563464
868120169563472
868120169563480
868120169563498
868120169563506
868120169563514
868120169563522
868120169563530
868120169563548
868120169563555
868120169563563
868120169563571
868120169563589
868120169563597
868120169563605
868120169563613
868120169563621
868120169563639
868120169563647
868120169563654
868120169563662
868120169563670
868120169563688
868120169563696
868120169563704
868120169563712
868120169563720
868120169563738
868120169563746
868120169563753
868120169563761
868120169563779
868120169563787
868120169563795
868120169563803
868120169563811
868120169563829
868120169563837
868120169563845
868120169563852
868120169563860
868120169563878
868120169563886
868120169563894
868120169563902
868120169563910
868120169563928
868120169563936
868120169563944
868120169563951
868120169563969
868120169563977
868120169563985
868120169563993
868120169564009
868120169564017
868120169564025
868120169564033
868120169564041
868120169564058
868120169564066
868120169564074
868120169564082
868120169564090
868120169564108
868120169564116
868120169564124
868120169564132
868120169564140
868120169564157
868120169564165
868120169564173
868120169564181
868120169564199
868120169564207
868120169564215
868120169564223
868120169564231
868120169564249
868120169564256
868120169564264
868120169564272
868120169564280
868120169564298
868120169564306
868120169564314
868120169564322
868120169564330
868120169564348
868120169564355
868120169564363
868120169564371
868120169564389
868120169564397
868120169564405
868120169564413
868120169564421
868120169564439
868120169564447
868120169564454
868120169564462
868120169564470
868120169564488
868120169564496
868120169564504
868120169564512
868120169564520
868120169564538
868120169564546
868120169564553
868120169564561
868120169564579
868120169564587
868120169564595
868120169564603
868120169564611
868120169564629
868120169564637
868120169564645
868120169564652
868120169564660
868120169564678
868120169564686
868120169564694
868120169564702
868120169564710
868120169564728
868120169564736
868120169564744
868120169564751
868120169564769
868120169564777
868120169564785
868120169564793
868120169564801
868120169564819
868120169564827
868120169564835
868120169564843
868120169564850
868120169564868
868120169564876
868120169564884
868120169564892
868120169564900
868120169564918
868120169564926
868120169564934
868120169564942
868120169564959
868120169564967
868120169564975
868120169564983
868120169564991
868120169565006
868120169565014
868120169565022
868120169565030
868120169565048
868120169565055
868120169565063
868120169565071
868120169565089
868120169565097
868120169565105
868120169565113
868120169565121
868120169565139
868120169565147
868120169565154
868120169565162
868120169565170
868120169565188
868120169565196
868120169565204
868120169565212
868120169565220
868120169565238
868120169565246
868120169565253
868120169565261
868120169565279
868120169565287
868120169565295
868120169565303
868120169565311
868120169565329
868120169565337
868120169565345
868120169565352
868120169565360
868120169565378
868120169565386
868120169565394
868120169565402
868120169565410
868120169565428
868120169565436
868120169565444
868120169565451
868120169565469
868120169565477
868120169565485
868120169565493
868120169565501
868120169565519
868120169565527
868120169565535
868120169565543
868120169565550
868120169565568
868120169565576
868120169565584
868120169565592
868120169565600
868120169565618
868120169565626
868120169565634
868120169565642
868120169565659
868120169565667
868120169565675
868120169565683
868120169565691
868120169565709
868120169565717
868120169565725
868120169565733
868120169565741
868120169565758
868120169565766
868120169565774
868120169565782
868120169565790
868120169565808
868120169565816
868120169565824
868120169565832
868120169565840
868120169565857
868120169565865
868120169565873
868120169565881
868120169565899
868120169565907
868120169565915
868120169565923
868120169565931
868120169565949
868120169565956
868120169565964
868120169565972
868120169565980
868120169565998
868120169566004
868120169566012
868120169566020
868120169566038
868120169566046
868120169566053
868120169566061
868120169566079
868120169566087
868120169566095
868120169566103
868120169566111
868120169566129
868120169566137
868120169566145
868120169566152
868120169566160
868120169566178
868120169566186
868120169566194
868120169566202
868120169566210
868120169566228
868120169566236
868120169566244
868120169566251
868120169566269
868120169566277
868120169566285
868120169566293
868120169566301
868120169566319
868120169566327
868120169566335
868120169566343
868120169566350
868120169566368
868120169566376
868120169566384
868120169566392
868120169566400
868120169566418
868120169566426
868120169566434
868120169566442
868120169566459
868120169566467
868120169566475
868120169566483
868120169566491
868120169566509
868120169566517
868120169566525
868120169566533
868120169566541
868120169566558
868120169566566
868120169566574
868120169566582
868120169566590
868120169566608
868120169566616
868120169566624
868120169566632
868120169566640
868120169566657
868120169566665
868120169566673
868120169566681
868120169566699
868120169566707
868120169566715
868120169566723
868120169566731
868120169566749
868120169566756
868120169566764
868120169566772
868120169566780
868120169566798
868120169566806
868120169566814
868120169566822
868120169566830
868120169566848
868120169566855
868120169566863
868120169566871
868120169566889
868120169566897
868120169566905
868120169566913
868120169566921
868120169566939
868120169566947
868120169566954
868120169566962
868120169566970
868120169566988
868120169566996
868120169567002
868120169567010
868120169567028
868120169567036
868120169567044
868120169567051
868120169567069
868120169567077
868120169567085
868120169567093
868120169567101
868120169567119
868120169567127
868120169567135
868120169567143
868120169567150
868120169567168
868120169567176
868120169567184
868120169567192
868120169567200
868120169567218
868120169567226
868120169567234
868120169567242
868120169567259
868120169567267
868120169567275
868120169567283
868120169567291
868120169567309
868120169567317
868120169567325
868120169567333
868120169567341
868120169567358
868120169567366
868120169567374
868120169567382
868120169567390
868120169567408
868120169567416
868120169567424
868120169567432
868120169567440
868120169567457
868120169567465
868120169567473
868120169567481
868120169567499
868120169567507
868120169567515
868120169567523
868120169567531
868120169567549
868120169567556
868120169567564
868120169567572
868120169567580
868120169567598
868120169567606
868120169567614
868120169567622
868120169567630
868120169567648
868120169567655
868120169567663
868120169567671
868120169567689
868120169567697
868120169567705
868120169567713
868120169567721
868120169567739
868120169567747
868120169567754
868120169567762
868120169567770
868120169567788
868120169567796
868120169567804
868120169567812
868120169567820
868120169567838
868120169567846
868120169567853
868120169567861
868120169567879
868120169567887
868120169567895
868120169567903
868120169567911
868120169567929
868120169567937
868120169567945
868120169567952
868120169567960
868120169567978
868120169567986
868120169567994
868120169568000
868120169568018
868120169568026
868120169568034
868120169568042
868120169568059
868120169568067
868120169568075
868120169568083
868120169568091
868120169568109
868120169568117
868120169568125
868120169568133
868120169568141
868120169568158
868120169568166
868120169568174
868120169568182
868120169568190
868120169568208
868120169568216
868120169568224
868120169568232
868120169568240
868120169568257
868120169568265
868120169568273
868120169568281
868120169568299
868120169568307
868120169568315
868120169568323
868120169568331
868120169568349
868120169568356
868120169568364
868120169568372
868120169568380
868120169568398
868120169568406
868120169568414
868120169568422
868120169568430
868120169568448
868120169568455
868120169568463
868120169568471
868120169568489
868120169568497
868120169568505
868120169568513
868120169568521
868120169568539
868120169568547
868120169568554
868120169568562
868120169568570
868120169568588
868120169568596
868120169568604
868120169568612
868120169568620
868120169568638
868120169568646
868120169568653
868120169568661
868120169568679
868120169568687
868120169568695
868120169568703
868120169568711
868120169568729
868120169568737
868120169568745
868120169568752
868120169568760
868120169568778
868120169568786
868120169568794
868120169568802
868120169568810
868120169568828
868120169568836
868120169568844
868120169568851
868120169568869
868120169568877
868120169568885
868120169568893
868120169568901
868120169568919
868120169568927
868120169568935
868120169568943
868120169568950
868120169568968
868120169568976
868120169568984
868120169568992
868120169569008
868120169569016
868120169569024
868120169569032
868120169569040
868120169569057
868120169569065
868120169569073
868120169569081
868120169569099
868120169569107
868120169569115
868120169569123
868120169569131
868120169569149
868120169569156
868120169569164
868120169569172
868120169569180
868120169569198
868120169569206
868120169569214
868120169569222
868120169569230
868120169569248
868120169569255
868120169569263
868120169569271
868120169569289
868120169569297
868120169569305
868120169569313
868120169569321
868120169569339
868120169569347
868120169569354
868120169569362
868120169569370
868120169569388
868120169569396
868120169569404
868120169569412
868120169569420
868120169569438
868120169569446
868120169569453
868120169569461
868120169569479
868120169569487
868120169569495
868120169569503
868120169569511
868120169569529
868120169569537
868120169569545
868120169569552
868120169569560
868120169569578
868120169569586
868120169569594
868120169569602
868120169569610
868120169569628
868120169569636
868120169569644
868120169569651
868120169569669
868120169569677
868120169569685
868120169569693
868120169569701
868120169569719
868120169569727
868120169569735
868120169569743
868120169569750
868120169569768
868120169569776
868120169569784
868120169569792
868120169569800
868120169569818
868120169569826
868120169569834
868120169569842
868120169569859
868120169569867
868120169569875
868120169569883
868120169569891
868120169569909
868120169569917
868120169569925
868120169569933
868120169569941
868120169569958
868120169569966
868120169569974
868120169569982
868120169569990
868120169570006
868120169570014
868120169570022
868120169570030
868120169570048
868120169570055
868120169570063
868120169570071
868120169570089
868120169570097
868120169570105
868120169570113
868120169570121
868120169570139
868120169570147
868120169570154
868120169570162
868120169570170
868120169570188
868120169570196
868120169570204
868120169570212
868120169570220
868120169570238
868120169570246
868120169570253
868120169570261
868120169570279
868120169570287
868120169570295
868120169570303
868120169570311
868120169570329
868120169570337
868120169570345
868120169570352
868120169570360
868120169570378
868120169570386
868120169570394
868120169570402
868120169570410
868120169570428
868120169570436
868120169570444
868120169570451
868120169570469
868120169570477
868120169570485
868120169570493
868120169570501
868120169570519
868120169570527
868120169570535
868120169570543
868120169570550
868120169570568
868120169570576
868120169570584
868120169570592
868120169570600
868120169570618
868120169570626
868120169570634
868120169570642
868120169570659
868120169570667
868120169570675
868120169570683
868120169570691
868120169570709
868120169570717
868120169570725
868120169570733
868120169570741
868120169570758
868120169570766
868120169570774
868120169570782
868120169570790
868120169570808
868120169570816
868120169570824
868120169570832
868120169570840
868120169570857
868120169570865
868120169570873
868120169570881
868120169570899
868120169570907
868120169570915
868120169570923
868120169570931
868120169570949
868120169570956
868120169570964
868120169570972
868120169570980
868120169570998
868120169571004
868120169571012
868120169571020
868120169571038
868120169571046
868120169571053
868120169571061
868120169571079
868120169571087
868120169571095
868120169571103
868120169571111
868120169571129
868120169571137
868120169571145
868120169571152
868120169571160
868120169571178
868120169571186
868120169571194
868120169571202
868120169571210
868120169571228
868120169571236
868120169571244
868120169571251
868120169571269
868120169571277
868120169571285
868120169571293
868120169571301
868120169571319
868120169571327
868120169571335
868120169571343
868120169571350
868120169571368
868120169571376
868120169571384
868120169571392
868120169571400
868120169571418
868120169571426
868120169571434
868120169571442
868120169571459
868120169571467
868120169571475
868120169571483
868120169571491
868120169571509
868120169571517
868120169571525
868120169571533
868120169571541
868120169571558
868120169571566
868120169571574
868120169571582
868120169571590
868120169571608
868120169571616
868120169571624
868120169571632
868120169571640
868120169571657
868120169571665
868120169571673
868120169571681
868120169571699
868120169571707
868120169571715
868120169571723
868120169571731
868120169571749
868120169571756
868120169571764
868120169571772
868120169571780
868120169571798
868120169571806
868120169571814
868120169571822
868120169571830
868120169571848
868120169571855
868120169571863
868120169571871
868120169571889
868120169571897
868120169571905
868120169571913
868120169571921
868120169571939
868120169571947
868120169571954
868120169571962
868120169571970
868120169571988
868120169571996
868120169572002
868120169572010
868120169572028
868120169572036
868120169572044
868120169572051
868120169572069
868120169572077
868120169572085
868120169572093
868120169572101
868120169572119
868120169572127
868120169572135
868120169572143
868120169572150
868120169572168
868120169572176
868120169572184
868120169572192
868120169572200
868120169572218
868120169572226
868120169572234
868120169572242
868120169572259
868120169572267
868120169572275
868120169572283
868120169572291
868120169572309
868120169572317
868120169572325
868120169572333
868120169572341
868120169572358
868120169572366
868120169572374
868120169572382
868120169572390
868120169572408
868120169572416
868120169572424
868120169572432
868120169572440
868120169572457
868120169572465
868120169572473
868120169572481
868120169572499
868120169572507
868120169572515
868120169572523
868120169572531
868120169572549
868120169572556
868120169572564
868120169572572
868120169572580
868120169572598
868120169572606
868120169572614
868120169572622
868120169572630
868120169572648
868120169572655
868120169572663
868120169572671
868120169572689
868120169572697
868120169572705
868120169572713
868120169572721
868120169572739
868120169572747
868120169572754
868120169572762
868120169572770
868120169572788
868120169572796
868120169572804
868120169572812
868120169572820
868120169572838
868120169572846
868120169572853
868120169572861
868120169572879
868120169572887
868120169572895
868120169572903
868120169572911
868120169572929
868120169572937
868120169572945
868120169572952
868120169572960
868120169572978
868120169572986
868120169572994
868120169573000
868120169573018
868120169573026
868120169573034
868120169573042
868120169573059
868120169573067
868120169573075
868120169573083
868120169573091
868120169573109
868120169573117
868120169573125
868120169573133
868120169573141
868120169573158
868120169573166
868120169573174
868120169573182
868120169573190
868120169573208
868120169573216
868120169573224
868120169573232
868120169573240
868120169573257
868120169573265
868120169573273
868120169573281
868120169573299
868120169573307
868120169573315
868120169573323
868120169573331
868120169573349
868120169573356
868120169573364
868120169573372
868120169573380
868120169573398
868120169573406
868120169573414
868120169573422
868120169573430
868120169573448
868120169573455
868120169573463
868120169573471
868120169573489
868120169573497
868120169573505
868120169573513
868120169573521
868120169573539
868120169573547
868120169573554
868120169573562
868120169573570
868120169573588
868120169573596
868120169573604
868120169573612
868120169573620
868120169573638
868120169573646
868120169573653
868120169573661
868120169573679
868120169573687
868120169573695
868120169573703
868120169573711
868120169573729
868120169573737
868120169573745
868120169573752
868120169573760
868120169573778
868120169573786
868120169573794
868120169573802
868120169573810
868120169573828
868120169573836
868120169573844
868120169573851
868120169573869
868120169573877
868120169573885
868120169573893
868120169573901
868120169573919
868120169573927
868120169573935
868120169573943
868120169573950
868120169573968
868120169573976
868120169573984
868120169573992
868120169574008
868120169574016
868120169574024
868120169574032
868120169574040
868120169574057
868120169574065
868120169574073
868120169574081
868120169574099
868120169574107
868120169574115
868120169574123
868120169574131
868120169574149
868120169574156
868120169574164
868120169574172
868120169574180
868120169574198
868120169574206
868120169574214
868120169574222
868120169574230
868120169574248
868120169574255
868120169574263
868120169574271
868120169574289
868120169574297
868120169574305
868120169574313
868120169574321
868120169574339
868120169574347
868120169574354
868120169574362
868120169574370
868120169574388
868120169574396
868120169574404
868120169574412
868120169574420
868120169574438
868120169574446
868120169574453
868120169574461
868120169574479
868120169574487
868120169574495
868120169574503
868120169574511
868120169574529
868120169574537
868120169574545
868120169574552
868120169574560
868120169574578
868120169574586
868120169574594
868120169574602
868120169574610
868120169574628
868120169574636
868120169574644
868120169574651
868120169574669
868120169574677
868120169574685
868120169574693
868120169574701
868120169574719
868120169574727
868120169574735
868120169574743
868120169574750
868120169574768
868120169574776
868120169574784
868120169574792
868120169574800
868120169574818
868120169574826
868120169574834
868120169574842
868120169574859
868120169574867
868120169574875
868120169574883
868120169574891
868120169574909
868120169574917
868120169574925
868120169574933
868120169574941
868120169574958
868120169574966
868120169574974
868120169574982
868120169574990
868120169575005
868120169575013
868120169575021
868120169575039
868120169575047
868120169575054
868120169575062
868120169575070
868120169575088
868120169575096
868120169575104
868120169575112
868120169575120
868120169575138
868120169575146
868120169575153
868120169575161
868120169575179
868120169575187
868120169575195
868120169575203
868120169575211
868120169575229
868120169575237
868120169575245
868120169575252
868120169575260
868120169575278
868120169575286
868120169575294
868120169575302
868120169575310
868120169575328
868120169575336
868120169575344
868120169575351
868120169575369
868120169575377
868120169575385
868120169575393
868120169575401
868120169575419
868120169575427
868120169575435
868120169575443
868120169575450
868120169575468
868120169575476
868120169575484
868120169575492
868120169575500
868120169575518
868120169575526
868120169575534
868120169575542
868120169575559
868120169575567
868120169575575
868120169575583
868120169575591
868120169575609
868120169575617
868120169575625
868120169575633
868120169575641
868120169575658
868120169575666
868120169575674
868120169575682
868120169575690
868120169575708
868120169575716
868120169575724
868120169575732
868120169575740
868120169575757
868120169575765
868120169575773
868120169575781
868120169575799
868120169575807
868120169575815
868120169575823
868120169575831
868120169575849
868120169575856
868120169575864
868120169575872
868120169575880
868120169575898
868120169575906
868120169575914
868120169575922
868120169575930
868120169575948
868120169575955
868120169575963
868120169575971
868120169575989
868120169575997
868120169576003
868120169576011
868120169576029
868120169576037
868120169576045
868120169576052
868120169576060
868120169576078
868120169576086
868120169576094
868120169576102
868120169576110
868120169576128
868120169576136
868120169576144
868120169576151
868120169576169
868120169576177
868120169576185
868120169576193
868120169576201
868120169576219
868120169576227
868120169576235
868120169576243
868120169576250
868120169576268
868120169576276
868120169576284
868120169576292
868120169576300
868120169576318
868120169576326
868120169576334
868120169576342
868120169576359
868120169576367
868120169576375
868120169576383
868120169576391
868120169576409
868120169576417
868120169576425
868120169576433
868120169576441
868120169576458
868120169576466
868120169576474
868120169576482
868120169576490
868120169576508
868120169576516
868120169576524
868120169576532
868120169576540
868120169576557
868120169576565
868120169576573
868120169576581
868120169576599
868120169576607
868120169576615
868120169576623
868120169576631
868120169576649
868120169576656
868120169576664
868120169576672
868120169576680
868120169576698
868120169576706
868120169576714
868120169576722
868120169576730
868120169576748
868120169576755
868120169576763
868120169576771
868120169576789
868120169576797
868120169576805
868120169576813
868120169576821
868120169576839
868120169576847
868120169576854
868120169576862
868120169576870
868120169576888
868120169576896
868120169576904
868120169576912
868120169576920
868120169576938
868120169576946
868120169576953
868120169576961
868120169576979
868120169576987
868120169576995
868120169577001
868120169577019
868120169577027
868120169577035
868120169577043
868120169577050
868120169577068
868120169577076
868120169577084
868120169577092
868120169577100
868120169577118
868120169577126
868120169577134
868120169577142
868120169577159
868120169577167
868120169577175
868120169577183
868120169577191
868120169577209
868120169577217
868120169577225
868120169577233
868120169577241
868120169577258
868120169577266
868120169577274
868120169577282
868120169577290
868120169577308
868120169577316
868120169577324
868120169577332
868120169577340
868120169577357
868120169577365
868120169577373
868120169577381
868120169577399
868120169577407
868120169577415
868120169577423
868120169577431
868120169577449
868120169577456
868120169577464
868120169577472
868120169577480
868120169577498
868120169577506
868120169577514
868120169577522
868120169577530
868120169577548
868120169577555
868120169577563
868120169577571
868120169577589
868120169577597
868120169577605
868120169577613
868120169577621
868120169577639
868120169577647
868120169577654
868120169577662
868120169577670
868120169577688
868120169577696
868120169577704
868120169577712
868120169577720
868120169577738
868120169577746
868120169577753
868120169577761
868120169577779
868120169577787
868120169577795
868120169577803
868120169577811
868120169577829
868120169577837
868120169577845
868120169577852
868120169577860
868120169577878
868120169577886
868120169577894
868120169577902
868120169577910
868120169577928
868120169577936
868120169577944
868120169577951
868120169577969
868120169577977
868120169577985
868120169577993
868120169578009
868120169578017
868120169578025
868120169578033
868120169578041
868120169578058
868120169578066
868120169578074
868120169578082
868120169578090
868120169578108
868120169578116
868120169578124
868120169578132
868120169578140
868120169578157
868120169578165
868120169578173
868120169578181
868120169578199
868120169578207
868120169578215
868120169578223
868120169578231
868120169578249
868120169578256
868120169578264
868120169578272
868120169578280
868120169578298
868120169578306
868120169578314
868120169578322
868120169578330
868120169578348
868120169578355
868120169578363
868120169578371
868120169578389
868120169578397
868120169578405
868120169578413
868120169578421
868120169578439
868120169578447
868120169578454
868120169578462
868120169578470
868120169578488
868120169578496
868120169578504
868120169578512
868120169578520
868120169578538
868120169578546
868120169578553
868120169578561
868120169578579
868120169578587
868120169578595
868120169578603
868120169578611
868120169578629
868120169578637
868120169578645
868120169578652
868120169578660
868120169578678
868120169578686
868120169578694
868120169578702
868120169578710
868120169578728
868120169578736
868120169578744
868120169578751
868120169578769
868120169578777
868120169578785
868120169578793
868120169578801
868120169578819
868120169578827
868120169578835
868120169578843
868120169578850
868120169578868
868120169578876
868120169578884
868120169578892
868120169578900
868120169578918
868120169578926
868120169578934
868120169578942
868120169578959
868120169578967
868120169578975
868120169578983
868120169578991
868120169579007
868120169579015
868120169579023
868120169579031
868120169579049
868120169579056
868120169579064
868120169579072
868120169579080
868120169579098
868120169579106
868120169579114
868120169579122
868120169579130
868120169579148
868120169579155
868120169579163
868120169579171
868120169579189
868120169579197
868120169579205
868120169579213
868120169579221
868120169579239
868120169579247
868120169579254
868120169579262
868120169579270
868120169579288
868120169579296
868120169579304
868120169579312
868120169579320
868120169579338
868120169579346
868120169579353
868120169579361
868120169579379
868120169579387
868120169579395
868120169579403
868120169579411
868120169579429
868120169579437
868120169579445
868120169579452
868120169579460
868120169579478
868120169579486
868120169579494
868120169579502
868120169579510
868120169579528
868120169579536
868120169579544
868120169579551
868120169579569
868120169579577
868120169579585
868120169579593
868120169579601
868120169579619
868120169579627
868120169579635
868120169579643
868120169579650
868120169579668
868120169579676
868120169579684
868120169579692
868120169579700
868120169579718
868120169579726
868120169579734
868120169579742
868120169579759
868120169579767
868120169579775
868120169579783
868120169579791
868120169579809
868120169579817
868120169579825
868120169579833
868120169579841
868120169579858
868120169579866
868120169579874
868120169579882
868120169579890
868120169579908
868120169579916
868120169579924
868120169579932
868120169579940
868120169579957
868120169579965
868120169579973
868120169579981
868120169579999
868120169580005
868120169580013
868120169580021
868120169580039
868120169580047
868120169580054
868120169580062
868120169580070
868120169580088
868120169580096
868120169580104
868120169580112
868120169580120
868120169580138
868120169580146
868120169580153
868120169580161
868120169580179
868120169580187
868120169580195
868120169580203
868120169580211
868120169580229
868120169580237
868120169580245
868120169580252
868120169580260
868120169580278
868120169580286
868120169580294
868120169580302
868120169580310
868120169580328
868120169580336
868120169580344
868120169580351
868120169580369
868120169580377
868120169580385
868120169580393
868120169580401
868120169580419
868120169580427
868120169580435
868120169580443
868120169580450
868120169580468
868120169580476
868120169580484
868120169580492
868120169580500
868120169580518
868120169580526
868120169580534
868120169580542
868120169580559
868120169580567
868120169580575
868120169580583
868120169580591
868120169580609
868120169580617
868120169580625
868120169580633
868120169580641
868120169580658
868120169580666
868120169580674
868120169580682
868120169580690
868120169580708
868120169580716
868120169580724
868120169580732
868120169580740
868120169580757
868120169580765
868120169580773
868120169580781
868120169580799
868120169580807
868120169580815
868120169580823
868120169580831
868120169580849
868120169580856
868120169580864
868120169580872
868120169580880
868120169580898
868120169580906
868120169580914
868120169580922
868120169580930
868120169580948
868120169580955
868120169580963
868120169580971
868120169580989
868120169580997
868120169581003
868120169581011
868120169581029
868120169581037
868120169581045
868120169581052
868120169581060
868120169581078
868120169581086
868120169581094
868120169581102
868120169581110
868120169581128
868120169581136
868120169581144
868120169581151
868120169581169
868120169581177
868120169581185
868120169581193
868120169581201
868120169581219
868120169581227
868120169581235
868120169581243
868120169581250
868120169581268
868120169581276
868120169581284
868120169581292
868120169581300
868120169581318
868120169581326
868120169581334
868120169581342
868120169581359
868120169581367
868120169581375
868120169581383
868120169581391
868120169581409
868120169581417
868120169581425
868120169581433
868120169581441
868120169581458
868120169581466
868120169581474
868120169581482
868120169581490
868120169581508
868120169581516
868120169581524
868120169581532
868120169581540
868120169581557
868120169581565
868120169581573
868120169581581
868120169581599
868120169581607
868120169581615
868120169581623
868120169581631
868120169581649
868120169581656
868120169581664
868120169581672
868120169581680
868120169581698
868120169581706
868120169581714
868120169581722
868120169581730
868120169581748
868120169581755
868120169581763
868120169581771
868120169581789
868120169581797
868120169581805
868120169581813
868120169581821
868120169581839
868120169581847
868120169581854
868120169581862
868120169581870
868120169581888
868120169581896
868120169581904
868120169581912
868120169581920
868120169581938
868120169581946
868120169581953
868120169581961
868120169581979
868120169581987
868120169581995
868120169582001
868120169582019
868120169582027
868120169582035
868120169582043
868120169582050
868120169582068
868120169582076
868120169582084
868120169582092
868120169582100
868120169582118
868120169582126
868120169582134
868120169582142
868120169582159
868120169582167
868120169582175
868120169582183
868120169582191
868120169582209
868120169582217
868120169582225
868120169582233
868120169582241
868120169582258
868120169582266
868120169582274
868120169582282
868120169582290
868120169582308
868120169582316
868120169582324
868120169582332
868120169582340
868120169582357
868120169582365
868120169582373
868120169582381
868120169582399
868120169582407
868120169582415
868120169582423
868120169582431
868120169582449
868120169582456
868120169582464
868120169582472
868120169582480
868120169582498
868120169582506
868120169582514
868120169582522
868120169582530
868120169582548
868120169582555
868120169582563
868120169582571
868120169582589
868120169582597
868120169582605
868120169582613
868120169582621
868120169582639
868120169582647
868120169582654
868120169582662
868120169582670
868120169582688
868120169582696
868120169582704
868120169582712
868120169582720
868120169582738
868120169582746
868120169582753
868120169582761
868120169582779
868120169582787
868120169582795
868120169582803
868120169582811
868120169582829
868120169582837
868120169582845
868120169582852
868120169582860
868120169582878
868120169582886
868120169582894
868120169582902
868120169582910
868120169582928
868120169582936
868120169582944
868120169582951
868120169582969
868120169582977
868120169582985
868120169582993
868120169583009
868120169583017
868120169583025
868120169583033
868120169583041
868120169583058
868120169583066
868120169583074
868120169583082
868120169583090
868120169583108
868120169583116
868120169583124
868120169583132
868120169583140
868120169583157
868120169583165
868120169583173
868120169583181
868120169583199
868120169583207
868120169583215
868120169583223
868120169583231
868120169583249
868120169583256
868120169583264
868120169583272
868120169583280
868120169583298
868120169583306
868120169583314
868120169583322
868120169583330
868120169583348
868120169583355
868120169583363
868120169583371
868120169583389
868120169583397
868120169583405
868120169583413
868120169583421
868120169583439
868120169583447
868120169583454
868120169583462
868120169583470
868120169583488
868120169583496
868120169583504
868120169583512
868120169583520
868120169583538
868120169583546
868120169583553
868120169583561
868120169583579
868120169583587
868120169583595
868120169583603
868120169583611
868120169583629
868120169583637
868120169583645
868120169583652
868120169583660
868120169583678
868120169583686
868120169583694
868120169583702
868120169583710
868120169583728
868120169583736
868120169583744
868120169583751
868120169583769
868120169583777
868120169583785
868120169583793
868120169583801
868120169583819
868120169583827
868120169583835
868120169583843
868120169583850
868120169583868
868120169583876
868120169583884
868120169583892
868120169583900
868120169583918
868120169583926
868120169583934
868120169583942
868120169583959
868120169583967
868120169583975
868120169583983
868120169583991
868120169584007
868120169584015
868120169584023
868120169584031
868120169584049
868120169584056
868120169584064
868120169584072
868120169584080
868120169584098
868120169584106
868120169584114
868120169584122
868120169584130
868120169584148
868120169584155
868120169584163
868120169584171
868120169584189
868120169584197
868120169584205
868120169584213
868120169584221
868120169584239
868120169584247
868120169584254
868120169584262
868120169584270
868120169584288
868120169584296
868120169584304
868120169584312
868120169584320
868120169584338
868120169584346
868120169584353
868120169584361
868120169584379
868120169584387
868120169584395
868120169584403
868120169584411
868120169584429
868120169584437
868120169584445
868120169584452
868120169584460
868120169584478
868120169584486
868120169584494
868120169584502
868120169584510
868120169584528
868120169584536
868120169584544
868120169584551
868120169584569
868120169584577
868120169584585
868120169584593
868120169584601
868120169584619
868120169584627
868120169584635
868120169584643
868120169584650
868120169584668
868120169584676
868120169584684
868120169584692
868120169584700
868120169584718
868120169584726
868120169584734
868120169584742
868120169584759
868120169584767
868120169584775
868120169584783
868120169584791
868120169584809
868120169584817
868120169584825
868120169584833
868120169584841
868120169584858
868120169584866
868120169584874
868120169584882
868120169584890
868120169584908
868120169584916
868120169584924
868120169584932
868120169584940
868120169584957
868120169584965
868120169584973
868120169584981
868120169584999
868120169585004
868120169585012
868120169585020
868120169585038
868120169585046
868120169585053
868120169585061
868120169585079
868120169585087
868120169585095
868120169585103
868120169585111
868120169585129
868120169585137
868120169585145
868120169585152
868120169585160
868120169585178
868120169585186
868120169585194
868120169585202
868120169585210
868120169585228
868120169585236
868120169585244
868120169585251
868120169585269
868120169585277
868120169585285
868120169585293
868120169585301
868120169585319
868120169585327
868120169585335
868120169585343
868120169585350
868120169585368
868120169585376
868120169585384
868120169585392
868120169585400
868120169585418
868120169585426
868120169585434
868120169585442
868120169585459
868120169585467
868120169585475
868120169585483
868120169585491
868120169585509
868120169585517
868120169585525
868120169585533
868120169585541
868120169585558
868120169585566
868120169585574
868120169585582
868120169585590
868120169585608
868120169585616
868120169585624
868120169585632
868120169585640
868120169585657
868120169585665
868120169585673
868120169585681
868120169585699
868120169585707
868120169585715
868120169585723
868120169585731
868120169585749
868120169585756
868120169585764
868120169585772
868120169585780
868120169585798
868120169585806
868120169585814
868120169585822
868120169585830
868120169585848
868120169585855
868120169585863
868120169585871
868120169585889
868120169585897
868120169585905
868120169585913
868120169585921
868120169585939
868120169585947
868120169585954
868120169585962
868120169585970
868120169585988
868120169585996
868120169586002
868120169586010
868120169586028
868120169586036
868120169586044
868120169586051
868120169586069
868120169586077
868120169586085
868120169586093
868120169586101
868120169586119
868120169586127
868120169586135
868120169586143
868120169586150
868120169586168
868120169586176
868120169586184
868120169586192
868120169586200
868120169586218
868120169586226
868120169586234
868120169586242
868120169586259
868120169586267
868120169586275
868120169586283
868120169586291
868120169586309
868120169586317
868120169586325
868120169586333
868120169586341
868120169586358
868120169586366
868120169586374
868120169586382
868120169586390
868120169586408
868120169586416
868120169586424
868120169586432
868120169586440
868120169586457
868120169586465
868120169586473
868120169586481
868120169586499
868120169586507
868120169586515
868120169586523
868120169586531
868120169586549
868120169586556
868120169586564
868120169586572
868120169586580
868120169586598
868120169586606
868120169586614
868120169586622
868120169586630
868120169586648
868120169586655
868120169586663
868120169586671
868120169586689
868120169586697
868120169586705
868120169586713
868120169586721
868120169586739
868120169586747
868120169586754
868120169586762
868120169586770
868120169586788
868120169586796
868120169586804
868120169586812
868120169586820
868120169586838
868120169586846
868120169586853
868120169586861
868120169586879
868120169586887
868120169586895
868120169586903
868120169586911
868120169586929
868120169586937
868120169586945
868120169586952
868120169586960
868120169586978
868120169586986
868120169586994
868120169587000
868120169587018
868120169587026
868120169587034
868120169587042
868120169587059
868120169587067
868120169587075
868120169587083
868120169587091
868120169587109
868120169587117
868120169587125
868120169587133
868120169587141
868120169587158
868120169587166
868120169587174
868120169587182
868120169587190
868120169587208
868120169587216
868120169587224
868120169587232
868120169587240
868120169587257
868120169587265
868120169587273
868120169587281
868120169587299
868120169587307
868120169587315
868120169587323
868120169587331
868120169587349
868120169587356
868120169587364
868120169587372
868120169587380
868120169587398
868120169587406
868120169587414
868120169587422
868120169587430
868120169587448
868120169587455
868120169587463
868120169587471
868120169587489
868120169587497
868120169587505
868120169587513
868120169587521
868120169587539
868120169587547
868120169587554
868120169587562
868120169587570
868120169587588
868120169587596
868120169587604
868120169587612
868120169587620
868120169587638
868120169587646
868120169587653
868120169587661
868120169587679
868120169587687
868120169587695
868120169587703
868120169587711
868120169587729
868120169587737
868120169587745
868120169587752
868120169587760
868120169587778
868120169587786
868120169587794
868120169587802
868120169587810
868120169587828
868120169587836
868120169587844
868120169587851
868120169587869
868120169587877
868120169587885
868120169587893
868120169587901
868120169587919
868120169587927
868120169587935
868120169587943
868120169587950
868120169587968
868120169587976
868120169587984
868120169587992
868120169588008
868120169588016
868120169588024
868120169588032
868120169588040
868120169588057
868120169588065
868120169588073
868120169588081
868120169588099
868120169588107
868120169588115
868120169588123
868120169588131
868120169588149
868120169588156
868120169588164
868120169588172
868120169588180
868120169588198
868120169588206
868120169588214
868120169588222
868120169588230
868120169588248
868120169588255
868120169588263
868120169588271
868120169588289
868120169588297
868120169588305
868120169588313
868120169588321
868120169588339
868120169588347
868120169588354
868120169588362
868120169588370
868120169588388
868120169588396
868120169588404
868120169588412
868120169588420
868120169588438
868120169588446
868120169588453
868120169588461
868120169588479
868120169588487
868120169588495
868120169588503
868120169588511
868120169588529
868120169588537
868120169588545
868120169588552
868120169588560
868120169588578
868120169588586
868120169588594
868120169588602
868120169588610
868120169588628
868120169588636
868120169588644
868120169588651
868120169588669
868120169588677
868120169588685
868120169588693
868120169588701
868120169588719
868120169588727
868120169588735
868120169588743
868120169588750
868120169588768
868120169588776
868120169588784
868120169588792
868120169588800
868120169588818
868120169588826
868120169588834
868120169588842
868120169588859
868120169588867
868120169588875
868120169588883
868120169588891
868120169588909
868120169588917
868120169588925
868120169588933
868120169588941
868120169588958
868120169588966
868120169588974
868120169588982
868120169588990
868120169589006
868120169589014
868120169589022
868120169589030
868120169589048
868120169589055
868120169589063
868120169589071
868120169589089
868120169589097
868120169589105
868120169589113
868120169589121
868120169589139
868120169589147
868120169589154
868120169589162
868120169589170
868120169589188
868120169589196
868120169589204
868120169589212
868120169589220
868120169589238
868120169589246
868120169589253
868120169589261
868120169589279
868120169589287
868120169589295
868120169589303
868120169589311
868120169589329
868120169589337
868120169589345
868120169589352
868120169589360
868120169589378
868120169589386
868120169589394
868120169589402
868120169589410
868120169589428
868120169589436
868120169589444
868120169589451
868120169589469
868120169589477
868120169589485
868120169589493
868120169589501
868120169589519
868120169589527
868120169589535
868120169589543
868120169589550
868120169589568
868120169589576
868120169589584
868120169589592
868120169589600
868120169589618
868120169589626
868120169589634
868120169589642
868120169589659
868120169589667
868120169589675
868120169589683
868120169589691
868120169589709
868120169589717
868120169589725
868120169589733
868120169589741
868120169589758
868120169589766
868120169589774
868120169589782
868120169589790
868120169589808
868120169589816
868120169589824
868120169589832
868120169589840
868120169589857
868120169589865
868120169589873
868120169589881
868120169589899
868120169589907
868120169589915
868120169589923
868120169589931
868120169589949
868120169589956
868120169589964
868120169589972
868120169589980
868120169589998
868120169590004
868120169590012
868120169590020
868120169590038
868120169590046
868120169590053
868120169590061
868120169590079
868120169590087
868120169590095
868120169590103
868120169590111
868120169590129
868120169590137
868120169590145
868120169590152
868120169590160
868120169590178
868120169590186
868120169590194
868120169590202
868120169590210
868120169590228
868120169590236
868120169590244
868120169590251
868120169590269
868120169590277
868120169590285
868120169590293
868120169590301
868120169590319
868120169590327
868120169590335
868120169590343
868120169590350
868120169590368
868120169590376
868120169590384
868120169590392
868120169590400
868120169590418
868120169590426
868120169590434
868120169590442
868120169590459
868120169590467
868120169590475
868120169590483
868120169590491
868120169590509
868120169590517
868120169590525
868120169590533
868120169590541
868120169590558
868120169590566
868120169590574
868120169590582
868120169590590
868120169590608
868120169590616
868120169590624
868120169590632
868120169590640
868120169590657
868120169590665
868120169590673
868120169590681
868120169590699
868120169590707
868120169590715
868120169590723
868120169590731
868120169590749
868120169590756
868120169590764
868120169590772
868120169590780
868120169590798
868120169590806
868120169590814
868120169590822
868120169590830
868120169590848
868120169590855
868120169590863
868120169590871
868120169590889
868120169590897
868120169590905
868120169590913
868120169590921
868120169590939
868120169590947
868120169590954
868120169590962
868120169590970
868120169590988
868120169590996
868120169591002
868120169591010
868120169591028
868120169591036
868120169591044
868120169591051
868120169591069
868120169591077
868120169591085
868120169591093
868120169591101
868120169591119
868120169591127
868120169591135
868120169591143
868120169591150
868120169591168
868120169591176
868120169591184
868120169591192
868120169591200
868120169591218
868120169591226
868120169591234
868120169591242
868120169591259
868120169591267
868120169591275
868120169591283
868120169591291
868120169591309
868120169591317
868120169591325
868120169591333
868120169591341
868120169591358
868120169591366
868120169591374
868120169591382
868120169591390
868120169591408
868120169591416
868120169591424
868120169591432
868120169591440
868120169591457
868120169591465
868120169591473
868120169591481
868120169591499
868120169591507
868120169591515
868120169591523
868120169591531
868120169591549
868120169591556
868120169591564
868120169591572
868120169591580
868120169591598
868120169591606
868120169591614
868120169591622
868120169591630
868120169591648
868120169591655
868120169591663
868120169591671
868120169591689
868120169591697
868120169591705
868120169591713
868120169591721
868120169591739
868120169591747
868120169591754
868120169591762
868120169591770
868120169591788
868120169591796
868120169591804
868120169591812
868120169591820
868120169591838
868120169591846
868120169591853
868120169591861
868120169591879
868120169591887
868120169591895
868120169591903
868120169591911
868120169591929
868120169591937
868120169591945
868120169591952
868120169591960
868120169591978
868120169591986
868120169591994
868120169592000
868120169592018
868120169592026
868120169592034
868120169592042
868120169592059
868120169592067
868120169592075
868120169592083
868120169592091
868120169592109
868120169592117
868120169592125
868120169592133
868120169592141
868120169592158
868120169592166
868120169592174
868120169592182
868120169592190
868120169592208
868120169592216
868120169592224
868120169592232
868120169592240
868120169592257
868120169592265
868120169592273
868120169592281
868120169592299
868120169592307
868120169592315
868120169592323
868120169592331
868120169592349
868120169592356
868120169592364
868120169592372
868120169592380
868120169592398
868120169592406
868120169592414
868120169592422
868120169592430
868120169592448
868120169592455
868120169592463
868120169592471
868120169592489
868120169592497
868120169592505
868120169592513
868120169592521
868120169592539
868120169592547
868120169592554
868120169592562
868120169592570
868120169592588
868120169592596
868120169592604
868120169592612
868120169592620
868120169592638
868120169592646
868120169592653
868120169592661
868120169592679
868120169592687
868120169592695
868120169592703
868120169592711
868120169592729
868120169592737
868120169592745
868120169592752
868120169592760
868120169592778
868120169592786
868120169592794
868120169592802
868120169592810
868120169592828
868120169592836
868120169592844
868120169592851
868120169592869
868120169592877
868120169592885
868120169592893
868120169592901
868120169592919
868120169592927
868120169592935
868120169592943
868120169592950
868120169592968
868120169592976
868120169592984
868120169592992
868120169593008
868120169593016
868120169593024
868120169593032
868120169593040
868120169593057
868120169593065
868120169593073
868120169593081
868120169593099
868120169593107
868120169593115
868120169593123
868120169593131
868120169593149
868120169593156
868120169593164
868120169593172
868120169593180
868120169593198
868120169593206
868120169593214
868120169593222
868120169593230
868120169593248
868120169593255
868120169593263
868120169593271
868120169593289
868120169593297
868120169593305
868120169593313
868120169593321
868120169593339
868120169593347
868120169593354
868120169593362
868120169593370
868120169593388
868120169593396
868120169593404
868120169593412
868120169593420
868120169593438
868120169593446
868120169593453
868120169593461
868120169593479
868120169593487
868120169593495
868120169593503
868120169593511
868120169593529
868120169593537
868120169593545
868120169593552
868120169593560
868120169593578
868120169593586
868120169593594
868120169593602
868120169593610
868120169593628
868120169593636
868120169593644
868120169593651
868120169593669
868120169593677
868120169593685
868120169593693
868120169593701
868120169593719
868120169593727
868120169593735
868120169593743
868120169593750
868120169593768
868120169593776
868120169593784
868120169593792
868120169593800
868120169593818
868120169593826
868120169593834