868120165099844
868120165099851
868120165099869
868120165099877
868120165099885
868120165099893
868120165099901
868120165099919
868120165099927
868120165099935
868120165099943
868120165099950
868120165099968
868120165099976
868120165099984
868120165099992
868120165100006
868120165100014
868120165100022
868120165100030
868120165100048
868120165100055
868120165100063
868120165100071
868120165100089
868120165100097
868120165100105
868120165100113
868120165100121
868120165100139
868120165100147
868120165100154
868120165100162
868120165100170
868120165100188
868120165100196
868120165100204
868120165100212
868120165100220
868120165100238
868120165100246
868120165100253
868120165100261
868120165100279
868120165100287
868120165100295
868120165100303
868120165100311
868120165100329
868120165100337
868120165100345
868120165100352
868120165100360
868120165100378
868120165100386
868120165100394
868120165100402
868120165100410
868120165100428
868120165100436
868120165100444
868120165100451
868120165100469
868120165100477
868120165100485
868120165100493
868120165100501
868120165100519
868120165100527
868120165100535
868120165100543
868120165100550
868120165100568
868120165100576
868120165100584
868120165100592
868120165100600
868120165100618
868120165100626
868120165100634
868120165100642
868120165100659
868120165100667
868120165100675
868120165100683
868120165100691
868120165100709
868120165100717
868120165100725
868120165100733
868120165100741
868120165100758
868120165100766
868120165100774
868120165100782
868120165100790
868120165100808
868120165100816
868120165100824
868120165100832
868120165100840
868120165100857
868120165100865
868120165100873
868120165100881
868120165100899
868120165100907
868120165100915
868120165100923
868120165100931
868120165100949
868120165100956
868120165100964
868120165100972
868120165100980
868120165100998
868120165101004
868120165101012
868120165101020
868120165101038
868120165101046
868120165101053
868120165101061
868120165101079
868120165101087
868120165101095
868120165101103
868120165101111
868120165101129
868120165101137
868120165101145
868120165101152
868120165101160
868120165101178
868120165101186
868120165101194
868120165101202
868120165101210
868120165101228
868120165101236
868120165101244
868120165101251
868120165101269
868120165101277
868120165101285
868120165101293
868120165101301
868120165101319
868120165101327
868120165101335
868120165101343
868120165101350
868120165101368
868120165101376
868120165101384
868120165101392
868120165101400
868120165101418
868120165101426
868120165101434
868120165101442
868120165101459
868120165101467
868120165101475
868120165101483
868120165101491
868120165101509
868120165101517
868120165101525
868120165101533
868120165101541
868120165101558
868120165101566
868120165101574
868120165101582
868120165101590
868120165101608
868120165101616
868120165101624
868120165101632
868120165101640
868120165101657
868120165101665
868120165101673
868120165101681
868120165101699
868120165101707
868120165101715
868120165101723
868120165101731
868120165101749
868120165101756
868120165101764
868120165101772
868120165101780
868120165101798
868120165101806
868120165101814
868120165101822
868120165101830
868120165101848
868120165101855
868120165101863
868120165101871
868120165101889
868120165101897
868120165101905
868120165101913
868120165101921
868120165101939
868120165101947
868120165101954
868120165101962
868120165101970
868120165101988
868120165101996
868120165102002
868120165102010
868120165102028
868120165102036
868120165102044
868120165102051
868120165102069
868120165102077
868120165102085
868120165102093
868120165102101
868120165102119
868120165102127
868120165102135
868120165102143
868120165102150
868120165102168
868120165102176
868120165102184
868120165102192
868120165102200
868120165102218
868120165102226
868120165102234
868120165102242
868120165102259
868120165102267
868120165102275
868120165102283
868120165102291
868120165102309
868120165102317
868120165102325
868120165102333
868120165102341
868120165102358
868120165102366
868120165102374
868120165102382
868120165102390
868120165102408
868120165102416
868120165102424
868120165102432
868120165102440
868120165102457
868120165102465
868120165102473
868120165102481
868120165102499
868120165102507
868120165102515
868120165102523
868120165102531
868120165102549
868120165102556
868120165102564
868120165102572
868120165102580
868120165102598
868120165102606
868120165102614
868120165102622
868120165102630
868120165102648
868120165102655
868120165102663
868120165102671
868120165102689
868120165102697
868120165102705
868120165102713
868120165102721
868120165102739
868120165102747
868120165102754
868120165102762
868120165102770
868120165102788
868120165102796
868120165102804
868120165102812
868120165102820
868120165102838
868120165102846
868120165102853
868120165102861
868120165102879
868120165102887
868120165102895
868120165102903
868120165102911
868120165102929
868120165102937
868120165102945
868120165102952
868120165102960
868120165102978
868120165102986
868120165102994
868120165103000
868120165103018
868120165103026
868120165103034
868120165103042
868120165103059
868120165103067
868120165103075
868120165103083
868120165103091
868120165103109
868120165103117
868120165103125
868120165103133
868120165103141
868120165103158
868120165103166
868120165103174
868120165103182
868120165103190
868120165103208
868120165103216
868120165103224
868120165103232
868120165103240
868120165103257
868120165103265
868120165103273
868120165103281
868120165103299
868120165103307
868120165103315
868120165103323
868120165103331
868120165103349
868120165103356
868120165103364
868120165103372
868120165103380
868120165103398
868120165103406
868120165103414
868120165103422
868120165103430
868120165103448
868120165103455
868120165103463
868120165103471
868120165103489
868120165103497
868120165103505
868120165103513
868120165103521
868120165103539
868120165103547
868120165103554
868120165103562
868120165103570
868120165103588
868120165103596
868120165103604
868120165103612
868120165103620
868120165103638
868120165103646
868120165103653
868120165103661
868120165103679
868120165103687
868120165103695
868120165103703
868120165103711
868120165103729
868120165103737
868120165103745
868120165103752
868120165103760
868120165103778
868120165103786
868120165103794
868120165103802
868120165103810
868120165103828
868120165103836
868120165103844
868120165103851
868120165103869
868120165103877
868120165103885
868120165103893
868120165103901
868120165103919
868120165103927
868120165103935
868120165103943
868120165103950
868120165103968
868120165103976
868120165103984
868120165103992
868120165104008
868120165104016
868120165104024
868120165104032
868120165104040
868120165104057
868120165104065
868120165104073
868120165104081
868120165104099
868120165104107
868120165104115
868120165104123
868120165104131
868120165104149
868120165104156
868120165104164
868120165104172
868120165104180
868120165104198
868120165104206
868120165104214
868120165104222
868120165104230
868120165104248
868120165104255
868120165104263
868120165104271
868120165104289
868120165104297
868120165104305
868120165104313
868120165104321
868120165104339
868120165104347
868120165104354
868120165104362
868120165104370
868120165104388
868120165104396
868120165104404
868120165104412
868120165104420
868120165104438
868120165104446
868120165104453
868120165104461
868120165104479
868120165104487
868120165104495
868120165104503
868120165104511
868120165104529
868120165104537
868120165104545
868120165104552
868120165104560
868120165104578
868120165104586
868120165104594
868120165104602
868120165104610
868120165104628
868120165104636
868120165104644
868120165104651
868120165104669
868120165104677
868120165104685
868120165104693
868120165104701
868120165104719
868120165104727
868120165104735
868120165104743
868120165104750
868120165104768
868120165104776
868120165104784
868120165104792
868120165104800
868120165104818
868120165104826
868120165104834
868120165104842
868120165104859
868120165104867
868120165104875
868120165104883
868120165104891
868120165104909
868120165104917
868120165104925
868120165104933
868120165104941
868120165104958
868120165104966
868120165104974
868120165104982
868120165104990
868120165105005
868120165105013
868120165105021
868120165105039
868120165105047
868120165105054
868120165105062
868120165105070
868120165105088
868120165105096
868120165105104
868120165105112
868120165105120
868120165105138
868120165105146
868120165105153
868120165105161
868120165105179
868120165105187
868120165105195
868120165105203
868120165105211
868120165105229
868120165105237
868120165105245
868120165105252
868120165105260
868120165105278
868120165105286
868120165105294
868120165105302
868120165105310
868120165105328
868120165105336
868120165105344
868120165105351
868120165105369
868120165105377
868120165105385
868120165105393
868120165105401
868120165105419
868120165105427
868120165105435
868120165105443
868120165105450
868120165105468
868120165105476
868120165105484
868120165105492
868120165105500
868120165105518
868120165105526
868120165105534
868120165105542
868120165105559
868120165105567
868120165105575
868120165105583
868120165105591
868120165105609
868120165105617
868120165105625
868120165105633
868120165105641
868120165105658
868120165105666
868120165105674
868120165105682
868120165105690
868120165105708
868120165105716
868120165105724
868120165105732
868120165105740
868120165105757
868120165105765
868120165105773
868120165105781
868120165105799
868120165105807
868120165105815
868120165105823
868120165105831
868120165105849
868120165105856
868120165105864
868120165105872
868120165105880
868120165105898
868120165105906
868120165105914
868120165105922
868120165105930
868120165105948
868120165105955
868120165105963
868120165105971
868120165105989
868120165105997
868120165106003
868120165106011
868120165106029
868120165106037
868120165106045
868120165106052
868120165106060
868120165106078
868120165106086
868120165106094
868120165106102
868120165106110
868120165106128
868120165106136
868120165106144
868120165106151
868120165106169
868120165106177
868120165106185
868120165106193
868120165106201
868120165106219
868120165106227
868120165106235
868120165106243
868120165106250
868120165106268
868120165106276
868120165106284
868120165106292
868120165106300
868120165106318
868120165106326
868120165106334
868120165106342
868120165106359
868120165106367
868120165106375
868120165106383
868120165106391
868120165106409
868120165106417
868120165106425
868120165106433
868120165106441
868120165106458
868120165106466
868120165106474
868120165106482
868120165106490
868120165106508
868120165106516
868120165106524
868120165106532
868120165106540
868120165106557
868120165106565
868120165106573
868120165106581
868120165106599
868120165106607
868120165106615
868120165106623
868120165106631
868120165106649
868120165106656
868120165106664
868120165106672
868120165106680
868120165106698
868120165106706
868120165106714
868120165106722
868120165106730
868120165106748
868120165106755
868120165106763
868120165106771
868120165106789
868120165106797
868120165106805
868120165106813
868120165106821
868120165106839
868120165106847
868120165106854
868120165106862
868120165106870
868120165106888
868120165106896
868120165106904
868120165106912
868120165106920
868120165106938
868120165106946
868120165106953
868120165106961
868120165106979
868120165106987
868120165106995
868120165107001
868120165107019
868120165107027
868120165107035
868120165107043
868120165107050
868120165107068
868120165107076
868120165107084
868120165107092
868120165107100
868120165107118
868120165107126
868120165107134
868120165107142
868120165107159
868120165107167
868120165107175
868120165107183
868120165107191
868120165107209
868120165107217
868120165107225
868120165107233
868120165107241
868120165107258
868120165107266
868120165107274
868120165107282
868120165107290
868120165107308
868120165107316
868120165107324
868120165107332
868120165107340
868120165107357
868120165107365
868120165107373
868120165107381
868120165107399
868120165107407
868120165107415
868120165107423
868120165107431
868120165107449
868120165107456
868120165107464
868120165107472
868120165107480
868120165107498
868120165107506
868120165107514
868120165107522
868120165107530
868120165107548
868120165107555
868120165107563
868120165107571
868120165107589
868120165107597
868120165107605
868120165107613
868120165107621
868120165107639
868120165107647
868120165107654
868120165107662
868120165107670
868120165107688
868120165107696
868120165107704
868120165107712
868120165107720
868120165107738
868120165107746
868120165107753
868120165107761
868120165107779
868120165107787
868120165107795
868120165107803
868120165107811
868120165107829
868120165107837
868120165107845
868120165107852
868120165107860
868120165107878
868120165107886
868120165107894
868120165107902
868120165107910
868120165107928
868120165107936
868120165107944
868120165107951
868120165107969
868120165107977
868120165107985
868120165107993
868120165108009
868120165108017
868120165108025
868120165108033
868120165108041
868120165108058
868120165108066
868120165108074
868120165108082
868120165108090
868120165108108
868120165108116
868120165108124
868120165108132
868120165108140
868120165108157
868120165108165
868120165108173
868120165108181
868120165108199
868120165108207
868120165108215
868120165108223
868120165108231
868120165108249
868120165108256
868120165108264
868120165108272
868120165108280
868120165108298
868120165108306
868120165108314
868120165108322
868120165108330
868120165108348
868120165108355
868120165108363
868120165108371
868120165108389
868120165108397
868120165108405
868120165108413
868120165108421
868120165108439
868120165108447
868120165108454
868120165108462
868120165108470
868120165108488
868120165108496
868120165108504
868120165108512
868120165108520
868120165108538
868120165108546
868120165108553
868120165108561
868120165108579
868120165108587
868120165108595
868120165108603
868120165108611
868120165108629
868120165108637
868120165108645
868120165108652
868120165108660
868120165108678
868120165108686
868120165108694
868120165108702
868120165108710
868120165108728
868120165108736
868120165108744
868120165108751
868120165108769
868120165108777
868120165108785
868120165108793
868120165108801
868120165108819
868120165108827
868120165108835
868120165108843
868120165108850
868120165108868
868120165108876
868120165108884
868120165108892
868120165108900
868120165108918
868120165108926
868120165108934
868120165108942
868120165108959
868120165108967
868120165108975
868120165108983
868120165108991
868120165109007
868120165109015
868120165109023
868120165109031
868120165109049
868120165109056
868120165109064
868120165109072
868120165109080
868120165109098
868120165109106
868120165109114
868120165109122
868120165109130
868120165109148
868120165109155
868120165109163
868120165109171
868120165109189
868120165109197
868120165109205
868120165109213
868120165109221
868120165109239
868120165109247
868120165109254
868120165109262
868120165109270
868120165109288
868120165109296
868120165109304
868120165109312
868120165109320
868120165109338
868120165109346
868120165109353
868120165109361
868120165109379
868120165109387
868120165109395
868120165109403
868120165109411
868120165109429
868120165109437
868120165109445
868120165109452
868120165109460
868120165109478
868120165109486
868120165109494
868120165109502
868120165109510
868120165109528
868120165109536
868120165109544
868120165109551
868120165109569
868120165109577
868120165109585
868120165109593
868120165109601
868120165109619
868120165109627
868120165109635
868120165109643
868120165109650
868120165109668
868120165109676
868120165109684
868120165109692
868120165109700
868120165109718
868120165109726
868120165109734
868120165109742
868120165109759
868120165109767
868120165109775
868120165109783
868120165109791
868120165109809
868120165109817
868120165109825
868120165109833
868120165109841
868120165109858
868120165109866
868120165109874
868120165109882
868120165109890
868120165109908
868120165109916
868120165109924
868120165109932
868120165109940
868120165109957
868120165109965
868120165109973
868120165109981
868120165109999
868120165110005
868120165110013
868120165110021
868120165110039
868120165110047
868120165110054
868120165110062
868120165110070
868120165110088
868120165110096
868120165110104
868120165110112
868120165110120
868120165110138
868120165110146
868120165110153
868120165110161
868120165110179
868120165110187
868120165110195
868120165110203
868120165110211
868120165110229
868120165110237
868120165110245
868120165110252
868120165110260
868120165110278
868120165110286
868120165110294
868120165110302
868120165110310
868120165110328
868120165110336
868120165110344
868120165110351
868120165110369
868120165110377
868120165110385
868120165110393
868120165110401
868120165110419
868120165110427
868120165110435
868120165110443
868120165110450
868120165110468
868120165110476
868120165110484
868120165110492
868120165110500
868120165110518
868120165110526
868120165110534
868120165110542
868120165110559
868120165110567
868120165110575
868120165110583
868120165110591
868120165110609
868120165110617
868120165110625
868120165110633
868120165110641
868120165110658
868120165110666
868120165110674
868120165110682
868120165110690
868120165110708
868120165110716
868120165110724
868120165110732
868120165110740
868120165110757
868120165110765
868120165110773
868120165110781
868120165110799
868120165110807
868120165110815
868120165110823
868120165110831
868120165110849
868120165110856
868120165110864
868120165110872
868120165110880
868120165110898
868120165110906
868120165110914
868120165110922
868120165110930
868120165110948
868120165110955
868120165110963
868120165110971
868120165110989
868120165110997
868120165111003
868120165111011
868120165111029
868120165111037
868120165111045
868120165111052
868120165111060
868120165111078
868120165111086
868120165111094
868120165111102
868120165111110
868120165111128
868120165111136
868120165111144
868120165111151
868120165111169
868120165111177
868120165111185
868120165111193
868120165111201
868120165111219
868120165111227
868120165111235
868120165111243
868120165111250
868120165111268
868120165111276
868120165111284
868120165111292
868120165111300
868120165111318
868120165111326
868120165111334
868120165111342
868120165111359
868120165111367
868120165111375
868120165111383
868120165111391
868120165111409
868120165111417
868120165111425
868120165111433
868120165111441
868120165111458
868120165111466
868120165111474
868120165111482
868120165111490
868120165111508
868120165111516
868120165111524
868120165111532
868120165111540
868120165111557
868120165111565
868120165111573
868120165111581
868120165111599
868120165111607
868120165111615
868120165111623
868120165111631
868120165111649
868120165111656
868120165111664
868120165111672
868120165111680
868120165111698
868120165111706
868120165111714
868120165111722
868120165111730
868120165111748
868120165111755
868120165111763
868120165111771
868120165111789
868120165111797
868120165111805
868120165111813
868120165111821
868120165111839
868120165111847
868120165111854
868120165111862
868120165111870
868120165111888
868120165111896
868120165111904
868120165111912
868120165111920
868120165111938
868120165111946
868120165111953
868120165111961
868120165111979
868120165111987
868120165111995
868120165112001
868120165112019
868120165112027
868120165112035
868120165112043
868120165112050
868120165112068
868120165112076
868120165112084
868120165112092
868120165112100
868120165112118
868120165112126
868120165112134
868120165112142
868120165112159
868120165112167
868120165112175
868120165112183
868120165112191
868120165112209
868120165112217
868120165112225
868120165112233
868120165112241
868120165112258
868120165112266
868120165112274
868120165112282
868120165112290
868120165112308
868120165112316
868120165112324
868120165112332
868120165112340
868120165112357
868120165112365
868120165112373
868120165112381
868120165112399
868120165112407
868120165112415
868120165112423
868120165112431
868120165112449
868120165112456
868120165112464
868120165112472
868120165112480
868120165112498
868120165112506
868120165112514
868120165112522
868120165112530
868120165112548
868120165112555
868120165112563
868120165112571
868120165112589
868120165112597
868120165112605
868120165112613
868120165112621
868120165112639
868120165112647
868120165112654
868120165112662
868120165112670
868120165112688
868120165112696
868120165112704
868120165112712
868120165112720
868120165112738
868120165112746
868120165112753
868120165112761
868120165112779
868120165112787
868120165112795
868120165112803
868120165112811
868120165112829
868120165112837
868120165112845
868120165112852
868120165112860
868120165112878
868120165112886
868120165112894
868120165112902
868120165112910
868120165112928
868120165112936
868120165112944
868120165112951
868120165112969
868120165112977
868120165112985
868120165112993
868120165113009
868120165113017
868120165113025
868120165113033
868120165113041
868120165113058
868120165113066
868120165113074
868120165113082
868120165113090
868120165113108
868120165113116
868120165113124
868120165113132
868120165113140
868120165113157
868120165113165
868120165113173
868120165113181
868120165113199
868120165113207
868120165113215
868120165113223
868120165113231
868120165113249
868120165113256
868120165113264
868120165113272
868120165113280
868120165113298
868120165113306
868120165113314
868120165113322
868120165113330
868120165113348
868120165113355
868120165113363
868120165113371
868120165113389
868120165113397
868120165113405
868120165113413
868120165113421
868120165113439
868120165113447
868120165113454
868120165113462
868120165113470
868120165113488
868120165113496
868120165113504
868120165113512
868120165113520
868120165113538
868120165113546
868120165113553
868120165113561
868120165113579
868120165113587
868120165113595
868120165113603
868120165113611
868120165113629
868120165113637
868120165113645
868120165113652
868120165113660
868120165113678
868120165113686
868120165113694
868120165113702
868120165113710
868120165113728
868120165113736
868120165113744
868120165113751
868120165113769
868120165113777
868120165113785
868120165113793
868120165113801
868120165113819
868120165113827
868120165113835
868120165113843
868120165113850
868120165113868
868120165113876
868120165113884
868120165113892
868120165113900
868120165113918
868120165113926
868120165113934
868120165113942
868120165113959
868120165113967
868120165113975
868120165113983
868120165113991
868120165114007
868120165114015
868120165114023
868120165114031
868120165114049
868120165114056
868120165114064
868120165114072
868120165114080
868120165114098
868120165114106
868120165114114
868120165114122
868120165114130
868120165114148
868120165114155
868120165114163
868120165114171
868120165114189
868120165114197
868120165114205
868120165114213
868120165114221
868120165114239
868120165114247
868120165114254
868120165114262
868120165114270
868120165114288
868120165114296
868120165114304
868120165114312
868120165114320
868120165114338
868120165114346
868120165114353
868120165114361
868120165114379
868120165114387
868120165114395
868120165114403
868120165114411
868120165114429
868120165114437
868120165114445
868120165114452
868120165114460
868120165114478
868120165114486
868120165114494
868120165114502
868120165114510
868120165114528
868120165114536
868120165114544
868120165114551
868120165114569
868120165114577
868120165114585
868120165114593
868120165114601
868120165114619
868120165114627
868120165114635
868120165114643
868120165114650
868120165114668
868120165114676
868120165114684
868120165114692
868120165114700
868120165114718
868120165114726
868120165114734
868120165114742
868120165114759
868120165114767
868120165114775
868120165114783
868120165114791
868120165114809
868120165114817
868120165114825
868120165114833
868120165114841
868120165114858
868120165114866
868120165114874
868120165114882
868120165114890
868120165114908
868120165114916
868120165114924
868120165114932
868120165114940
868120165114957
868120165114965
868120165114973
868120165114981
868120165114999
868120165115004
868120165115012
868120165115020
868120165115038
868120165115046
868120165115053
868120165115061
868120165115079
868120165115087
868120165115095
868120165115103
868120165115111
868120165115129
868120165115137
868120165115145
868120165115152
868120165115160
868120165115178
868120165115186
868120165115194
868120165115202
868120165115210
868120165115228
868120165115236
868120165115244
868120165115251
868120165115269
868120165115277
868120165115285
868120165115293
868120165115301
868120165115319
868120165115327
868120165115335
868120165115343
868120165115350
868120165115368
868120165115376
868120165115384
868120165115392
868120165115400
868120165115418
868120165115426
868120165115434
868120165115442
868120165115459
868120165115467
868120165115475
868120165115483
868120165115491
868120165115509
868120165115517
868120165115525
868120165115533
868120165115541
868120165115558
868120165115566
868120165115574
868120165115582
868120165115590
868120165115608
868120165115616
868120165115624
868120165115632
868120165115640
868120165115657
868120165115665
868120165115673
868120165115681
868120165115699
868120165115707
868120165115715
868120165115723
868120165115731
868120165115749
868120165115756
868120165115764
868120165115772
868120165115780
868120165115798
868120165115806
868120165115814
868120165115822
868120165115830
868120165115848
868120165115855
868120165115863
868120165115871
868120165115889
868120165115897
868120165115905
868120165115913
868120165115921
868120165115939
868120165115947
868120165115954
868120165115962
868120165115970
868120165115988
868120165115996
868120165116002
868120165116010
868120165116028
868120165116036
868120165116044
868120165116051
868120165116069
868120165116077
868120165116085
868120165116093
868120165116101
868120165116119
868120165116127
868120165116135
868120165116143
868120165116150
868120165116168
868120165116176
868120165116184
868120165116192
868120165116200
868120165116218
868120165116226
868120165116234
868120165116242
868120165116259
868120165116267
868120165116275
868120165116283
868120165116291
868120165116309
868120165116317
868120165116325
868120165116333
868120165116341
868120165116358
868120165116366
868120165116374
868120165116382
868120165116390
868120165116408
868120165116416
868120165116424
868120165116432
868120165116440
868120165116457
868120165116465
868120165116473
868120165116481
868120165116499
868120165116507
868120165116515
868120165116523
868120165116531
868120165116549
868120165116556
868120165116564
868120165116572
868120165116580
868120165116598
868120165116606
868120165116614
868120165116622
868120165116630
868120165116648
868120165116655
868120165116663
868120165116671
868120165116689
868120165116697
868120165116705
868120165116713
868120165116721
868120165116739
868120165116747
868120165116754
868120165116762
868120165116770
868120165116788
868120165116796
868120165116804
868120165116812
868120165116820
868120165116838
868120165116846
868120165116853
868120165116861
868120165116879
868120165116887
868120165116895
868120165116903
868120165116911
868120165116929
868120165116937
868120165116945
868120165116952
868120165116960
868120165116978
868120165116986
868120165116994
868120165117000
868120165117018
868120165117026
868120165117034
868120165117042
868120165117059
868120165117067
868120165117075
868120165117083
868120165117091
868120165117109
868120165117117
868120165117125
868120165117133
868120165117141
868120165117158
868120165117166
868120165117174
868120165117182
868120165117190
868120165117208
868120165117216
868120165117224
868120165117232
868120165117240
868120165117257
868120165117265
868120165117273
868120165117281
868120165117299
868120165117307
868120165117315
868120165117323
868120165117331
868120165117349
868120165117356
868120165117364
868120165117372
868120165117380
868120165117398
868120165117406
868120165117414
868120165117422
868120165117430
868120165117448
868120165117455
868120165117463
868120165117471
868120165117489
868120165117497
868120165117505
868120165117513
868120165117521
868120165117539
868120165117547
868120165117554
868120165117562
868120165117570
868120165117588
868120165117596
868120165117604
868120165117612
868120165117620
868120165117638
868120165117646
868120165117653
868120165117661
868120165117679
868120165117687
868120165117695
868120165117703
868120165117711
868120165117729
868120165117737
868120165117745
868120165117752
868120165117760
868120165117778
868120165117786
868120165117794
868120165117802
868120165117810
868120165117828
868120165117836
868120165117844
868120165117851
868120165117869
868120165117877
868120165117885
868120165117893
868120165117901
868120165117919
868120165117927
868120165117935
868120165117943
868120165117950
868120165117968
868120165117976
868120165117984
868120165117992
868120165118008
868120165118016
868120165118024
868120165118032
868120165118040
868120165118057
868120165118065
868120165118073
868120165118081
868120165118099
868120165118107
868120165118115
868120165118123
868120165118131
868120165118149
868120165118156
868120165118164
868120165118172
868120165118180
868120165118198
868120165118206
868120165118214
868120165118222
868120165118230
868120165118248
868120165118255
868120165118263
868120165118271
868120165118289
868120165118297
868120165118305
868120165118313
868120165118321
868120165118339
868120165118347
868120165118354
868120165118362
868120165118370
868120165118388
868120165118396
868120165118404
868120165118412
868120165118420
868120165118438
868120165118446
868120165118453
868120165118461
868120165118479
868120165118487
868120165118495
868120165118503
868120165118511
868120165118529
868120165118537
868120165118545
868120165118552
868120165118560
868120165118578
868120165118586
868120165118594
868120165118602
868120165118610
868120165118628
868120165118636
868120165118644
868120165118651
868120165118669
868120165118677
868120165118685
868120165118693
868120165118701
868120165118719
868120165118727
868120165118735
868120165118743
868120165118750
868120165118768
868120165118776
868120165118784
868120165118792
868120165118800
868120165118818
868120165118826
868120165118834
868120165118842
868120165118859
868120165118867
868120165118875
868120165118883
868120165118891
868120165118909
868120165118917
868120165118925
868120165118933
868120165118941
868120165118958
868120165118966
868120165118974
868120165118982
868120165118990
868120165119006
868120165119014
868120165119022
868120165119030
868120165119048
868120165119055
868120165119063
868120165119071
868120165119089
868120165119097
868120165119105
868120165119113
868120165119121
868120165119139
868120165119147
868120165119154
868120165119162
868120165119170
868120165119188
868120165119196
868120165119204
868120165119212
868120165119220
868120165119238
868120165119246
868120165119253
868120165119261
868120165119279
868120165119287
868120165119295
868120165119303
868120165119311
868120165119329
868120165119337
868120165119345
868120165119352
868120165119360
868120165119378
868120165119386
868120165119394
868120165119402
868120165119410
868120165119428
868120165119436
868120165119444
868120165119451
868120165119469
868120165119477
868120165119485
868120165119493
868120165119501
868120165119519
868120165119527
868120165119535
868120165119543
868120165119550
868120165119568
868120165119576
868120165119584
868120165119592
868120165119600
868120165119618
868120165119626
868120165119634
868120165119642
868120165119659
868120165119667
868120165119675
868120165119683
868120165119691
868120165119709
868120165119717
868120165119725
868120165119733
868120165119741
868120165119758
868120165119766
868120165119774
868120165119782
868120165119790
868120165119808
868120165119816
868120165119824
868120165119832
