868120170738139
868120170738147
868120170738154
868120170738162
868120170738170
868120170738188
868120170738196
868120170738204
868120170738212
868120170738220
868120170738238
868120170738246
868120170738253
868120170738261
868120170738279
868120170738287
868120170738295
868120170738303
868120170738311
868120170738329
868120170738337
868120170738345
868120170738352
868120170738360
868120170738378
868120170738386
868120170738394
868120170738402
868120170738410
868120170738428
868120170738436
868120170738444
868120170738451
868120170738469
868120170738477
868120170738485
868120170738493
868120170738501
868120170738519
868120170738527
868120170738535
868120170738543
868120170738550
868120170738568
868120170738576
868120170738584
868120170738592
868120170738600
868120170738618
868120170738626
868120170738634
868120170738642
868120170738659
868120170738667
868120170738675
868120170738683
868120170738691
868120170738709
868120170738717
868120170738725
868120170738733
868120170738741
868120170738758
868120170738766
868120170738774
868120170738782
868120170738790
868120170738808
868120170738816
868120170738824
868120170738832
868120170738840
868120170738857
868120170738865
868120170738873
868120170738881
868120170738899
868120170738907
868120170738915
868120170738923
868120170738931
868120170738949
868120170738956
868120170738964
868120170738972
868120170738980
868120170738998
868120170739004
868120170739012
868120170739020
868120170739038
868120170739046
868120170739053
868120170739061
868120170739079
868120170739087
868120170739095
868120170739103
868120170739111
868120170739129
868120170739137
868120170739145
868120170739152
868120170739160
868120170739178
868120170739186
868120170739194
868120170739202
868120170739210
868120170739228
868120170739236
868120170739244
868120170739251
868120170739269
868120170739277
868120170739285
868120170739293
868120170739301
868120170739319
868120170739327
868120170739335
868120170739343
868120170739350
868120170739368
868120170739376
868120170739384
868120170739392
868120170739400
868120170739418
868120170739426
868120170739434
868120170739442
868120170739459
868120170739467
868120170739475
868120170739483
868120170739491
868120170739509
868120170739517
868120170739525
868120170739533
868120170739541
868120170739558
868120170739566
868120170739574
868120170739582
868120170739590
868120170739608
868120170739616
868120170739624
868120170739632
868120170739640
868120170739657
868120170739665
868120170739673
868120170739681
868120170739699
868120170739707
868120170739715
868120170739723
868120170739731
868120170739749
868120170739756
868120170739764
868120170739772
868120170739780
868120170739798
868120170739806
868120170739814
868120170739822
868120170739830
868120170739848
868120170739855
868120170739863
868120170739871
868120170739889
868120170739897
868120170739905
868120170739913
868120170739921
868120170739939
868120170739947
868120170739954
868120170739962
868120170739970
868120170739988
868120170739996
868120170740002
868120170740010
868120170740028
868120170740036
868120170740044
868120170740051
868120170740069
868120170740077
868120170740085
868120170740093
868120170740101
868120170740119
868120170740127
868120170740135
868120170740143
868120170740150
868120170740168
868120170740176
868120170740184
868120170740192
868120170740200
868120170740218
868120170740226
868120170740234
868120170740242
868120170740259
868120170740267
868120170740275
868120170740283
868120170740291
868120170740309
868120170740317
868120170740325
868120170740333
868120170740341
868120170740358
868120170740366
868120170740374
868120170740382
868120170740390
868120170740408
868120170740416
868120170740424
868120170740432
868120170740440
868120170740457
868120170740465
868120170740473
868120170740481
868120170740499
868120170740507
868120170740515
868120170740523
868120170740531
868120170740549
868120170740556
868120170740564
868120170740572
868120170740580
868120170740598
868120170740606
868120170740614
868120170740622
868120170740630
868120170740648
868120170740655
868120170740663
868120170740671
868120170740689
868120170740697
868120170740705
868120170740713
868120170740721
868120170740739
868120170740747
868120170740754
868120170740762
868120170740770
868120170740788
868120170740796
868120170740804
868120170740812
868120170740820
868120170740838
868120170740846
868120170740853
868120170740861
868120170740879
868120170740887
868120170740895
868120170740903
868120170740911
868120170740929
868120170740937
868120170740945
868120170740952
868120170740960
868120170740978
868120170740986
868120170740994
868120170741000
868120170741018
868120170741026
868120170741034
868120170741042
868120170741059
868120170741067
868120170741075
868120170741083
868120170741091
868120170741109
868120170741117
868120170741125
868120170741133
868120170741141
868120170741158
868120170741166
868120170741174
868120170741182
868120170741190
868120170741208
868120170741216
868120170741224
868120170741232
868120170741240
868120170741257
868120170741265
868120170741273
868120170741281
868120170741299
868120170741307
868120170741315
868120170741323
868120170741331
868120170741349
868120170741356
868120170741364
868120170741372
868120170741380
868120170741398
868120170741406
868120170741414
868120170741422
868120170741430
868120170741448
868120170741455
868120170741463
868120170741471
868120170741489
868120170741497
868120170741505
868120170741513
868120170741521
868120170741539
868120170741547
868120170741554
868120170741562
868120170741570
868120170741588
868120170741596
868120170741604
868120170741612
868120170741620
868120170741638
868120170741646
868120170741653
868120170741661
868120170741679
868120170741687
868120170741695
868120170741703
868120170741711
868120170741729
868120170741737
868120170741745
868120170741752
868120170741760
868120170741778
868120170741786
868120170741794
868120170741802
868120170741810
868120170741828
868120170741836
868120170741844
868120170741851
868120170741869
868120170741877
868120170741885
868120170741893
868120170741901
868120170741919
868120170741927
868120170741935
868120170741943
868120170741950
868120170741968
868120170741976
868120170741984
868120170741992
868120170742008
868120170742016
868120170742024
868120170742032
868120170742040
868120170742057
868120170742065
868120170742073
868120170742081
868120170742099
868120170742107
868120170742115
868120170742123
868120170742131
868120170742149
868120170742156
868120170742164
868120170742172
868120170742180
868120170742198
868120170742206
868120170742214
868120170742222
868120170742230
868120170742248
868120170742255
868120170742263
868120170742271
868120170742289
868120170742297
868120170742305
868120170742313
868120170742321
868120170742339
868120170742347
868120170742354
868120170742362
868120170742370
868120170742388
868120170742396
868120170742404
868120170742412
868120170742420
868120170742438
868120170742446
868120170742453
868120170742461
868120170742479
868120170742487
868120170742495
868120170742503
868120170742511
868120170742529
868120170742537
868120170742545
868120170742552
868120170742560
868120170742578
868120170742586
868120170742594
868120170742602
868120170742610
868120170742628
868120170742636
868120170742644
868120170742651
868120170742669
868120170742677
868120170742685
868120170742693
868120170742701
868120170742719
868120170742727
868120170742735
868120170742743
868120170742750
868120170742768
868120170742776
868120170742784
868120170742792
868120170742800
868120170742818
868120170742826
868120170742834
868120170742842
868120170742859
868120170742867
868120170742875
868120170742883
868120170742891
868120170742909
868120170742917
868120170742925
868120170742933
868120170742941
868120170742958
868120170742966
868120170742974
868120170742982
868120170742990
868120170743006
868120170743014
868120170743022
868120170743030
868120170743048
868120170743055
868120170743063
868120170743071
868120170743089
868120170743097
868120170743105
868120170743113
868120170743121
868120170743139
868120170743147
868120170743154
868120170743162
868120170743170
868120170743188
868120170743196
868120170743204
868120170743212
868120170743220
868120170743238
868120170743246
868120170743253
868120170743261
868120170743279
868120170743287
868120170743295
868120170743303
868120170743311
868120170743329
868120170743337
868120170743345
868120170743352
868120170743360
868120170743378
868120170743386
868120170743394
868120170743402
868120170743410
868120170743428
868120170743436
868120170743444
868120170743451
868120170743469
868120170743477
868120170743485
868120170743493
868120170743501
868120170743519
868120170743527
868120170743535
868120170743543
868120170743550
868120170743568
868120170743576
868120170743584
868120170743592
868120170743600
868120170743618
868120170743626
868120170743634
868120170743642
868120170743659
868120170743667
868120170743675
868120170743683
868120170743691
868120170743709
868120170743717
868120170743725
868120170743733
868120170743741
868120170743758
868120170743766
868120170743774
868120170743782
868120170743790
868120170743808
868120170743816
868120170743824
868120170743832
868120170743840
868120170743857
868120170743865
868120170743873
868120170743881
868120170743899
868120170743907
868120170743915
868120170743923
868120170743931
868120170743949
868120170743956
868120170743964
868120170743972
868120170743980
868120170743998
868120170744004
868120170744012
868120170744020
868120170744038
868120170744046
868120170744053
868120170744061
868120170744079
868120170744087
868120170744095
868120170744103
868120170744111
868120170744129
868120170744137
868120170744145
868120170744152
868120170744160
868120170744178
868120170744186
868120170744194
868120170744202
868120170744210
868120170744228
868120170744236
868120170744244
868120170744251
868120170744269
868120170744277
868120170744285
868120170744293
868120170744301
868120170744319
868120170744327
868120170744335
868120170744343
868120170744350
868120170744368
868120170744376
868120170744384
868120170744392
868120170744400
868120170744418
868120170744426
868120170744434
868120170744442
868120170744459
868120170744467
868120170744475
868120170744483
868120170744491
868120170744509
868120170744517
868120170744525
868120170744533
868120170744541
868120170744558
868120170744566
868120170744574
868120170744582
868120170744590
868120170744608
868120170744616
868120170744624
868120170744632
868120170744640
868120170744657
868120170744665
868120170744673
868120170744681
868120170744699
868120170744707
868120170744715
868120170744723
868120170744731
868120170744749
868120170744756
868120170744764
868120170744772
868120170744780
868120170744798
868120170744806
868120170744814
868120170744822
868120170744830
868120170744848
868120170744855
868120170744863
868120170744871
868120170744889
868120170744897
868120170744905
868120170744913
868120170744921
868120170744939
868120170744947
868120170744954
868120170744962
868120170744970
868120170744988
868120170744996
868120170745001
868120170745019
868120170745027
868120170745035
868120170745043
868120170745050
868120170745068
868120170745076
868120170745084
868120170745092
868120170745100
868120170745118
868120170745126
868120170745134
868120170745142
868120170745159
868120170745167
868120170745175
868120170745183
868120170745191
868120170745209
868120170745217
868120170745225
868120170745233
868120170745241
868120170745258
868120170745266
868120170745274
868120170745282
868120170745290
868120170745308
868120170745316
868120170745324
868120170745332
868120170745340
868120170745357
868120170745365
868120170745373
868120170745381
868120170745399
868120170745407
868120170745415
868120170745423
868120170745431
868120170745449
868120170745456
868120170745464
868120170745472
868120170745480
868120170745498
868120170745506
868120170745514
868120170745522
868120170745530
868120170745548
868120170745555
868120170745563
868120170745571
868120170745589
868120170745597
868120170745605
868120170745613
868120170745621
868120170745639
868120170745647
868120170745654
868120170745662
868120170745670
868120170745688
868120170745696
868120170745704
868120170745712
868120170745720
868120170745738
868120170745746
868120170745753
868120170745761
868120170745779
868120170745787
868120170745795
868120170745803
868120170745811
868120170745829
868120170745837
868120170745845
868120170745852
868120170745860
868120170745878
868120170745886
868120170745894
868120170745902
868120170745910
868120170745928
868120170745936
868120170745944
868120170745951
868120170745969
868120170745977
868120170745985
868120170745993
868120170746009
868120170746017
868120170746025
868120170746033
868120170746041
868120170746058
868120170746066
868120170746074
868120170746082
868120170746090
868120170746108
868120170746116
868120170746124
868120170746132
868120170746140
868120170746157
868120170746165
868120170746173
868120170746181
868120170746199
868120170746207
868120170746215
868120170746223
868120170746231
868120170746249
868120170746256
868120170746264
868120170746272
868120170746280
868120170746298
868120170746306
868120170746314
868120170746322
868120170746330
868120170746348
868120170746355
868120170746363
868120170746371
868120170746389
868120170746397
868120170746405
868120170746413
868120170746421
868120170746439
868120170746447
868120170746454
868120170746462
868120170746470
868120170746488
868120170746496
868120170746504
868120170746512
868120170746520
868120170746538
868120170746546
868120170746553
868120170746561
868120170746579
868120170746587
868120170746595
868120170746603
868120170746611
868120170746629
868120170746637
868120170746645
868120170746652
868120170746660
868120170746678
868120170746686
868120170746694
868120170746702
868120170746710
868120170746728
868120170746736
868120170746744
868120170746751
868120170746769
868120170746777
868120170746785
868120170746793
868120170746801
868120170746819
868120170746827
868120170746835
868120170746843
868120170746850
868120170746868
868120170746876
868120170746884
868120170746892
868120170746900
868120170746918
868120170746926
868120170746934
868120170746942
868120170746959
868120170746967
868120170746975
868120170746983
868120170746991
868120170747007
868120170747015
868120170747023
868120170747031
868120170747049
868120170747056
868120170747064
868120170747072
868120170747080
868120170747098
868120170747106
868120170747114
868120170747122
868120170747130
868120170747148
868120170747155
868120170747163
868120170747171
868120170747189
868120170747197
868120170747205
868120170747213
868120170747221
868120170747239
868120170747247
868120170747254
868120170747262
868120170747270
868120170747288
868120170747296
868120170747304
868120170747312
868120170747320
868120170747338
868120170747346
868120170747353
868120170747361
868120170747379
868120170747387
868120170747395
868120170747403
868120170747411
868120170747429
868120170747437
868120170747445
868120170747452
868120170747460
868120170747478
868120170747486
868120170747494
868120170747502
868120170747510
868120170747528
868120170747536
868120170747544
868120170747551
868120170747569
868120170747577
868120170747585
868120170747593
868120170747601
868120170747619
868120170747627
868120170747635
868120170747643
868120170747650
868120170747668
868120170747676
868120170747684
868120170747692
868120170747700
868120170747718
868120170747726
868120170747734
868120170747742
868120170747759
868120170747767
868120170747775
868120170747783
868120170747791
868120170747809
868120170747817
868120170747825
868120170747833
868120170747841
868120170747858
868120170747866
868120170747874
868120170747882
868120170747890
868120170747908
868120170747916
868120170747924
868120170747932
868120170747940
868120170747957
868120170747965
868120170747973
868120170747981
868120170747999
868120170748005
868120170748013
868120170748021
868120170748039
868120170748047
868120170748054
868120170748062
868120170748070
868120170748088
868120170748096
868120170748104
868120170748112
868120170748120
868120170748138
868120170748146
868120170748153
868120170748161
868120170748179
868120170748187
868120170748195
868120170748203
868120170748211
868120170748229
868120170748237
868120170748245
868120170748252
868120170748260
868120170748278
868120170748286
868120170748294
868120170748302
868120170748310
868120170748328
868120170748336
868120170748344
868120170748351
868120170748369
868120170748377
868120170748385
868120170748393
868120170748401
868120170748419
868120170748427
868120170748435
868120170748443
868120170748450
868120170748468
868120170748476
868120170748484
868120170748492
868120170748500
868120170748518
868120170748526
868120170748534
868120170748542
868120170748559
868120170748567
868120170748575
868120170748583
868120170748591
868120170748609
868120170748617
868120170748625
868120170748633
868120170748641
868120170748658
868120170748666
868120170748674
868120170748682
868120170748690
868120170748708
868120170748716
868120170748724
868120170748732
868120170748740
868120170748757
868120170748765
868120170748773
868120170748781
868120170748799
868120170748807
868120170748815
868120170748823
868120170748831
868120170748849
868120170748856
868120170748864
868120170748872
868120170748880
868120170748898
868120170748906
868120170748914
868120170748922
868120170748930
868120170748948
868120170748955
868120170748963
868120170748971
868120170748989
868120170748997
868120170749003
868120170749011
868120170749029
868120170749037
868120170749045
868120170749052
868120170749060
868120170749078
868120170749086
868120170749094
868120170749102
868120170749110
868120170749128
868120170749136
868120170749144
868120170749151
868120170749169
868120170749177
868120170749185
868120170749193
868120170749201
868120170749219
868120170749227
868120170749235
868120170749243
868120170749250
868120170749268
868120170749276
868120170749284
868120170749292
868120170749300
868120170749318
868120170749326
868120170749334
868120170749342
868120170749359
868120170749367
868120170749375
868120170749383
868120170749391
868120170749409
868120170749417
868120170749425
868120170749433
868120170749441
868120170749458
868120170749466
868120170749474
868120170749482
868120170749490
868120170749508
868120170749516
868120170749524
868120170749532
868120170749540
868120170749557
868120170749565
868120170749573
868120170749581
868120170749599
868120170749607
868120170749615
868120170749623
868120170749631
868120170749649
868120170749656
868120170749664
868120170749672
868120170749680
868120170749698
868120170749706
868120170749714
868120170749722
868120170749730
868120170749748
868120170749755
868120170749763
868120170749771
868120170749789
868120170749797
868120170749805
868120170749813
868120170749821
868120170749839
868120170749847
868120170749854
868120170749862
868120170749870
868120170749888
868120170749896
868120170749904
868120170749912
868120170749920
868120170749938
868120170749946
868120170749953
868120170749961
868120170749979
868120170749987
868120170749995
868120170750001
868120170750019
868120170750027
868120170750035
868120170750043
868120170750050
868120170750068
868120170750076
868120170750084
868120170750092
868120170750100
868120170750118
868120170750126
868120170750134
868120170750142
868120170750159
868120170750167
868120170750175
868120170750183
868120170750191
868120170750209
868120170750217
868120170750225
868120170750233
868120170750241
868120170750258
868120170750266
868120170750274
868120170750282
868120170750290
868120170750308
868120170750316
868120170750324
868120170750332
868120170750340
868120170750357
868120170750365
868120170750373
868120170750381
868120170750399
868120170750407
868120170750415
868120170750423
868120170750431
868120170750449
868120170750456
868120170750464
868120170750472
868120170750480
868120170750498
868120170750506
868120170750514
868120170750522
868120170750530
868120170750548
868120170750555
868120170750563
868120170750571
868120170750589
868120170750597
868120170750605
868120170750613
868120170750621
868120170750639
868120170750647
868120170750654
868120170750662
868120170750670
868120170750688
868120170750696
868120170750704
868120170750712
868120170750720
868120170750738
868120170750746
868120170750753
868120170750761
868120170750779
868120170750787
868120170750795
868120170750803
868120170750811
868120170750829
868120170750837
868120170750845
868120170750852
868120170750860
868120170750878
868120170750886
868120170750894
868120170750902
868120170750910
868120170750928
868120170750936
868120170750944
868120170750951
868120170750969
868120170750977
868120170750985
868120170750993
868120170751009
868120170751017
868120170751025
868120170751033
868120170751041
868120170751058
868120170751066
868120170751074
868120170751082
868120170751090
868120170751108
868120170751116
868120170751124
868120170751132
868120170751140
868120170751157
868120170751165
868120170751173
868120170751181
868120170751199
868120170751207
868120170751215
868120170751223
868120170751231
868120170751249
868120170751256
868120170751264
868120170751272
868120170751280
868120170751298
868120170751306
868120170751314
868120170751322
868120170751330
868120170751348
868120170751355
868120170751363
868120170751371
868120170751389
868120170751397
868120170751405
868120170751413
868120170751421
868120170751439
868120170751447
868120170751454
868120170751462
868120170751470
868120170751488
868120170751496
868120170751504
868120170751512
868120170751520
868120170751538
868120170751546
868120170751553
868120170751561
868120170751579
868120170751587
868120170751595
868120170751603
868120170751611
868120170751629
868120170751637
868120170751645
868120170751652
868120170751660
868120170751678
868120170751686
868120170751694
868120170751702
868120170751710
868120170751728
868120170751736
868120170751744
868120170751751
868120170751769
868120170751777
868120170751785
868120170751793
868120170751801
868120170751819
868120170751827
868120170751835
868120170751843
868120170751850
868120170751868
868120170751876
868120170751884
868120170751892
868120170751900
868120170751918
868120170751926
868120170751934
868120170751942
868120170751959
868120170751967
868120170751975
868120170751983
868120170751991
868120170752007
868120170752015
868120170752023
868120170752031
868120170752049
868120170752056
868120170752064
868120170752072
868120170752080
868120170752098
868120170752106
868120170752114
868120170752122
868120170752130
868120170752148
868120170752155
868120170752163
868120170752171
868120170752189
868120170752197
868120170752205
868120170752213
868120170752221
868120170752239
868120170752247
868120170752254
868120170752262
868120170752270
868120170752288
868120170752296
868120170752304
868120170752312
868120170752320
868120170752338
868120170752346
868120170752353
868120170752361
868120170752379
868120170752387
868120170752395
868120170752403
868120170752411
868120170752429
868120170752437
868120170752445
868120170752452
868120170752460
868120170752478
868120170752486
868120170752494
868120170752502
868120170752510
868120170752528
868120170752536
868120170752544
868120170752551
868120170752569
868120170752577
868120170752585
868120170752593
868120170752601
868120170752619
868120170752627
868120170752635
868120170752643
868120170752650
868120170752668
868120170752676
868120170752684
868120170752692
868120170752700
868120170752718
868120170752726
868120170752734
868120170752742
868120170752759
868120170752767
868120170752775
868120170752783
868120170752791
868120170752809
868120170752817
868120170752825
868120170752833
868120170752841
868120170752858
868120170752866
868120170752874
868120170752882
868120170752890
868120170752908
868120170752916
868120170752924
868120170752932
868120170752940
868120170752957
868120170752965
868120170752973
868120170752981
868120170752999
868120170753005
868120170753013
868120170753021
868120170753039
868120170753047
868120170753054
868120170753062
868120170753070
868120170753088
868120170753096
868120170753104
868120170753112
868120170753120
868120170753138
868120170753146
868120170753153
868120170753161
868120170753179
868120170753187
868120170753195
868120170753203
868120170753211
868120170753229
868120170753237
868120170753245
868120170753252
868120170753260
868120170753278
868120170753286
868120170753294
868120170753302
868120170753310
868120170753328
868120170753336
868120170753344
868120170753351
868120170753369
868120170753377
868120170753385
868120170753393
868120170753401
868120170753419
868120170753427
868120170753435
868120170753443
868120170753450
868120170753468
868120170753476
868120170753484
868120170753492
868120170753500
868120170753518
868120170753526
868120170753534
868120170753542
868120170753559
868120170753567
868120170753575
868120170753583
868120170753591
868120170753609
868120170753617
868120170753625
868120170753633
868120170753641
868120170753658
868120170753666
868120170753674
868120170753682
868120170753690
868120170753708
868120170753716
868120170753724
868120170753732
868120170753740
868120170753757
868120170753765
868120170753773
868120170753781
868120170753799
868120170753807
868120170753815
868120170753823
868120170753831
868120170753849
868120170753856
868120170753864
868120170753872
868120170753880
868120170753898
868120170753906
868120170753914
868120170753922
868120170753930
868120170753948
868120170753955
868120170753963
868120170753971
868120170753989
868120170753997
868120170754003
868120170754011
868120170754029
868120170754037
868120170754045
868120170754052
868120170754060
868120170754078
868120170754086
868120170754094
868120170754102
868120170754110
868120170754128
868120170754136
868120170754144
868120170754151
868120170754169
868120170754177
868120170754185
868120170754193
868120170754201
868120170754219
868120170754227
868120170754235
868120170754243
868120170754250
868120170754268
868120170754276
868120170754284
868120170754292
868120170754300
868120170754318
868120170754326
868120170754334
868120170754342
868120170754359
868120170754367
868120170754375
868120170754383
868120170754391
868120170754409
868120170754417
868120170754425
868120170754433
868120170754441
868120170754458
868120170754466
868120170754474
868120170754482
868120170754490
868120170754508
868120170754516
868120170754524
868120170754532
868120170754540
868120170754557
868120170754565
868120170754573
868120170754581
868120170754599
868120170754607
868120170754615
868120170754623
868120170754631
868120170754649
868120170754656
868120170754664
868120170754672
868120170754680
868120170754698
868120170754706
868120170754714
868120170754722
868120170754730
868120170754748
868120170754755
868120170754763
868120170754771
868120170754789
868120170754797
868120170754805
868120170754813
868120170754821
868120170754839
868120170754847
868120170754854
868120170754862
868120170754870
868120170754888
868120170754896
868120170754904
868120170754912
868120170754920
868120170754938
868120170754946
868120170754953
868120170754961
868120170754979
868120170754987
868120170754995
868120170755000
868120170755018
868120170755026
868120170755034
868120170755042
868120170755059
868120170755067
868120170755075
868120170755083
868120170755091
868120170755109
868120170755117
868120170755125
868120170755133
868120170755141
868120170755158
868120170755166
868120170755174
868120170755182
868120170755190
868120170755208
868120170755216
868120170755224
868120170755232
868120170755240
868120170755257
868120170755265
868120170755273
868120170755281
868120170755299
868120170755307
868120170755315
868120170755323
868120170755331
868120170755349
868120170755356
868120170755364
868120170755372
868120170755380
868120170755398
868120170755406
868120170755414
868120170755422
868120170755430
868120170755448
868120170755455
868120170755463
868120170755471
868120170755489
868120170755497
868120170755505
868120170755513
868120170755521
868120170755539
868120170755547
868120170755554
868120170755562
868120170755570
868120170755588
868120170755596
868120170755604
868120170755612
868120170755620
868120170755638
868120170755646
868120170755653
868120170755661
868120170755679
868120170755687
868120170755695
868120170755703
868120170755711
868120170755729
868120170755737
868120170755745
868120170755752
868120170755760
868120170755778
868120170755786
868120170755794
868120170755802
868120170755810
868120170755828
868120170755836
868120170755844
868120170755851
868120170755869
868120170755877
868120170755885
868120170755893
868120170755901
868120170755919
868120170755927
868120170755935
868120170755943
868120170755950
868120170755968
868120170755976
868120170755984
868120170755992
868120170756008
868120170756016
868120170756024
868120170756032
868120170756040
868120170756057
868120170756065
868120170756073
868120170756081
868120170756099
868120170756107
868120170756115
868120170756123
868120170756131
868120170756149
868120170756156
868120170756164
868120170756172
868120170756180
868120170756198
868120170756206
868120170756214
868120170756222
868120170756230
868120170756248
868120170756255
868120170756263
868120170756271
868120170756289
868120170756297
868120170756305
868120170756313
868120170756321
868120170756339
868120170756347
868120170756354
868120170756362
868120170756370
868120170756388
868120170756396
868120170756404
868120170756412
868120170756420
868120170756438
868120170756446
868120170756453
868120170756461
868120170756479
868120170756487
868120170756495
868120170756503
868120170756511
868120170756529
868120170756537
868120170756545
868120170756552
868120170756560
868120170756578
868120170756586
868120170756594
868120170756602
868120170756610
868120170756628
868120170756636
868120170756644
868120170756651
868120170756669
868120170756677
868120170756685
868120170756693
868120170756701
868120170756719
868120170756727
868120170756735
868120170756743
868120170756750
868120170756768
868120170756776
868120170756784
868120170756792
868120170756800
868120170756818
868120170756826
868120170756834
868120170756842
868120170756859
868120170756867
868120170756875
868120170756883
868120170756891
868120170756909
868120170756917
868120170756925
868120170756933
868120170756941
868120170756958
868120170756966
868120170756974
868120170756982
868120170756990
868120170757006
868120170757014
868120170757022
868120170757030
868120170757048
868120170757055
868120170757063
868120170757071
868120170757089
868120170757097
868120170757105
868120170757113
868120170757121
868120170757139
868120170757147
868120170757154
868120170757162
868120170757170
868120170757188
868120170757196
868120170757204
868120170757212
868120170757220
868120170757238
868120170757246
868120170757253
868120170757261
868120170757279
868120170757287
868120170757295
868120170757303
868120170757311
868120170757329
868120170757337
868120170757345
868120170757352
868120170757360
868120170757378
868120170757386
868120170757394
868120170757402
868120170757410
868120170757428
868120170757436
868120170757444
868120170757451
868120170757469
868120170757477
868120170757485
868120170757493
868120170757501
868120170757519
868120170757527
868120170757535
868120170757543
868120170757550
868120170757568
868120170757576
868120170757584
868120170757592
868120170757600
868120170757618
868120170757626
868120170757634
868120170757642
868120170757659
868120170757667
868120170757675
868120170757683
868120170757691
868120170757709
868120170757717
868120170757725
868120170757733
868120170757741
868120170757758
868120170757766
868120170757774
868120170757782
868120170757790
868120170757808
868120170757816
868120170757824
868120170757832
868120170757840
868120170757857
868120170757865
868120170757873
868120170757881
868120170757899
868120170757907
868120170757915
868120170757923
868120170757931
868120170757949
868120170757956
868120170757964
868120170757972
868120170757980
868120170757998
868120170758004
868120170758012
868120170758020
868120170758038
868120170758046
868120170758053
868120170758061
868120170758079
868120170758087
868120170758095
868120170758103
868120170758111
868120170758129