868120170370255
868120170370263
868120170370271
868120170370289
868120170370297
868120170370305
868120170370313
868120170370321
868120170370339
868120170370347
868120170370354
868120170370362
868120170370370
868120170370388
868120170370396
868120170370404
868120170370412
868120170370420
868120170370438
868120170370446
868120170370453
868120170370461
868120170370479
868120170370487
868120170370495
868120170370503
868120170370511
868120170370529
868120170370537
868120170370545
868120170370552
868120170370560
868120170370578
868120170370586
868120170370594
868120170370602
868120170370610
868120170370628
868120170370636
868120170370644
868120170370651
868120170370669
868120170370677
868120170370685
868120170370693
868120170370701
868120170370719
868120170370727
868120170370735
868120170370743
868120170370750
868120170370768
868120170370776
868120170370784
868120170370792
868120170370800
868120170370818
868120170370826
868120170370834
868120170370842
868120170370859
868120170370867
868120170370875
868120170370883
868120170370891
868120170370909
868120170370917
868120170370925
868120170370933
868120170370941
868120170370958
868120170370966
868120170370974
868120170370982
868120170370990
868120170371006
868120170371014
868120170371022
868120170371030
868120170371048
868120170371055
868120170371063
868120170371071
868120170371089
868120170371097
868120170371105
868120170371113
868120170371121
868120170371139
868120170371147
868120170371154
868120170371162
868120170371170
868120170371188
868120170371196
868120170371204
868120170371212
868120170371220
868120170371238
868120170371246
868120170371253
868120170371261
868120170371279
868120170371287
868120170371295
868120170371303
868120170371311
868120170371329
868120170371337
868120170371345
868120170371352
868120170371360
868120170371378
868120170371386
868120170371394
868120170371402
868120170371410
868120170371428
868120170371436
868120170371444
868120170371451
868120170371469
868120170371477
868120170371485
868120170371493
868120170371501
868120170371519
868120170371527
868120170371535
868120170371543
868120170371550
868120170371568
868120170371576
868120170371584
868120170371592
868120170371600
868120170371618
868120170371626
868120170371634
868120170371642
868120170371659
868120170371667
868120170371675
868120170371683
868120170371691
868120170371709
868120170371717
868120170371725
868120170371733
868120170371741
868120170371758
868120170371766
868120170371774
868120170371782
868120170371790
868120170371808
868120170371816
868120170371824
868120170371832
868120170371840
868120170371857
868120170371865
868120170371873
868120170371881
868120170371899
868120170371907
868120170371915
868120170371923
868120170371931
868120170371949
868120170371956
868120170371964
868120170371972
868120170371980
868120170371998
868120170372004
868120170372012
868120170372020
868120170372038
868120170372046
868120170372053
868120170372061
868120170372079
868120170372087
868120170372095
868120170372103
868120170372111
868120170372129
868120170372137
868120170372145
868120170372152
868120170372160
868120170372178
868120170372186
868120170372194
868120170372202
868120170372210
868120170372228
868120170372236
868120170372244
868120170372251
868120170372269
868120170372277
868120170372285
868120170372293
868120170372301
868120170372319
868120170372327
868120170372335
868120170372343
868120170372350
868120170372368
868120170372376
868120170372384
868120170372392
868120170372400
868120170372418
868120170372426
868120170372434
868120170372442
868120170372459
868120170372467
868120170372475
868120170372483
868120170372491
868120170372509
868120170372517
868120170372525
868120170372533
868120170372541
868120170372558
868120170372566
868120170372574
868120170372582
868120170372590
868120170372608
868120170372616
868120170372624
868120170372632
868120170372640
868120170372657
868120170372665
868120170372673
868120170372681
868120170372699
868120170372707
868120170372715
868120170372723
868120170372731
868120170372749
868120170372756
868120170372764
868120170372772
868120170372780
868120170372798
868120170372806
868120170372814
868120170372822
868120170372830
868120170372848
868120170372855
868120170372863
868120170372871
868120170372889
868120170372897
868120170372905
868120170372913
868120170372921
868120170372939
868120170372947
868120170372954
868120170372962
868120170372970
868120170372988
868120170372996
868120170373002
868120170373010
868120170373028
868120170373036
868120170373044
868120170373051
868120170373069
868120170373077
868120170373085
868120170373093
868120170373101
868120170373119
868120170373127
868120170373135
868120170373143
868120170373150
868120170373168
868120170373176
868120170373184
868120170373192
868120170373200
868120170373218
868120170373226
868120170373234
868120170373242
868120170373259
868120170373267
868120170373275
868120170373283
868120170373291
868120170373309
868120170373317
868120170373325
868120170373333
868120170373341
868120170373358
868120170373366
868120170373374
868120170373382
868120170373390
868120170373408
868120170373416
868120170373424
868120170373432
868120170373440
868120170373457
868120170373465
868120170373473
868120170373481
868120170373499
868120170373507
868120170373515
868120170373523
868120170373531
868120170373549
868120170373556
868120170373564
868120170373572
868120170373580
868120170373598
868120170373606
868120170373614
868120170373622
868120170373630
868120170373648
868120170373655
868120170373663
868120170373671
868120170373689
868120170373697
868120170373705
868120170373713
868120170373721
868120170373739
868120170373747
868120170373754
868120170373762
868120170373770
868120170373788
868120170373796
868120170373804
868120170373812
868120170373820
868120170373838
868120170373846
868120170373853
868120170373861
868120170373879
868120170373887
868120170373895
868120170373903
868120170373911
868120170373929
868120170373937
868120170373945
868120170373952
868120170373960
868120170373978
868120170373986
868120170373994
868120170374000
868120170374018
868120170374026
868120170374034
868120170374042
868120170374059
868120170374067
868120170374075
868120170374083
868120170374091
868120170374109
868120170374117
868120170374125
868120170374133
868120170374141
868120170374158
868120170374166
868120170374174
868120170374182
868120170374190
868120170374208
868120170374216
868120170374224
868120170374232
868120170374240
868120170374257
868120170374265
868120170374273
868120170374281
868120170374299
868120170374307
868120170374315
868120170374323
868120170374331
868120170374349
868120170374356
868120170374364
868120170374372
868120170374380
868120170374398
868120170374406
868120170374414
868120170374422
868120170374430
868120170374448
868120170374455
868120170374463
868120170374471
868120170374489
868120170374497
868120170374505
868120170374513
868120170374521
868120170374539
868120170374547
868120170374554
868120170374562
868120170374570
868120170374588
868120170374596
868120170374604
868120170374612
868120170374620
868120170374638
868120170374646
868120170374653
868120170374661
868120170374679
868120170374687
868120170374695
868120170374703
868120170374711
868120170374729
868120170374737
868120170374745
868120170374752
868120170374760
868120170374778
868120170374786
868120170374794
868120170374802
868120170374810
868120170374828
868120170374836
868120170374844
868120170374851
868120170374869
868120170374877
868120170374885
868120170374893
868120170374901
868120170374919
868120170374927
868120170374935
868120170374943
868120170374950
868120170374968
868120170374976
868120170374984
868120170374992
868120170375007
868120170375015
868120170375023
868120170375031
868120170375049
868120170375056
868120170375064
868120170375072
868120170375080
868120170375098
868120170375106
868120170375114
868120170375122
868120170375130
868120170375148
868120170375155
868120170375163
868120170375171
868120170375189
868120170375197
868120170375205
868120170375213
868120170375221
868120170375239
868120170375247