868120161321176
868120161321184
868120161321192
868120161321200
868120161321218
868120161321226
868120161321234
868120161321242
868120161321259
868120161321267
868120161321275
868120161321283
868120161321291
868120161321309
868120161321317
868120161321325
868120161321333
868120161321341
868120161321358
868120161321366
868120161321374
868120161321382
868120161321390
868120161321408
868120161321416
868120161321424
868120161321432
868120161321440
868120161321457
868120161321465
868120161321473
868120161321481
868120161321499
868120161321507
868120161321515
868120161321523
868120161321531
868120161321549
868120161321556
868120161321564
868120161321572
868120161321580
868120161321598
868120161321606
868120161321614
868120161321622
868120161321630
868120161321648
868120161321655
868120161321663
868120161321671
868120161321689
868120161321697
868120161321705
868120161321713
868120161321721
868120161321739
868120161321747
868120161321754
868120161321762
868120161321770
868120161321788
868120161321796
868120161321804
868120161321812
868120161321820
868120161321838
868120161321846
868120161321853
868120161321861
868120161321879
868120161321887
868120161321895
868120161321903
868120161321911
868120161321929
868120161321937
868120161321945
868120161321952
868120161321960
868120161321978
868120161321986
868120161321994
868120161322000
868120161322018
868120161322026
868120161322034
868120161322042
868120161322059
868120161322067
868120161322075
868120161322083
868120161322091
868120161322109
868120161322117
868120161322125
868120161322133
868120161322141
868120161322158
868120161322166
868120161322174
868120161322182
868120161322190
868120161322208
868120161322216
868120161322224
868120161322232
868120161322240
868120161322257
868120161322265
868120161322273
868120161322281
868120161322299
868120161322307
868120161322315
868120161322323
868120161322331
868120161322349
868120161322356
868120161322364
868120161322372
868120161322380
868120161322398
868120161322406
868120161322414
868120161322422
868120161322430
868120161322448
868120161322455
868120161322463
868120161322471
868120161322489
868120161322497
868120161322505
868120161322513
868120161322521
868120161322539
868120161322547
868120161322554
868120161322562
868120161322570
868120161322588
868120161322596
868120161322604
868120161322612
868120161322620
868120161322638
868120161322646
868120161322653
868120161322661
868120161322679
868120161322687
868120161322695
868120161322703
868120161322711
868120161322729
868120161322737
868120161322745
868120161322752
868120161322760
868120161322778
868120161322786
868120161322794
868120161322802
868120161322810
868120161322828
868120161322836
868120161322844
868120161322851
868120161322869
868120161322877
868120161322885
868120161322893
868120161322901
868120161322919
868120161322927
868120161322935
868120161322943
868120161322950
868120161322968
868120161322976
868120161322984
868120161322992
868120161323008
868120161323016
868120161323024
868120161323032
868120161323040
868120161323057
868120161323065
868120161323073
868120161323081
868120161323099
868120161323107
868120161323115
868120161323123
868120161323131
868120161323149
868120161323156
868120161323164
868120161323172
868120161323180
868120161323198
868120161323206
868120161323214
868120161323222
868120161323230
868120161323248
868120161323255
868120161323263
868120161323271
868120161323289
868120161323297
868120161323305
868120161323313
868120161323321
868120161323339
868120161323347
868120161323354
868120161323362
868120161323370
868120161323388
868120161323396
868120161323404
868120161323412
868120161323420
868120161323438
868120161323446
868120161323453
868120161323461
868120161323479
868120161323487
868120161323495
868120161323503
868120161323511
868120161323529
868120161323537
868120161323545
868120161323552
868120161323560
868120161323578
868120161323586
868120161323594
868120161323602
868120161323610
868120161323628
868120161323636
868120161323644
868120161323651
868120161323669
868120161323677
868120161323685
868120161323693
868120161323701
868120161323719
868120161323727
868120161323735
868120161323743
868120161323750
868120161323768
868120161323776
868120161323784
868120161323792
868120161323800
868120161323818
868120161323826
868120161323834
868120161323842
868120161323859
868120161323867
868120161323875
868120161323883
868120161323891
868120161323909
868120161323917
868120161323925
868120161323933
868120161323941
868120161323958
868120161323966
868120161323974
868120161323982
868120161323990
868120161324006
868120161324014
868120161324022
868120161324030
868120161324048
868120161324055
868120161324063
868120161324071
868120161324089
868120161324097
868120161324105
868120161324113
868120161324121
868120161324139
868120161324147
868120161324154
868120161324162
868120161324170
868120161324188
868120161324196
868120161324204
868120161324212
868120161324220
868120161324238
868120161324246
868120161324253
868120161324261
868120161324279
868120161324287
868120161324295
868120161324303
868120161324311
868120161324329
868120161324337
868120161324345
868120161324352
868120161324360
868120161324378
868120161324386
868120161324394
868120161324402
868120161324410
868120161324428
868120161324436
868120161324444
868120161324451
868120161324469
868120161324477
868120161324485
868120161324493
868120161324501
868120161324519
868120161324527
868120161324535
868120161324543
868120161324550
868120161324568
868120161324576
868120161324584
868120161324592
868120161324600
868120161324618
868120161324626
868120161324634
868120161324642
868120161324659
868120161324667
868120161324675
868120161324683
868120161324691
868120161324709
868120161324717
868120161324725
868120161324733
868120161324741
868120161324758
868120161324766
868120161324774
868120161324782
868120161324790
868120161324808
868120161324816
868120161324824
868120161324832
868120161324840
868120161324857
868120161324865
868120161324873
868120161324881
868120161324899
868120161324907
868120161324915
868120161324923
868120161324931
868120161324949
868120161324956
868120161324964
868120161324972
868120161324980
868120161324998
868120161325003
868120161325011
868120161325029
868120161325037
868120161325045
868120161325052
868120161325060
868120161325078
868120161325086
868120161325094
868120161325102
868120161325110
868120161325128
868120161325136
868120161325144
868120161325151
868120161325169
868120161325177
868120161325185
868120161325193
868120161325201
868120161325219
868120161325227
868120161325235
868120161325243
868120161325250
868120161325268
868120161325276
868120161325284
868120161325292
868120161325300
868120161325318
868120161325326
868120161325334
868120161325342
868120161325359
868120161325367
868120161325375
868120161325383
868120161325391
868120161325409
868120161325417
868120161325425
868120161325433
868120161325441
868120161325458
868120161325466
868120161325474
868120161325482
868120161325490
868120161325508
868120161325516
868120161325524
868120161325532
868120161325540
868120161325557
868120161325565
868120161325573
868120161325581
868120161325599
868120161325607
868120161325615
868120161325623
868120161325631
868120161325649
868120161325656
868120161325664
868120161325672
868120161325680
868120161325698
868120161325706
868120161325714
868120161325722
868120161325730
868120161325748
868120161325755
868120161325763
868120161325771
868120161325789
868120161325797
868120161325805
868120161325813
868120161325821
868120161325839
868120161325847
868120161325854
868120161325862
868120161325870
868120161325888
868120161325896
868120161325904
868120161325912
868120161325920
868120161325938
868120161325946
868120161325953
868120161325961
868120161325979
868120161325987
868120161325995
868120161326001
868120161326019
868120161326027
868120161326035
868120161326043
868120161326050
868120161326068
868120161326076
868120161326084
868120161326092
868120161326100
868120161326118
868120161326126
868120161326134
868120161326142
868120161326159
868120161326167
868120161326175
868120161326183
868120161326191
868120161326209
868120161326217
868120161326225
868120161326233
868120161326241
868120161326258
868120161326266
868120161326274
868120161326282
868120161326290
868120161326308
868120161326316
868120161326324
868120161326332
868120161326340
868120161326357
868120161326365
868120161326373
868120161326381
868120161326399
868120161326407
868120161326415
868120161326423
868120161326431
868120161326449
868120161326456
868120161326464
868120161326472
868120161326480
868120161326498
868120161326506
868120161326514
868120161326522
868120161326530
868120161326548
868120161326555
868120161326563
868120161326571
868120161326589
868120161326597
868120161326605
868120161326613
868120161326621
868120161326639
868120161326647
868120161326654
868120161326662
868120161326670
868120161326688
868120161326696
868120161326704
868120161326712
868120161326720
868120161326738
868120161326746
868120161326753
868120161326761
868120161326779
868120161326787
868120161326795
868120161326803
868120161326811
868120161326829
868120161326837
868120161326845
868120161326852
868120161326860
868120161326878
868120161326886
868120161326894
868120161326902
868120161326910
868120161326928
868120161326936
868120161326944
868120161326951
868120161326969
868120161326977
868120161326985
868120161326993
868120161327009
868120161327017
868120161327025
868120161327033
868120161327041
868120161327058
868120161327066
868120161327074
868120161327082
868120161327090
868120161327108
868120161327116
868120161327124
868120161327132
868120161327140
868120161327157
868120161327165
868120161327173
868120161327181
868120161327199
868120161327207
868120161327215
868120161327223
868120161327231
868120161327249
868120161327256
868120161327264
868120161327272
868120161327280
868120161327298
868120161327306
868120161327314
868120161327322
868120161327330
868120161327348
868120161327355
868120161327363
868120161327371
868120161327389
868120161327397
868120161327405
868120161327413
868120161327421
868120161327439
868120161327447
868120161327454
868120161327462
868120161327470
868120161327488
868120161327496
868120161327504
868120161327512
868120161327520
868120161327538
868120161327546
868120161327553
868120161327561
868120161327579
868120161327587
868120161327595
868120161327603
868120161327611
868120161327629
868120161327637
868120161327645
868120161327652
868120161327660
868120161327678
868120161327686
868120161327694
868120161327702
868120161327710
868120161327728
868120161327736
868120161327744
868120161327751
868120161327769
868120161327777
868120161327785
868120161327793
868120161327801
868120161327819
868120161327827
868120161327835
868120161327843
868120161327850
868120161327868
868120161327876
868120161327884
868120161327892
868120161327900
868120161327918
868120161327926
868120161327934
868120161327942
868120161327959
868120161327967
868120161327975
868120161327983
868120161327991
868120161328007
868120161328015
868120161328023
868120161328031
868120161328049
868120161328056
868120161328064
868120161328072
868120161328080
868120161328098
868120161328106
868120161328114
868120161328122
868120161328130
868120161328148
868120161328155
868120161328163
868120161328171
868120161328189
868120161328197
868120161328205
868120161328213
868120161328221
868120161328239
868120161328247
868120161328254
868120161328262
868120161328270
868120161328288
868120161328296
868120161328304
868120161328312
868120161328320
868120161328338
868120161328346
868120161328353
868120161328361
868120161328379
868120161328387
868120161328395
868120161328403
868120161328411
868120161328429
868120161328437
868120161328445
868120161328452
868120161328460
868120161328478
868120161328486
868120161328494
868120161328502
868120161328510
868120161328528
868120161328536
868120161328544
868120161328551
868120161328569
868120161328577
868120161328585
868120161328593
868120161328601
868120161328619
868120161328627
868120161328635
868120161328643
868120161328650
868120161328668
868120161328676
868120161328684
868120161328692
868120161328700
868120161328718
868120161328726
868120161328734
868120161328742
868120161328759
868120161328767
868120161328775
868120161328783
868120161328791
868120161328809
868120161328817
868120161328825
868120161328833
868120161328841
868120161328858
868120161328866
868120161328874
868120161328882
868120161328890
868120161328908
868120161328916
868120161328924
868120161328932
868120161328940
868120161328957
868120161328965
868120161328973
868120161328981
868120161328999
868120161329005
868120161329013
868120161329021
868120161329039
868120161329047
868120161329054
868120161329062
868120161329070
868120161329088
868120161329096
868120161329104
868120161329112
868120161329120
868120161329138
868120161329146
868120161329153
868120161329161
868120161329179
868120161329187
868120161329195
868120161329203
868120161329211
868120161329229
868120161329237
868120161329245
868120161329252
868120161329260
868120161329278
868120161329286
868120161329294
868120161329302
868120161329310
868120161329328
868120161329336
868120161329344
868120161329351
868120161329369
868120161329377
868120161329385
868120161329393
868120161329401
868120161329419
868120161329427
868120161329435
868120161329443
868120161329450
868120161329468
868120161329476
868120161329484
868120161329492
868120161329500
868120161329518
868120161329526
868120161329534
868120161329542
868120161329559
868120161329567
868120161329575
868120161329583
868120161329591
868120161329609
868120161329617
868120161329625
868120161329633
868120161329641
868120161329658
868120161329666
868120161329674
868120161329682
868120161329690
868120161329708
868120161329716
868120161329724
868120161329732
868120161329740
868120161329757
868120161329765
868120161329773
868120161329781
868120161329799
868120161329807
868120161329815
868120161329823
868120161329831
868120161329849
868120161329856
868120161329864
868120161329872
868120161329880
868120161329898
868120161329906
868120161329914
868120161329922
868120161329930
868120161329948
868120161329955
868120161329963
868120161329971
868120161329989
868120161329997
868120161330003
868120161330011
868120161330029
868120161330037
868120161330045
868120161330052
868120161330060
868120161330078
868120161330086
868120161330094
868120161330102
868120161330110
868120161330128
868120161330136
868120161330144
868120161330151
868120161330169
868120161330177
868120161330185
868120161330193
868120161330201
868120161330219
868120161330227
868120161330235
868120161330243
868120161330250
868120161330268
868120161330276
868120161330284
868120161330292
868120161330300
868120161330318
868120161330326
868120161330334
868120161330342
868120161330359
868120161330367
868120161330375
868120161330383
868120161330391
868120161330409
868120161330417
868120161330425
868120161330433
868120161330441
868120161330458
868120161330466
868120161330474
868120161330482
868120161330490
868120161330508
868120161330516
868120161330524
868120161330532
868120161330540
868120161330557
868120161330565
868120161330573
868120161330581
868120161330599
868120161330607
868120161330615
868120161330623
868120161330631
868120161330649
868120161330656
868120161330664
868120161330672
868120161330680
868120161330698
868120161330706
868120161330714
868120161330722
868120161330730
868120161330748
868120161330755
868120161330763
868120161330771
868120161330789
868120161330797
868120161330805
868120161330813
868120161330821
868120161330839
868120161330847
868120161330854
868120161330862
868120161330870
868120161330888
868120161330896
868120161330904
868120161330912
868120161330920
868120161330938
868120161330946
868120161330953
868120161330961
868120161330979
868120161330987
868120161330995
868120161331001
868120161331019
868120161331027
868120161331035
868120161331043
868120161331050
868120161331068
868120161331076
868120161331084
868120161331092
868120161331100
868120161331118
868120161331126
868120161331134
868120161331142
868120161331159
868120161331167
868120161331175
868120161331183
868120161331191
868120161331209
868120161331217
868120161331225
868120161331233
868120161331241
868120161331258
868120161331266
868120161331274
868120161331282
868120161331290
868120161331308
868120161331316
868120161331324
868120161331332
868120161331340
868120161331357
868120161331365
868120161331373
868120161331381
868120161331399
868120161331407
868120161331415
868120161331423
868120161331431
868120161331449
868120161331456
868120161331464
868120161331472
868120161331480
868120161331498
868120161331506
868120161331514
868120161331522
868120161331530
868120161331548
868120161331555
868120161331563
868120161331571
868120161331589
868120161331597
868120161331605
868120161331613
868120161331621
868120161331639
868120161331647
868120161331654
868120161331662
868120161331670
868120161331688
868120161331696
868120161331704
868120161331712
868120161331720
868120161331738
868120161331746
868120161331753
868120161331761
868120161331779
868120161331787
868120161331795
868120161331803
868120161331811
868120161331829
868120161331837
868120161331845
868120161331852
868120161331860
868120161331878
868120161331886
868120161331894
868120161331902
868120161331910
868120161331928
868120161331936
868120161331944
868120161331951
868120161331969
868120161331977
868120161331985
868120161331993
868120161332009
868120161332017
868120161332025
868120161332033
868120161332041
868120161332058
868120161332066
868120161332074
868120161332082
868120161332090
868120161332108
868120161332116
868120161332124
868120161332132
868120161332140
868120161332157
868120161332165
868120161332173
868120161332181
868120161332199
868120161332207
868120161332215
868120161332223
868120161332231
868120161332249
868120161332256
868120161332264
868120161332272
868120161332280
868120161332298
868120161332306
868120161332314
868120161332322
868120161332330
868120161332348
868120161332355
868120161332363
868120161332371
868120161332389
868120161332397
868120161332405
868120161332413
868120161332421
868120161332439
868120161332447
868120161332454
868120161332462
868120161332470
868120161332488
868120161332496
868120161332504
868120161332512
868120161332520
868120161332538
868120161332546
868120161332553
868120161332561
868120161332579
868120161332587
868120161332595
868120161332603
868120161332611
868120161332629
868120161332637
868120161332645
868120161332652
868120161332660
868120161332678
868120161332686
868120161332694
868120161332702
868120161332710
868120161332728
868120161332736
868120161332744
868120161332751
868120161332769
868120161332777
868120161332785
868120161332793
868120161332801
868120161332819
868120161332827
868120161332835
868120161332843
868120161332850
868120161332868
868120161332876
868120161332884
868120161332892
868120161332900
868120161332918
868120161332926
868120161332934
868120161332942
868120161332959
868120161332967
868120161332975
868120161332983
868120161332991
868120161333007
868120161333015
868120161333023
868120161333031
868120161333049
868120161333056
868120161333064
868120161333072
868120161333080
868120161333098
868120161333106
868120161333114
868120161333122
868120161333130
868120161333148
868120161333155
868120161333163
868120161333171
868120161333189
868120161333197
868120161333205
868120161333213
868120161333221
868120161333239
868120161333247
868120161333254
868120161333262
868120161333270
868120161333288
868120161333296
868120161333304
868120161333312
868120161333320
868120161333338
868120161333346
868120161333353
868120161333361
868120161333379
868120161333387
868120161333395
868120161333403
868120161333411
868120161333429
868120161333437
868120161333445
868120161333452
868120161333460
868120161333478
868120161333486
868120161333494
868120161333502
868120161333510
868120161333528
868120161333536
868120161333544
868120161333551
868120161333569
868120161333577
868120161333585
868120161333593
868120161333601
868120161333619
868120161333627
868120161333635
868120161333643
868120161333650
868120161333668
868120161333676
868120161333684
868120161333692
868120161333700
868120161333718
868120161333726
868120161333734
868120161333742
868120161333759
868120161333767
868120161333775
868120161333783
868120161333791
868120161333809
868120161333817
868120161333825
868120161333833
868120161333841
868120161333858
868120161333866
868120161333874
868120161333882
868120161333890
868120161333908
868120161333916
868120161333924
868120161333932
868120161333940
868120161333957
868120161333965
868120161333973
868120161333981
868120161333999
868120161334005
868120161334013
868120161334021
868120161334039
868120161334047
868120161334054
868120161334062
868120161334070
868120161334088
868120161334096
868120161334104
868120161334112
868120161334120
868120161334138
868120161334146
868120161334153
868120161334161
868120161334179
868120161334187
868120161334195
868120161334203
868120161334211
868120161334229
868120161334237
868120161334245
868120161334252
868120161334260
868120161334278
868120161334286
868120161334294
868120161334302
868120161334310
868120161334328
868120161334336
868120161334344
868120161334351
868120161334369
868120161334377
868120161334385
868120161334393
868120161334401
868120161334419
868120161334427
868120161334435
868120161334443
868120161334450
868120161334468
868120161334476
868120161334484
868120161334492
868120161334500
868120161334518
868120161334526
868120161334534
868120161334542
868120161334559
868120161334567
868120161334575
868120161334583
868120161334591
868120161334609
868120161334617
868120161334625
868120161334633
868120161334641
868120161334658
868120161334666
868120161334674
868120161334682
868120161334690
868120161334708
868120161334716
868120161334724
868120161334732
868120161334740
868120161334757
868120161334765
868120161334773
868120161334781
868120161334799
868120161334807
868120161334815
868120161334823
868120161334831
868120161334849
868120161334856
868120161334864
868120161334872
868120161334880
868120161334898
868120161334906
868120161334914
868120161334922
868120161334930
868120161334948
868120161334955
868120161334963
868120161334971
868120161334989
868120161334997
868120161335002
868120161335010
868120161335028
868120161335036
868120161335044
868120161335051
868120161335069
868120161335077
868120161335085
868120161335093
868120161335101
868120161335119
868120161335127
868120161335135
868120161335143
868120161335150
868120161335168
868120161335176
868120161335184
868120161335192
868120161335200
868120161335218
868120161335226
868120161335234
868120161335242
868120161335259
868120161335267
868120161335275
868120161335283
868120161335291
868120161335309
868120161335317
868120161335325
868120161335333
868120161335341
868120161335358
868120161335366
868120161335374
868120161335382
868120161335390
868120161335408
868120161335416
868120161335424
868120161335432
868120161335440
868120161335457
868120161335465
868120161335473
868120161335481
868120161335499
868120161335507
868120161335515
868120161335523
868120161335531
868120161335549
868120161335556
868120161335564
868120161335572
868120161335580
868120161335598
868120161335606
868120161335614
868120161335622
868120161335630
868120161335648
868120161335655
868120161335663
868120161335671
868120161335689
868120161335697
868120161335705
868120161335713
868120161335721
868120161335739
868120161335747
868120161335754
868120161335762
868120161335770
868120161335788
868120161335796
868120161335804
868120161335812
868120161335820
868120161335838
868120161335846
868120161335853
868120161335861
868120161335879
868120161335887
868120161335895
868120161335903
868120161335911
868120161335929
868120161335937
868120161335945
868120161335952
868120161335960
868120161335978
868120161335986
868120161335994
868120161336000
868120161336018
868120161336026
868120161336034
868120161336042
868120161336059
868120161336067
868120161336075
868120161336083
868120161336091
868120161336109
868120161336117
868120161336125
868120161336133
868120161336141
868120161336158
868120161336166
868120161336174
868120161336182
868120161336190
868120161336208
868120161336216
868120161336224
868120161336232
868120161336240
868120161336257
868120161336265
868120161336273
868120161336281
868120161336299
868120161336307
868120161336315
868120161336323
868120161336331
868120161336349
868120161336356
868120161336364
868120161336372
868120161336380
868120161336398
868120161336406
868120161336414
868120161336422
868120161336430
868120161336448
868120161336455
868120161336463
868120161336471
868120161336489
868120161336497
868120161336505
868120161336513
868120161336521
868120161336539
868120161336547
868120161336554
868120161336562
868120161336570
868120161336588
868120161336596
868120161336604
868120161336612
868120161336620
868120161336638
868120161336646
868120161336653
868120161336661
868120161336679
868120161336687
868120161336695
868120161336703
868120161336711
868120161336729
868120161336737
868120161336745
868120161336752
868120161336760
868120161336778
868120161336786
868120161336794
868120161336802
868120161336810
868120161336828
868120161336836
868120161336844
868120161336851
868120161336869
868120161336877
868120161336885
868120161336893
868120161336901
868120161336919
868120161336927
868120161336935
868120161336943
868120161336950
868120161336968
868120161336976
868120161336984
868120161336992
868120161337008
868120161337016
868120161337024
868120161337032
868120161337040
868120161337057
868120161337065
868120161337073
868120161337081
868120161337099
868120161337107
868120161337115
868120161337123
868120161337131
868120161337149
868120161337156
868120161337164
868120161337172
868120161337180
868120161337198
868120161337206
868120161337214
868120161337222
868120161337230
868120161337248
868120161337255
868120161337263
868120161337271
868120161337289
868120161337297
868120161337305
868120161337313
868120161337321
868120161337339
868120161337347
868120161337354
868120161337362
868120161337370
868120161337388
868120161337396
868120161337404
868120161337412
868120161337420
868120161337438
868120161337446
868120161337453
868120161337461
868120161337479
868120161337487
868120161337495
868120161337503
868120161337511
868120161337529
868120161337537
868120161337545
868120161337552
868120161337560
868120161337578
868120161337586
868120161337594
868120161337602
868120161337610
868120161337628
868120161337636
868120161337644
868120161337651
868120161337669
868120161337677
868120161337685
868120161337693
868120161337701
868120161337719
868120161337727
868120161337735
868120161337743
868120161337750
868120161337768
868120161337776
868120161337784
868120161337792
868120161337800
868120161337818
868120161337826
868120161337834
868120161337842
868120161337859
868120161337867
868120161337875
868120161337883
868120161337891
868120161337909
868120161337917
868120161337925
868120161337933
868120161337941
868120161337958
868120161337966
868120161337974
868120161337982
868120161337990
868120161338006
868120161338014
868120161338022
868120161338030
868120161338048
868120161338055
868120161338063
868120161338071
868120161338089
868120161338097
868120161338105
868120161338113
868120161338121
868120161338139
868120161338147
868120161338154
868120161338162
868120161338170
868120161338188
868120161338196
868120161338204
868120161338212
868120161338220
868120161338238
868120161338246
868120161338253
868120161338261
868120161338279
868120161338287
868120161338295
868120161338303
868120161338311
868120161338329
868120161338337
868120161338345
868120161338352
868120161338360
868120161338378
868120161338386
868120161338394
868120161338402
868120161338410
868120161338428
868120161338436
868120161338444
868120161338451
868120161338469
868120161338477
868120161338485
868120161338493
868120161338501
868120161338519
868120161338527
868120161338535
868120161338543
868120161338550
868120161338568
868120161338576
868120161338584
868120161338592
868120161338600
868120161338618
868120161338626
868120161338634
868120161338642
868120161338659
868120161338667
868120161338675
868120161338683
868120161338691
868120161338709
868120161338717
868120161338725
868120161338733
868120161338741
868120161338758
868120161338766
868120161338774
868120161338782
868120161338790
868120161338808
868120161338816
868120161338824
868120161338832
868120161338840
868120161338857
868120161338865
868120161338873
868120161338881
868120161338899
868120161338907
868120161338915
868120161338923
868120161338931
868120161338949
868120161338956
868120161338964
868120161338972
868120161338980
868120161338998
868120161339004
868120161339012
868120161339020
868120161339038
868120161339046
868120161339053
868120161339061
868120161339079
868120161339087
868120161339095
868120161339103
868120161339111
868120161339129
868120161339137
868120161339145
868120161339152
868120161339160
868120161339178
868120161339186
868120161339194
868120161339202
868120161339210
868120161339228
868120161339236
868120161339244
868120161339251
868120161339269
868120161339277
868120161339285
868120161339293
868120161339301
868120161339319
868120161339327
868120161339335
868120161339343
868120161339350
868120161339368
868120161339376
868120161339384
868120161339392
868120161339400
868120161339418
868120161339426
868120161339434
868120161339442
868120161339459
868120161339467
868120161339475
868120161339483
868120161339491
868120161339509
868120161339517
868120161339525
868120161339533
868120161339541
868120161339558
868120161339566
868120161339574
868120161339582
868120161339590
868120161339608
868120161339616
868120161339624
868120161339632
868120161339640
868120161339657
868120161339665
868120161339673
868120161339681
868120161339699
868120161339707
868120161339715
868120161339723
868120161339731
868120161339749
868120161339756
868120161339764
868120161339772
868120161339780
868120161339798
868120161339806
868120161339814
868120161339822
868120161339830
868120161339848
868120161339855
868120161339863
868120161339871
868120161339889
868120161339897
868120161339905
868120161339913
868120161339921
868120161339939
868120161339947
868120161339954
868120161339962
868120161339970
868120161339988
868120161339996
868120161340002
868120161340010
868120161340028
868120161340036
868120161340044
868120161340051
868120161340069
868120161340077
868120161340085
868120161340093
868120161340101
868120161340119
868120161340127
868120161340135
868120161340143
868120161340150
868120161340168
868120161340176
868120161340184
868120161340192
868120161340200
868120161340218
868120161340226
868120161340234
868120161340242
868120161340259
868120161340267
868120161340275
868120161340283
868120161340291
868120161340309
868120161340317
868120161340325
868120161340333
868120161340341
868120161340358
868120161340366
868120161340374
868120161340382
868120161340390
868120161340408
868120161340416
868120161340424
868120161340432
868120161340440
868120161340457
868120161340465
868120161340473
868120161340481
868120161340499
868120161340507
868120161340515
868120161340523
868120161340531
868120161340549
868120161340556
868120161340564
868120161340572
868120161340580
868120161340598
868120161340606
868120161340614
868120161340622
868120161340630
868120161340648
868120161340655
868120161340663
868120161340671
868120161340689
868120161340697
868120161340705
868120161340713
868120161340721
868120161340739
868120161340747
868120161340754
868120161340762
868120161340770
868120161340788
868120161340796
868120161340804
868120161340812
868120161340820
868120161340838
868120161340846
868120161340853
868120161340861
868120161340879
868120161340887
868120161340895
868120161340903
868120161340911
868120161340929
868120161340937
868120161340945
868120161340952
868120161340960
868120161340978
868120161340986
868120161340994
868120161341000
868120161341018
868120161341026
868120161341034
868120161341042
868120161341059
868120161341067
868120161341075
868120161341083
868120161341091
868120161341109
868120161341117
868120161341125
868120161341133
868120161341141
868120161341158
868120161341166
868120161341174
868120161341182
868120161341190
868120161341208
868120161341216
868120161341224
868120161341232
868120161341240
868120161341257
868120161341265
868120161341273
868120161341281
868120161341299
868120161341307
868120161341315
868120161341323
868120161341331
868120161341349
868120161341356
868120161341364
868120161341372
868120161341380
868120161341398
868120161341406
868120161341414
868120161341422
868120161341430
868120161341448
868120161341455
868120161341463
868120161341471
868120161341489
868120161341497
868120161341505
868120161341513
868120161341521
868120161341539
868120161341547
868120161341554
868120161341562
868120161341570
868120161341588
868120161341596
868120161341604
868120161341612
868120161341620
868120161341638
868120161341646
868120161341653
868120161341661
868120161341679
868120161341687
868120161341695
868120161341703
868120161341711
868120161341729
868120161341737
868120161341745
868120161341752
868120161341760
868120161341778
868120161341786
868120161341794
868120161341802
868120161341810
868120161341828
868120161341836
868120161341844
868120161341851
868120161341869
868120161341877
868120161341885
868120161341893
868120161341901
868120161341919
868120161341927
868120161341935
868120161341943
868120161341950
868120161341968
868120161341976
868120161341984
868120161341992
868120161342008
868120161342016
868120161342024
868120161342032
868120161342040
868120161342057
868120161342065
868120161342073
868120161342081
868120161342099
868120161342107
868120161342115
868120161342123
868120161342131
868120161342149
868120161342156
868120161342164
868120161342172
868120161342180
868120161342198
868120161342206
868120161342214
868120161342222
868120161342230
868120161342248
868120161342255
868120161342263
868120161342271
868120161342289
868120161342297
868120161342305
868120161342313
868120161342321
868120161342339
868120161342347
868120161342354
868120161342362
868120161342370
868120161342388
868120161342396
868120161342404
868120161342412
868120161342420
868120161342438
868120161342446
868120161342453
868120161342461
868120161342479
868120161342487
868120161342495
868120161342503
868120161342511
868120161342529
868120161342537
868120161342545
868120161342552
868120161342560
868120161342578
868120161342586
868120161342594
868120161342602
868120161342610
868120161342628
868120161342636
868120161342644
868120161342651
868120161342669
868120161342677
868120161342685
868120161342693
868120161342701
868120161342719
868120161342727
868120161342735
868120161342743
868120161342750
868120161342768
868120161342776
868120161342784
868120161342792
868120161342800
868120161342818
868120161342826
868120161342834
868120161342842
868120161342859
868120161342867
868120161342875
868120161342883
868120161342891
868120161342909
868120161342917
868120161342925
868120161342933
868120161342941
868120161342958
868120161342966
868120161342974
868120161342982
868120161342990
868120161343006
868120161343014
868120161343022
868120161343030
868120161343048
868120161343055
868120161343063
868120161343071
868120161343089
868120161343097
868120161343105
868120161343113
868120161343121
868120161343139
868120161343147
868120161343154
868120161343162
868120161343170
868120161343188
868120161343196
868120161343204
868120161343212
868120161343220
868120161343238
868120161343246
868120161343253
868120161343261
868120161343279
868120161343287
868120161343295
868120161343303
868120161343311
868120161343329
868120161343337
868120161343345
868120161343352
868120161343360
868120161343378
868120161343386
868120161343394
868120161343402
868120161343410
868120161343428
868120161343436
868120161343444
868120161343451
868120161343469
868120161343477
868120161343485
868120161343493
868120161343501
868120161343519
868120161343527
868120161343535
868120161343543
868120161343550
868120161343568
868120161343576
868120161343584
868120161343592
868120161343600
868120161343618
868120161343626
868120161343634
868120161343642
868120161343659
868120161343667
868120161343675
868120161343683
868120161343691
868120161343709
868120161343717
868120161343725
868120161343733
868120161343741
868120161343758
868120161343766
868120161343774
868120161343782
868120161343790
868120161343808
868120161343816
868120161343824
868120161343832
868120161343840
868120161343857
868120161343865
868120161343873
868120161343881
868120161343899
868120161343907
868120161343915
868120161343923
868120161343931
868120161343949
868120161343956
868120161343964
868120161343972
868120161343980
868120161343998
868120161344004
868120161344012
868120161344020
868120161344038
868120161344046
868120161344053
868120161344061
868120161344079
868120161344087
868120161344095
868120161344103
868120161344111
868120161344129
868120161344137
868120161344145
868120161344152
868120161344160
868120161344178
868120161344186
868120161344194
868120161344202
868120161344210
868120161344228
868120161344236
868120161344244
868120161344251
868120161344269
868120161344277
868120161344285
868120161344293
868120161344301
868120161344319
868120161344327
868120161344335
868120161344343
868120161344350
868120161344368
868120161344376
868120161344384
868120161344392
868120161344400
868120161344418
868120161344426
868120161344434
868120161344442
868120161344459
868120161344467
868120161344475
868120161344483
868120161344491
868120161344509
868120161344517
868120161344525
868120161344533
868120161344541
868120161344558
868120161344566
868120161344574
868120161344582
868120161344590
868120161344608
868120161344616
868120161344624
868120161344632
868120161344640
868120161344657
868120161344665
868120161344673
868120161344681
868120161344699
868120161344707
868120161344715
868120161344723
868120161344731
868120161344749
868120161344756
868120161344764
868120161344772
868120161344780
868120161344798
868120161344806
868120161344814
868120161344822
868120161344830
868120161344848
868120161344855
868120161344863
868120161344871
868120161344889
868120161344897
868120161344905
868120161344913
868120161344921
868120161344939
868120161344947
868120161344954
868120161344962
868120161344970
868120161344988
868120161344996
868120161345001
868120161345019
868120161345027
868120161345035
868120161345043
868120161345050
868120161345068
868120161345076
868120161345084
868120161345092
868120161345100
868120161345118
868120161345126
868120161345134
868120161345142
868120161345159
868120161345167
868120161345175
868120161345183
868120161345191
868120161345209
868120161345217
868120161345225
868120161345233
868120161345241
868120161345258
868120161345266
868120161345274
868120161345282
868120161345290
868120161345308
868120161345316
868120161345324
868120161345332
868120161345340
868120161345357
868120161345365
868120161345373
868120161345381
868120161345399
868120161345407
868120161345415
868120161345423
868120161345431
868120161345449
868120161345456
868120161345464
868120161345472
868120161345480
868120161345498
868120161345506
868120161345514
868120161345522
868120161345530
868120161345548
868120161345555
868120161345563
868120161345571
868120161345589
868120161345597
868120161345605
868120161345613
868120161345621
868120161345639
868120161345647
868120161345654
868120161345662
868120161345670
868120161345688
868120161345696
868120161345704
868120161345712
868120161345720
868120161345738
868120161345746
868120161345753
868120161345761
868120161345779
868120161345787
868120161345795
868120161345803
868120161345811
868120161345829
868120161345837
868120161345845
868120161345852
868120161345860
868120161345878
868120161345886
868120161345894
868120161345902
868120161345910
868120161345928
868120161345936
868120161345944
868120161345951
868120161345969
868120161345977
868120161345985
868120161345993
868120161346009
868120161346017
868120161346025
868120161346033
868120161346041
868120161346058
868120161346066
868120161346074
868120161346082
868120161346090
868120161346108
868120161346116
868120161346124
868120161346132
868120161346140
868120161346157
868120161346165
868120161346173
868120161346181
868120161346199
868120161346207
868120161346215
868120161346223
868120161346231
868120161346249
868120161346256
868120161346264
868120161346272
868120161346280
868120161346298
868120161346306
868120161346314
868120161346322
868120161346330
868120161346348
868120161346355
868120161346363
868120161346371
868120161346389
868120161346397
868120161346405
868120161346413
868120161346421
868120161346439
868120161346447
868120161346454
868120161346462
868120161346470
868120161346488
868120161346496
868120161346504
868120161346512
868120161346520
868120161346538
868120161346546
868120161346553
868120161346561
868120161346579
868120161346587
868120161346595
868120161346603
868120161346611
868120161346629
868120161346637
868120161346645
868120161346652
868120161346660
868120161346678
868120161346686
868120161346694
868120161346702
868120161346710
868120161346728
868120161346736
868120161346744
868120161346751
868120161346769
868120161346777
868120161346785
868120161346793
868120161346801
868120161346819
868120161346827
868120161346835
868120161346843
868120161346850
868120161346868
868120161346876
868120161346884
868120161346892
868120161346900
868120161346918
868120161346926
868120161346934
868120161346942
868120161346959
868120161346967
868120161346975
868120161346983
868120161346991
868120161347007
868120161347015
868120161347023
868120161347031
868120161347049
868120161347056
868120161347064
868120161347072
868120161347080
868120161347098
868120161347106
868120161347114
868120161347122
868120161347130
868120161347148
868120161347155
868120161347163
868120161347171
868120161347189
868120161347197
868120161347205
868120161347213
868120161347221
868120161347239
868120161347247
868120161347254
868120161347262
868120161347270
868120161347288
868120161347296
868120161347304
868120161347312
868120161347320
868120161347338
868120161347346
868120161347353
868120161347361
868120161347379
868120161347387
868120161347395
868120161347403
868120161347411
868120161347429
868120161347437
868120161347445
868120161347452
868120161347460
868120161347478
868120161347486
868120161347494
868120161347502
868120161347510
868120161347528
868120161347536
868120161347544
868120161347551
868120161347569
868120161347577
868120161347585
868120161347593
868120161347601
868120161347619
868120161347627
868120161347635
868120161347643
868120161347650
868120161347668
868120161347676
868120161347684
868120161347692
868120161347700
868120161347718
868120161347726
868120161347734
868120161347742
868120161347759
868120161347767
868120161347775
868120161347783
868120161347791
868120161347809
868120161347817
868120161347825
868120161347833
868120161347841
868120161347858
868120161347866
868120161347874
868120161347882
868120161347890
868120161347908
868120161347916
868120161347924
868120161347932
868120161347940
868120161347957
868120161347965
868120161347973
868120161347981
868120161347999
868120161348005
868120161348013
868120161348021
868120161348039
868120161348047
868120161348054
868120161348062
868120161348070
868120161348088
868120161348096
868120161348104
868120161348112
868120161348120
868120161348138
868120161348146
868120161348153
868120161348161
868120161348179
868120161348187
868120161348195
868120161348203
868120161348211
868120161348229
868120161348237
868120161348245
868120161348252
868120161348260
868120161348278
868120161348286
868120161348294
868120161348302
868120161348310
868120161348328
868120161348336
868120161348344
868120161348351
868120161348369
868120161348377
868120161348385
868120161348393
868120161348401
868120161348419
868120161348427
868120161348435
868120161348443
868120161348450
868120161348468
868120161348476
868120161348484
868120161348492
868120161348500
868120161348518
868120161348526
868120161348534
868120161348542
868120161348559
868120161348567
868120161348575
868120161348583
868120161348591
868120161348609
868120161348617
868120161348625
868120161348633
868120161348641
868120161348658
868120161348666
868120161348674
868120161348682
868120161348690
868120161348708
868120161348716
868120161348724
868120161348732
868120161348740
868120161348757
868120161348765
868120161348773
868120161348781
868120161348799
868120161348807
868120161348815
868120161348823
868120161348831
868120161348849
868120161348856
868120161348864
868120161348872
868120161348880
868120161348898
868120161348906
868120161348914
868120161348922
868120161348930
868120161348948
868120161348955
868120161348963
868120161348971
868120161348989
868120161348997
868120161349003
868120161349011
868120161349029
868120161349037
868120161349045
868120161349052
868120161349060
868120161349078
868120161349086
868120161349094
868120161349102
868120161349110
868120161349128
868120161349136
868120161349144
868120161349151
868120161349169
868120161349177
868120161349185
868120161349193
868120161349201
868120161349219
868120161349227
868120161349235
868120161349243
868120161349250
868120161349268
868120161349276
868120161349284
868120161349292
868120161349300
868120161349318
868120161349326
868120161349334
868120161349342
868120161349359
868120161349367
868120161349375
868120161349383
868120161349391
868120161349409
868120161349417
868120161349425
868120161349433
868120161349441
868120161349458
868120161349466
868120161349474
868120161349482
868120161349490
868120161349508
868120161349516
868120161349524
868120161349532
868120161349540
868120161349557
868120161349565
868120161349573
868120161349581
868120161349599
868120161349607
868120161349615
868120161349623
868120161349631
868120161349649
868120161349656
868120161349664
868120161349672
868120161349680
868120161349698
868120161349706
868120161349714
868120161349722
868120161349730
868120161349748
868120161349755
868120161349763
868120161349771
868120161349789
868120161349797
868120161349805
868120161349813
868120161349821
868120161349839
868120161349847
868120161349854
868120161349862
868120161349870
868120161349888
868120161349896
868120161349904
868120161349912
868120161349920
868120161349938
868120161349946
868120161349953
868120161349961
868120161349979
868120161349987
868120161349995
868120161350001
868120161350019
868120161350027
868120161350035
868120161350043
868120161350050
868120161350068
868120161350076
868120161350084
868120161350092
868120161350100
868120161350118
868120161350126
868120161350134
868120161350142
868120161350159
868120161350167
868120161350175
868120161350183
868120161350191
868120161350209
868120161350217
868120161350225
868120161350233
868120161350241
868120161350258
868120161350266
868120161350274
868120161350282
868120161350290
868120161350308
868120161350316
868120161350324
868120161350332
868120161350340
868120161350357
868120161350365
868120161350373
868120161350381
868120161350399
868120161350407
868120161350415
868120161350423
868120161350431
868120161350449
868120161350456
868120161350464
868120161350472
868120161350480
868120161350498
868120161350506
868120161350514
868120161350522
868120161350530
868120161350548
868120161350555
868120161350563
868120161350571
868120161350589
868120161350597
868120161350605
868120161350613
868120161350621
868120161350639
868120161350647
868120161350654
868120161350662
868120161350670
868120161350688
868120161350696
868120161350704
868120161350712
868120161350720
868120161350738
868120161350746
868120161350753
868120161350761
868120161350779
868120161350787
868120161350795
868120161350803
868120161350811
868120161350829
868120161350837
868120161350845
868120161350852
868120161350860
868120161350878
868120161350886
868120161350894
868120161350902
868120161350910
868120161350928
868120161350936
868120161350944
868120161350951
868120161350969
868120161350977
868120161350985
868120161350993
868120161351009
868120161351017
868120161351025
868120161351033
868120161351041
868120161351058
868120161351066
868120161351074
868120161351082
868120161351090
868120161351108
868120161351116
868120161351124
868120161351132
868120161351140
868120161351157
868120161351165