868120161211179
868120161211187
868120161211195
868120161211203
868120161211211
868120161211229
868120161211237
868120161211245
868120161211252
868120161211260
868120161211278
868120161211286
868120161211294
868120161211302
868120161211310
868120161211328
868120161211336
868120161211344
868120161211351
868120161211369
868120161211377
868120161211385
868120161211393
868120161211401
868120161211419
868120161211427
868120161211435
868120161211443
868120161211450
868120161211468
868120161211476
868120161211484
868120161211492
868120161211500
868120161211518
868120161211526
868120161211534
868120161211542
868120161211559
868120161211567
868120161211575
868120161211583
868120161211591
868120161211609
868120161211617
868120161211625
868120161211633
868120161211641
868120161211658
868120161211666
868120161211674
868120161211682
868120161211690
868120161211708
868120161211716
868120161211724
868120161211732
868120161211740
868120161211757
868120161211765
868120161211773
868120161211781
868120161211799
868120161211807
868120161211815
868120161211823
868120161211831
868120161211849
868120161211856
868120161211864
868120161211872
868120161211880
868120161211898
868120161211906
868120161211914
868120161211922
868120161211930
868120161211948
868120161211955
868120161211963
868120161211971
868120161211989
868120161211997
868120161212003
868120161212011
868120161212029
868120161212037
868120161212045
868120161212052
868120161212060
868120161212078
868120161212086
868120161212094
868120161212102
868120161212110
868120161212128
868120161212136
868120161212144
868120161212151
868120161212169
868120161212177
868120161212185
868120161212193
868120161212201
868120161212219
868120161212227
868120161212235
868120161212243
868120161212250
868120161212268
868120161212276
868120161212284
868120161212292
868120161212300
868120161212318
868120161212326
868120161212334
868120161212342
868120161212359
868120161212367
868120161212375
868120161212383
868120161212391
868120161212409
868120161212417
868120161212425
868120161212433
868120161212441
868120161212458
868120161212466
868120161212474
868120161212482
868120161212490
868120161212508
868120161212516
868120161212524
868120161212532
868120161212540
868120161212557
868120161212565
868120161212573
868120161212581
868120161212599
868120161212607
868120161212615
868120161212623
868120161212631
868120161212649
868120161212656
868120161212664
868120161212672
868120161212680
868120161212698
868120161212706
868120161212714
868120161212722
868120161212730
868120161212748
868120161212755
868120161212763
868120161212771
868120161212789
868120161212797
868120161212805
868120161212813
868120161212821
868120161212839
868120161212847
868120161212854
868120161212862
868120161212870
868120161212888
868120161212896
868120161212904
868120161212912
868120161212920
868120161212938
868120161212946
868120161212953
868120161212961
868120161212979
868120161212987
868120161212995
868120161213001
868120161213019
868120161213027
868120161213035
868120161213043
868120161213050
868120161213068
868120161213076
868120161213084
868120161213092
868120161213100
868120161213118
868120161213126
868120161213134
868120161213142
868120161213159
868120161213167
868120161213175
868120161213183
868120161213191
868120161213209
868120161213217
868120161213225
868120161213233
868120161213241
868120161213258
868120161213266
868120161213274
868120161213282
868120161213290
868120161213308
868120161213316
868120161213324
868120161213332
868120161213340
868120161213357
868120161213365
868120161213373
868120161213381
868120161213399
868120161213407
868120161213415
868120161213423
868120161213431
868120161213449
868120161213456
868120161213464
868120161213472
868120161213480
868120161213498
868120161213506
868120161213514
868120161213522
868120161213530
868120161213548
868120161213555
868120161213563
868120161213571
868120161213589
868120161213597
868120161213605
868120161213613
868120161213621
868120161213639
868120161213647
868120161213654
868120161213662
868120161213670
868120161213688
868120161213696
868120161213704
868120161213712
868120161213720
868120161213738
868120161213746
868120161213753
868120161213761
868120161213779
868120161213787
868120161213795
868120161213803
868120161213811
868120161213829
868120161213837
868120161213845
868120161213852
868120161213860
868120161213878
868120161213886
868120161213894
868120161213902
868120161213910
868120161213928
868120161213936
868120161213944
868120161213951
868120161213969
868120161213977
868120161213985
868120161213993
868120161214009
868120161214017
868120161214025
868120161214033
868120161214041
868120161214058
868120161214066
868120161214074
868120161214082
868120161214090
868120161214108
868120161214116
868120161214124
868120161214132
868120161214140
868120161214157
868120161214165
868120161214173
868120161214181
868120161214199
868120161214207
868120161214215
868120161214223
868120161214231
868120161214249
868120161214256
868120161214264
868120161214272
868120161214280
868120161214298
868120161214306
868120161214314
868120161214322
868120161214330
868120161214348
868120161214355
868120161214363
868120161214371
868120161214389
868120161214397
868120161214405
868120161214413
868120161214421
868120161214439
868120161214447
868120161214454
868120161214462
868120161214470
868120161214488
868120161214496
868120161214504
868120161214512
868120161214520
868120161214538
868120161214546
868120161214553
868120161214561
868120161214579
868120161214587
868120161214595
868120161214603
868120161214611
868120161214629
868120161214637
868120161214645
868120161214652
868120161214660
868120161214678
868120161214686
868120161214694
868120161214702
868120161214710
868120161214728
868120161214736
868120161214744
868120161214751
868120161214769
868120161214777
868120161214785
868120161214793
868120161214801
868120161214819
868120161214827
868120161214835
868120161214843
868120161214850
868120161214868
868120161214876
868120161214884
868120161214892
868120161214900
868120161214918
868120161214926
868120161214934
868120161214942
868120161214959
868120161214967
868120161214975
868120161214983
868120161214991
868120161215006
868120161215014
868120161215022
868120161215030
868120161215048
868120161215055
868120161215063
868120161215071
868120161215089
868120161215097
868120161215105
868120161215113
868120161215121
868120161215139
868120161215147
868120161215154
868120161215162
868120161215170
868120161215188
868120161215196
868120161215204
868120161215212
868120161215220
868120161215238
868120161215246
868120161215253
868120161215261
868120161215279
868120161215287
868120161215295
868120161215303
868120161215311
868120161215329
868120161215337
868120161215345
868120161215352
868120161215360
868120161215378
868120161215386
868120161215394
868120161215402
868120161215410
868120161215428
868120161215436
868120161215444
868120161215451
868120161215469
868120161215477
868120161215485
868120161215493
868120161215501
868120161215519
868120161215527
868120161215535
868120161215543
868120161215550
868120161215568
868120161215576
868120161215584
868120161215592
868120161215600
868120161215618
868120161215626
868120161215634
868120161215642
868120161215659
868120161215667
868120161215675
868120161215683
868120161215691
868120161215709
868120161215717
868120161215725
868120161215733
868120161215741
868120161215758
868120161215766
868120161215774
868120161215782
868120161215790
868120161215808
868120161215816
868120161215824
868120161215832
868120161215840
868120161215857
868120161215865
868120161215873
868120161215881
868120161215899
868120161215907
868120161215915
868120161215923
868120161215931
868120161215949
868120161215956
868120161215964
868120161215972
868120161215980
868120161215998
868120161216004
868120161216012
868120161216020
868120161216038
868120161216046
868120161216053
868120161216061
868120161216079
868120161216087
868120161216095
868120161216103
868120161216111
868120161216129
868120161216137
868120161216145
868120161216152
868120161216160
868120161216178
868120161216186
868120161216194
868120161216202
868120161216210
868120161216228
868120161216236
868120161216244
868120161216251
868120161216269
868120161216277
868120161216285
868120161216293
868120161216301
868120161216319
868120161216327
868120161216335
868120161216343
868120161216350
868120161216368
868120161216376
868120161216384
868120161216392
868120161216400
868120161216418
868120161216426
868120161216434
868120161216442
868120161216459
868120161216467
868120161216475
868120161216483
868120161216491
868120161216509
868120161216517
868120161216525
868120161216533
868120161216541
868120161216558
868120161216566
868120161216574
868120161216582
868120161216590
868120161216608
868120161216616
868120161216624
868120161216632
868120161216640
868120161216657
868120161216665
868120161216673
868120161216681
868120161216699
868120161216707
868120161216715
868120161216723
868120161216731
868120161216749
868120161216756
868120161216764
868120161216772
868120161216780
868120161216798
868120161216806
868120161216814
868120161216822
868120161216830
868120161216848
868120161216855
868120161216863
868120161216871
868120161216889
868120161216897
868120161216905
868120161216913
868120161216921
868120161216939
868120161216947
868120161216954
868120161216962
868120161216970
868120161216988
868120161216996
868120161217002
868120161217010
868120161217028
868120161217036
868120161217044
868120161217051
868120161217069
868120161217077
868120161217085
868120161217093
868120161217101
868120161217119
868120161217127
868120161217135
868120161217143
868120161217150
868120161217168
868120161217176
868120161217184
868120161217192
868120161217200
868120161217218
868120161217226
868120161217234
868120161217242
868120161217259
868120161217267
868120161217275
868120161217283
868120161217291
868120161217309
868120161217317
868120161217325
868120161217333
868120161217341
868120161217358
868120161217366
868120161217374
868120161217382
868120161217390
868120161217408
868120161217416
868120161217424
868120161217432
868120161217440
868120161217457
868120161217465
868120161217473
868120161217481
868120161217499
868120161217507
868120161217515
868120161217523
868120161217531
868120161217549
868120161217556
868120161217564
868120161217572
868120161217580
868120161217598
868120161217606
868120161217614
868120161217622
868120161217630
868120161217648
868120161217655
868120161217663
868120161217671
868120161217689
868120161217697
868120161217705
868120161217713
868120161217721
868120161217739
868120161217747
868120161217754
868120161217762
868120161217770
868120161217788
868120161217796
868120161217804
868120161217812
868120161217820
868120161217838
868120161217846
868120161217853
868120161217861
868120161217879
868120161217887
868120161217895
868120161217903
868120161217911
868120161217929
868120161217937
868120161217945
868120161217952
868120161217960
868120161217978
868120161217986
868120161217994
868120161218000
868120161218018
868120161218026
868120161218034
868120161218042
868120161218059
868120161218067
868120161218075
868120161218083
868120161218091
868120161218109
868120161218117
868120161218125
868120161218133
868120161218141
868120161218158
868120161218166
868120161218174
868120161218182
868120161218190
868120161218208
868120161218216
868120161218224
868120161218232
868120161218240
868120161218257
868120161218265
868120161218273
868120161218281
868120161218299
868120161218307
868120161218315
868120161218323
868120161218331
868120161218349
868120161218356
868120161218364
868120161218372
868120161218380
868120161218398
868120161218406
868120161218414
868120161218422
868120161218430
868120161218448
868120161218455
868120161218463
868120161218471
868120161218489
868120161218497
868120161218505
868120161218513
868120161218521
868120161218539
868120161218547
868120161218554
868120161218562
868120161218570
868120161218588
868120161218596
868120161218604
868120161218612
868120161218620
868120161218638
868120161218646
868120161218653
868120161218661
868120161218679
868120161218687
868120161218695
868120161218703
868120161218711
868120161218729
868120161218737
868120161218745
868120161218752
868120161218760
868120161218778
868120161218786
868120161218794
868120161218802
868120161218810
868120161218828
868120161218836
868120161218844
868120161218851
868120161218869
868120161218877
868120161218885
868120161218893
868120161218901
868120161218919
868120161218927
868120161218935
868120161218943
868120161218950
868120161218968
868120161218976
868120161218984
868120161218992
868120161219008
868120161219016
868120161219024
868120161219032
868120161219040
868120161219057
868120161219065
868120161219073
868120161219081
868120161219099
868120161219107
868120161219115
868120161219123
868120161219131
868120161219149
868120161219156
868120161219164
868120161219172
868120161219180
868120161219198
868120161219206
868120161219214
868120161219222
868120161219230
868120161219248
868120161219255
868120161219263
868120161219271
868120161219289
868120161219297
868120161219305
868120161219313
868120161219321
868120161219339
868120161219347
868120161219354
868120161219362
868120161219370
868120161219388
868120161219396
868120161219404
868120161219412
868120161219420
868120161219438
868120161219446
868120161219453
868120161219461
868120161219479
868120161219487
868120161219495
868120161219503
868120161219511
868120161219529
868120161219537
868120161219545
868120161219552
868120161219560
868120161219578
868120161219586
868120161219594
868120161219602
868120161219610
868120161219628
868120161219636
868120161219644
868120161219651
868120161219669
868120161219677
868120161219685
868120161219693
868120161219701
868120161219719
868120161219727
868120161219735
868120161219743
868120161219750
868120161219768
868120161219776
868120161219784
868120161219792
868120161219800
868120161219818
868120161219826
868120161219834
868120161219842
868120161219859
868120161219867
868120161219875
868120161219883
868120161219891
868120161219909
868120161219917
868120161219925
868120161219933
868120161219941
868120161219958
868120161219966
868120161219974
868120161219982
868120161219990
868120161220006
868120161220014
868120161220022
868120161220030
868120161220048
868120161220055
868120161220063
868120161220071
868120161220089
868120161220097
868120161220105
868120161220113
868120161220121
868120161220139
868120161220147
868120161220154
868120161220162
868120161220170
868120161220188
868120161220196
868120161220204
868120161220212
868120161220220
868120161220238
868120161220246
868120161220253
868120161220261
868120161220279
868120161220287
868120161220295
868120161220303
868120161220311
868120161220329
868120161220337
868120161220345
868120161220352
868120161220360
868120161220378
868120161220386
868120161220394
868120161220402
868120161220410
868120161220428
868120161220436
868120161220444
868120161220451
868120161220469
868120161220477
868120161220485
868120161220493
868120161220501
868120161220519
868120161220527
868120161220535
868120161220543
868120161220550
868120161220568
868120161220576
868120161220584
868120161220592
868120161220600
868120161220618
868120161220626
868120161220634
868120161220642
868120161220659
868120161220667
868120161220675
868120161220683
868120161220691
868120161220709
868120161220717
868120161220725
868120161220733
868120161220741
868120161220758
868120161220766
868120161220774
868120161220782
868120161220790
868120161220808
868120161220816
868120161220824
868120161220832
868120161220840
868120161220857
868120161220865
868120161220873
868120161220881
868120161220899
868120161220907
868120161220915
868120161220923
868120161220931
868120161220949
868120161220956
868120161220964
868120161220972
868120161220980
868120161220998
868120161221004
868120161221012
868120161221020
868120161221038
868120161221046
868120161221053
868120161221061
868120161221079
868120161221087
868120161221095
868120161221103
868120161221111
868120161221129
868120161221137
868120161221145
868120161221152
868120161221160
868120161221178
868120161221186
868120161221194
868120161221202
868120161221210
868120161221228
868120161221236
868120161221244
868120161221251
868120161221269
868120161221277
868120161221285
868120161221293
868120161221301
868120161221319
868120161221327
868120161221335
868120161221343
868120161221350
868120161221368
868120161221376
868120161221384
868120161221392
868120161221400
868120161221418
868120161221426
868120161221434
868120161221442
868120161221459
868120161221467
868120161221475
868120161221483
868120161221491
868120161221509
868120161221517
868120161221525
868120161221533
868120161221541
868120161221558
868120161221566
868120161221574
868120161221582
868120161221590
868120161221608
868120161221616
868120161221624
868120161221632
868120161221640
868120161221657
868120161221665
868120161221673
868120161221681
868120161221699
868120161221707
868120161221715
868120161221723
868120161221731
868120161221749
868120161221756
868120161221764
868120161221772
868120161221780
868120161221798
868120161221806
868120161221814
868120161221822
868120161221830
868120161221848
868120161221855
868120161221863
868120161221871
868120161221889
868120161221897
868120161221905
868120161221913
868120161221921
868120161221939
868120161221947
868120161221954
868120161221962
868120161221970
868120161221988
868120161221996
868120161222002
868120161222010
868120161222028
868120161222036
868120161222044
868120161222051
868120161222069
868120161222077
868120161222085
868120161222093
868120161222101
868120161222119
868120161222127
868120161222135
868120161222143
868120161222150
868120161222168
868120161222176
868120161222184
868120161222192
868120161222200
868120161222218
868120161222226
868120161222234
868120161222242
868120161222259
868120161222267
868120161222275
868120161222283
868120161222291
868120161222309
868120161222317
868120161222325
868120161222333
868120161222341
868120161222358
868120161222366
868120161222374
868120161222382
868120161222390
868120161222408
868120161222416
868120161222424
868120161222432
868120161222440
868120161222457
868120161222465
868120161222473
868120161222481
868120161222499
868120161222507
868120161222515
868120161222523
868120161222531
868120161222549
868120161222556
868120161222564
868120161222572
868120161222580
868120161222598
868120161222606
868120161222614
868120161222622
868120161222630
868120161222648
868120161222655
868120161222663
868120161222671
868120161222689
868120161222697
868120161222705
868120161222713
868120161222721
868120161222739
868120161222747
868120161222754
868120161222762
868120161222770
868120161222788
868120161222796
868120161222804
868120161222812
868120161222820
868120161222838
868120161222846
868120161222853
868120161222861
868120161222879
868120161222887
868120161222895
868120161222903
868120161222911
868120161222929
868120161222937
868120161222945
868120161222952
868120161222960
868120161222978
868120161222986
868120161222994
868120161223000
868120161223018
868120161223026
868120161223034
868120161223042
868120161223059
868120161223067
868120161223075
868120161223083
868120161223091
868120161223109
868120161223117
868120161223125
868120161223133
868120161223141
868120161223158
868120161223166
868120161223174
868120161223182
868120161223190
868120161223208
868120161223216
868120161223224
868120161223232
868120161223240
868120161223257
868120161223265
868120161223273
868120161223281
868120161223299
868120161223307
868120161223315
868120161223323
868120161223331
868120161223349
868120161223356
868120161223364
868120161223372
868120161223380
868120161223398
868120161223406
868120161223414
868120161223422
868120161223430
868120161223448
868120161223455
868120161223463
868120161223471
868120161223489
868120161223497
868120161223505
868120161223513
868120161223521
868120161223539
868120161223547
868120161223554
868120161223562
868120161223570
868120161223588
868120161223596
868120161223604
868120161223612
868120161223620
868120161223638
868120161223646
868120161223653
868120161223661
868120161223679
868120161223687
868120161223695
868120161223703
868120161223711
868120161223729
868120161223737
868120161223745
868120161223752
868120161223760
868120161223778
868120161223786
868120161223794
868120161223802
868120161223810
868120161223828
868120161223836
868120161223844
868120161223851
868120161223869
868120161223877
868120161223885
868120161223893
868120161223901
868120161223919
868120161223927
868120161223935
868120161223943
868120161223950
868120161223968
868120161223976
868120161223984
868120161223992
868120161224008
868120161224016
868120161224024
868120161224032
868120161224040
868120161224057
868120161224065
868120161224073
868120161224081
868120161224099
868120161224107
868120161224115
868120161224123
868120161224131
868120161224149
868120161224156
868120161224164
868120161224172
868120161224180
868120161224198
868120161224206
868120161224214
868120161224222
868120161224230
868120161224248
868120161224255
868120161224263
868120161224271
868120161224289
868120161224297
868120161224305
868120161224313
868120161224321
868120161224339
868120161224347
868120161224354
868120161224362
868120161224370
868120161224388
868120161224396
868120161224404
868120161224412
868120161224420
868120161224438
868120161224446
868120161224453
868120161224461
868120161224479
868120161224487
868120161224495
868120161224503
868120161224511
868120161224529
868120161224537
868120161224545
868120161224552
868120161224560
868120161224578
868120161224586
868120161224594
868120161224602
868120161224610
868120161224628
868120161224636
868120161224644
868120161224651
868120161224669
868120161224677
868120161224685
868120161224693
868120161224701
868120161224719
868120161224727
868120161224735
868120161224743
868120161224750
868120161224768
868120161224776
868120161224784
868120161224792
868120161224800
868120161224818
868120161224826
868120161224834
868120161224842
868120161224859
868120161224867
868120161224875
868120161224883
868120161224891
868120161224909
868120161224917
868120161224925
868120161224933
868120161224941
868120161224958
868120161224966
868120161224974
868120161224982
868120161224990
868120161225005
868120161225013
868120161225021
868120161225039
868120161225047
868120161225054
868120161225062
868120161225070
868120161225088
868120161225096
868120161225104
868120161225112
868120161225120
868120161225138
868120161225146
868120161225153
868120161225161
868120161225179
868120161225187
868120161225195
868120161225203
868120161225211
868120161225229
868120161225237
868120161225245
868120161225252
868120161225260
868120161225278
868120161225286
868120161225294
868120161225302
868120161225310
868120161225328
868120161225336
868120161225344
868120161225351
868120161225369
868120161225377
868120161225385
868120161225393
868120161225401
868120161225419
868120161225427
868120161225435
868120161225443
868120161225450
868120161225468
868120161225476
868120161225484
868120161225492
868120161225500
868120161225518
868120161225526
868120161225534
868120161225542
868120161225559
868120161225567
868120161225575
868120161225583
868120161225591
868120161225609
868120161225617
868120161225625
868120161225633
868120161225641
868120161225658
868120161225666
868120161225674
868120161225682
868120161225690
868120161225708
868120161225716
868120161225724
868120161225732
868120161225740
868120161225757
868120161225765
868120161225773
868120161225781
868120161225799
868120161225807
868120161225815
868120161225823
868120161225831
868120161225849
868120161225856
868120161225864
868120161225872
868120161225880
868120161225898
868120161225906
868120161225914
868120161225922
868120161225930
868120161225948
868120161225955
868120161225963
868120161225971
868120161225989
868120161225997
868120161226003
868120161226011
868120161226029
868120161226037
868120161226045
868120161226052
868120161226060
868120161226078
868120161226086
868120161226094
868120161226102
868120161226110
868120161226128
868120161226136
868120161226144
868120161226151
868120161226169
868120161226177
868120161226185
868120161226193
868120161226201
868120161226219
868120161226227
868120161226235
868120161226243
868120161226250
868120161226268
868120161226276
868120161226284
868120161226292
868120161226300
868120161226318
868120161226326
868120161226334
868120161226342
868120161226359
868120161226367
868120161226375
868120161226383
868120161226391
868120161226409
868120161226417
868120161226425
868120161226433
868120161226441
868120161226458
868120161226466
868120161226474
868120161226482
868120161226490
868120161226508
868120161226516
868120161226524
868120161226532
868120161226540
868120161226557
868120161226565
868120161226573
868120161226581
868120161226599
868120161226607
868120161226615
868120161226623
868120161226631
868120161226649
868120161226656
868120161226664
868120161226672
868120161226680
868120161226698
868120161226706
868120161226714
868120161226722
868120161226730
868120161226748
868120161226755
868120161226763
868120161226771
868120161226789
868120161226797
868120161226805
868120161226813
868120161226821
868120161226839
868120161226847
868120161226854
868120161226862
868120161226870
868120161226888
868120161226896
868120161226904
868120161226912
868120161226920
868120161226938
868120161226946
868120161226953
868120161226961
868120161226979
868120161226987
868120161226995
868120161227001
868120161227019
868120161227027
868120161227035
868120161227043
868120161227050
868120161227068
868120161227076
868120161227084
868120161227092
868120161227100
868120161227118
868120161227126
868120161227134
868120161227142
868120161227159
868120161227167
868120161227175
868120161227183
868120161227191
868120161227209
868120161227217
868120161227225
868120161227233
868120161227241
868120161227258
868120161227266
868120161227274
868120161227282
868120161227290
868120161227308
868120161227316
868120161227324
868120161227332
868120161227340
868120161227357
868120161227365
868120161227373
868120161227381
868120161227399
868120161227407
868120161227415
868120161227423
868120161227431
868120161227449
868120161227456
868120161227464
868120161227472
868120161227480
868120161227498
868120161227506
868120161227514
868120161227522
868120161227530
868120161227548
868120161227555
868120161227563
868120161227571
868120161227589
868120161227597
868120161227605
868120161227613
868120161227621
868120161227639
868120161227647
868120161227654
868120161227662
868120161227670
868120161227688
868120161227696
868120161227704
868120161227712
868120161227720
868120161227738
868120161227746
868120161227753
868120161227761
868120161227779
868120161227787
868120161227795
868120161227803
868120161227811
868120161227829
868120161227837
868120161227845
868120161227852
868120161227860
868120161227878
868120161227886
868120161227894
868120161227902
868120161227910
868120161227928
868120161227936
868120161227944
868120161227951
868120161227969
868120161227977
868120161227985
868120161227993
868120161228009
868120161228017
868120161228025
868120161228033
868120161228041
868120161228058
868120161228066
868120161228074
868120161228082
868120161228090
868120161228108
868120161228116
868120161228124
868120161228132
868120161228140
868120161228157
868120161228165
868120161228173
868120161228181
868120161228199
868120161228207
868120161228215
868120161228223
868120161228231
868120161228249
868120161228256
868120161228264
868120161228272
868120161228280
868120161228298
868120161228306
868120161228314
868120161228322
868120161228330
868120161228348
868120161228355
868120161228363
868120161228371
868120161228389
868120161228397
868120161228405
868120161228413
868120161228421
868120161228439
868120161228447
868120161228454
868120161228462
868120161228470
868120161228488
868120161228496
868120161228504
868120161228512
868120161228520
868120161228538
868120161228546
868120161228553
868120161228561
868120161228579
868120161228587
868120161228595
868120161228603
868120161228611
868120161228629
868120161228637
868120161228645
868120161228652
868120161228660
868120161228678
868120161228686
868120161228694
868120161228702
868120161228710
868120161228728
868120161228736
868120161228744
868120161228751
868120161228769
868120161228777
868120161228785
868120161228793
868120161228801
868120161228819
868120161228827
868120161228835
868120161228843
868120161228850
868120161228868
868120161228876
868120161228884
868120161228892
868120161228900
868120161228918
868120161228926
868120161228934
868120161228942
868120161228959
868120161228967
868120161228975
868120161228983
868120161228991
868120161229007
868120161229015
868120161229023
868120161229031
868120161229049
868120161229056
868120161229064
868120161229072
868120161229080
868120161229098
868120161229106
868120161229114
868120161229122
868120161229130
868120161229148
868120161229155
868120161229163
868120161229171
868120161229189
868120161229197
868120161229205
868120161229213
868120161229221
868120161229239
868120161229247
868120161229254
868120161229262
868120161229270
868120161229288
868120161229296
868120161229304
868120161229312
868120161229320
868120161229338
868120161229346
868120161229353
868120161229361
868120161229379
868120161229387
868120161229395
868120161229403
868120161229411
868120161229429
868120161229437
868120161229445
868120161229452
868120161229460
868120161229478
868120161229486
868120161229494
868120161229502
868120161229510
868120161229528
868120161229536
868120161229544
868120161229551
868120161229569
868120161229577
868120161229585
868120161229593
868120161229601
868120161229619
868120161229627
868120161229635
868120161229643
868120161229650
868120161229668
868120161229676
868120161229684
868120161229692
868120161229700
868120161229718
868120161229726
868120161229734
868120161229742
868120161229759
868120161229767
868120161229775
868120161229783
868120161229791
868120161229809
868120161229817
868120161229825
868120161229833
868120161229841
868120161229858
868120161229866
868120161229874
868120161229882
868120161229890
868120161229908
868120161229916
868120161229924
868120161229932
868120161229940
868120161229957
868120161229965
868120161229973
868120161229981
868120161229999
868120161230005
868120161230013
868120161230021
868120161230039
868120161230047
868120161230054
868120161230062
868120161230070
868120161230088
868120161230096
868120161230104
868120161230112
868120161230120
868120161230138
868120161230146
868120161230153
868120161230161
868120161230179
868120161230187
868120161230195
868120161230203
868120161230211
868120161230229
868120161230237
868120161230245
868120161230252
868120161230260
868120161230278
868120161230286
868120161230294
868120161230302
868120161230310
868120161230328
868120161230336
868120161230344
868120161230351
868120161230369
868120161230377
868120161230385
868120161230393
868120161230401
868120161230419
868120161230427
868120161230435
868120161230443
868120161230450
868120161230468
868120161230476
868120161230484
868120161230492
868120161230500
868120161230518
868120161230526
868120161230534
868120161230542
868120161230559
868120161230567
868120161230575
868120161230583
868120161230591
868120161230609
868120161230617
868120161230625
868120161230633
868120161230641
868120161230658
868120161230666
868120161230674
868120161230682
868120161230690
868120161230708
868120161230716
868120161230724
868120161230732
868120161230740
868120161230757
868120161230765
868120161230773
868120161230781
868120161230799
868120161230807
868120161230815
868120161230823
868120161230831
868120161230849
868120161230856
868120161230864
868120161230872
868120161230880
868120161230898
868120161230906
868120161230914
868120161230922
868120161230930
868120161230948
868120161230955
868120161230963
868120161230971
868120161230989
868120161230997
868120161231003
868120161231011
868120161231029
868120161231037
868120161231045
868120161231052
868120161231060
868120161231078
868120161231086
868120161231094
868120161231102
868120161231110
868120161231128
868120161231136
868120161231144
868120161231151
868120161231169
868120161231177
868120161231185
868120161231193
868120161231201
868120161231219
868120161231227
868120161231235
868120161231243
868120161231250
868120161231268
868120161231276
868120161231284
868120161231292
868120161231300
868120161231318
868120161231326
868120161231334
868120161231342
868120161231359
868120161231367
868120161231375
868120161231383
868120161231391
868120161231409
868120161231417
868120161231425
868120161231433
868120161231441
868120161231458
868120161231466
868120161231474
868120161231482
868120161231490
868120161231508
868120161231516
868120161231524
868120161231532
868120161231540
868120161231557
868120161231565
868120161231573
868120161231581
868120161231599
868120161231607
868120161231615
868120161231623
868120161231631
868120161231649
868120161231656
868120161231664
868120161231672
868120161231680
868120161231698
868120161231706
868120161231714
868120161231722
868120161231730
868120161231748
868120161231755
868120161231763
868120161231771
868120161231789
868120161231797
868120161231805
868120161231813
868120161231821
868120161231839
868120161231847
868120161231854
868120161231862
868120161231870
868120161231888
868120161231896
868120161231904
868120161231912
868120161231920
868120161231938
868120161231946
868120161231953
868120161231961
868120161231979
868120161231987
868120161231995
868120161232001
868120161232019
868120161232027
868120161232035
868120161232043
868120161232050
868120161232068
868120161232076
868120161232084
868120161232092
868120161232100
868120161232118
868120161232126
868120161232134
868120161232142
868120161232159
868120161232167
868120161232175
868120161232183
868120161232191
868120161232209
868120161232217
868120161232225
868120161232233
868120161232241
868120161232258
868120161232266
868120161232274
868120161232282
868120161232290
868120161232308
868120161232316
868120161232324
868120161232332
868120161232340
868120161232357
868120161232365
868120161232373
868120161232381
868120161232399
868120161232407
868120161232415
868120161232423
868120161232431
868120161232449
868120161232456
868120161232464
868120161232472
868120161232480
868120161232498
868120161232506
868120161232514
868120161232522
868120161232530
868120161232548
868120161232555
868120161232563
868120161232571
868120161232589
868120161232597
868120161232605
868120161232613
868120161232621
868120161232639
868120161232647
868120161232654
868120161232662
868120161232670
868120161232688
868120161232696
868120161232704
868120161232712
868120161232720
868120161232738
868120161232746
868120161232753
868120161232761
868120161232779
868120161232787
868120161232795
868120161232803
868120161232811
868120161232829
868120161232837
868120161232845
868120161232852
868120161232860
868120161232878
868120161232886
868120161232894
868120161232902
868120161232910
868120161232928
868120161232936
868120161232944
868120161232951
868120161232969
868120161232977
868120161232985
868120161232993
868120161233009
868120161233017
868120161233025
868120161233033
868120161233041
868120161233058
868120161233066
868120161233074
868120161233082
868120161233090
868120161233108
868120161233116
868120161233124
868120161233132
868120161233140
868120161233157
868120161233165
868120161233173
868120161233181
868120161233199
868120161233207
868120161233215
868120161233223
868120161233231
868120161233249
868120161233256
868120161233264
868120161233272
868120161233280
868120161233298
868120161233306
868120161233314
868120161233322
868120161233330
868120161233348
868120161233355
868120161233363
868120161233371
868120161233389
868120161233397
868120161233405
868120161233413
868120161233421
868120161233439
868120161233447
868120161233454
868120161233462
868120161233470
868120161233488
868120161233496
868120161233504
868120161233512
868120161233520
868120161233538
868120161233546
868120161233553
868120161233561
868120161233579
868120161233587
868120161233595
868120161233603
868120161233611
868120161233629
868120161233637
868120161233645
868120161233652
868120161233660
868120161233678
868120161233686
868120161233694
868120161233702
868120161233710
868120161233728
868120161233736
868120161233744
868120161233751
868120161233769
868120161233777
868120161233785
868120161233793
868120161233801
868120161233819
868120161233827
868120161233835
868120161233843
868120161233850
868120161233868
868120161233876
868120161233884
868120161233892
868120161233900
868120161233918
868120161233926
868120161233934
868120161233942
868120161233959
868120161233967
868120161233975
868120161233983
868120161233991
868120161234007
868120161234015
868120161234023
868120161234031
868120161234049
868120161234056
868120161234064
868120161234072
868120161234080
868120161234098
868120161234106
868120161234114
868120161234122
868120161234130
868120161234148
868120161234155
868120161234163
868120161234171
868120161234189
868120161234197
868120161234205
868120161234213
868120161234221
868120161234239
868120161234247
868120161234254
868120161234262
868120161234270
868120161234288
868120161234296
868120161234304
868120161234312
868120161234320
868120161234338
868120161234346
868120161234353
868120161234361
868120161234379
868120161234387
868120161234395
868120161234403
868120161234411
868120161234429
868120161234437
868120161234445
868120161234452
868120161234460
868120161234478
868120161234486
868120161234494
868120161234502
868120161234510
868120161234528
868120161234536
868120161234544
868120161234551
868120161234569
868120161234577
868120161234585
868120161234593
868120161234601
868120161234619
868120161234627
868120161234635
868120161234643
868120161234650
868120161234668
868120161234676
868120161234684
868120161234692
868120161234700
868120161234718
868120161234726
868120161234734
868120161234742
868120161234759
868120161234767
868120161234775
868120161234783
868120161234791
868120161234809
868120161234817
868120161234825
868120161234833
868120161234841
868120161234858
868120161234866
868120161234874
868120161234882
868120161234890
868120161234908
868120161234916
868120161234924
868120161234932
868120161234940
868120161234957
868120161234965
868120161234973
868120161234981
868120161234999
868120161235004
868120161235012
868120161235020
868120161235038
868120161235046
868120161235053
868120161235061
868120161235079
868120161235087
868120161235095
868120161235103
868120161235111
868120161235129
868120161235137
868120161235145
868120161235152
868120161235160
868120161235178
868120161235186
868120161235194
868120161235202
868120161235210
868120161235228
868120161235236
868120161235244
868120161235251
868120161235269
868120161235277
868120161235285
868120161235293
868120161235301
868120161235319
868120161235327
868120161235335
868120161235343
868120161235350
868120161235368
868120161235376
868120161235384
868120161235392
868120161235400
868120161235418
868120161235426
868120161235434
868120161235442
868120161235459
868120161235467
868120161235475
868120161235483
868120161235491
868120161235509
868120161235517
868120161235525
868120161235533
868120161235541
868120161235558
868120161235566
868120161235574
868120161235582
868120161235590
868120161235608
868120161235616
868120161235624
868120161235632
868120161235640
868120161235657
868120161235665
868120161235673
868120161235681
868120161235699
868120161235707
868120161235715
868120161235723
868120161235731
868120161235749
868120161235756
868120161235764
868120161235772
868120161235780
868120161235798
868120161235806
868120161235814
868120161235822
868120161235830
868120161235848
868120161235855
868120161235863
868120161235871
868120161235889
868120161235897
868120161235905
868120161235913
868120161235921
868120161235939
868120161235947
868120161235954
868120161235962
868120161235970
868120161235988
868120161235996
868120161236002
868120161236010
868120161236028
868120161236036
868120161236044
868120161236051
868120161236069
868120161236077
868120161236085
868120161236093
868120161236101
868120161236119
868120161236127
868120161236135
868120161236143
868120161236150
868120161236168
868120161236176
868120161236184
868120161236192
868120161236200
868120161236218
868120161236226
868120161236234
868120161236242
868120161236259
868120161236267
868120161236275
868120161236283
868120161236291
868120161236309
868120161236317
868120161236325
868120161236333
868120161236341
868120161236358
868120161236366
868120161236374
868120161236382
868120161236390
868120161236408
868120161236416
868120161236424
868120161236432
868120161236440
868120161236457
868120161236465
868120161236473
868120161236481
868120161236499
868120161236507
868120161236515
868120161236523
868120161236531
868120161236549
868120161236556
868120161236564
868120161236572
868120161236580
868120161236598
868120161236606
868120161236614
868120161236622
868120161236630
868120161236648
868120161236655
868120161236663
868120161236671
868120161236689
868120161236697
868120161236705
868120161236713
868120161236721
868120161236739
868120161236747
868120161236754
868120161236762
868120161236770
868120161236788
868120161236796
868120161236804
868120161236812
868120161236820
868120161236838
868120161236846
868120161236853
868120161236861
868120161236879
868120161236887
868120161236895
868120161236903
868120161236911
868120161236929
868120161236937
868120161236945
868120161236952
868120161236960
868120161236978
868120161236986
868120161236994
868120161237000
868120161237018
868120161237026
868120161237034
868120161237042
868120161237059
868120161237067
868120161237075
868120161237083
868120161237091
868120161237109
868120161237117
868120161237125
868120161237133
868120161237141
868120161237158
868120161237166
868120161237174
868120161237182
868120161237190
868120161237208
868120161237216
868120161237224
868120161237232
868120161237240
868120161237257
868120161237265
868120161237273
868120161237281
868120161237299
868120161237307
868120161237315
868120161237323
868120161237331
868120161237349
868120161237356
868120161237364
868120161237372
868120161237380
868120161237398
868120161237406
868120161237414
868120161237422
868120161237430
868120161237448
868120161237455
868120161237463
868120161237471
868120161237489
868120161237497
868120161237505
868120161237513
868120161237521
868120161237539
868120161237547
868120161237554
868120161237562
868120161237570
868120161237588
868120161237596
868120161237604
868120161237612
868120161237620
868120161237638
868120161237646
868120161237653
868120161237661
868120161237679
868120161237687
868120161237695
868120161237703
868120161237711
868120161237729
868120161237737
868120161237745
868120161237752
868120161237760
868120161237778
868120161237786
868120161237794
868120161237802
868120161237810
868120161237828
868120161237836
868120161237844
868120161237851
868120161237869
868120161237877
868120161237885
868120161237893
868120161237901
868120161237919
868120161237927
868120161237935
868120161237943
868120161237950
868120161237968
868120161237976
868120161237984
868120161237992
868120161238008
868120161238016
868120161238024
868120161238032
868120161238040
868120161238057
868120161238065
868120161238073
868120161238081
868120161238099
868120161238107
868120161238115
868120161238123
868120161238131
868120161238149
868120161238156
868120161238164
868120161238172
868120161238180
868120161238198
868120161238206
868120161238214
868120161238222
868120161238230
868120161238248
868120161238255
868120161238263
868120161238271
868120161238289
868120161238297
868120161238305
868120161238313
868120161238321
868120161238339
868120161238347
868120161238354
868120161238362
868120161238370
868120161238388
868120161238396
868120161238404
868120161238412
868120161238420
868120161238438
868120161238446
868120161238453
868120161238461
868120161238479
868120161238487
868120161238495
868120161238503
868120161238511
868120161238529
868120161238537
868120161238545
868120161238552
868120161238560
868120161238578
868120161238586
868120161238594
868120161238602
868120161238610
868120161238628
868120161238636
868120161238644
868120161238651
868120161238669
868120161238677
868120161238685
868120161238693
868120161238701
868120161238719
868120161238727
868120161238735
868120161238743
868120161238750
868120161238768
868120161238776
868120161238784
868120161238792
868120161238800
868120161238818
868120161238826
868120161238834
868120161238842
868120161238859
868120161238867
868120161238875
868120161238883
868120161238891
868120161238909
868120161238917
868120161238925
868120161238933
868120161238941
868120161238958
868120161238966
868120161238974
868120161238982
868120161238990
868120161239006
868120161239014
868120161239022
868120161239030
868120161239048
868120161239055
868120161239063
868120161239071
868120161239089
868120161239097
868120161239105
868120161239113
868120161239121
868120161239139
868120161239147
868120161239154
868120161239162
868120161239170
868120161239188
868120161239196
868120161239204
868120161239212
868120161239220
868120161239238
868120161239246
868120161239253
868120161239261
868120161239279
868120161239287
868120161239295
868120161239303
868120161239311
868120161239329
868120161239337
868120161239345
868120161239352
868120161239360
868120161239378
868120161239386
868120161239394
868120161239402
868120161239410
868120161239428
868120161239436
868120161239444
868120161239451
868120161239469
868120161239477
868120161239485
868120161239493
868120161239501
868120161239519
868120161239527
868120161239535
868120161239543
868120161239550
868120161239568
868120161239576
868120161239584
868120161239592
868120161239600
868120161239618
868120161239626
868120161239634
868120161239642
868120161239659
868120161239667
868120161239675
868120161239683
868120161239691
868120161239709
868120161239717
868120161239725
868120161239733
868120161239741
868120161239758
868120161239766
868120161239774
868120161239782
868120161239790
868120161239808
868120161239816
868120161239824
868120161239832
868120161239840
868120161239857
868120161239865
868120161239873
868120161239881
868120161239899
868120161239907
868120161239915
868120161239923
868120161239931
868120161239949
868120161239956
868120161239964
868120161239972
868120161239980
868120161239998
868120161240004
868120161240012
868120161240020
868120161240038
868120161240046
868120161240053
868120161240061
868120161240079
868120161240087
868120161240095
868120161240103
868120161240111
868120161240129
868120161240137
868120161240145
868120161240152
868120161240160
868120161240178
868120161240186
868120161240194
868120161240202
868120161240210
868120161240228
868120161240236
868120161240244
868120161240251
868120161240269
868120161240277
868120161240285
868120161240293
868120161240301
868120161240319
868120161240327
868120161240335
868120161240343
868120161240350
868120161240368
868120161240376
868120161240384
868120161240392
868120161240400
868120161240418
868120161240426
868120161240434
868120161240442
868120161240459
868120161240467
868120161240475
868120161240483
868120161240491
868120161240509
868120161240517
868120161240525
868120161240533
868120161240541
868120161240558
868120161240566
868120161240574
868120161240582
868120161240590
868120161240608
868120161240616
868120161240624
868120161240632
868120161240640
868120161240657
868120161240665
868120161240673
868120161240681
868120161240699
868120161240707
868120161240715
868120161240723
868120161240731
868120161240749
868120161240756
868120161240764
868120161240772
868120161240780
868120161240798
868120161240806
868120161240814
868120161240822
868120161240830
868120161240848
868120161240855
868120161240863
868120161240871
868120161240889
868120161240897
868120161240905
868120161240913
868120161240921
868120161240939
868120161240947
868120161240954
868120161240962
868120161240970
868120161240988
868120161240996
868120161241002
868120161241010
868120161241028
868120161241036
868120161241044
868120161241051
868120161241069
868120161241077
868120161241085
868120161241093
868120161241101
868120161241119
868120161241127
868120161241135
868120161241143
868120161241150
868120161241168