868120161351173
868120161351181
868120161351199
868120161351207
868120161351215
868120161351223
868120161351231
868120161351249
868120161351256
868120161351264
868120161351272
868120161351280
868120161351298
868120161351306
868120161351314
868120161351322
868120161351330
868120161351348
868120161351355
868120161351363
868120161351371
868120161351389
868120161351397
868120161351405
868120161351413
868120161351421
868120161351439
868120161351447
868120161351454
868120161351462
868120161351470
868120161351488
868120161351496
868120161351504
868120161351512
868120161351520
868120161351538
868120161351546
868120161351553
868120161351561
868120161351579
868120161351587
868120161351595
868120161351603
868120161351611
868120161351629
868120161351637
868120161351645
868120161351652
868120161351660
868120161351678
868120161351686
868120161351694
868120161351702
868120161351710
868120161351728
868120161351736
868120161351744
868120161351751
868120161351769
868120161351777
868120161351785
868120161351793
868120161351801
868120161351819
868120161351827
868120161351835
868120161351843
868120161351850
868120161351868
868120161351876
868120161351884
868120161351892
868120161351900
868120161351918
868120161351926
868120161351934
868120161351942
868120161351959
868120161351967
868120161351975
868120161351983
868120161351991
868120161352007
868120161352015
868120161352023
868120161352031
868120161352049
868120161352056
868120161352064
868120161352072
868120161352080
868120161352098
868120161352106
868120161352114
868120161352122
868120161352130
868120161352148
868120161352155
868120161352163
868120161352171
868120161352189
868120161352197
868120161352205
868120161352213
868120161352221
868120161352239
868120161352247
868120161352254
868120161352262
868120161352270
868120161352288
868120161352296
868120161352304
868120161352312
868120161352320
868120161352338
868120161352346
868120161352353
868120161352361
868120161352379
868120161352387
868120161352395
868120161352403
868120161352411
868120161352429
868120161352437
868120161352445
868120161352452
868120161352460
868120161352478
868120161352486
868120161352494
868120161352502
868120161352510
868120161352528
868120161352536
868120161352544
868120161352551
868120161352569
868120161352577
868120161352585
868120161352593
868120161352601
868120161352619
868120161352627
868120161352635
868120161352643
868120161352650
868120161352668
868120161352676
868120161352684
868120161352692
868120161352700
868120161352718
868120161352726
868120161352734
868120161352742
868120161352759
868120161352767
868120161352775
868120161352783
868120161352791
868120161352809
868120161352817
868120161352825
868120161352833
868120161352841
868120161352858
868120161352866
868120161352874
868120161352882
868120161352890
868120161352908
868120161352916
868120161352924
868120161352932
868120161352940
868120161352957
868120161352965
868120161352973
868120161352981
868120161352999
868120161353005
868120161353013
868120161353021
868120161353039
868120161353047
868120161353054
868120161353062
868120161353070
868120161353088
868120161353096
868120161353104
868120161353112
868120161353120
868120161353138
868120161353146
868120161353153
868120161353161
868120161353179
868120161353187
868120161353195
868120161353203
868120161353211
868120161353229
868120161353237
868120161353245
868120161353252
868120161353260
868120161353278
868120161353286
868120161353294
868120161353302
868120161353310
868120161353328
868120161353336
868120161353344
868120161353351
868120161353369
868120161353377
868120161353385
868120161353393
868120161353401
868120161353419
868120161353427
868120161353435
868120161353443
868120161353450
868120161353468
868120161353476
868120161353484
868120161353492
868120161353500
868120161353518
868120161353526
868120161353534
868120161353542
868120161353559
868120161353567
868120161353575
868120161353583
868120161353591
868120161353609
868120161353617
868120161353625
868120161353633
868120161353641
868120161353658
868120161353666
868120161353674
868120161353682
868120161353690
868120161353708
868120161353716
868120161353724
868120161353732
868120161353740
868120161353757
868120161353765
868120161353773
868120161353781
868120161353799
868120161353807
868120161353815
868120161353823
868120161353831
868120161353849
868120161353856
868120161353864
868120161353872
868120161353880
868120161353898
868120161353906
868120161353914
868120161353922
868120161353930
868120161353948
868120161353955
868120161353963
868120161353971
868120161353989
868120161353997
868120161354003
868120161354011
868120161354029
868120161354037
868120161354045
868120161354052
868120161354060
868120161354078
868120161354086
868120161354094
868120161354102
868120161354110
868120161354128
868120161354136
868120161354144
868120161354151
868120161354169
868120161354177
868120161354185
868120161354193
868120161354201
868120161354219
868120161354227
868120161354235
868120161354243
868120161354250
868120161354268
868120161354276
868120161354284
868120161354292
868120161354300
868120161354318
868120161354326
868120161354334
868120161354342
868120161354359
868120161354367
868120161354375
868120161354383
868120161354391
868120161354409
868120161354417
868120161354425
868120161354433
868120161354441
868120161354458
868120161354466
868120161354474
868120161354482
868120161354490
868120161354508
868120161354516
868120161354524
868120161354532
868120161354540
868120161354557
868120161354565
868120161354573
868120161354581
868120161354599
868120161354607
868120161354615
868120161354623
868120161354631
868120161354649
868120161354656
868120161354664
868120161354672
868120161354680
868120161354698
868120161354706
868120161354714
868120161354722
868120161354730
868120161354748
868120161354755
868120161354763
868120161354771
868120161354789
868120161354797
868120161354805
868120161354813
868120161354821
868120161354839
868120161354847
868120161354854
868120161354862
868120161354870
868120161354888
868120161354896
868120161354904
868120161354912
868120161354920
868120161354938
868120161354946
868120161354953
868120161354961
868120161354979
868120161354987
868120161354995
868120161355000
868120161355018
868120161355026
868120161355034
868120161355042
868120161355059
868120161355067
868120161355075
868120161355083
868120161355091
868120161355109
868120161355117
868120161355125
868120161355133
868120161355141
868120161355158
868120161355166
868120161355174
868120161355182
868120161355190
868120161355208
868120161355216
868120161355224
868120161355232
868120161355240
868120161355257
868120161355265
868120161355273
868120161355281
868120161355299
868120161355307
868120161355315
868120161355323
868120161355331
868120161355349
868120161355356
868120161355364
868120161355372
868120161355380
868120161355398
868120161355406
868120161355414
868120161355422
868120161355430
868120161355448
868120161355455
868120161355463
868120161355471
868120161355489
868120161355497
868120161355505
868120161355513
868120161355521
868120161355539
868120161355547
868120161355554
868120161355562
868120161355570
868120161355588
868120161355596
868120161355604
868120161355612
868120161355620
868120161355638
868120161355646
868120161355653
868120161355661
868120161355679
868120161355687
868120161355695
868120161355703
868120161355711
868120161355729
868120161355737
868120161355745
868120161355752
868120161355760
868120161355778
868120161355786
868120161355794
868120161355802
868120161355810
868120161355828
868120161355836
868120161355844
868120161355851
868120161355869
868120161355877
868120161355885
868120161355893
868120161355901
868120161355919
868120161355927
868120161355935
868120161355943
868120161355950
868120161355968
868120161355976
868120161355984
868120161355992
868120161356008
868120161356016
868120161356024
868120161356032
868120161356040
868120161356057
868120161356065
868120161356073
868120161356081
868120161356099
868120161356107
868120161356115
868120161356123
868120161356131
868120161356149
868120161356156
868120161356164
868120161356172
868120161356180
868120161356198
868120161356206
868120161356214
868120161356222
868120161356230
868120161356248
868120161356255
868120161356263
868120161356271
868120161356289
868120161356297
868120161356305
868120161356313
868120161356321
868120161356339
868120161356347
868120161356354
868120161356362
868120161356370
868120161356388
868120161356396
868120161356404
868120161356412
868120161356420
868120161356438
868120161356446
868120161356453
868120161356461
868120161356479
868120161356487
868120161356495
868120161356503
868120161356511
868120161356529
868120161356537
868120161356545
868120161356552
868120161356560
868120161356578
868120161356586
868120161356594
868120161356602
868120161356610
868120161356628
868120161356636
868120161356644
868120161356651
868120161356669
868120161356677
868120161356685
868120161356693
868120161356701
868120161356719
868120161356727
868120161356735
868120161356743
868120161356750
868120161356768
868120161356776
868120161356784
868120161356792
868120161356800
868120161356818
868120161356826
868120161356834
868120161356842
868120161356859
868120161356867
868120161356875
868120161356883
868120161356891
868120161356909
868120161356917
868120161356925
868120161356933
868120161356941
868120161356958
868120161356966
868120161356974
868120161356982
868120161356990
868120161357006
868120161357014
868120161357022
868120161357030
868120161357048
868120161357055
868120161357063
868120161357071
868120161357089
868120161357097
868120161357105
868120161357113
868120161357121
868120161357139
868120161357147
868120161357154
868120161357162
868120161357170
868120161357188
868120161357196
868120161357204
868120161357212
868120161357220
868120161357238
868120161357246
868120161357253
868120161357261
868120161357279
868120161357287
868120161357295
868120161357303
868120161357311
868120161357329
868120161357337
868120161357345
868120161357352
868120161357360
868120161357378
868120161357386
868120161357394
868120161357402
868120161357410
868120161357428
868120161357436
868120161357444
868120161357451
868120161357469
868120161357477
868120161357485
868120161357493
868120161357501
868120161357519
868120161357527
868120161357535
868120161357543
868120161357550
868120161357568
868120161357576
868120161357584
868120161357592
868120161357600
868120161357618
868120161357626
868120161357634
868120161357642
868120161357659
868120161357667
868120161357675
868120161357683
868120161357691
868120161357709
868120161357717
868120161357725
868120161357733
868120161357741
868120161357758
868120161357766
868120161357774
868120161357782
868120161357790
868120161357808
868120161357816
868120161357824
868120161357832
868120161357840
868120161357857
868120161357865
868120161357873
868120161357881
868120161357899
868120161357907
868120161357915
868120161357923
868120161357931
868120161357949
868120161357956
868120161357964
868120161357972
868120161357980
868120161357998
868120161358004
868120161358012
868120161358020
868120161358038
868120161358046
868120161358053
868120161358061
868120161358079
868120161358087
868120161358095
868120161358103
868120161358111
868120161358129
868120161358137
868120161358145
868120161358152
868120161358160
868120161358178
868120161358186
868120161358194
868120161358202
868120161358210
868120161358228
868120161358236
868120161358244
868120161358251
868120161358269
868120161358277
868120161358285
868120161358293
868120161358301
868120161358319
868120161358327
868120161358335
868120161358343
868120161358350
868120161358368
868120161358376
868120161358384
868120161358392
868120161358400
868120161358418
868120161358426
868120161358434
868120161358442
868120161358459
868120161358467
868120161358475
868120161358483
868120161358491
868120161358509
868120161358517
868120161358525
868120161358533
868120161358541
868120161358558
868120161358566
868120161358574
868120161358582
868120161358590
868120161358608
868120161358616
868120161358624
868120161358632
868120161358640
868120161358657
868120161358665
868120161358673
868120161358681
868120161358699
868120161358707
868120161358715
868120161358723
868120161358731
868120161358749
868120161358756
868120161358764
868120161358772
868120161358780
868120161358798
868120161358806
868120161358814
868120161358822
868120161358830
868120161358848
868120161358855
868120161358863
868120161358871
868120161358889
868120161358897
868120161358905
868120161358913
868120161358921
868120161358939
868120161358947
868120161358954
868120161358962
868120161358970
868120161358988
868120161358996
868120161359002
868120161359010
868120161359028
868120161359036
868120161359044
868120161359051
868120161359069
868120161359077
868120161359085
868120161359093
868120161359101
868120161359119
868120161359127
868120161359135
868120161359143
868120161359150
868120161359168
868120161359176
868120161359184
868120161359192
868120161359200
868120161359218
868120161359226
868120161359234
868120161359242
868120161359259
868120161359267
868120161359275
868120161359283
868120161359291
868120161359309
868120161359317
868120161359325
868120161359333
868120161359341
868120161359358
868120161359366
868120161359374
868120161359382
868120161359390
868120161359408
868120161359416
868120161359424
868120161359432
868120161359440
868120161359457
868120161359465
868120161359473
868120161359481
868120161359499
868120161359507
868120161359515
868120161359523
868120161359531
868120161359549
868120161359556
868120161359564
868120161359572
868120161359580
868120161359598
868120161359606
868120161359614
868120161359622
868120161359630
868120161359648
868120161359655
868120161359663
868120161359671
868120161359689
868120161359697
868120161359705
868120161359713
868120161359721
868120161359739
868120161359747
868120161359754
868120161359762
868120161359770
868120161359788
868120161359796
868120161359804
868120161359812
868120161359820
868120161359838
868120161359846
868120161359853
868120161359861
868120161359879
868120161359887
868120161359895
868120161359903
868120161359911
868120161359929
868120161359937
868120161359945
868120161359952
868120161359960
868120161359978
868120161359986
868120161359994
868120161360000
868120161360018
868120161360026
868120161360034
868120161360042
868120161360059
868120161360067
868120161360075
868120161360083
868120161360091
868120161360109
868120161360117
868120161360125
868120161360133
868120161360141
868120161360158
868120161360166
868120161360174
868120161360182
868120161360190
868120161360208
868120161360216
868120161360224
868120161360232
868120161360240
868120161360257
868120161360265
868120161360273
868120161360281
868120161360299
868120161360307
868120161360315
868120161360323
868120161360331
868120161360349
868120161360356
868120161360364
868120161360372
868120161360380
868120161360398
868120161360406
868120161360414
868120161360422
868120161360430
868120161360448
868120161360455
868120161360463
868120161360471
868120161360489
868120161360497
868120161360505
868120161360513
868120161360521
868120161360539
868120161360547
868120161360554
868120161360562
868120161360570
868120161360588
868120161360596
868120161360604
868120161360612
868120161360620
868120161360638
868120161360646
868120161360653
868120161360661
868120161360679
868120161360687
868120161360695
868120161360703
868120161360711
868120161360729
868120161360737
868120161360745
868120161360752
868120161360760
868120161360778
868120161360786
868120161360794
868120161360802
868120161360810
868120161360828
868120161360836
868120161360844
868120161360851
868120161360869
868120161360877
868120161360885
868120161360893
868120161360901
868120161360919
868120161360927
868120161360935
868120161360943
868120161360950
868120161360968
868120161360976
868120161360984
868120161360992
868120161361008
868120161361016
868120161361024
868120161361032
868120161361040
868120161361057
868120161361065
868120161361073
868120161361081
868120161361099
868120161361107
868120161361115
868120161361123
868120161361131
868120161361149
868120161361156
868120161361164
868120161361172
868120161361180
868120161361198
868120161361206
868120161361214
868120161361222
868120161361230
868120161361248
868120161361255
868120161361263
868120161361271
868120161361289
868120161361297
868120161361305
868120161361313
868120161361321
868120161361339
868120161361347
868120161361354
868120161361362
868120161361370
868120161361388
868120161361396
868120161361404
868120161361412
868120161361420
868120161361438
868120161361446
868120161361453
868120161361461
868120161361479
868120161361487
868120161361495
868120161361503
868120161361511
868120161361529
868120161361537
868120161361545
868120161361552
868120161361560
868120161361578
868120161361586
868120161361594
868120161361602
868120161361610
868120161361628
868120161361636
868120161361644
868120161361651
868120161361669
868120161361677
868120161361685
868120161361693
868120161361701
868120161361719
868120161361727
868120161361735
868120161361743
868120161361750
868120161361768
868120161361776
868120161361784
868120161361792
868120161361800
868120161361818
868120161361826
868120161361834
868120161361842
868120161361859
868120161361867
868120161361875
868120161361883
868120161361891
868120161361909
868120161361917
868120161361925
868120161361933
868120161361941
868120161361958
868120161361966
868120161361974
868120161361982
868120161361990
868120161362006
868120161362014
868120161362022
868120161362030
868120161362048
868120161362055
868120161362063
868120161362071
868120161362089
868120161362097
868120161362105
868120161362113
868120161362121
868120161362139
868120161362147
868120161362154
868120161362162
868120161362170
868120161362188
868120161362196
868120161362204
868120161362212
868120161362220
868120161362238
868120161362246
868120161362253
868120161362261
868120161362279
868120161362287
868120161362295
868120161362303
868120161362311
868120161362329
868120161362337
868120161362345
868120161362352
868120161362360
868120161362378
868120161362386
868120161362394
868120161362402
868120161362410
868120161362428
868120161362436
868120161362444
868120161362451
868120161362469
868120161362477
868120161362485
868120161362493
868120161362501
868120161362519
868120161362527
868120161362535
868120161362543
868120161362550
868120161362568
868120161362576
868120161362584
868120161362592
868120161362600
868120161362618
868120161362626
868120161362634
868120161362642
868120161362659
868120161362667
868120161362675
868120161362683
868120161362691
868120161362709
868120161362717
868120161362725
868120161362733
868120161362741
868120161362758
868120161362766
868120161362774
868120161362782
868120161362790
868120161362808
868120161362816
868120161362824
868120161362832
868120161362840
868120161362857
868120161362865
868120161362873
868120161362881
868120161362899
868120161362907
868120161362915
868120161362923
868120161362931
868120161362949
868120161362956
868120161362964
868120161362972
868120161362980
868120161362998
868120161363004
868120161363012
868120161363020
868120161363038
868120161363046
868120161363053
868120161363061
868120161363079
868120161363087
868120161363095
868120161363103
868120161363111
868120161363129
868120161363137
868120161363145
868120161363152
868120161363160
868120161363178
868120161363186
868120161363194
868120161363202
868120161363210
868120161363228
868120161363236
868120161363244
868120161363251
868120161363269
868120161363277
868120161363285
868120161363293
868120161363301
868120161363319
868120161363327
868120161363335
868120161363343
868120161363350
868120161363368
868120161363376
868120161363384
868120161363392
868120161363400
868120161363418
868120161363426
868120161363434
868120161363442
868120161363459
868120161363467
868120161363475
868120161363483
868120161363491
868120161363509
868120161363517
868120161363525
868120161363533
868120161363541
868120161363558
868120161363566
868120161363574
868120161363582
868120161363590
868120161363608
868120161363616
868120161363624
868120161363632
868120161363640
868120161363657
868120161363665
868120161363673
868120161363681
868120161363699
868120161363707
868120161363715
868120161363723
868120161363731
868120161363749
868120161363756
868120161363764
868120161363772
868120161363780
868120161363798
868120161363806
868120161363814
868120161363822
868120161363830
868120161363848
868120161363855
868120161363863
868120161363871
868120161363889
868120161363897
868120161363905
868120161363913
868120161363921
868120161363939
868120161363947
868120161363954
868120161363962
868120161363970
868120161363988
868120161363996
868120161364002
868120161364010
868120161364028
868120161364036
868120161364044
868120161364051
868120161364069
868120161364077
868120161364085
868120161364093
868120161364101
868120161364119
868120161364127
868120161364135
868120161364143
868120161364150
868120161364168
868120161364176
868120161364184
868120161364192
868120161364200
868120161364218
868120161364226
868120161364234
868120161364242
868120161364259
868120161364267
868120161364275
868120161364283
868120161364291
868120161364309
868120161364317
868120161364325
868120161364333
868120161364341
868120161364358
868120161364366
868120161364374
868120161364382
868120161364390
868120161364408
868120161364416
868120161364424
868120161364432
868120161364440
868120161364457
868120161364465
868120161364473
868120161364481
868120161364499
868120161364507
868120161364515
868120161364523
868120161364531
868120161364549
868120161364556
868120161364564
868120161364572
868120161364580
868120161364598
868120161364606
868120161364614
868120161364622
868120161364630
868120161364648
868120161364655
868120161364663
868120161364671
868120161364689
868120161364697
868120161364705
868120161364713
868120161364721
868120161364739
868120161364747
868120161364754
868120161364762
868120161364770
868120161364788
868120161364796
868120161364804
868120161364812
868120161364820
868120161364838
868120161364846
868120161364853
868120161364861
868120161364879
868120161364887
868120161364895
868120161364903
868120161364911
868120161364929
868120161364937
868120161364945
868120161364952
868120161364960
868120161364978
868120161364986
868120161364994
868120161365009
868120161365017
868120161365025
868120161365033
868120161365041
868120161365058
868120161365066
868120161365074
868120161365082
868120161365090
868120161365108
868120161365116
868120161365124
868120161365132
868120161365140
868120161365157
868120161365165
868120161365173
868120161365181
868120161365199
868120161365207
868120161365215
868120161365223
868120161365231
868120161365249
868120161365256
868120161365264
868120161365272
868120161365280
868120161365298
868120161365306
868120161365314
868120161365322
868120161365330
868120161365348
868120161365355
868120161365363
868120161365371
868120161365389
868120161365397
868120161365405
868120161365413
868120161365421
868120161365439
868120161365447
868120161365454
868120161365462
868120161365470
868120161365488
868120161365496
868120161365504
868120161365512
868120161365520
868120161365538
868120161365546
868120161365553
868120161365561
868120161365579
868120161365587
868120161365595
868120161365603
868120161365611
868120161365629
868120161365637
868120161365645
868120161365652
868120161365660
868120161365678
868120161365686
868120161365694
868120161365702
868120161365710
868120161365728
868120161365736
868120161365744
868120161365751
868120161365769
868120161365777
868120161365785
868120161365793
868120161365801
868120161365819
868120161365827
868120161365835
868120161365843
868120161365850
868120161365868
868120161365876
868120161365884
868120161365892
868120161365900
868120161365918
868120161365926
868120161365934
868120161365942
868120161365959
868120161365967
868120161365975
868120161365983
868120161365991
868120161366007
868120161366015
868120161366023
868120161366031
868120161366049
868120161366056
868120161366064
868120161366072
868120161366080
868120161366098
868120161366106
868120161366114
868120161366122
868120161366130
868120161366148
868120161366155
868120161366163
868120161366171
868120161366189
868120161366197
868120161366205
868120161366213
868120161366221
868120161366239
868120161366247
868120161366254
868120161366262
868120161366270
868120161366288
868120161366296
868120161366304
868120161366312
868120161366320
868120161366338
868120161366346
868120161366353
868120161366361
868120161366379
868120161366387
868120161366395
868120161366403
868120161366411
868120161366429
868120161366437
868120161366445
868120161366452
868120161366460
868120161366478
868120161366486
868120161366494
868120161366502
868120161366510
868120161366528
868120161366536
868120161366544
868120161366551
868120161366569
868120161366577
868120161366585
868120161366593
868120161366601
868120161366619
868120161366627
868120161366635
868120161366643
868120161366650
868120161366668
868120161366676
868120161366684
868120161366692
868120161366700
868120161366718
868120161366726
868120161366734
868120161366742
868120161366759
868120161366767
868120161366775
868120161366783
868120161366791
868120161366809
868120161366817
868120161366825
868120161366833
868120161366841
868120161366858
868120161366866
868120161366874
868120161366882
868120161366890
868120161366908
868120161366916
868120161366924
868120161366932
868120161366940
868120161366957
868120161366965
868120161366973
868120161366981
868120161366999
868120161367005
868120161367013
868120161367021
868120161367039
868120161367047
868120161367054
868120161367062
868120161367070
868120161367088
868120161367096
868120161367104
868120161367112
868120161367120
868120161367138
868120161367146
868120161367153
868120161367161
868120161367179
868120161367187
868120161367195
868120161367203
868120161367211
868120161367229
868120161367237
868120161367245
868120161367252
868120161367260
868120161367278
868120161367286
868120161367294
868120161367302
868120161367310
868120161367328
868120161367336
868120161367344
868120161367351
868120161367369
868120161367377
868120161367385
868120161367393
868120161367401
868120161367419
868120161367427
868120161367435
868120161367443
868120161367450
868120161367468
868120161367476
868120161367484
868120161367492
868120161367500
868120161367518
868120161367526
868120161367534
868120161367542
868120161367559
868120161367567
868120161367575
868120161367583
868120161367591
868120161367609
868120161367617
868120161367625
868120161367633
868120161367641
868120161367658
868120161367666
868120161367674
868120161367682
868120161367690
868120161367708
868120161367716
868120161367724
868120161367732
868120161367740
868120161367757
868120161367765
868120161367773
868120161367781
868120161367799
868120161367807
868120161367815
868120161367823
868120161367831
868120161367849
868120161367856
868120161367864
868120161367872
868120161367880
868120161367898
868120161367906
868120161367914
868120161367922
868120161367930
868120161367948
868120161367955
868120161367963
868120161367971
868120161367989
868120161367997
868120161368003
868120161368011
868120161368029
868120161368037
868120161368045
868120161368052
868120161368060
868120161368078
868120161368086
868120161368094
868120161368102
868120161368110
868120161368128
868120161368136
868120161368144
868120161368151
868120161368169
868120161368177
868120161368185
868120161368193
868120161368201
868120161368219
868120161368227
868120161368235
868120161368243
868120161368250
868120161368268
868120161368276
868120161368284
868120161368292
868120161368300
868120161368318
868120161368326
868120161368334
868120161368342
868120161368359
868120161368367
868120161368375
868120161368383
868120161368391
868120161368409
868120161368417
868120161368425
868120161368433
868120161368441
868120161368458
868120161368466
868120161368474
868120161368482
868120161368490
868120161368508
868120161368516
868120161368524
868120161368532
868120161368540
868120161368557
868120161368565
868120161368573
868120161368581
868120161368599
868120161368607
868120161368615
868120161368623
868120161368631
868120161368649
868120161368656
868120161368664
868120161368672
868120161368680
868120161368698
868120161368706
868120161368714
868120161368722
868120161368730
868120161368748
868120161368755
868120161368763
868120161368771
868120161368789
868120161368797
868120161368805
868120161368813
868120161368821
868120161368839
868120161368847
868120161368854
868120161368862
868120161368870
868120161368888
868120161368896
868120161368904
868120161368912
868120161368920
868120161368938
868120161368946
868120161368953
868120161368961
868120161368979
868120161368987
868120161368995
868120161369001
868120161369019
868120161369027
868120161369035
868120161369043
868120161369050
868120161369068
868120161369076
868120161369084
868120161369092
868120161369100
868120161369118
868120161369126
868120161369134
868120161369142
868120161369159
868120161369167
868120161369175
868120161369183
868120161369191
868120161369209
868120161369217
868120161369225
868120161369233
868120161369241
868120161369258
868120161369266
868120161369274
868120161369282
868120161369290
868120161369308
868120161369316
868120161369324
868120161369332
868120161369340
868120161369357
868120161369365
868120161369373
868120161369381
868120161369399
868120161369407
868120161369415
868120161369423
868120161369431
868120161369449
868120161369456
868120161369464
868120161369472
868120161369480
868120161369498
868120161369506
868120161369514
868120161369522
868120161369530
868120161369548
868120161369555
868120161369563
868120161369571
868120161369589
868120161369597
868120161369605
868120161369613
868120161369621
868120161369639
868120161369647
868120161369654
868120161369662
868120161369670
868120161369688
868120161369696
868120161369704
868120161369712
868120161369720
868120161369738
868120161369746
868120161369753
868120161369761
868120161369779
868120161369787
868120161369795
868120161369803
868120161369811
868120161369829
868120161369837
868120161369845
868120161369852
868120161369860
868120161369878
868120161369886
868120161369894
868120161369902
868120161369910
868120161369928
868120161369936
868120161369944
868120161369951
868120161369969
868120161369977
868120161369985
868120161369993
868120161370009
868120161370017
868120161370025
868120161370033
868120161370041
868120161370058
868120161370066
868120161370074
868120161370082
868120161370090
868120161370108
868120161370116
868120161370124
868120161370132
868120161370140
868120161370157
868120161370165
868120161370173
868120161370181
868120161370199
868120161370207
868120161370215
868120161370223
868120161370231
868120161370249
868120161370256
868120161370264
868120161370272
868120161370280
868120161370298
868120161370306
868120161370314
868120161370322
868120161370330
868120161370348
868120161370355
868120161370363
868120161370371
868120161370389
868120161370397
868120161370405
868120161370413
868120161370421
868120161370439
868120161370447
868120161370454
868120161370462
868120161370470
868120161370488
868120161370496
868120161370504
868120161370512
868120161370520
868120161370538
868120161370546
868120161370553
868120161370561
868120161370579
868120161370587
868120161370595
868120161370603
868120161370611
868120161370629
868120161370637
868120161370645
868120161370652
868120161370660
868120161370678
868120161370686
868120161370694
868120161370702
868120161370710
868120161370728
868120161370736
868120161370744
868120161370751
868120161370769
868120161370777
868120161370785
868120161370793
868120161370801
868120161370819
868120161370827
868120161370835
868120161370843
868120161370850
868120161370868
868120161370876
868120161370884
868120161370892
868120161370900
868120161370918
868120161370926
868120161370934
868120161370942
868120161370959
868120161370967
868120161370975
868120161370983
868120161370991
868120161371007
868120161371015
868120161371023
868120161371031
868120161371049
868120161371056
868120161371064
868120161371072
868120161371080
868120161371098
868120161371106
868120161371114
868120161371122
868120161371130
868120161371148
868120161371155
868120161371163
868120161371171
868120161371189
868120161371197
868120161371205
868120161371213
868120161371221
868120161371239
868120161371247
868120161371254
868120161371262
868120161371270
868120161371288
868120161371296
868120161371304
868120161371312
868120161371320
868120161371338
868120161371346
868120161371353
868120161371361
868120161371379
868120161371387
868120161371395
868120161371403
868120161371411
868120161371429
868120161371437
868120161371445
868120161371452
868120161371460
868120161371478
868120161371486
868120161371494
868120161371502
868120161371510
868120161371528
868120161371536
868120161371544
868120161371551
868120161371569
868120161371577
868120161371585
868120161371593
868120161371601
868120161371619
868120161371627
868120161371635
868120161371643
868120161371650
868120161371668
868120161371676
868120161371684
868120161371692
868120161371700
868120161371718
868120161371726
868120161371734
868120161371742
868120161371759
868120161371767
868120161371775
868120161371783
868120161371791
868120161371809
868120161371817
868120161371825
868120161371833
868120161371841
868120161371858
868120161371866
868120161371874
868120161371882
868120161371890
868120161371908
868120161371916
868120161371924
868120161371932
868120161371940
868120161371957
868120161371965
868120161371973
868120161371981
868120161371999
868120161372005
868120161372013
868120161372021
868120161372039
868120161372047
868120161372054
868120161372062
868120161372070
868120161372088
868120161372096
868120161372104
868120161372112
868120161372120
868120161372138
868120161372146
868120161372153
868120161372161
868120161372179
868120161372187
868120161372195
868120161372203
868120161372211
868120161372229
868120161372237
868120161372245
868120161372252
868120161372260
868120161372278
868120161372286
868120161372294
868120161372302
868120161372310
868120161372328
868120161372336
868120161372344
868120161372351
868120161372369
868120161372377
868120161372385
868120161372393
868120161372401
868120161372419
868120161372427
868120161372435
868120161372443
868120161372450
868120161372468
868120161372476
868120161372484
868120161372492
868120161372500
868120161372518
868120161372526
868120161372534
868120161372542
868120161372559
868120161372567
868120161372575
868120161372583
868120161372591
868120161372609
868120161372617
868120161372625
868120161372633
868120161372641
868120161372658
868120161372666
868120161372674
868120161372682
868120161372690
868120161372708
868120161372716
868120161372724
868120161372732
868120161372740
868120161372757
868120161372765
868120161372773
868120161372781
868120161372799
868120161372807
868120161372815
868120161372823
868120161372831
868120161372849
868120161372856
868120161372864
868120161372872
868120161372880
868120161372898
868120161372906
868120161372914
868120161372922
868120161372930
868120161372948
868120161372955
868120161372963
868120161372971
868120161372989
868120161372997
868120161373003
868120161373011
868120161373029
868120161373037
868120161373045
868120161373052
868120161373060
868120161373078
868120161373086
868120161373094
868120161373102
868120161373110
868120161373128
868120161373136
868120161373144
868120161373151
868120161373169
868120161373177
868120161373185
868120161373193
868120161373201
868120161373219
868120161373227
868120161373235
868120161373243
868120161373250
868120161373268
868120161373276
868120161373284
868120161373292
868120161373300
868120161373318
868120161373326
868120161373334
868120161373342
868120161373359
868120161373367
868120161373375
868120161373383
868120161373391
868120161373409
868120161373417
868120161373425
868120161373433
868120161373441
868120161373458
868120161373466
868120161373474
868120161373482
868120161373490
868120161373508
868120161373516
868120161373524
868120161373532
868120161373540
868120161373557
868120161373565
868120161373573
868120161373581
868120161373599
868120161373607
868120161373615
868120161373623
868120161373631
868120161373649
868120161373656
868120161373664
868120161373672
868120161373680
868120161373698
868120161373706
868120161373714
868120161373722
868120161373730
868120161373748
868120161373755
868120161373763
868120161373771
868120161373789
868120161373797
868120161373805
868120161373813
868120161373821
868120161373839
868120161373847
868120161373854
868120161373862
868120161373870
868120161373888
868120161373896
868120161373904
868120161373912
868120161373920
868120161373938
868120161373946
868120161373953
868120161373961
868120161373979
868120161373987
868120161373995
868120161374001
868120161374019
868120161374027
868120161374035
868120161374043
868120161374050
868120161374068
868120161374076
868120161374084
868120161374092
868120161374100
868120161374118
868120161374126
868120161374134
868120161374142
868120161374159
868120161374167
868120161374175
868120161374183
868120161374191
868120161374209
868120161374217
868120161374225
868120161374233
868120161374241
868120161374258
868120161374266
868120161374274
868120161374282
868120161374290
868120161374308
868120161374316
868120161374324
868120161374332
868120161374340
868120161374357
868120161374365
868120161374373
868120161374381
868120161374399
868120161374407
868120161374415
868120161374423
868120161374431
868120161374449
868120161374456
868120161374464
868120161374472
868120161374480
868120161374498
868120161374506
868120161374514
868120161374522
868120161374530
868120161374548
868120161374555
868120161374563
868120161374571
868120161374589
868120161374597
868120161374605
868120161374613
868120161374621
868120161374639
868120161374647
868120161374654
868120161374662
868120161374670
868120161374688
868120161374696
868120161374704
868120161374712
868120161374720
868120161374738
868120161374746
868120161374753
868120161374761
868120161374779
868120161374787
868120161374795
868120161374803
868120161374811
868120161374829
868120161374837
868120161374845
868120161374852
868120161374860
868120161374878
868120161374886
868120161374894
868120161374902
868120161374910
868120161374928
868120161374936
868120161374944
868120161374951
868120161374969
868120161374977
868120161374985
868120161374993
868120161375008
868120161375016
868120161375024
868120161375032
868120161375040
868120161375057
868120161375065
868120161375073
868120161375081
868120161375099
868120161375107
868120161375115
868120161375123
868120161375131
868120161375149
868120161375156
868120161375164
868120161375172
868120161375180
868120161375198
868120161375206
868120161375214
868120161375222
868120161375230
868120161375248
868120161375255
868120161375263
868120161375271
868120161375289
868120161375297
868120161375305
868120161375313
868120161375321
868120161375339
868120161375347
868120161375354
868120161375362
868120161375370
868120161375388
868120161375396
868120161375404
868120161375412
868120161375420
868120161375438
868120161375446
868120161375453
868120161375461
868120161375479
868120161375487
868120161375495
868120161375503
868120161375511
868120161375529
868120161375537
868120161375545
868120161375552
868120161375560
868120161375578
868120161375586
868120161375594
868120161375602
868120161375610
868120161375628
868120161375636
868120161375644
868120161375651
868120161375669
868120161375677
868120161375685
868120161375693
868120161375701
868120161375719
868120161375727
868120161375735
868120161375743
868120161375750
868120161375768
868120161375776
868120161375784
868120161375792
868120161375800
868120161375818
868120161375826
868120161375834
868120161375842
868120161375859
868120161375867
868120161375875
868120161375883
868120161375891
868120161375909
868120161375917
868120161375925
868120161375933
868120161375941
868120161375958
868120161375966
868120161375974
868120161375982
868120161375990
868120161376006
868120161376014
868120161376022
868120161376030
868120161376048
868120161376055
868120161376063
868120161376071
868120161376089
868120161376097
868120161376105
868120161376113
868120161376121
868120161376139
868120161376147
868120161376154
868120161376162
868120161376170
868120161376188
868120161376196
868120161376204
868120161376212
868120161376220
868120161376238
868120161376246
868120161376253
868120161376261
868120161376279
868120161376287
868120161376295
868120161376303
868120161376311
868120161376329
868120161376337
868120161376345
868120161376352
868120161376360
868120161376378
868120161376386
868120161376394
868120161376402
868120161376410
868120161376428
868120161376436
868120161376444
868120161376451
868120161376469
868120161376477
868120161376485
868120161376493
868120161376501
868120161376519
868120161376527
868120161376535
868120161376543
868120161376550
868120161376568
868120161376576
868120161376584
868120161376592
868120161376600
868120161376618
868120161376626
868120161376634
868120161376642
868120161376659
868120161376667
868120161376675
868120161376683
868120161376691
868120161376709
868120161376717
868120161376725
868120161376733
868120161376741
868120161376758
868120161376766
868120161376774
868120161376782
868120161376790
868120161376808
868120161376816
868120161376824
868120161376832
868120161376840
868120161376857
868120161376865
868120161376873
868120161376881
868120161376899
868120161376907
868120161376915
868120161376923
868120161376931
868120161376949
868120161376956
868120161376964
868120161376972
868120161376980
868120161376998
868120161377004
868120161377012
868120161377020
868120161377038
868120161377046
868120161377053
868120161377061
868120161377079
868120161377087
868120161377095
868120161377103
868120161377111
868120161377129
868120161377137
868120161377145
868120161377152
868120161377160
868120161377178
868120161377186
868120161377194
868120161377202
868120161377210
868120161377228
868120161377236
868120161377244
868120161377251
868120161377269
868120161377277
868120161377285
868120161377293
868120161377301
868120161377319
868120161377327
868120161377335
868120161377343
868120161377350
868120161377368
868120161377376
868120161377384
868120161377392
868120161377400
868120161377418
868120161377426
868120161377434
868120161377442
868120161377459
868120161377467
868120161377475
868120161377483
868120161377491
868120161377509
868120161377517
868120161377525
868120161377533
868120161377541
868120161377558
868120161377566
868120161377574
868120161377582
868120161377590
868120161377608
868120161377616
868120161377624
868120161377632
868120161377640
868120161377657
868120161377665
868120161377673
868120161377681
868120161377699
868120161377707
868120161377715
868120161377723
868120161377731
868120161377749
868120161377756
868120161377764
868120161377772
868120161377780
868120161377798
868120161377806
868120161377814
868120161377822
868120161377830
868120161377848
868120161377855
868120161377863
868120161377871
868120161377889
868120161377897
868120161377905
868120161377913
868120161377921
868120161377939
868120161377947
868120161377954
868120161377962
868120161377970
868120161377988
868120161377996
868120161378002
868120161378010
868120161378028
868120161378036
868120161378044
868120161378051
868120161378069
868120161378077
868120161378085
868120161378093
868120161378101
868120161378119
868120161378127
868120161378135
868120161378143
868120161378150
868120161378168
868120161378176
868120161378184
868120161378192
868120161378200
868120161378218
868120161378226
868120161378234
868120161378242
868120161378259
868120161378267
868120161378275
868120161378283
868120161378291
868120161378309
868120161378317
868120161378325
868120161378333
868120161378341
868120161378358
868120161378366
868120161378374
868120161378382
868120161378390
868120161378408
868120161378416
868120161378424
868120161378432
868120161378440
868120161378457
868120161378465
868120161378473
868120161378481
868120161378499
868120161378507
868120161378515
868120161378523
868120161378531
868120161378549
868120161378556
868120161378564
868120161378572
868120161378580
868120161378598
868120161378606
868120161378614
868120161378622
868120161378630
868120161378648
868120161378655
868120161378663
868120161378671
868120161378689
868120161378697
868120161378705
868120161378713
868120161378721
868120161378739
868120161378747
868120161378754
868120161378762
868120161378770
868120161378788
868120161378796
868120161378804
868120161378812
868120161378820
868120161378838
868120161378846
868120161378853
868120161378861
868120161378879
868120161378887
868120161378895
868120161378903
868120161378911
868120161378929
868120161378937
868120161378945
868120161378952
868120161378960
868120161378978
868120161378986
868120161378994
868120161379000
868120161379018
868120161379026
868120161379034
868120161379042
868120161379059
868120161379067
868120161379075
868120161379083
868120161379091
868120161379109
868120161379117
868120161379125
868120161379133
868120161379141
868120161379158
868120161379166
868120161379174
868120161379182
868120161379190
868120161379208
868120161379216
868120161379224
868120161379232
868120161379240
868120161379257
868120161379265
868120161379273
868120161379281
868120161379299
868120161379307
868120161379315
868120161379323
868120161379331
868120161379349
868120161379356
868120161379364
868120161379372
868120161379380
868120161379398
868120161379406
868120161379414
868120161379422
868120161379430
868120161379448
868120161379455
868120161379463
868120161379471
868120161379489
868120161379497
868120161379505
868120161379513
868120161379521
868120161379539
868120161379547
868120161379554
868120161379562
868120161379570
868120161379588
868120161379596
868120161379604
868120161379612
868120161379620
868120161379638
868120161379646
868120161379653
868120161379661
868120161379679
868120161379687
868120161379695
868120161379703
868120161379711
868120161379729
868120161379737
868120161379745
868120161379752
868120161379760
868120161379778
868120161379786
868120161379794
868120161379802
868120161379810
868120161379828
868120161379836
868120161379844
868120161379851
868120161379869
868120161379877
868120161379885
868120161379893
868120161379901
868120161379919
868120161379927
868120161379935
868120161379943
868120161379950
868120161379968
868120161379976
868120161379984
868120161379992
868120161380008
868120161380016
868120161380024
868120161380032
868120161380040
868120161380057
868120161380065
868120161380073
868120161380081
868120161380099
868120161380107
868120161380115
868120161380123
868120161380131
868120161380149
868120161380156
868120161380164
868120161380172
868120161380180
868120161380198
868120161380206
868120161380214
868120161380222
868120161380230
868120161380248
868120161380255
868120161380263
868120161380271
868120161380289
868120161380297
868120161380305
868120161380313
868120161380321
868120161380339
868120161380347
868120161380354
868120161380362
868120161380370
868120161380388
868120161380396
868120161380404
868120161380412
868120161380420
868120161380438
868120161380446
868120161380453
868120161380461
868120161380479
868120161380487
868120161380495
868120161380503
868120161380511
868120161380529
868120161380537
868120161380545
868120161380552
868120161380560
868120161380578
868120161380586
868120161380594
868120161380602
868120161380610
868120161380628
868120161380636
868120161380644
868120161380651
868120161380669
868120161380677
868120161380685
868120161380693
868120161380701
868120161380719
868120161380727
868120161380735
868120161380743
868120161380750
868120161380768
868120161380776
868120161380784
868120161380792
868120161380800
868120161380818
868120161380826
868120161380834
868120161380842
868120161380859
868120161380867
868120161380875
868120161380883
868120161380891
868120161380909
868120161380917
868120161380925
868120161380933
868120161380941
868120161380958
868120161380966
868120161380974
868120161380982
868120161380990
868120161381006
868120161381014
868120161381022
868120161381030
868120161381048
868120161381055
868120161381063
868120161381071
868120161381089
868120161381097
868120161381105
868120161381113
868120161381121
868120161381139
868120161381147
868120161381154
868120161381162
