868120166834348
868120166834355
868120166834363
868120166834371
868120166834389
868120166834397
868120166834405
868120166834413
868120166834421
868120166834439
868120166834447
868120166834454
868120166834462
868120166834470
868120166834488
868120166834496
868120166834504
868120166834512
868120166834520
868120166834538
868120166834546
868120166834553
868120166834561
868120166834579
868120166834587
868120166834595
868120166834603
868120166834611
868120166834629
868120166834637
868120166834645
868120166834652
868120166834660
868120166834678
868120166834686
868120166834694
868120166834702
868120166834710
868120166834728
868120166834736
868120166834744
868120166834751
868120166834769
868120166834777
868120166834785
868120166834793
868120166834801
868120166834819
868120166834827
868120166834835
868120166834843
868120166834850
868120166834868
868120166834876
868120166834884
868120166834892
868120166834900
868120166834918
868120166834926
868120166834934
868120166834942
868120166834959
868120166834967
868120166834975
868120166834983
868120166834991
868120166835006
868120166835014
868120166835022
868120166835030
868120166835048
868120166835055
868120166835063
868120166835071
868120166835089
868120166835097
868120166835105
868120166835113
868120166835121
868120166835139
868120166835147
868120166835154
868120166835162
868120166835170
868120166835188
868120166835196
868120166835204
868120166835212
868120166835220
868120166835238
868120166835246
868120166835253
868120166835261
868120166835279
868120166835287
868120166835295
868120166835303
868120166835311
868120166835329
868120166835337
868120166835345
868120166835352
868120166835360
868120166835378
868120166835386
868120166835394
868120166835402
868120166835410
868120166835428
868120166835436
868120166835444
868120166835451
868120166835469
868120166835477
868120166835485
868120166835493
868120166835501
868120166835519
868120166835527
868120166835535
868120166835543
868120166835550
868120166835568
868120166835576
868120166835584
868120166835592
868120166835600
868120166835618
868120166835626
868120166835634
868120166835642
868120166835659
868120166835667
868120166835675
868120166835683
868120166835691
868120166835709
868120166835717
868120166835725
868120166835733
868120166835741
868120166835758
868120166835766
868120166835774
868120166835782
868120166835790
868120166835808
868120166835816
868120166835824
868120166835832
868120166835840
868120166835857
868120166835865
868120166835873
868120166835881
868120166835899
868120166835907
868120166835915
868120166835923
868120166835931
868120166835949
868120166835956
868120166835964
868120166835972
868120166835980
868120166835998
868120166836004
868120166836012
868120166836020
868120166836038
868120166836046
868120166836053
868120166836061
868120166836079
868120166836087
868120166836095
868120166836103
868120166836111
868120166836129
868120166836137
868120166836145
868120166836152
868120166836160
868120166836178
868120166836186
868120166836194
868120166836202
868120166836210
868120166836228
868120166836236
868120166836244
868120166836251
868120166836269
868120166836277
868120166836285
868120166836293
868120166836301
868120166836319
868120166836327
868120166836335
868120166836343
868120166836350
868120166836368
868120166836376
868120166836384
868120166836392
868120166836400
868120166836418
868120166836426
868120166836434
868120166836442
868120166836459
868120166836467
868120166836475
868120166836483
868120166836491
868120166836509
868120166836517
868120166836525
868120166836533
868120166836541
868120166836558
868120166836566
868120166836574
868120166836582
868120166836590
868120166836608
868120166836616
868120166836624
868120166836632
868120166836640
868120166836657
868120166836665
868120166836673
868120166836681
868120166836699
868120166836707
868120166836715
868120166836723
868120166836731
868120166836749
868120166836756
868120166836764
868120166836772
868120166836780
868120166836798
868120166836806
868120166836814
868120166836822
868120166836830
868120166836848
868120166836855
868120166836863
868120166836871
868120166836889
868120166836897
868120166836905
868120166836913
868120166836921
868120166836939
868120166836947
868120166836954
868120166836962
868120166836970
868120166836988
868120166836996
868120166837002
868120166837010
868120166837028
868120166837036
868120166837044
868120166837051
868120166837069
868120166837077
868120166837085
868120166837093
868120166837101
868120166837119
868120166837127
868120166837135
868120166837143
868120166837150
868120166837168
868120166837176
868120166837184
868120166837192
868120166837200
868120166837218
868120166837226
868120166837234
868120166837242
868120166837259
868120166837267
868120166837275
868120166837283
868120166837291
868120166837309
868120166837317
868120166837325
868120166837333
868120166837341
868120166837358
868120166837366
868120166837374
868120166837382
868120166837390
868120166837408
868120166837416
868120166837424
868120166837432
868120166837440
868120166837457
868120166837465
868120166837473
868120166837481
868120166837499
868120166837507
868120166837515
868120166837523
868120166837531
868120166837549
868120166837556
868120166837564
868120166837572
868120166837580
868120166837598
868120166837606
868120166837614
868120166837622
868120166837630
868120166837648
868120166837655
868120166837663
868120166837671
868120166837689
868120166837697
868120166837705
868120166837713
868120166837721
868120166837739
868120166837747
868120166837754
868120166837762
868120166837770
868120166837788
868120166837796
868120166837804
868120166837812
868120166837820
868120166837838
868120166837846
868120166837853
868120166837861
868120166837879
868120166837887
868120166837895
868120166837903
868120166837911
868120166837929
868120166837937
868120166837945
868120166837952
868120166837960
868120166837978
868120166837986
868120166837994
868120166838000
868120166838018
868120166838026
868120166838034
868120166838042
868120166838059
868120166838067
868120166838075
868120166838083
868120166838091
868120166838109
868120166838117
868120166838125
868120166838133
868120166838141
868120166838158
868120166838166
868120166838174
868120166838182
868120166838190
868120166838208
868120166838216
868120166838224
868120166838232
868120166838240
868120166838257
868120166838265
868120166838273
868120166838281
868120166838299
868120166838307
868120166838315
868120166838323
868120166838331
868120166838349
868120166838356
868120166838364
868120166838372
868120166838380
868120166838398
868120166838406
868120166838414
868120166838422
868120166838430
868120166838448
868120166838455
868120166838463
868120166838471
868120166838489
868120166838497
868120166838505
868120166838513
868120166838521
868120166838539
868120166838547
868120166838554
868120166838562
868120166838570
868120166838588
868120166838596
868120166838604
868120166838612
868120166838620
868120166838638
868120166838646
868120166838653
868120166838661
868120166838679
868120166838687
868120166838695
868120166838703
868120166838711
868120166838729
868120166838737
868120166838745
868120166838752
868120166838760
868120166838778
868120166838786
868120166838794
868120166838802
868120166838810
868120166838828
868120166838836
868120166838844
868120166838851
868120166838869
868120166838877
868120166838885
868120166838893
868120166838901
868120166838919
868120166838927
868120166838935
868120166838943
868120166838950
868120166838968
868120166838976
868120166838984
868120166838992
868120166839008
868120166839016
868120166839024
868120166839032
868120166839040
868120166839057
868120166839065
868120166839073
868120166839081
868120166839099
868120166839107
868120166839115
868120166839123
868120166839131
868120166839149
868120166839156
868120166839164
868120166839172
868120166839180
868120166839198
868120166839206
868120166839214
868120166839222
868120166839230
868120166839248
868120166839255
868120166839263
868120166839271
868120166839289
868120166839297
868120166839305
868120166839313
868120166839321
868120166839339
868120166839347
868120166839354
868120166839362
868120166839370
868120166839388
868120166839396
868120166839404
868120166839412
868120166839420
868120166839438
868120166839446
868120166839453
868120166839461
868120166839479
868120166839487
868120166839495
868120166839503
868120166839511
868120166839529
868120166839537
868120166839545
868120166839552
868120166839560
868120166839578
868120166839586
868120166839594
868120166839602
868120166839610
868120166839628
868120166839636
868120166839644
868120166839651
868120166839669
868120166839677
868120166839685
868120166839693
868120166839701
868120166839719
868120166839727
868120166839735
868120166839743
868120166839750
868120166839768
868120166839776
868120166839784
868120166839792
868120166839800
868120166839818
868120166839826
868120166839834
868120166839842
868120166839859
868120166839867
868120166839875
868120166839883
868120166839891
868120166839909
868120166839917
868120166839925
868120166839933
868120166839941
868120166839958
868120166839966
868120166839974
868120166839982
868120166839990
868120166840006
868120166840014
868120166840022
868120166840030
868120166840048
868120166840055
868120166840063
868120166840071
868120166840089
868120166840097
868120166840105
868120166840113
868120166840121
868120166840139
868120166840147
868120166840154
868120166840162
868120166840170
868120166840188
868120166840196
868120166840204
868120166840212
868120166840220
868120166840238
868120166840246
868120166840253
868120166840261
868120166840279
868120166840287
868120166840295
868120166840303
868120166840311
868120166840329
868120166840337
868120166840345
868120166840352
868120166840360
868120166840378
868120166840386
868120166840394
868120166840402
868120166840410
868120166840428
868120166840436
868120166840444
868120166840451
868120166840469
868120166840477
868120166840485
868120166840493
868120166840501
868120166840519
868120166840527
868120166840535
868120166840543
868120166840550
868120166840568
868120166840576
868120166840584
868120166840592
868120166840600
868120166840618
868120166840626
868120166840634
868120166840642
868120166840659
868120166840667
868120166840675
868120166840683
868120166840691
868120166840709
868120166840717
868120166840725
868120166840733
868120166840741
868120166840758
868120166840766
868120166840774
868120166840782
868120166840790
868120166840808
868120166840816
868120166840824
868120166840832
868120166840840
868120166840857
868120166840865
868120166840873
868120166840881
868120166840899
868120166840907
868120166840915
868120166840923
868120166840931
868120166840949
868120166840956
868120166840964
868120166840972
868120166840980
868120166840998
868120166841004
868120166841012
868120166841020
868120166841038
868120166841046
868120166841053
868120166841061
868120166841079
868120166841087
868120166841095
868120166841103
868120166841111
868120166841129
868120166841137
868120166841145
868120166841152
868120166841160
868120166841178
868120166841186
868120166841194
868120166841202
868120166841210
868120166841228
868120166841236
868120166841244
868120166841251
868120166841269
868120166841277
868120166841285
868120166841293
868120166841301
868120166841319
868120166841327
868120166841335
868120166841343
868120166841350
868120166841368
868120166841376
868120166841384
868120166841392
868120166841400
868120166841418
868120166841426
868120166841434
868120166841442
868120166841459
868120166841467
868120166841475
868120166841483
868120166841491
868120166841509
868120166841517
868120166841525
868120166841533
868120166841541
868120166841558
868120166841566
868120166841574
868120166841582
868120166841590
868120166841608
868120166841616
868120166841624
868120166841632
868120166841640
868120166841657
868120166841665
868120166841673
868120166841681
868120166841699
868120166841707
868120166841715
868120166841723
868120166841731
868120166841749
868120166841756
868120166841764
868120166841772
868120166841780
868120166841798
868120166841806
868120166841814
868120166841822
868120166841830
868120166841848
868120166841855
868120166841863
868120166841871
868120166841889
868120166841897
868120166841905
868120166841913
868120166841921
868120166841939
868120166841947
868120166841954
868120166841962
868120166841970
868120166841988
868120166841996
868120166842002
868120166842010
868120166842028
868120166842036
868120166842044
868120166842051
868120166842069
868120166842077
868120166842085
868120166842093
868120166842101
868120166842119
868120166842127
868120166842135
868120166842143
868120166842150
868120166842168
868120166842176
868120166842184
868120166842192
868120166842200
868120166842218
868120166842226
868120166842234
868120166842242
868120166842259
868120166842267
868120166842275
868120166842283
868120166842291
868120166842309
868120166842317
868120166842325
868120166842333
868120166842341
868120166842358
868120166842366
868120166842374
868120166842382
868120166842390
868120166842408
868120166842416
868120166842424
868120166842432
868120166842440
868120166842457
868120166842465
868120166842473
868120166842481
868120166842499
868120166842507
868120166842515
868120166842523
868120166842531
868120166842549
868120166842556
868120166842564
868120166842572
868120166842580
868120166842598
868120166842606
868120166842614
868120166842622
868120166842630
868120166842648
868120166842655
868120166842663
868120166842671
868120166842689
868120166842697
868120166842705
868120166842713
868120166842721
868120166842739
868120166842747
868120166842754
868120166842762
868120166842770
868120166842788
868120166842796
868120166842804
868120166842812
868120166842820
868120166842838
868120166842846
868120166842853
868120166842861
868120166842879
868120166842887
868120166842895
868120166842903
868120166842911
868120166842929
868120166842937
868120166842945
868120166842952
868120166842960
868120166842978
868120166842986
868120166842994
868120166843000
868120166843018
868120166843026
868120166843034
868120166843042
868120166843059
868120166843067
868120166843075
868120166843083
868120166843091
868120166843109
868120166843117
868120166843125
868120166843133
868120166843141
868120166843158
868120166843166
868120166843174
868120166843182
868120166843190
868120166843208
868120166843216
868120166843224
868120166843232
868120166843240
868120166843257
868120166843265
868120166843273
868120166843281
868120166843299
868120166843307
868120166843315
868120166843323
868120166843331
868120166843349
868120166843356
868120166843364
868120166843372
868120166843380
868120166843398
868120166843406
868120166843414
868120166843422
868120166843430
868120166843448
868120166843455
868120166843463
868120166843471
868120166843489
868120166843497
868120166843505
868120166843513
868120166843521
868120166843539
868120166843547
868120166843554
868120166843562
868120166843570
868120166843588
868120166843596
868120166843604
868120166843612
868120166843620
868120166843638
868120166843646
868120166843653
868120166843661
868120166843679
868120166843687
868120166843695
868120166843703
868120166843711
868120166843729
868120166843737
868120166843745
868120166843752
868120166843760
868120166843778
868120166843786
868120166843794
868120166843802
868120166843810
868120166843828
868120166843836
868120166843844
868120166843851
868120166843869
868120166843877
868120166843885
868120166843893
868120166843901
868120166843919
868120166843927
868120166843935
868120166843943
868120166843950
868120166843968
868120166843976
868120166843984
868120166843992
868120166844008
868120166844016
868120166844024
868120166844032
868120166844040
868120166844057
868120166844065
868120166844073
868120166844081
868120166844099
868120166844107
868120166844115
868120166844123
868120166844131
868120166844149
868120166844156
868120166844164
868120166844172
868120166844180
868120166844198
868120166844206
868120166844214
868120166844222
868120166844230
868120166844248
868120166844255
868120166844263
868120166844271
868120166844289
868120166844297
868120166844305
868120166844313
868120166844321
868120166844339
868120166844347
868120166844354
868120166844362
868120166844370
868120166844388
868120166844396
868120166844404
868120166844412
868120166844420
868120166844438
868120166844446
868120166844453
868120166844461
868120166844479
868120166844487
868120166844495
868120166844503
868120166844511
868120166844529
868120166844537
868120166844545
868120166844552
868120166844560
868120166844578
868120166844586
868120166844594
868120166844602
868120166844610
868120166844628
868120166844636
868120166844644
868120166844651
868120166844669
868120166844677
868120166844685
868120166844693
868120166844701
868120166844719
868120166844727
868120166844735
868120166844743
868120166844750
868120166844768
868120166844776
868120166844784
868120166844792
868120166844800
868120166844818
868120166844826
868120166844834
868120166844842
868120166844859
868120166844867
868120166844875
868120166844883
868120166844891
868120166844909
868120166844917
868120166844925
868120166844933
868120166844941
868120166844958
868120166844966
868120166844974
868120166844982
868120166844990
868120166845005
868120166845013
868120166845021
868120166845039
868120166845047
868120166845054
868120166845062
868120166845070
868120166845088
868120166845096
868120166845104
868120166845112
868120166845120
868120166845138
868120166845146
868120166845153
868120166845161
868120166845179
868120166845187
868120166845195
868120166845203
868120166845211
868120166845229
868120166845237
868120166845245
868120166845252
868120166845260
868120166845278
868120166845286
868120166845294
868120166845302
868120166845310
868120166845328
868120166845336
868120166845344
868120166845351
868120166845369
868120166845377
868120166845385
868120166845393
868120166845401
868120166845419
868120166845427
868120166845435
868120166845443
868120166845450
868120166845468
868120166845476
868120166845484
868120166845492
868120166845500
868120166845518
868120166845526
868120166845534
868120166845542
868120166845559
868120166845567
868120166845575
868120166845583
868120166845591
868120166845609
868120166845617
868120166845625
868120166845633
868120166845641
868120166845658
868120166845666
868120166845674
868120166845682
868120166845690
868120166845708
868120166845716
868120166845724
868120166845732
868120166845740
868120166845757
868120166845765
868120166845773
868120166845781
868120166845799
868120166845807
868120166845815
868120166845823
868120166845831
868120166845849
868120166845856
868120166845864
868120166845872
868120166845880
868120166845898
868120166845906
868120166845914
868120166845922
868120166845930
868120166845948
868120166845955
868120166845963
868120166845971
868120166845989
868120166845997
868120166846003
868120166846011
868120166846029
868120166846037
868120166846045
868120166846052
868120166846060
868120166846078
868120166846086
868120166846094
868120166846102
868120166846110
868120166846128
868120166846136
868120166846144
868120166846151
868120166846169
868120166846177
868120166846185
868120166846193
868120166846201
868120166846219
868120166846227
868120166846235
868120166846243
868120166846250
868120166846268
868120166846276
868120166846284
868120166846292
868120166846300
868120166846318
868120166846326
868120166846334
868120166846342
868120166846359
868120166846367
868120166846375
868120166846383
868120166846391
868120166846409
868120166846417
868120166846425
868120166846433
868120166846441
868120166846458
868120166846466
868120166846474
868120166846482
868120166846490
868120166846508
868120166846516
868120166846524
868120166846532
868120166846540
868120166846557
868120166846565
868120166846573
868120166846581
868120166846599
868120166846607
868120166846615
868120166846623
868120166846631
868120166846649
868120166846656
868120166846664
868120166846672
868120166846680
868120166846698
868120166846706
868120166846714
868120166846722
868120166846730
868120166846748
868120166846755
868120166846763
868120166846771
868120166846789
868120166846797
868120166846805
868120166846813
868120166846821
868120166846839
868120166846847
868120166846854
868120166846862
868120166846870
868120166846888
868120166846896
868120166846904
868120166846912
868120166846920
868120166846938
868120166846946
868120166846953
868120166846961
868120166846979
868120166846987
868120166846995
868120166847001
868120166847019
868120166847027
868120166847035
868120166847043
868120166847050
868120166847068
868120166847076
868120166847084
868120166847092
868120166847100
868120166847118
868120166847126
868120166847134
868120166847142
868120166847159
868120166847167
868120166847175
868120166847183
868120166847191
868120166847209
868120166847217
868120166847225
868120166847233
868120166847241
868120166847258
868120166847266
868120166847274
868120166847282
868120166847290
868120166847308
868120166847316
868120166847324
868120166847332
868120166847340
868120166847357
868120166847365
868120166847373
868120166847381
868120166847399
868120166847407
868120166847415
868120166847423
868120166847431
868120166847449
868120166847456
868120166847464
868120166847472
868120166847480
868120166847498
868120166847506
868120166847514
868120166847522
868120166847530
868120166847548
868120166847555
868120166847563
868120166847571
868120166847589
868120166847597
868120166847605
868120166847613
868120166847621
868120166847639
868120166847647
868120166847654
868120166847662
868120166847670
868120166847688
868120166847696
868120166847704
868120166847712
868120166847720
868120166847738
868120166847746
868120166847753
868120166847761
868120166847779
868120166847787
868120166847795
868120166847803
868120166847811
868120166847829
868120166847837
868120166847845
868120166847852
868120166847860
868120166847878
868120166847886
868120166847894
868120166847902
868120166847910
868120166847928
868120166847936
868120166847944
868120166847951
868120166847969
868120166847977
868120166847985
868120166847993
868120166848009
868120166848017
868120166848025
868120166848033
868120166848041
868120166848058
868120166848066
868120166848074
868120166848082
868120166848090
868120166848108
868120166848116
868120166848124
868120166848132
868120166848140
868120166848157
868120166848165
868120166848173
868120166848181
868120166848199
868120166848207
868120166848215
868120166848223
868120166848231
868120166848249
868120166848256
868120166848264
868120166848272
868120166848280
868120166848298
868120166848306
868120166848314
868120166848322
868120166848330
868120166848348
868120166848355
868120166848363
868120166848371
868120166848389
868120166848397
868120166848405
868120166848413
868120166848421
868120166848439
868120166848447
868120166848454
868120166848462
868120166848470
868120166848488
868120166848496
868120166848504
868120166848512
868120166848520
868120166848538
868120166848546
868120166848553
868120166848561
868120166848579
868120166848587
868120166848595
868120166848603
868120166848611
868120166848629
868120166848637
868120166848645
868120166848652
868120166848660
868120166848678
868120166848686
868120166848694
868120166848702
868120166848710
868120166848728
868120166848736
868120166848744
868120166848751
868120166848769
868120166848777
868120166848785
868120166848793
868120166848801
868120166848819
868120166848827
868120166848835
868120166848843
868120166848850
868120166848868
868120166848876
868120166848884
868120166848892
868120166848900
868120166848918
868120166848926
868120166848934
868120166848942
868120166848959
868120166848967
868120166848975
868120166848983
868120166848991
868120166849007
868120166849015
868120166849023
868120166849031
868120166849049
868120166849056
868120166849064
868120166849072
868120166849080
868120166849098
868120166849106
868120166849114
868120166849122
868120166849130
868120166849148
868120166849155
868120166849163
868120166849171
868120166849189
868120166849197
868120166849205
868120166849213
868120166849221
868120166849239
868120166849247
868120166849254
868120166849262
868120166849270
868120166849288
868120166849296
868120166849304
868120166849312
868120166849320
868120166849338
868120166849346
868120166849353
868120166849361
868120166849379
868120166849387
868120166849395
868120166849403
868120166849411
868120166849429
868120166849437
868120166849445
868120166849452
868120166849460
868120166849478
868120166849486
868120166849494
868120166849502
868120166849510
868120166849528
868120166849536
868120166849544
868120166849551
868120166849569
868120166849577
868120166849585
868120166849593
868120166849601
868120166849619
868120166849627
868120166849635
868120166849643
868120166849650
868120166849668
868120166849676
868120166849684
868120166849692
868120166849700
868120166849718
868120166849726
868120166849734
868120166849742
868120166849759
868120166849767
868120166849775
868120166849783
868120166849791
868120166849809
868120166849817
868120166849825
868120166849833
868120166849841
868120166849858
868120166849866
868120166849874
868120166849882
868120166849890
868120166849908
868120166849916
868120166849924
868120166849932
868120166849940
868120166849957
868120166849965
868120166849973
868120166849981
868120166849999
868120166850005
868120166850013
868120166850021
868120166850039
868120166850047
868120166850054
868120166850062
868120166850070
868120166850088
868120166850096
868120166850104
868120166850112
868120166850120
868120166850138
868120166850146
868120166850153
868120166850161
868120166850179
868120166850187
868120166850195
868120166850203
868120166850211
868120166850229
868120166850237
868120166850245
868120166850252
868120166850260
868120166850278
868120166850286
868120166850294
868120166850302
868120166850310
868120166850328
868120166850336
868120166850344
868120166850351
868120166850369
868120166850377
868120166850385
868120166850393
868120166850401
868120166850419
868120166850427
868120166850435
868120166850443
868120166850450
868120166850468
868120166850476
868120166850484
868120166850492
868120166850500
868120166850518
868120166850526
868120166850534
868120166850542
868120166850559
868120166850567
868120166850575
868120166850583
868120166850591
868120166850609
868120166850617
868120166850625
868120166850633
868120166850641
868120166850658
868120166850666
868120166850674
868120166850682
868120166850690
868120166850708
868120166850716
868120166850724
868120166850732
868120166850740
868120166850757
868120166850765
868120166850773
868120166850781
868120166850799
868120166850807
868120166850815
868120166850823
868120166850831
868120166850849
868120166850856
868120166850864
868120166850872
868120166850880
868120166850898
868120166850906
868120166850914
868120166850922
868120166850930
868120166850948
868120166850955
868120166850963
868120166850971
868120166850989
868120166850997
868120166851003
868120166851011
868120166851029
868120166851037
868120166851045
868120166851052
868120166851060
868120166851078
868120166851086
868120166851094
868120166851102
868120166851110
868120166851128
868120166851136
868120166851144
868120166851151
868120166851169
868120166851177
868120166851185
868120166851193
868120166851201
868120166851219
868120166851227
868120166851235
868120166851243
868120166851250
868120166851268
868120166851276
868120166851284
868120166851292
868120166851300
868120166851318
868120166851326
868120166851334
868120166851342
868120166851359
868120166851367
868120166851375
868120166851383
868120166851391
868120166851409
868120166851417
868120166851425
868120166851433
868120166851441
868120166851458
868120166851466
868120166851474
868120166851482
868120166851490
868120166851508
868120166851516
868120166851524
868120166851532
868120166851540
868120166851557
868120166851565
868120166851573
868120166851581
868120166851599
868120166851607
868120166851615
868120166851623
868120166851631
868120166851649
868120166851656
868120166851664
868120166851672
868120166851680
868120166851698
868120166851706
868120166851714
868120166851722
868120166851730
868120166851748
868120166851755
868120166851763
868120166851771
868120166851789
868120166851797
868120166851805
868120166851813
868120166851821
868120166851839
868120166851847
868120166851854
868120166851862
868120166851870
868120166851888
868120166851896
868120166851904
868120166851912
868120166851920
868120166851938
868120166851946
868120166851953
868120166851961
868120166851979
868120166851987
868120166851995
868120166852001
868120166852019
868120166852027
868120166852035
868120166852043
868120166852050
868120166852068
868120166852076
868120166852084
868120166852092
868120166852100
868120166852118
868120166852126
868120166852134
868120166852142
868120166852159
868120166852167
868120166852175
868120166852183
868120166852191
868120166852209
868120166852217
868120166852225
868120166852233
868120166852241
868120166852258
868120166852266
868120166852274
868120166852282
868120166852290
868120166852308
868120166852316
868120166852324
868120166852332
868120166852340
868120166852357
868120166852365
868120166852373
868120166852381
868120166852399
868120166852407
868120166852415
868120166852423
868120166852431
868120166852449
868120166852456
868120166852464
868120166852472
868120166852480
868120166852498
868120166852506
868120166852514
868120166852522
868120166852530
868120166852548
868120166852555
868120166852563
868120166852571
868120166852589
868120166852597
868120166852605
868120166852613
868120166852621
868120166852639
868120166852647
868120166852654
868120166852662
868120166852670
868120166852688
868120166852696
868120166852704
868120166852712
868120166852720
868120166852738
868120166852746
868120166852753
868120166852761
868120166852779
868120166852787
868120166852795
868120166852803
868120166852811
868120166852829
868120166852837
868120166852845
868120166852852
868120166852860
868120166852878
868120166852886
868120166852894
868120166852902
868120166852910
868120166852928
868120166852936
868120166852944
868120166852951
868120166852969
868120166852977
868120166852985
868120166852993
868120166853009
868120166853017
868120166853025
868120166853033
868120166853041
868120166853058
868120166853066
868120166853074
868120166853082
868120166853090
868120166853108
868120166853116
868120166853124
868120166853132
868120166853140
868120166853157
868120166853165
868120166853173
868120166853181
868120166853199
868120166853207
868120166853215
868120166853223
868120166853231
868120166853249
868120166853256
868120166853264
868120166853272
868120166853280
868120166853298
868120166853306
868120166853314
868120166853322
868120166853330
868120166853348
868120166853355
868120166853363
868120166853371
868120166853389
868120166853397
868120166853405
868120166853413
868120166853421
868120166853439
868120166853447
868120166853454
868120166853462
868120166853470
868120166853488
868120166853496
868120166853504
868120166853512
868120166853520
868120166853538
868120166853546
868120166853553
868120166853561
868120166853579
868120166853587
868120166853595
868120166853603
868120166853611
868120166853629
868120166853637
868120166853645
868120166853652
868120166853660
868120166853678
868120166853686
868120166853694
868120166853702
868120166853710
868120166853728
868120166853736
868120166853744
868120166853751
868120166853769
868120166853777
868120166853785
868120166853793
868120166853801
868120166853819
868120166853827
868120166853835
868120166853843
868120166853850
868120166853868
868120166853876
868120166853884
868120166853892
868120166853900
868120166853918
868120166853926
868120166853934
868120166853942
868120166853959
868120166853967
868120166853975
868120166853983
868120166853991
868120166854007
868120166854015
868120166854023
868120166854031
868120166854049
868120166854056
868120166854064
868120166854072
868120166854080
868120166854098
868120166854106
868120166854114
868120166854122
868120166854130
868120166854148
868120166854155
868120166854163
868120166854171
868120166854189
868120166854197
868120166854205
868120166854213
868120166854221
868120166854239
868120166854247
868120166854254
868120166854262
868120166854270
868120166854288
868120166854296
868120166854304
868120166854312
868120166854320
868120166854338
868120166854346
868120166854353
868120166854361
868120166854379
868120166854387
868120166854395
868120166854403
868120166854411
868120166854429
868120166854437
868120166854445
868120166854452
868120166854460
868120166854478
868120166854486
868120166854494
868120166854502
868120166854510
868120166854528
868120166854536
868120166854544
868120166854551
868120166854569
868120166854577
868120166854585
868120166854593
868120166854601
868120166854619
868120166854627
868120166854635
868120166854643
868120166854650
868120166854668
868120166854676
868120166854684
868120166854692
868120166854700
868120166854718
868120166854726
868120166854734
868120166854742
868120166854759
868120166854767
868120166854775
868120166854783
868120166854791
868120166854809
868120166854817
868120166854825
868120166854833
868120166854841
868120166854858
868120166854866
868120166854874
868120166854882
868120166854890
868120166854908
868120166854916
868120166854924
868120166854932
868120166854940
868120166854957
868120166854965
868120166854973
868120166854981
868120166854999
868120166855004
868120166855012
868120166855020
868120166855038
868120166855046
868120166855053
868120166855061
868120166855079
868120166855087
868120166855095
868120166855103
868120166855111
868120166855129
868120166855137
868120166855145
868120166855152
868120166855160
868120166855178
868120166855186
868120166855194
868120166855202
868120166855210
868120166855228
868120166855236
868120166855244
868120166855251
868120166855269
868120166855277
868120166855285
868120166855293
868120166855301
868120166855319
868120166855327
868120166855335
868120166855343
868120166855350
868120166855368
868120166855376
868120166855384
868120166855392
868120166855400
868120166855418
868120166855426
868120166855434
868120166855442
868120166855459
868120166855467
868120166855475
868120166855483
868120166855491
868120166855509
868120166855517
868120166855525
868120166855533
868120166855541
868120166855558
868120166855566
868120166855574
868120166855582
868120166855590
868120166855608
868120166855616
868120166855624
868120166855632
868120166855640
868120166855657
868120166855665
868120166855673
868120166855681
868120166855699
868120166855707
868120166855715
868120166855723
868120166855731
868120166855749
868120166855756
868120166855764
868120166855772
868120166855780
868120166855798
868120166855806
868120166855814
868120166855822
868120166855830
868120166855848
868120166855855
868120166855863
868120166855871
868120166855889
868120166855897
868120166855905
868120166855913
868120166855921
868120166855939
868120166855947
868120166855954
868120166855962
868120166855970
868120166855988
868120166855996
868120166856002
868120166856010
868120166856028
868120166856036
868120166856044
868120166856051
868120166856069
868120166856077
868120166856085
868120166856093
868120166856101
868120166856119
868120166856127
868120166856135
868120166856143
868120166856150
868120166856168
868120166856176
868120166856184
868120166856192
868120166856200
868120166856218
868120166856226
868120166856234
868120166856242
868120166856259
868120166856267
868120166856275
868120166856283
868120166856291
868120166856309
868120166856317
868120166856325
868120166856333
868120166856341
868120166856358
868120166856366
868120166856374
868120166856382
868120166856390
868120166856408
868120166856416
868120166856424
868120166856432
868120166856440
868120166856457
868120166856465
868120166856473
868120166856481
868120166856499
868120166856507
868120166856515
868120166856523
868120166856531
868120166856549
868120166856556
868120166856564
868120166856572
868120166856580
868120166856598
868120166856606
868120166856614
868120166856622
868120166856630
868120166856648
868120166856655
868120166856663
868120166856671
868120166856689
868120166856697
868120166856705
868120166856713
868120166856721
868120166856739
868120166856747
868120166856754
868120166856762
868120166856770
868120166856788
868120166856796
868120166856804
868120166856812
868120166856820
868120166856838
868120166856846
868120166856853
868120166856861
868120166856879
868120166856887
868120166856895
868120166856903
868120166856911
868120166856929
868120166856937
868120166856945
868120166856952
868120166856960
868120166856978
868120166856986
868120166856994
868120166857000
868120166857018
868120166857026
868120166857034
868120166857042
868120166857059
868120166857067
868120166857075
868120166857083
868120166857091
868120166857109
868120166857117
868120166857125
868120166857133
868120166857141
868120166857158
868120166857166
868120166857174
868120166857182
868120166857190
868120166857208
868120166857216
868120166857224
868120166857232
868120166857240
868120166857257
868120166857265
868120166857273
868120166857281
868120166857299
868120166857307
868120166857315
868120166857323
868120166857331
868120166857349
868120166857356
868120166857364
868120166857372
868120166857380
868120166857398
868120166857406
868120166857414
868120166857422
868120166857430
868120166857448
868120166857455
868120166857463
868120166857471
868120166857489
868120166857497
868120166857505
868120166857513
868120166857521
868120166857539
868120166857547
868120166857554
868120166857562
868120166857570
868120166857588
868120166857596
868120166857604
868120166857612
868120166857620
868120166857638
868120166857646
868120166857653
868120166857661
868120166857679
868120166857687
868120166857695
868120166857703
868120166857711
868120166857729
868120166857737
868120166857745
868120166857752
868120166857760
868120166857778
868120166857786
868120166857794
868120166857802
868120166857810
868120166857828
868120166857836
868120166857844
868120166857851
868120166857869
868120166857877
868120166857885
868120166857893
868120166857901
868120166857919
868120166857927
868120166857935
868120166857943
868120166857950
868120166857968
868120166857976
868120166857984
868120166857992
868120166858008
868120166858016
868120166858024
868120166858032
868120166858040
868120166858057
868120166858065
868120166858073
868120166858081
868120166858099
868120166858107
868120166858115
868120166858123
868120166858131
868120166858149
868120166858156
868120166858164
868120166858172
868120166858180
868120166858198
868120166858206
868120166858214
868120166858222
868120166858230
868120166858248
868120166858255
868120166858263
868120166858271
868120166858289
868120166858297
868120166858305
868120166858313
868120166858321
868120166858339
868120166858347
868120166858354
868120166858362
868120166858370
868120166858388
868120166858396
868120166858404
868120166858412
868120166858420
868120166858438
868120166858446
868120166858453
868120166858461
868120166858479
868120166858487
868120166858495
868120166858503
868120166858511
868120166858529
868120166858537
868120166858545
868120166858552
868120166858560
868120166858578
868120166858586
868120166858594
868120166858602
868120166858610
868120166858628
868120166858636
868120166858644
868120166858651
868120166858669
868120166858677
868120166858685
868120166858693
868120166858701
868120166858719
868120166858727
868120166858735
868120166858743
868120166858750
868120166858768
868120166858776
868120166858784
868120166858792
868120166858800
868120166858818
868120166858826
868120166858834
868120166858842
868120166858859
868120166858867
868120166858875
868120166858883
868120166858891
868120166858909
868120166858917
868120166858925
868120166858933
868120166858941
868120166858958
868120166858966
868120166858974
868120166858982
868120166858990
868120166859006
868120166859014
868120166859022
868120166859030
868120166859048
868120166859055
868120166859063
868120166859071
868120166859089
868120166859097
868120166859105
868120166859113
868120166859121
868120166859139
868120166859147
868120166859154
868120166859162
868120166859170
868120166859188
868120166859196
868120166859204
868120166859212
868120166859220
868120166859238
868120166859246
868120166859253
868120166859261
868120166859279
868120166859287
868120166859295
868120166859303
868120166859311
868120166859329
868120166859337