868120166809340
868120166809357
868120166809365
868120166809373
868120166809381
868120166809399
868120166809407
868120166809415
868120166809423
868120166809431
868120166809449
868120166809456
868120166809464
868120166809472
868120166809480
868120166809498
868120166809506
868120166809514
868120166809522
868120166809530
868120166809548
868120166809555
868120166809563
868120166809571
868120166809589
868120166809597
868120166809605
868120166809613
868120166809621
868120166809639
868120166809647
868120166809654
868120166809662
868120166809670
868120166809688
868120166809696
868120166809704
868120166809712
868120166809720
868120166809738
868120166809746
868120166809753
868120166809761
868120166809779
868120166809787
868120166809795
868120166809803
868120166809811
868120166809829
868120166809837
868120166809845
868120166809852
868120166809860
868120166809878
868120166809886
868120166809894
868120166809902
868120166809910
868120166809928
868120166809936
868120166809944
868120166809951
868120166809969
868120166809977
868120166809985
868120166809993
868120166810009
868120166810017
868120166810025
868120166810033
868120166810041
868120166810058
868120166810066
868120166810074
868120166810082
868120166810090
868120166810108
868120166810116
868120166810124
868120166810132
868120166810140
868120166810157
868120166810165
868120166810173
868120166810181
868120166810199
868120166810207
868120166810215
868120166810223
868120166810231
868120166810249
868120166810256
868120166810264
868120166810272
868120166810280
868120166810298
868120166810306
868120166810314
868120166810322
868120166810330
868120166810348
868120166810355
868120166810363
868120166810371
868120166810389
868120166810397
868120166810405
868120166810413
868120166810421
868120166810439
868120166810447
868120166810454
868120166810462
868120166810470
868120166810488
868120166810496
868120166810504
868120166810512
868120166810520
868120166810538
868120166810546
868120166810553
868120166810561
868120166810579
868120166810587
868120166810595
868120166810603
868120166810611
868120166810629
868120166810637
868120166810645
868120166810652
868120166810660
868120166810678
868120166810686
868120166810694
868120166810702
868120166810710
868120166810728
868120166810736
868120166810744
868120166810751
868120166810769
868120166810777
868120166810785
868120166810793
868120166810801
868120166810819
868120166810827
868120166810835
868120166810843
868120166810850
868120166810868
868120166810876
868120166810884
868120166810892
868120166810900
868120166810918
868120166810926
868120166810934
868120166810942
868120166810959
868120166810967
868120166810975
868120166810983
868120166810991
868120166811007
868120166811015
868120166811023
868120166811031
868120166811049
868120166811056
868120166811064
868120166811072
868120166811080
868120166811098
868120166811106
868120166811114
868120166811122
868120166811130
868120166811148
868120166811155
868120166811163
868120166811171
868120166811189
868120166811197
868120166811205
868120166811213
868120166811221
868120166811239
868120166811247
868120166811254
868120166811262
868120166811270
868120166811288
868120166811296
868120166811304
868120166811312
868120166811320
868120166811338
868120166811346
868120166811353
868120166811361
868120166811379
868120166811387
868120166811395
868120166811403
868120166811411
868120166811429
868120166811437
868120166811445
868120166811452
868120166811460
868120166811478
868120166811486
868120166811494
868120166811502
868120166811510
868120166811528
868120166811536
868120166811544
868120166811551
868120166811569
868120166811577
868120166811585
868120166811593
868120166811601
868120166811619
868120166811627
868120166811635
868120166811643
868120166811650
868120166811668
868120166811676
868120166811684
868120166811692
868120166811700
868120166811718
868120166811726
868120166811734
868120166811742
868120166811759
868120166811767
868120166811775
868120166811783
868120166811791
868120166811809
868120166811817
868120166811825
868120166811833
868120166811841
868120166811858
868120166811866
868120166811874
868120166811882
868120166811890
868120166811908
868120166811916
868120166811924
868120166811932
868120166811940
868120166811957
868120166811965
868120166811973
868120166811981
868120166811999
868120166812005
868120166812013
868120166812021
868120166812039
868120166812047
868120166812054
868120166812062
868120166812070
868120166812088
868120166812096
868120166812104
868120166812112
868120166812120
868120166812138
868120166812146
868120166812153
868120166812161
868120166812179
868120166812187
868120166812195
868120166812203
868120166812211
868120166812229
868120166812237
868120166812245
868120166812252
868120166812260
868120166812278
868120166812286
868120166812294
868120166812302
868120166812310
868120166812328
868120166812336
868120166812344
868120166812351
868120166812369
868120166812377
868120166812385
868120166812393
868120166812401
868120166812419
868120166812427
868120166812435
868120166812443
868120166812450
868120166812468
868120166812476
868120166812484
868120166812492
868120166812500
868120166812518
868120166812526
868120166812534
868120166812542
868120166812559
868120166812567
868120166812575
868120166812583
868120166812591
868120166812609
868120166812617
868120166812625
868120166812633
868120166812641
868120166812658
868120166812666
868120166812674
868120166812682
868120166812690
868120166812708
868120166812716
868120166812724
868120166812732
868120166812740
868120166812757
868120166812765
868120166812773
868120166812781
868120166812799
868120166812807
868120166812815
868120166812823
868120166812831
868120166812849
868120166812856
868120166812864
868120166812872
868120166812880
868120166812898
868120166812906
868120166812914
868120166812922
868120166812930
868120166812948
868120166812955
868120166812963
868120166812971
868120166812989
868120166812997
868120166813003
868120166813011
868120166813029
868120166813037
868120166813045
868120166813052
868120166813060
868120166813078
868120166813086
868120166813094
868120166813102
868120166813110
868120166813128
868120166813136
868120166813144
868120166813151
868120166813169
868120166813177
868120166813185
868120166813193
868120166813201
868120166813219
868120166813227
868120166813235
868120166813243
868120166813250
868120166813268
868120166813276
868120166813284
868120166813292
868120166813300
868120166813318
868120166813326
868120166813334
868120166813342
868120166813359
868120166813367
868120166813375
868120166813383
868120166813391
868120166813409
868120166813417
868120166813425
868120166813433
868120166813441
868120166813458
868120166813466
868120166813474
868120166813482
868120166813490
868120166813508
868120166813516
868120166813524
868120166813532
868120166813540
868120166813557
868120166813565
868120166813573
868120166813581
868120166813599
868120166813607
868120166813615
868120166813623
868120166813631
868120166813649
868120166813656
868120166813664
868120166813672
868120166813680
868120166813698
868120166813706
868120166813714
868120166813722
868120166813730
868120166813748
868120166813755
868120166813763
868120166813771
868120166813789
868120166813797
868120166813805
868120166813813
868120166813821
868120166813839
868120166813847
868120166813854
868120166813862
868120166813870
868120166813888
868120166813896
868120166813904
868120166813912
868120166813920
868120166813938
868120166813946
868120166813953
868120166813961
868120166813979
868120166813987
868120166813995
868120166814001
868120166814019
868120166814027
868120166814035
868120166814043
868120166814050
868120166814068
868120166814076
868120166814084
868120166814092
868120166814100
868120166814118
868120166814126
868120166814134
868120166814142
868120166814159
868120166814167
868120166814175
868120166814183
868120166814191
868120166814209
868120166814217
868120166814225
868120166814233
868120166814241
868120166814258
868120166814266
868120166814274
868120166814282
868120166814290
868120166814308
868120166814316
868120166814324
868120166814332
868120166814340
868120166814357
868120166814365
868120166814373
868120166814381
868120166814399
868120166814407
868120166814415
868120166814423
868120166814431
868120166814449
868120166814456
868120166814464
868120166814472
868120166814480
868120166814498
868120166814506
868120166814514
868120166814522
868120166814530
868120166814548
868120166814555
868120166814563
868120166814571
868120166814589
868120166814597
868120166814605
868120166814613
868120166814621
868120166814639
868120166814647
868120166814654
868120166814662
868120166814670
868120166814688
868120166814696
868120166814704
868120166814712
868120166814720
868120166814738
868120166814746
868120166814753
868120166814761
868120166814779
868120166814787
868120166814795
868120166814803
868120166814811
868120166814829
868120166814837
868120166814845
868120166814852
868120166814860
868120166814878
868120166814886
868120166814894
868120166814902
868120166814910
868120166814928
868120166814936
868120166814944
868120166814951
868120166814969
868120166814977
868120166814985
868120166814993
868120166815008
868120166815016
868120166815024
868120166815032
868120166815040
868120166815057
868120166815065
868120166815073
868120166815081
868120166815099
868120166815107
868120166815115
868120166815123
868120166815131
868120166815149
868120166815156
868120166815164
868120166815172
868120166815180
868120166815198
868120166815206
868120166815214
868120166815222
868120166815230
868120166815248
868120166815255
868120166815263
868120166815271
868120166815289
868120166815297
868120166815305
868120166815313
868120166815321
868120166815339
868120166815347
868120166815354
868120166815362
868120166815370
868120166815388
868120166815396
868120166815404
868120166815412
868120166815420
868120166815438
868120166815446
868120166815453
868120166815461
868120166815479
868120166815487
868120166815495
868120166815503
868120166815511
868120166815529
868120166815537
868120166815545
868120166815552
868120166815560
868120166815578
868120166815586
868120166815594
868120166815602
868120166815610
868120166815628
868120166815636
868120166815644
868120166815651
868120166815669
868120166815677
868120166815685
868120166815693
868120166815701
868120166815719
868120166815727
868120166815735
868120166815743
868120166815750
868120166815768
868120166815776
868120166815784
868120166815792
868120166815800
868120166815818
868120166815826
868120166815834
868120166815842
868120166815859
868120166815867
868120166815875
868120166815883
868120166815891
868120166815909
868120166815917
868120166815925
868120166815933
868120166815941
868120166815958
868120166815966
868120166815974
868120166815982
868120166815990
868120166816006
868120166816014
868120166816022
868120166816030
868120166816048
868120166816055
868120166816063
868120166816071
868120166816089
868120166816097
868120166816105
868120166816113
868120166816121
868120166816139
868120166816147
868120166816154
868120166816162
868120166816170
868120166816188
868120166816196
868120166816204
868120166816212
868120166816220
868120166816238
868120166816246
868120166816253
868120166816261
868120166816279
868120166816287
868120166816295
868120166816303
868120166816311
868120166816329
868120166816337
868120166816345
868120166816352
868120166816360
868120166816378
868120166816386
868120166816394
868120166816402
868120166816410
868120166816428
868120166816436
868120166816444
868120166816451
868120166816469
868120166816477
868120166816485
868120166816493
868120166816501
868120166816519
868120166816527
868120166816535
868120166816543
868120166816550
868120166816568
868120166816576
868120166816584
868120166816592
868120166816600
868120166816618
868120166816626
868120166816634
868120166816642
868120166816659
868120166816667
868120166816675
868120166816683
868120166816691
868120166816709
868120166816717
868120166816725
868120166816733
868120166816741
868120166816758
868120166816766
868120166816774
868120166816782
868120166816790
868120166816808
868120166816816
868120166816824
868120166816832
868120166816840
868120166816857
868120166816865
868120166816873
868120166816881
868120166816899
868120166816907
868120166816915
868120166816923
868120166816931
868120166816949
868120166816956
868120166816964
868120166816972
868120166816980
868120166816998
868120166817004
868120166817012
868120166817020
868120166817038
868120166817046
868120166817053
868120166817061
868120166817079
868120166817087
868120166817095
868120166817103
868120166817111
868120166817129
868120166817137
868120166817145
868120166817152
868120166817160
868120166817178
868120166817186
868120166817194
868120166817202
868120166817210
868120166817228
868120166817236
868120166817244
868120166817251
868120166817269
868120166817277
868120166817285
868120166817293
868120166817301
868120166817319
868120166817327
868120166817335
868120166817343
868120166817350
868120166817368
868120166817376
868120166817384
868120166817392
868120166817400
868120166817418
868120166817426
868120166817434
868120166817442
868120166817459
868120166817467
868120166817475
868120166817483
868120166817491
868120166817509
868120166817517
868120166817525
868120166817533
868120166817541
868120166817558
868120166817566
868120166817574
868120166817582
868120166817590
868120166817608
868120166817616
868120166817624
868120166817632
868120166817640
868120166817657
868120166817665
868120166817673
868120166817681
868120166817699
868120166817707
868120166817715
868120166817723
868120166817731
868120166817749
868120166817756
868120166817764
868120166817772
868120166817780
868120166817798
868120166817806
868120166817814
868120166817822
868120166817830
868120166817848
868120166817855
868120166817863
868120166817871
868120166817889
868120166817897
868120166817905
868120166817913
868120166817921
868120166817939
868120166817947
868120166817954
868120166817962
868120166817970
868120166817988
868120166817996
868120166818002
868120166818010
868120166818028
868120166818036
868120166818044
868120166818051
868120166818069
868120166818077
868120166818085
868120166818093
868120166818101
868120166818119
868120166818127
868120166818135
868120166818143
868120166818150
868120166818168
868120166818176
868120166818184
868120166818192
868120166818200
868120166818218
868120166818226
868120166818234
868120166818242
868120166818259
868120166818267
868120166818275
868120166818283
868120166818291
868120166818309
868120166818317
868120166818325
868120166818333
868120166818341
868120166818358
868120166818366
868120166818374
868120166818382
868120166818390
868120166818408
868120166818416
868120166818424
868120166818432
868120166818440
868120166818457
868120166818465
868120166818473
868120166818481
868120166818499
868120166818507
868120166818515
868120166818523
868120166818531
868120166818549
868120166818556
868120166818564
868120166818572
868120166818580
868120166818598
868120166818606
868120166818614
868120166818622
868120166818630
868120166818648
868120166818655
868120166818663
868120166818671
868120166818689
868120166818697
868120166818705
868120166818713
868120166818721
868120166818739
868120166818747
868120166818754
868120166818762
868120166818770
868120166818788
868120166818796
868120166818804
868120166818812
868120166818820
868120166818838
868120166818846
868120166818853
868120166818861
868120166818879
868120166818887
868120166818895
868120166818903
868120166818911
868120166818929
868120166818937
868120166818945
868120166818952
868120166818960
868120166818978
868120166818986
868120166818994
868120166819000
868120166819018
868120166819026
868120166819034
868120166819042
868120166819059
868120166819067
868120166819075
868120166819083
868120166819091
868120166819109
868120166819117
868120166819125
868120166819133
868120166819141
868120166819158
868120166819166
868120166819174
868120166819182
868120166819190
868120166819208
868120166819216
868120166819224
868120166819232
868120166819240
868120166819257
868120166819265
868120166819273
868120166819281
868120166819299
868120166819307
868120166819315
868120166819323
868120166819331
868120166819349
868120166819356
868120166819364
868120166819372
868120166819380
868120166819398
868120166819406
868120166819414
868120166819422
868120166819430
868120166819448
868120166819455
868120166819463
868120166819471
868120166819489
868120166819497
868120166819505
868120166819513
868120166819521
868120166819539
868120166819547
868120166819554
868120166819562
868120166819570
868120166819588
868120166819596
868120166819604
868120166819612
868120166819620
868120166819638
868120166819646
868120166819653
868120166819661
868120166819679
868120166819687
868120166819695
868120166819703
868120166819711
868120166819729
868120166819737
868120166819745
868120166819752
868120166819760
868120166819778
868120166819786
868120166819794
868120166819802
868120166819810
868120166819828
868120166819836
868120166819844
868120166819851
868120166819869
868120166819877
868120166819885
868120166819893
868120166819901
868120166819919
868120166819927
868120166819935
868120166819943
868120166819950
868120166819968
868120166819976
868120166819984
868120166819992
868120166820008
868120166820016
868120166820024
868120166820032
868120166820040
868120166820057
868120166820065
868120166820073
868120166820081
868120166820099
868120166820107
868120166820115
868120166820123
868120166820131
868120166820149
868120166820156
868120166820164
868120166820172
868120166820180
868120166820198
868120166820206
868120166820214
868120166820222
868120166820230
868120166820248
868120166820255
868120166820263
868120166820271
868120166820289
868120166820297
868120166820305
868120166820313
868120166820321
868120166820339
868120166820347
868120166820354
868120166820362
868120166820370
868120166820388
868120166820396
868120166820404
868120166820412
868120166820420
868120166820438
868120166820446
868120166820453
868120166820461
868120166820479
868120166820487
868120166820495
868120166820503
868120166820511
868120166820529
868120166820537
868120166820545
868120166820552
868120166820560
868120166820578
868120166820586
868120166820594
868120166820602
868120166820610
868120166820628
868120166820636
868120166820644
868120166820651
868120166820669
868120166820677
868120166820685
868120166820693
868120166820701
868120166820719
868120166820727
868120166820735
868120166820743
868120166820750
868120166820768
868120166820776
868120166820784
868120166820792
868120166820800
868120166820818
868120166820826
868120166820834
868120166820842
868120166820859
868120166820867
868120166820875
868120166820883
868120166820891
868120166820909
868120166820917
868120166820925
868120166820933
868120166820941
868120166820958
868120166820966
868120166820974
868120166820982
868120166820990
868120166821006
868120166821014
868120166821022
868120166821030
868120166821048
868120166821055
868120166821063
868120166821071
868120166821089
868120166821097
868120166821105
868120166821113
868120166821121
868120166821139
868120166821147
868120166821154
868120166821162
868120166821170
868120166821188
868120166821196
868120166821204
868120166821212
868120166821220
868120166821238
868120166821246
868120166821253
868120166821261
868120166821279
868120166821287
868120166821295
868120166821303
868120166821311
868120166821329
868120166821337
868120166821345
868120166821352
868120166821360
868120166821378
868120166821386
868120166821394
868120166821402
868120166821410
868120166821428
868120166821436
868120166821444
868120166821451
868120166821469
868120166821477
868120166821485
868120166821493
868120166821501
868120166821519
868120166821527
868120166821535
868120166821543
868120166821550
868120166821568
868120166821576
868120166821584
868120166821592
868120166821600
868120166821618
868120166821626
868120166821634
868120166821642
868120166821659
868120166821667
868120166821675
868120166821683
868120166821691
868120166821709
868120166821717
868120166821725
868120166821733
868120166821741
868120166821758
868120166821766
868120166821774
868120166821782
868120166821790
868120166821808
868120166821816
868120166821824
868120166821832
868120166821840
868120166821857
868120166821865
868120166821873
868120166821881
868120166821899
868120166821907
868120166821915
868120166821923
868120166821931
868120166821949
868120166821956
868120166821964
868120166821972
868120166821980
868120166821998
868120166822004
868120166822012
868120166822020
868120166822038
868120166822046
868120166822053
868120166822061
868120166822079
868120166822087
868120166822095
868120166822103
868120166822111
868120166822129
868120166822137
868120166822145
868120166822152
868120166822160
868120166822178
868120166822186
868120166822194
868120166822202
868120166822210
868120166822228
868120166822236
868120166822244
868120166822251
868120166822269
868120166822277
868120166822285
868120166822293
868120166822301
868120166822319
868120166822327
868120166822335
868120166822343
868120166822350
868120166822368
868120166822376
868120166822384
868120166822392
868120166822400
868120166822418
868120166822426
868120166822434
868120166822442
868120166822459
868120166822467
868120166822475
868120166822483
868120166822491
868120166822509
868120166822517
868120166822525
868120166822533
868120166822541
868120166822558
868120166822566
868120166822574
868120166822582
868120166822590
868120166822608
868120166822616
868120166822624
868120166822632
868120166822640
868120166822657
868120166822665
868120166822673
868120166822681
868120166822699
868120166822707
868120166822715
868120166822723
868120166822731
868120166822749
868120166822756
868120166822764
868120166822772
868120166822780
868120166822798
868120166822806
868120166822814
868120166822822
868120166822830
868120166822848
868120166822855
868120166822863
868120166822871
868120166822889
868120166822897
868120166822905
868120166822913
868120166822921
868120166822939
868120166822947
868120166822954
868120166822962
868120166822970
868120166822988
868120166822996
868120166823002
868120166823010
868120166823028
868120166823036
868120166823044
868120166823051
868120166823069
868120166823077
868120166823085
868120166823093
868120166823101
868120166823119
868120166823127
868120166823135
868120166823143
868120166823150
868120166823168
868120166823176
868120166823184
868120166823192
868120166823200
868120166823218
868120166823226
868120166823234
868120166823242
868120166823259
868120166823267
868120166823275
868120166823283
868120166823291
868120166823309
868120166823317
868120166823325
868120166823333
868120166823341
868120166823358
868120166823366
868120166823374
868120166823382
868120166823390
868120166823408
868120166823416
868120166823424
868120166823432
868120166823440
868120166823457
868120166823465
868120166823473
868120166823481
868120166823499
868120166823507
868120166823515
868120166823523
868120166823531
868120166823549
868120166823556
868120166823564
868120166823572
868120166823580
868120166823598
868120166823606
868120166823614
868120166823622
868120166823630
868120166823648
868120166823655
868120166823663
868120166823671
868120166823689
868120166823697
868120166823705
868120166823713
868120166823721
868120166823739
868120166823747
868120166823754
868120166823762
868120166823770
868120166823788
868120166823796
868120166823804
868120166823812
868120166823820
868120166823838
868120166823846
868120166823853
868120166823861
868120166823879
868120166823887
868120166823895
868120166823903
868120166823911
868120166823929
868120166823937
868120166823945
868120166823952
868120166823960
868120166823978
868120166823986
868120166823994
868120166824000
868120166824018
868120166824026
868120166824034
868120166824042
868120166824059
868120166824067
868120166824075
868120166824083
868120166824091
868120166824109
868120166824117
868120166824125
868120166824133
868120166824141
868120166824158
868120166824166
868120166824174
868120166824182
868120166824190
868120166824208
868120166824216
868120166824224
868120166824232
868120166824240
868120166824257
868120166824265
868120166824273
868120166824281
868120166824299
868120166824307
868120166824315
868120166824323
868120166824331
868120166824349
868120166824356
868120166824364
868120166824372
868120166824380
868120166824398
868120166824406
868120166824414
868120166824422
868120166824430
868120166824448
868120166824455
868120166824463
868120166824471
868120166824489
868120166824497
868120166824505
868120166824513
868120166824521
868120166824539
868120166824547
868120166824554
868120166824562
868120166824570
868120166824588
868120166824596
868120166824604
868120166824612
868120166824620
868120166824638
868120166824646
868120166824653
868120166824661
868120166824679
868120166824687
868120166824695
868120166824703
868120166824711
868120166824729
868120166824737
868120166824745
868120166824752
868120166824760
868120166824778
868120166824786
868120166824794
868120166824802
868120166824810
868120166824828
868120166824836
868120166824844
868120166824851
868120166824869
868120166824877
868120166824885
868120166824893
868120166824901
868120166824919
868120166824927
868120166824935
868120166824943
868120166824950
868120166824968
868120166824976
868120166824984
868120166824992
868120166825007
868120166825015
868120166825023
868120166825031
868120166825049
868120166825056
868120166825064
868120166825072
868120166825080
868120166825098
868120166825106
868120166825114
868120166825122
868120166825130
868120166825148
868120166825155
868120166825163
868120166825171
868120166825189
868120166825197
868120166825205
868120166825213
868120166825221
868120166825239
868120166825247
868120166825254
868120166825262
868120166825270
868120166825288
868120166825296
868120166825304
868120166825312
868120166825320
868120166825338
868120166825346
868120166825353
868120166825361
868120166825379
868120166825387
868120166825395
868120166825403
868120166825411
868120166825429
868120166825437
868120166825445
868120166825452
868120166825460
868120166825478
868120166825486
868120166825494
868120166825502
868120166825510
868120166825528
868120166825536
868120166825544
868120166825551
868120166825569
868120166825577
868120166825585
868120166825593
868120166825601
868120166825619
868120166825627
868120166825635
868120166825643
868120166825650
868120166825668
868120166825676
868120166825684
868120166825692
868120166825700
868120166825718
868120166825726
868120166825734
868120166825742
868120166825759
868120166825767
868120166825775
868120166825783
868120166825791
868120166825809
868120166825817
868120166825825
868120166825833
868120166825841
868120166825858
868120166825866
868120166825874
868120166825882
868120166825890
868120166825908
868120166825916
868120166825924
868120166825932
868120166825940
868120166825957
868120166825965
868120166825973
868120166825981
868120166825999
868120166826005
868120166826013
868120166826021
868120166826039
868120166826047
868120166826054
868120166826062
868120166826070
868120166826088
868120166826096
868120166826104
868120166826112
868120166826120
868120166826138
868120166826146
868120166826153
868120166826161
868120166826179
868120166826187
868120166826195
868120166826203
868120166826211
868120166826229
868120166826237
868120166826245
868120166826252
868120166826260
868120166826278
868120166826286
868120166826294
868120166826302
868120166826310
868120166826328
868120166826336
868120166826344
868120166826351
868120166826369
868120166826377
868120166826385
868120166826393
868120166826401
868120166826419
868120166826427
868120166826435
868120166826443
868120166826450
868120166826468
868120166826476
868120166826484
868120166826492
868120166826500
868120166826518
868120166826526
868120166826534
868120166826542
868120166826559
868120166826567
868120166826575
868120166826583
868120166826591
868120166826609
868120166826617
868120166826625
868120166826633
868120166826641
868120166826658
868120166826666
868120166826674
868120166826682
868120166826690
868120166826708
868120166826716
868120166826724
868120166826732
868120166826740
868120166826757
868120166826765
868120166826773
868120166826781
868120166826799
868120166826807
868120166826815
868120166826823
868120166826831
868120166826849
868120166826856
868120166826864
868120166826872
868120166826880
868120166826898
868120166826906
868120166826914
868120166826922
868120166826930
868120166826948
868120166826955
868120166826963
868120166826971
868120166826989
868120166826997
868120166827003
868120166827011
868120166827029
868120166827037
868120166827045
868120166827052
868120166827060
868120166827078
868120166827086
868120166827094
868120166827102
868120166827110
868120166827128
868120166827136
868120166827144
868120166827151
868120166827169
868120166827177
868120166827185
868120166827193
868120166827201
868120166827219
868120166827227
868120166827235
868120166827243
868120166827250
868120166827268
868120166827276
868120166827284
868120166827292
868120166827300
868120166827318
868120166827326
868120166827334
868120166827342
868120166827359
868120166827367
868120166827375
868120166827383
868120166827391
868120166827409
868120166827417
868120166827425
868120166827433
868120166827441
868120166827458
868120166827466
868120166827474
868120166827482
868120166827490
868120166827508
868120166827516
868120166827524
868120166827532
868120166827540
868120166827557
868120166827565
868120166827573
868120166827581
868120166827599
868120166827607
868120166827615
868120166827623
868120166827631
868120166827649
868120166827656
868120166827664
868120166827672
868120166827680
868120166827698
868120166827706
868120166827714
868120166827722
868120166827730
868120166827748
868120166827755
868120166827763
868120166827771
868120166827789
868120166827797
868120166827805
868120166827813
868120166827821
868120166827839
868120166827847
868120166827854
868120166827862
868120166827870
868120166827888
868120166827896
868120166827904
868120166827912
868120166827920
868120166827938
868120166827946
868120166827953
868120166827961
868120166827979
868120166827987
868120166827995
868120166828001
868120166828019
868120166828027
868120166828035
868120166828043
868120166828050
868120166828068
868120166828076
868120166828084
868120166828092
868120166828100
868120166828118
868120166828126
868120166828134
868120166828142
868120166828159
868120166828167
868120166828175
868120166828183
868120166828191
868120166828209
868120166828217
868120166828225
868120166828233
868120166828241
868120166828258
868120166828266
868120166828274
868120166828282
868120166828290
868120166828308
868120166828316
868120166828324
868120166828332
868120166828340
868120166828357
868120166828365
868120166828373
868120166828381
868120166828399
868120166828407
868120166828415
868120166828423
868120166828431
868120166828449
868120166828456
868120166828464
868120166828472
868120166828480
868120166828498
868120166828506
868120166828514
868120166828522
868120166828530
868120166828548
868120166828555
868120166828563
868120166828571
868120166828589
868120166828597
868120166828605
868120166828613
868120166828621
868120166828639
868120166828647
868120166828654
868120166828662
868120166828670
868120166828688
868120166828696
868120166828704
868120166828712
868120166828720
868120166828738
868120166828746
868120166828753
868120166828761
868120166828779
868120166828787
868120166828795
868120166828803
868120166828811
868120166828829
868120166828837
868120166828845
868120166828852
868120166828860
868120166828878
868120166828886
868120166828894
868120166828902
868120166828910
868120166828928
868120166828936
868120166828944
868120166828951
868120166828969
868120166828977
868120166828985
868120166828993
868120166829009
868120166829017
868120166829025
868120166829033
868120166829041
868120166829058
868120166829066
868120166829074
868120166829082
868120166829090
868120166829108
868120166829116
868120166829124
868120166829132
868120166829140
868120166829157
868120166829165
868120166829173
868120166829181
868120166829199
868120166829207
868120166829215
868120166829223
868120166829231
868120166829249
868120166829256
868120166829264
868120166829272
868120166829280
868120166829298
868120166829306
868120166829314
868120166829322
868120166829330
868120166829348
868120166829355
868120166829363
868120166829371
868120166829389
868120166829397
868120166829405
868120166829413
868120166829421
868120166829439
868120166829447
868120166829454
868120166829462
868120166829470
868120166829488
868120166829496
868120166829504
868120166829512
868120166829520
868120166829538
868120166829546
868120166829553
868120166829561
868120166829579
868120166829587
868120166829595
868120166829603
868120166829611
868120166829629
868120166829637
868120166829645
868120166829652
868120166829660
868120166829678
868120166829686
868120166829694
868120166829702
868120166829710
868120166829728
868120166829736
868120166829744
868120166829751
868120166829769
868120166829777
868120166829785
868120166829793
868120166829801
868120166829819
868120166829827
868120166829835
868120166829843
868120166829850
868120166829868
868120166829876
868120166829884
868120166829892
868120166829900
868120166829918
868120166829926
868120166829934
868120166829942
868120166829959
868120166829967
868120166829975
868120166829983
868120166829991
868120166830007
868120166830015
868120166830023
868120166830031
868120166830049
868120166830056
868120166830064
868120166830072
868120166830080
868120166830098
868120166830106
868120166830114
868120166830122
868120166830130
868120166830148
868120166830155
868120166830163
868120166830171
868120166830189
868120166830197
868120166830205
868120166830213
868120166830221
868120166830239
868120166830247
868120166830254
868120166830262
868120166830270
868120166830288
868120166830296
868120166830304
868120166830312
868120166830320
868120166830338
868120166830346
868120166830353
868120166830361
868120166830379
868120166830387
868120166830395
868120166830403
868120166830411
868120166830429
868120166830437
868120166830445
868120166830452
868120166830460
868120166830478
868120166830486
868120166830494
868120166830502
868120166830510
868120166830528
868120166830536
868120166830544
868120166830551
868120166830569
868120166830577
868120166830585
868120166830593
868120166830601
868120166830619
868120166830627
868120166830635
868120166830643
868120166830650
868120166830668
868120166830676
868120166830684
868120166830692
868120166830700
868120166830718
868120166830726
868120166830734
868120166830742
868120166830759
868120166830767
868120166830775
868120166830783
868120166830791
868120166830809
868120166830817
868120166830825
868120166830833
868120166830841
868120166830858
868120166830866
868120166830874
868120166830882
868120166830890
868120166830908
868120166830916
868120166830924
868120166830932
868120166830940
868120166830957
868120166830965
868120166830973
868120166830981
868120166830999
868120166831005
868120166831013
868120166831021
868120166831039
868120166831047
868120166831054
868120166831062
868120166831070
868120166831088
868120166831096
868120166831104
868120166831112
868120166831120
868120166831138
868120166831146
868120166831153
868120166831161
868120166831179
868120166831187
868120166831195
868120166831203
868120166831211
868120166831229
868120166831237
868120166831245
868120166831252
868120166831260
868120166831278
868120166831286
868120166831294
868120166831302
868120166831310
868120166831328
868120166831336
868120166831344
868120166831351
868120166831369
868120166831377
868120166831385
868120166831393
868120166831401
868120166831419
868120166831427
868120166831435
868120166831443
868120166831450
868120166831468
868120166831476
868120166831484
868120166831492
868120166831500
868120166831518
868120166831526
868120166831534
868120166831542
868120166831559
868120166831567
868120166831575
868120166831583
868120166831591
868120166831609
868120166831617
868120166831625
868120166831633
868120166831641
868120166831658
868120166831666
868120166831674
868120166831682
868120166831690
868120166831708
868120166831716
868120166831724
868120166831732
868120166831740
868120166831757
868120166831765
868120166831773
868120166831781
868120166831799
868120166831807
868120166831815
868120166831823
868120166831831
868120166831849
868120166831856
868120166831864
868120166831872
868120166831880
868120166831898
868120166831906
868120166831914
868120166831922
868120166831930
868120166831948
868120166831955
868120166831963
868120166831971
868120166831989
868120166831997
868120166832003
868120166832011
868120166832029
868120166832037
868120166832045
868120166832052
868120166832060
868120166832078
868120166832086
868120166832094
868120166832102
868120166832110
868120166832128
868120166832136
868120166832144
868120166832151
868120166832169
868120166832177
868120166832185
868120166832193
868120166832201
868120166832219
868120166832227
868120166832235
868120166832243
868120166832250
868120166832268
868120166832276
868120166832284
868120166832292
868120166832300
868120166832318
868120166832326
868120166832334
868120166832342
868120166832359
868120166832367
868120166832375
868120166832383
868120166832391
868120166832409
868120166832417
868120166832425
868120166832433
868120166832441
868120166832458
868120166832466
868120166832474
868120166832482
868120166832490
868120166832508
868120166832516
868120166832524
868120166832532
868120166832540
868120166832557
868120166832565
868120166832573
868120166832581
868120166832599
868120166832607
868120166832615
868120166832623
868120166832631
868120166832649
868120166832656
868120166832664
868120166832672
868120166832680
868120166832698
868120166832706
868120166832714
868120166832722
868120166832730
868120166832748
868120166832755
868120166832763
868120166832771
868120166832789
868120166832797
868120166832805
868120166832813
868120166832821
868120166832839
868120166832847
868120166832854
868120166832862
868120166832870
868120166832888
868120166832896
868120166832904
868120166832912
868120166832920
868120166832938
868120166832946
868120166832953
868120166832961
868120166832979
868120166832987
868120166832995
868120166833001
868120166833019
868120166833027
868120166833035
868120166833043
868120166833050
868120166833068
868120166833076
868120166833084
868120166833092
868120166833100
868120166833118
868120166833126
868120166833134
868120166833142
868120166833159
868120166833167
868120166833175
868120166833183
868120166833191
868120166833209
868120166833217
868120166833225
868120166833233
868120166833241
868120166833258
868120166833266
868120166833274
868120166833282
868120166833290
868120166833308
868120166833316
868120166833324
868120166833332
868120166833340
868120166833357
868120166833365
868120166833373
868120166833381
868120166833399
868120166833407
868120166833415
868120166833423
868120166833431
868120166833449
868120166833456
868120166833464
868120166833472
868120166833480
868120166833498
868120166833506
868120166833514
868120166833522
868120166833530
868120166833548
868120166833555
868120166833563
868120166833571
868120166833589
868120166833597
868120166833605
868120166833613
868120166833621
868120166833639
868120166833647
868120166833654
868120166833662
868120166833670
868120166833688
868120166833696
868120166833704
868120166833712
868120166833720
868120166833738
868120166833746
868120166833753
868120166833761
868120166833779
868120166833787
868120166833795
868120166833803
868120166833811
868120166833829
868120166833837
868120166833845
868120166833852
868120166833860
868120166833878
868120166833886
868120166833894
868120166833902
868120166833910
868120166833928
868120166833936
868120166833944
868120166833951
868120166833969
868120166833977
868120166833985
868120166833993
868120166834009
868120166834017
868120166834025
868120166834033
868120166834041
868120166834058
868120166834066
868120166834074
868120166834082
868120166834090
868120166834108
868120166834116
868120166834124
868120166834132
868120166834140
868120166834157
868120166834165
868120166834173
868120166834181
868120166834199
868120166834207
868120166834215
868120166834223
868120166834231
868120166834249
868120166834256
868120166834264
868120166834272
868120166834280
868120166834298
868120166834306
868120166834314
868120166834322
868120166834330