868120166884343
868120166884350
868120166884368
868120166884376
868120166884384
868120166884392
868120166884400
868120166884418
868120166884426
868120166884434
868120166884442
868120166884459
868120166884467
868120166884475
868120166884483
868120166884491
868120166884509
868120166884517
868120166884525
868120166884533
868120166884541
868120166884558
868120166884566
868120166884574
868120166884582
868120166884590
868120166884608
868120166884616
868120166884624
868120166884632
868120166884640
868120166884657
868120166884665
868120166884673
868120166884681
868120166884699
868120166884707
868120166884715
868120166884723
868120166884731
868120166884749
868120166884756
868120166884764
868120166884772
868120166884780
868120166884798
868120166884806
868120166884814
868120166884822
868120166884830
868120166884848
868120166884855
868120166884863
868120166884871
868120166884889
868120166884897
868120166884905
868120166884913
868120166884921
868120166884939
868120166884947
868120166884954
868120166884962
868120166884970
868120166884988
868120166884996
868120166885001
868120166885019
868120166885027
868120166885035
868120166885043
868120166885050
868120166885068
868120166885076
868120166885084
868120166885092
868120166885100
868120166885118
868120166885126
868120166885134
868120166885142
868120166885159
868120166885167
868120166885175
868120166885183
868120166885191
868120166885209
868120166885217
868120166885225
868120166885233
868120166885241
868120166885258
868120166885266
868120166885274
868120166885282
868120166885290
868120166885308
868120166885316
868120166885324
868120166885332
868120166885340
868120166885357
868120166885365
868120166885373
868120166885381
868120166885399
868120166885407
868120166885415
868120166885423
868120166885431
868120166885449
868120166885456
868120166885464
868120166885472
868120166885480
868120166885498
868120166885506
868120166885514
868120166885522
868120166885530
868120166885548
868120166885555
868120166885563
868120166885571
868120166885589
868120166885597
868120166885605
868120166885613
868120166885621
868120166885639
868120166885647
868120166885654
868120166885662
868120166885670
868120166885688
868120166885696
868120166885704
868120166885712
868120166885720
868120166885738
868120166885746
868120166885753
868120166885761
868120166885779
868120166885787
868120166885795
868120166885803
868120166885811
868120166885829
868120166885837
868120166885845
868120166885852
868120166885860
868120166885878
868120166885886
868120166885894
868120166885902
868120166885910
868120166885928
868120166885936
868120166885944
868120166885951
868120166885969
868120166885977
868120166885985
868120166885993
868120166886009
868120166886017
868120166886025
868120166886033
868120166886041
868120166886058
868120166886066
868120166886074
868120166886082
868120166886090
868120166886108
868120166886116
868120166886124
868120166886132
868120166886140
868120166886157
868120166886165
868120166886173
868120166886181
868120166886199
868120166886207
868120166886215
868120166886223
868120166886231
868120166886249
868120166886256
868120166886264
868120166886272
868120166886280
868120166886298
868120166886306
868120166886314
868120166886322
868120166886330
868120166886348
868120166886355
868120166886363
868120166886371
868120166886389
868120166886397
868120166886405
868120166886413
868120166886421
868120166886439
868120166886447
868120166886454
868120166886462
868120166886470
868120166886488
868120166886496
868120166886504
868120166886512
868120166886520
868120166886538
868120166886546
868120166886553
868120166886561
868120166886579
868120166886587
868120166886595
868120166886603
868120166886611
868120166886629
868120166886637
868120166886645
868120166886652
868120166886660
868120166886678
868120166886686
868120166886694
868120166886702
868120166886710
868120166886728
868120166886736
868120166886744
868120166886751
868120166886769
868120166886777
868120166886785
868120166886793
868120166886801
868120166886819
868120166886827
868120166886835
868120166886843
868120166886850
868120166886868
868120166886876
868120166886884
868120166886892
868120166886900
868120166886918
868120166886926
868120166886934
868120166886942
868120166886959
868120166886967
868120166886975
868120166886983
868120166886991
868120166887007
868120166887015
868120166887023
868120166887031
868120166887049
868120166887056
868120166887064
868120166887072
868120166887080
868120166887098
868120166887106
868120166887114
868120166887122
868120166887130
868120166887148
868120166887155
868120166887163
868120166887171
868120166887189
868120166887197
868120166887205
868120166887213
868120166887221
868120166887239
868120166887247
868120166887254
868120166887262
868120166887270
868120166887288
868120166887296
868120166887304
868120166887312
868120166887320
868120166887338
868120166887346
868120166887353
868120166887361
868120166887379
868120166887387
868120166887395
868120166887403
868120166887411
868120166887429
868120166887437
868120166887445
868120166887452
868120166887460
868120166887478
868120166887486
868120166887494
868120166887502
868120166887510
868120166887528
868120166887536
868120166887544
868120166887551
868120166887569
868120166887577
868120166887585
868120166887593
868120166887601
868120166887619
868120166887627
868120166887635
868120166887643
868120166887650
868120166887668
868120166887676
868120166887684
868120166887692
868120166887700
868120166887718
868120166887726
868120166887734
868120166887742
868120166887759
868120166887767
868120166887775
868120166887783
868120166887791
868120166887809
868120166887817
868120166887825
868120166887833
868120166887841
868120166887858
868120166887866
868120166887874
868120166887882
868120166887890
868120166887908
868120166887916
868120166887924
868120166887932
868120166887940
868120166887957
868120166887965
868120166887973
868120166887981
868120166887999
868120166888005
868120166888013
868120166888021
868120166888039
868120166888047
868120166888054
868120166888062
868120166888070
868120166888088
868120166888096
868120166888104
868120166888112
868120166888120
868120166888138
868120166888146
868120166888153
868120166888161
868120166888179
868120166888187
868120166888195
868120166888203
868120166888211
868120166888229
868120166888237
868120166888245
868120166888252
868120166888260
868120166888278
868120166888286
868120166888294
868120166888302
868120166888310
868120166888328
868120166888336
868120166888344
868120166888351
868120166888369
868120166888377
868120166888385
868120166888393
868120166888401
868120166888419
868120166888427
868120166888435
868120166888443
868120166888450
868120166888468
868120166888476
868120166888484
868120166888492
868120166888500
868120166888518
868120166888526
868120166888534
868120166888542
868120166888559
868120166888567
868120166888575
868120166888583
868120166888591
868120166888609
868120166888617
868120166888625
868120166888633
868120166888641
868120166888658
868120166888666
868120166888674
868120166888682
868120166888690
868120166888708
868120166888716
868120166888724
868120166888732
868120166888740
868120166888757
868120166888765
868120166888773
868120166888781
868120166888799
868120166888807
868120166888815
868120166888823
868120166888831
868120166888849
868120166888856
868120166888864
868120166888872
868120166888880
868120166888898
868120166888906
868120166888914
868120166888922
868120166888930
868120166888948
868120166888955
868120166888963
868120166888971
868120166888989
868120166888997
868120166889003
868120166889011
868120166889029
868120166889037
868120166889045
868120166889052
868120166889060
868120166889078
868120166889086
868120166889094
868120166889102
868120166889110
868120166889128
868120166889136
868120166889144
868120166889151
868120166889169
868120166889177
868120166889185
868120166889193
868120166889201
868120166889219
868120166889227
868120166889235
868120166889243
868120166889250
868120166889268
868120166889276
868120166889284
868120166889292
868120166889300
868120166889318
868120166889326
868120166889334
868120166889342
868120166889359
868120166889367
868120166889375
868120166889383
868120166889391
868120166889409
868120166889417
868120166889425
868120166889433
868120166889441
868120166889458
868120166889466
868120166889474
868120166889482
868120166889490
868120166889508
868120166889516
868120166889524
868120166889532
868120166889540
868120166889557
868120166889565
868120166889573
868120166889581
868120166889599
868120166889607
868120166889615
868120166889623
868120166889631
868120166889649
868120166889656
868120166889664
868120166889672
868120166889680
868120166889698
868120166889706
868120166889714
868120166889722
868120166889730
868120166889748
868120166889755
868120166889763
868120166889771
868120166889789
868120166889797
868120166889805
868120166889813
868120166889821
868120166889839
868120166889847
868120166889854
868120166889862
868120166889870
868120166889888
868120166889896
868120166889904
868120166889912
868120166889920
868120166889938
868120166889946
868120166889953
868120166889961
868120166889979
868120166889987
868120166889995
868120166890001
868120166890019
868120166890027
868120166890035
868120166890043
868120166890050
868120166890068
868120166890076
868120166890084
868120166890092
868120166890100
868120166890118
868120166890126
868120166890134
868120166890142
868120166890159
868120166890167
868120166890175
868120166890183
868120166890191
868120166890209
868120166890217
868120166890225
868120166890233
868120166890241
868120166890258
868120166890266
868120166890274
868120166890282
868120166890290
868120166890308
868120166890316
868120166890324
868120166890332
868120166890340
868120166890357
868120166890365
868120166890373
868120166890381
868120166890399
868120166890407
868120166890415
868120166890423
868120166890431
868120166890449
868120166890456
868120166890464
868120166890472
868120166890480
868120166890498
868120166890506
868120166890514
868120166890522
868120166890530
868120166890548
868120166890555
868120166890563
868120166890571
868120166890589
868120166890597
868120166890605
868120166890613
868120166890621
868120166890639
868120166890647
868120166890654
868120166890662
868120166890670
868120166890688
868120166890696
868120166890704
868120166890712
868120166890720
868120166890738
868120166890746
868120166890753
868120166890761
868120166890779
868120166890787
868120166890795
868120166890803
868120166890811
868120166890829
868120166890837
868120166890845
868120166890852
868120166890860
868120166890878
868120166890886
868120166890894
868120166890902
868120166890910
868120166890928
868120166890936
868120166890944
868120166890951
868120166890969
868120166890977
868120166890985
868120166890993
868120166891009
868120166891017
868120166891025
868120166891033
868120166891041
868120166891058
868120166891066
868120166891074
868120166891082
868120166891090
868120166891108
868120166891116
868120166891124
868120166891132
868120166891140
868120166891157
868120166891165
868120166891173
868120166891181
868120166891199
868120166891207
868120166891215
868120166891223
868120166891231
868120166891249
868120166891256
868120166891264
868120166891272
868120166891280
868120166891298
868120166891306
868120166891314
868120166891322
868120166891330
868120166891348
868120166891355
868120166891363
868120166891371
868120166891389
868120166891397
868120166891405
868120166891413
868120166891421
868120166891439
868120166891447
868120166891454
868120166891462
868120166891470
868120166891488
868120166891496
868120166891504
868120166891512
868120166891520
868120166891538
868120166891546
868120166891553
868120166891561
868120166891579
868120166891587
868120166891595
868120166891603
868120166891611
868120166891629
868120166891637
868120166891645
868120166891652
868120166891660
868120166891678
868120166891686
868120166891694
868120166891702
868120166891710
868120166891728
868120166891736
868120166891744
868120166891751
868120166891769
868120166891777
868120166891785
868120166891793
868120166891801
868120166891819
868120166891827
868120166891835
868120166891843
868120166891850
868120166891868
868120166891876
868120166891884
868120166891892
868120166891900
868120166891918
868120166891926
868120166891934
868120166891942
868120166891959
868120166891967
868120166891975
868120166891983
868120166891991
868120166892007
868120166892015
868120166892023
868120166892031
868120166892049
868120166892056
868120166892064
868120166892072
868120166892080
868120166892098
868120166892106
868120166892114
868120166892122
868120166892130
868120166892148
868120166892155
868120166892163
868120166892171
868120166892189
868120166892197
868120166892205
868120166892213
868120166892221
868120166892239
868120166892247
868120166892254
868120166892262
868120166892270
868120166892288
868120166892296
868120166892304
868120166892312
868120166892320
868120166892338
868120166892346
868120166892353
868120166892361
868120166892379
868120166892387
868120166892395
868120166892403
868120166892411
868120166892429
868120166892437
868120166892445
868120166892452
868120166892460
868120166892478
868120166892486
868120166892494
868120166892502
868120166892510
868120166892528
868120166892536
868120166892544
868120166892551
868120166892569
868120166892577
868120166892585
868120166892593
868120166892601
868120166892619
868120166892627
868120166892635
868120166892643
868120166892650
868120166892668
868120166892676
868120166892684
868120166892692
868120166892700
868120166892718
868120166892726
868120166892734
868120166892742
868120166892759
868120166892767
868120166892775
868120166892783
868120166892791
868120166892809
868120166892817
868120166892825
868120166892833
868120166892841
868120166892858
868120166892866
868120166892874
868120166892882
868120166892890
868120166892908
868120166892916
868120166892924
868120166892932
868120166892940
868120166892957
868120166892965
868120166892973
868120166892981
868120166892999
868120166893005
868120166893013
868120166893021
868120166893039
868120166893047
868120166893054
868120166893062
868120166893070
868120166893088
868120166893096
868120166893104
868120166893112
868120166893120
868120166893138
868120166893146
868120166893153
868120166893161
868120166893179
868120166893187
868120166893195
868120166893203
868120166893211
868120166893229
868120166893237
868120166893245
868120166893252
868120166893260
868120166893278
868120166893286
868120166893294
868120166893302
868120166893310
868120166893328
868120166893336
868120166893344
868120166893351
868120166893369
868120166893377
868120166893385
868120166893393
868120166893401
868120166893419
868120166893427
868120166893435
868120166893443
868120166893450
868120166893468
868120166893476
868120166893484
868120166893492
868120166893500
868120166893518
868120166893526
868120166893534
868120166893542
868120166893559
868120166893567
868120166893575
868120166893583
868120166893591
868120166893609
868120166893617
868120166893625
868120166893633
868120166893641
868120166893658
868120166893666
868120166893674
868120166893682
868120166893690
868120166893708
868120166893716
868120166893724
868120166893732
868120166893740
868120166893757
868120166893765
868120166893773
868120166893781
868120166893799
868120166893807
868120166893815
868120166893823
868120166893831
868120166893849
868120166893856
868120166893864
868120166893872
868120166893880
868120166893898
868120166893906
868120166893914
868120166893922
868120166893930
868120166893948
868120166893955
868120166893963
868120166893971
868120166893989
868120166893997
868120166894003
868120166894011
868120166894029
868120166894037
868120166894045
868120166894052
868120166894060
868120166894078
868120166894086
868120166894094
868120166894102
868120166894110
868120166894128
868120166894136
868120166894144
868120166894151
868120166894169
868120166894177
868120166894185
868120166894193
868120166894201
868120166894219
868120166894227
868120166894235
868120166894243
868120166894250
868120166894268
868120166894276
868120166894284
868120166894292
868120166894300
868120166894318
868120166894326
868120166894334
868120166894342
868120166894359
868120166894367
868120166894375
868120166894383
868120166894391
868120166894409
868120166894417
868120166894425
868120166894433
868120166894441
868120166894458
868120166894466
868120166894474
868120166894482
868120166894490
868120166894508
868120166894516
868120166894524
868120166894532
868120166894540
868120166894557
868120166894565
868120166894573
868120166894581
868120166894599
868120166894607
868120166894615
868120166894623
868120166894631
868120166894649
868120166894656
868120166894664
868120166894672
868120166894680
868120166894698
868120166894706
868120166894714
868120166894722
868120166894730
868120166894748
868120166894755
868120166894763
868120166894771
868120166894789
868120166894797
868120166894805
868120166894813
868120166894821
868120166894839
868120166894847
868120166894854
868120166894862
868120166894870
868120166894888
868120166894896
868120166894904
868120166894912
868120166894920
868120166894938
868120166894946
868120166894953
868120166894961
868120166894979
868120166894987
868120166894995
868120166895000
868120166895018
868120166895026
868120166895034
868120166895042
868120166895059
868120166895067
868120166895075
868120166895083
868120166895091
868120166895109
868120166895117
868120166895125
868120166895133
868120166895141
868120166895158
868120166895166
868120166895174
868120166895182
868120166895190
868120166895208
868120166895216
868120166895224
868120166895232
868120166895240
868120166895257
868120166895265
868120166895273
868120166895281
868120166895299
868120166895307
868120166895315
868120166895323
868120166895331
868120166895349
868120166895356
868120166895364
868120166895372
868120166895380
868120166895398
868120166895406
868120166895414
868120166895422
868120166895430
868120166895448
868120166895455
868120166895463
868120166895471
868120166895489
868120166895497
868120166895505
868120166895513
868120166895521
868120166895539
868120166895547
868120166895554
868120166895562
868120166895570
868120166895588
868120166895596
868120166895604
868120166895612
868120166895620
868120166895638
868120166895646
868120166895653
868120166895661
868120166895679
868120166895687
868120166895695
868120166895703
868120166895711
868120166895729
868120166895737
868120166895745
868120166895752
868120166895760
868120166895778
868120166895786
868120166895794
868120166895802
868120166895810
868120166895828
868120166895836
868120166895844
868120166895851
868120166895869
868120166895877
868120166895885
868120166895893
868120166895901
868120166895919
868120166895927
868120166895935
868120166895943
868120166895950
868120166895968
868120166895976
868120166895984
868120166895992
868120166896008
868120166896016
868120166896024
868120166896032
868120166896040
868120166896057
868120166896065
868120166896073
868120166896081
868120166896099
868120166896107
868120166896115
868120166896123
868120166896131
868120166896149
868120166896156
868120166896164
868120166896172
868120166896180
868120166896198
868120166896206
868120166896214
868120166896222
868120166896230
868120166896248
868120166896255
868120166896263
868120166896271
868120166896289
868120166896297
868120166896305
868120166896313
868120166896321
868120166896339
868120166896347
868120166896354
868120166896362
868120166896370
868120166896388
868120166896396
868120166896404
868120166896412
868120166896420
868120166896438
868120166896446
868120166896453
868120166896461
868120166896479
868120166896487
868120166896495
868120166896503
868120166896511
868120166896529
868120166896537
868120166896545
868120166896552
868120166896560
868120166896578
868120166896586
868120166896594
868120166896602
868120166896610
868120166896628
868120166896636
868120166896644
868120166896651
868120166896669
868120166896677
868120166896685
868120166896693
868120166896701
868120166896719
868120166896727
868120166896735
868120166896743
868120166896750
868120166896768
868120166896776
868120166896784
868120166896792
868120166896800
868120166896818
868120166896826
868120166896834
868120166896842
868120166896859
868120166896867
868120166896875
868120166896883
868120166896891
868120166896909
868120166896917
868120166896925
868120166896933
868120166896941
868120166896958
868120166896966
868120166896974
868120166896982
868120166896990
868120166897006
868120166897014
868120166897022
868120166897030
868120166897048
868120166897055
868120166897063
868120166897071
868120166897089
868120166897097
868120166897105
868120166897113
868120166897121
868120166897139
868120166897147
868120166897154
868120166897162
868120166897170
868120166897188
868120166897196
868120166897204
868120166897212
868120166897220
868120166897238
868120166897246
868120166897253
868120166897261
868120166897279
868120166897287
868120166897295
868120166897303
868120166897311
868120166897329
868120166897337
868120166897345
868120166897352
868120166897360
868120166897378
868120166897386
868120166897394
868120166897402
868120166897410
868120166897428
868120166897436
868120166897444
868120166897451
868120166897469
868120166897477
868120166897485
868120166897493
868120166897501
868120166897519
868120166897527
868120166897535
868120166897543
868120166897550
868120166897568
868120166897576
868120166897584
868120166897592
868120166897600
868120166897618
868120166897626
868120166897634
868120166897642
868120166897659
868120166897667
868120166897675
868120166897683
868120166897691
868120166897709
868120166897717
868120166897725
868120166897733
868120166897741
868120166897758
868120166897766
868120166897774
868120166897782
868120166897790
868120166897808
868120166897816
868120166897824
868120166897832
868120166897840
868120166897857
868120166897865
868120166897873
868120166897881
868120166897899
868120166897907
868120166897915
868120166897923
868120166897931
868120166897949
868120166897956
868120166897964
868120166897972
868120166897980
868120166897998
868120166898004
868120166898012
868120166898020
868120166898038
868120166898046
868120166898053
868120166898061
868120166898079
868120166898087
868120166898095
868120166898103
868120166898111
868120166898129
868120166898137
868120166898145
868120166898152
868120166898160
868120166898178
868120166898186
868120166898194
868120166898202
868120166898210
868120166898228
868120166898236
868120166898244
868120166898251
868120166898269
868120166898277
868120166898285
868120166898293
868120166898301
868120166898319
868120166898327
868120166898335
868120166898343
868120166898350
868120166898368
868120166898376
868120166898384
868120166898392
868120166898400
868120166898418
868120166898426
868120166898434
868120166898442
868120166898459
868120166898467
868120166898475
868120166898483
868120166898491
868120166898509
868120166898517
868120166898525
868120166898533
868120166898541
868120166898558
868120166898566
868120166898574
868120166898582
868120166898590
868120166898608
868120166898616
868120166898624
868120166898632
868120166898640
868120166898657
868120166898665
868120166898673
868120166898681
868120166898699
868120166898707
868120166898715
868120166898723
868120166898731
868120166898749
868120166898756
868120166898764
868120166898772
868120166898780
868120166898798
868120166898806
868120166898814
868120166898822
868120166898830
868120166898848
868120166898855
868120166898863
868120166898871
868120166898889
868120166898897
868120166898905
868120166898913
868120166898921
868120166898939
868120166898947
868120166898954
868120166898962
868120166898970
868120166898988
868120166898996
868120166899002
868120166899010
868120166899028
868120166899036
868120166899044
868120166899051
868120166899069
868120166899077
868120166899085
868120166899093
868120166899101
868120166899119
868120166899127
868120166899135
868120166899143
868120166899150
868120166899168
868120166899176
868120166899184
868120166899192
868120166899200
868120166899218
868120166899226
868120166899234
868120166899242
868120166899259
868120166899267
868120166899275
868120166899283
868120166899291
868120166899309
868120166899317
868120166899325
868120166899333
868120166899341
868120166899358
868120166899366
868120166899374
868120166899382
868120166899390
868120166899408
868120166899416
868120166899424
868120166899432
868120166899440
868120166899457
868120166899465
868120166899473
868120166899481
868120166899499
868120166899507
868120166899515
868120166899523
868120166899531
868120166899549
868120166899556
868120166899564
868120166899572
868120166899580
868120166899598
868120166899606
868120166899614
868120166899622
868120166899630
868120166899648
868120166899655
868120166899663
868120166899671
868120166899689
868120166899697
868120166899705
868120166899713
868120166899721
868120166899739
868120166899747
868120166899754
868120166899762
868120166899770
868120166899788
868120166899796
868120166899804
868120166899812
868120166899820
868120166899838
868120166899846
868120166899853
868120166899861
868120166899879
868120166899887
868120166899895
868120166899903
868120166899911
868120166899929
868120166899937
868120166899945
868120166899952
868120166899960
868120166899978
868120166899986
868120166899994
868120166900008
868120166900016
868120166900024
868120166900032
868120166900040
868120166900057
868120166900065
868120166900073
868120166900081
868120166900099
868120166900107
868120166900115
868120166900123
868120166900131
868120166900149
868120166900156
868120166900164
868120166900172
868120166900180
868120166900198
868120166900206
868120166900214
868120166900222
868120166900230
868120166900248
868120166900255
868120166900263
868120166900271
868120166900289
868120166900297
868120166900305
868120166900313
868120166900321
868120166900339
868120166900347
868120166900354
868120166900362
868120166900370
868120166900388
868120166900396
868120166900404
868120166900412
868120166900420
868120166900438
868120166900446
868120166900453
868120166900461
868120166900479
868120166900487
868120166900495
868120166900503
868120166900511
868120166900529
868120166900537
868120166900545
868120166900552
868120166900560
868120166900578
868120166900586
868120166900594
868120166900602
868120166900610
868120166900628
868120166900636
868120166900644
868120166900651
868120166900669
868120166900677
868120166900685
868120166900693
868120166900701
868120166900719
868120166900727
868120166900735
868120166900743
868120166900750
868120166900768
868120166900776
868120166900784
868120166900792
868120166900800
868120166900818
868120166900826
868120166900834
868120166900842
868120166900859
868120166900867
868120166900875
868120166900883
868120166900891
868120166900909
868120166900917
868120166900925
868120166900933
868120166900941
868120166900958
868120166900966
868120166900974
868120166900982
868120166900990
868120166901006
868120166901014
868120166901022
868120166901030
868120166901048
868120166901055
868120166901063
868120166901071
868120166901089
868120166901097
868120166901105
868120166901113
868120166901121
868120166901139
868120166901147
868120166901154
868120166901162
868120166901170
868120166901188
868120166901196
868120166901204
868120166901212
868120166901220
868120166901238
868120166901246
868120166901253
868120166901261
868120166901279
868120166901287
868120166901295
868120166901303
868120166901311
868120166901329
868120166901337
868120166901345
868120166901352
868120166901360
868120166901378
868120166901386
868120166901394
868120166901402
868120166901410
868120166901428
868120166901436
868120166901444
868120166901451
868120166901469
868120166901477
868120166901485
868120166901493
868120166901501
868120166901519
868120166901527
868120166901535
868120166901543
868120166901550
868120166901568
868120166901576
868120166901584
868120166901592
868120166901600
868120166901618
868120166901626
868120166901634
868120166901642
868120166901659
868120166901667
868120166901675
868120166901683
868120166901691
868120166901709
868120166901717
868120166901725
868120166901733
868120166901741
868120166901758
868120166901766
868120166901774
868120166901782
868120166901790
868120166901808
868120166901816
868120166901824
868120166901832
868120166901840
868120166901857
868120166901865
868120166901873
868120166901881
868120166901899
868120166901907
868120166901915
868120166901923
868120166901931
868120166901949
868120166901956
868120166901964
868120166901972
868120166901980
868120166901998
868120166902004
868120166902012
868120166902020
868120166902038
868120166902046
868120166902053
868120166902061
868120166902079
868120166902087
868120166902095
868120166902103
868120166902111
868120166902129
868120166902137
868120166902145
868120166902152
868120166902160
868120166902178
868120166902186
868120166902194
868120166902202
868120166902210
868120166902228
868120166902236
868120166902244
868120166902251
868120166902269
868120166902277
868120166902285
868120166902293
868120166902301
868120166902319
868120166902327
868120166902335
868120166902343
868120166902350
868120166902368
868120166902376
868120166902384
868120166902392
868120166902400
868120166902418
868120166902426
868120166902434
868120166902442
868120166902459
868120166902467
868120166902475
868120166902483
868120166902491
868120166902509
868120166902517
868120166902525
868120166902533
868120166902541
868120166902558
868120166902566
868120166902574
868120166902582
868120166902590
868120166902608
868120166902616
868120166902624
868120166902632
868120166902640
868120166902657
868120166902665
868120166902673
868120166902681
868120166902699
868120166902707
868120166902715
868120166902723
868120166902731
868120166902749
868120166902756
868120166902764
868120166902772
868120166902780
868120166902798
868120166902806
868120166902814
868120166902822
868120166902830
868120166902848
868120166902855
868120166902863
868120166902871
868120166902889
868120166902897
868120166902905
868120166902913
868120166902921
868120166902939
868120166902947
868120166902954
868120166902962
868120166902970
868120166902988
868120166902996
868120166903002
868120166903010
868120166903028
868120166903036
868120166903044
868120166903051
868120166903069
868120166903077
868120166903085
868120166903093
868120166903101
868120166903119
868120166903127
868120166903135
868120166903143
868120166903150
868120166903168
868120166903176
868120166903184
868120166903192
868120166903200
868120166903218
868120166903226
868120166903234
868120166903242
868120166903259
868120166903267
868120166903275
868120166903283
868120166903291
868120166903309
868120166903317
868120166903325
868120166903333
868120166903341
868120166903358
868120166903366
868120166903374
868120166903382
868120166903390
868120166903408
868120166903416
868120166903424
868120166903432
868120166903440
868120166903457
868120166903465
868120166903473
868120166903481
868120166903499
868120166903507
868120166903515
868120166903523
868120166903531
868120166903549
868120166903556
868120166903564
868120166903572
868120166903580
868120166903598
868120166903606
868120166903614
868120166903622
868120166903630
868120166903648
868120166903655
868120166903663
868120166903671
868120166903689
868120166903697
868120166903705
868120166903713
868120166903721
868120166903739
868120166903747
868120166903754
868120166903762
868120166903770
868120166903788
868120166903796
868120166903804
868120166903812
868120166903820
868120166903838
868120166903846
868120166903853
868120166903861
868120166903879
868120166903887
868120166903895
868120166903903
868120166903911
868120166903929
868120166903937
868120166903945
868120166903952
868120166903960
868120166903978
868120166903986
868120166903994
868120166904000
868120166904018
868120166904026
868120166904034
868120166904042
868120166904059
868120166904067
868120166904075
868120166904083
868120166904091
868120166904109
868120166904117
868120166904125
868120166904133
868120166904141
868120166904158
868120166904166
868120166904174
868120166904182
868120166904190
868120166904208
868120166904216
868120166904224
868120166904232
868120166904240
868120166904257
868120166904265
868120166904273
868120166904281
868120166904299
868120166904307
868120166904315
868120166904323
868120166904331
868120166904349
868120166904356
868120166904364
868120166904372
868120166904380
868120166904398
868120166904406
868120166904414
868120166904422
868120166904430
868120166904448
868120166904455
868120166904463
868120166904471
868120166904489
868120166904497
868120166904505
868120166904513
868120166904521
868120166904539
868120166904547
868120166904554
868120166904562
868120166904570
868120166904588
868120166904596
868120166904604
868120166904612
868120166904620
868120166904638
868120166904646
868120166904653
868120166904661
868120166904679
868120166904687
868120166904695
868120166904703
868120166904711
868120166904729
868120166904737
868120166904745
868120166904752
868120166904760
868120166904778
868120166904786
868120166904794
868120166904802
868120166904810
868120166904828
868120166904836
868120166904844
868120166904851
868120166904869
868120166904877
868120166904885
868120166904893
868120166904901
868120166904919
868120166904927
868120166904935
868120166904943
868120166904950
868120166904968
868120166904976
868120166904984
868120166904992
868120166905007
868120166905015
868120166905023
868120166905031
868120166905049
868120166905056
868120166905064
868120166905072
868120166905080
868120166905098
868120166905106
868120166905114
868120166905122
868120166905130
868120166905148
868120166905155
868120166905163
868120166905171
868120166905189
868120166905197
868120166905205
868120166905213
868120166905221
868120166905239
868120166905247
868120166905254
868120166905262
868120166905270
868120166905288
868120166905296
868120166905304
868120166905312
868120166905320
868120166905338
868120166905346
868120166905353
868120166905361
868120166905379
868120166905387
868120166905395
868120166905403
868120166905411
868120166905429
868120166905437
868120166905445
868120166905452
868120166905460
868120166905478
868120166905486
868120166905494
868120166905502
868120166905510
868120166905528
868120166905536
868120166905544
868120166905551
868120166905569
868120166905577
868120166905585
868120166905593
868120166905601
868120166905619
868120166905627
868120166905635
868120166905643
868120166905650
868120166905668
868120166905676
868120166905684
868120166905692
868120166905700
868120166905718
868120166905726
868120166905734
868120166905742
868120166905759
868120166905767
868120166905775
868120166905783
868120166905791
868120166905809
868120166905817
868120166905825
868120166905833
868120166905841
868120166905858
868120166905866
868120166905874
868120166905882
868120166905890
868120166905908
868120166905916
868120166905924
868120166905932
868120166905940
868120166905957
868120166905965
868120166905973
868120166905981
868120166905999
868120166906005
868120166906013
868120166906021
868120166906039
868120166906047
868120166906054
868120166906062
868120166906070
868120166906088
868120166906096
868120166906104
868120166906112
868120166906120
868120166906138
868120166906146
868120166906153
868120166906161
868120166906179
868120166906187
868120166906195
868120166906203
868120166906211
868120166906229
868120166906237
868120166906245
868120166906252
868120166906260
868120166906278
868120166906286
868120166906294
868120166906302
868120166906310
868120166906328
868120166906336
868120166906344
868120166906351
868120166906369
868120166906377
868120166906385
868120166906393
868120166906401
868120166906419
868120166906427
868120166906435
868120166906443
868120166906450
868120166906468
868120166906476
868120166906484
868120166906492
868120166906500
868120166906518
868120166906526
868120166906534
868120166906542
868120166906559
868120166906567
868120166906575
868120166906583
868120166906591
868120166906609
868120166906617
868120166906625
868120166906633
868120166906641
868120166906658
868120166906666
868120166906674
868120166906682
868120166906690
868120166906708
868120166906716
868120166906724
868120166906732
868120166906740
868120166906757
868120166906765
868120166906773
868120166906781
868120166906799
868120166906807
868120166906815
868120166906823
868120166906831
868120166906849
868120166906856
868120166906864
868120166906872
868120166906880
868120166906898
868120166906906
868120166906914
868120166906922
868120166906930
868120166906948
868120166906955
868120166906963
868120166906971
868120166906989
868120166906997
868120166907003
868120166907011
868120166907029
868120166907037
868120166907045
868120166907052
868120166907060
868120166907078
868120166907086
868120166907094
868120166907102
868120166907110
868120166907128
868120166907136
868120166907144
868120166907151
868120166907169
868120166907177
868120166907185
868120166907193
868120166907201
868120166907219
868120166907227
868120166907235
868120166907243
868120166907250
868120166907268
868120166907276
868120166907284
868120166907292
868120166907300
868120166907318
868120166907326
868120166907334
868120166907342
868120166907359
868120166907367
868120166907375
868120166907383
868120166907391
868120166907409
868120166907417
868120166907425
868120166907433
868120166907441
868120166907458
868120166907466
868120166907474
868120166907482
868120166907490
868120166907508
868120166907516
868120166907524
868120166907532
868120166907540
868120166907557
868120166907565
868120166907573
868120166907581
868120166907599
868120166907607
868120166907615
868120166907623
868120166907631
868120166907649
868120166907656
868120166907664
868120166907672
868120166907680
868120166907698
868120166907706
868120166907714
868120166907722
868120166907730
868120166907748
868120166907755
868120166907763
868120166907771
868120166907789
868120166907797
868120166907805
868120166907813
868120166907821
868120166907839
868120166907847
868120166907854
868120166907862
868120166907870
868120166907888
868120166907896
868120166907904
868120166907912
868120166907920
868120166907938
868120166907946
868120166907953
868120166907961
868120166907979
868120166907987
868120166907995
868120166908001
868120166908019
868120166908027
868120166908035
868120166908043
868120166908050
868120166908068
868120166908076
868120166908084
868120166908092
868120166908100
868120166908118
868120166908126
868120166908134
868120166908142
868120166908159
868120166908167
868120166908175
868120166908183
868120166908191
868120166908209
868120166908217
868120166908225
868120166908233
868120166908241
868120166908258
868120166908266
868120166908274
868120166908282
868120166908290
868120166908308
868120166908316
868120166908324
868120166908332
868120166908340
868120166908357
868120166908365
868120166908373
868120166908381
868120166908399
868120166908407
868120166908415
868120166908423
868120166908431
868120166908449
868120166908456
868120166908464
868120166908472
868120166908480
868120166908498
868120166908506
868120166908514
868120166908522
868120166908530
868120166908548
868120166908555
868120166908563
868120166908571
868120166908589
868120166908597
868120166908605
868120166908613
868120166908621
868120166908639
868120166908647
868120166908654
868120166908662
868120166908670
868120166908688
868120166908696
868120166908704
868120166908712
868120166908720
868120166908738
868120166908746
868120166908753
868120166908761
868120166908779
868120166908787
868120166908795
868120166908803
868120166908811
868120166908829
868120166908837
868120166908845
868120166908852
868120166908860
868120166908878
868120166908886
868120166908894
868120166908902
868120166908910
868120166908928
868120166908936
868120166908944
868120166908951
868120166908969
868120166908977
868120166908985
868120166908993
868120166909009
868120166909017
868120166909025
868120166909033
868120166909041
868120166909058
868120166909066
868120166909074
868120166909082
868120166909090
868120166909108
868120166909116
868120166909124
868120166909132
868120166909140
868120166909157
868120166909165
868120166909173
868120166909181
868120166909199
868120166909207
868120166909215
868120166909223
868120166909231
868120166909249
868120166909256
868120166909264
868120166909272
868120166909280
868120166909298
868120166909306
868120166909314
868120166909322
868120166909330