868120166934346
868120166934353
868120166934361
868120166934379
868120166934387
868120166934395
868120166934403
868120166934411
868120166934429
868120166934437
868120166934445
868120166934452
868120166934460
868120166934478
868120166934486
868120166934494
868120166934502
868120166934510
868120166934528
868120166934536
868120166934544
868120166934551
868120166934569
868120166934577
868120166934585
868120166934593
868120166934601
868120166934619
868120166934627
868120166934635
868120166934643
868120166934650
868120166934668
868120166934676
868120166934684
868120166934692
868120166934700
868120166934718
868120166934726
868120166934734
868120166934742
868120166934759
868120166934767
868120166934775
868120166934783
868120166934791
868120166934809
868120166934817
868120166934825
868120166934833
868120166934841
868120166934858
868120166934866
868120166934874
868120166934882
868120166934890
868120166934908
868120166934916
868120166934924
868120166934932
868120166934940
868120166934957
868120166934965
868120166934973
868120166934981
868120166934999
868120166935004
868120166935012
868120166935020
868120166935038
868120166935046
868120166935053
868120166935061
868120166935079
868120166935087
868120166935095
868120166935103
868120166935111
868120166935129
868120166935137
868120166935145
868120166935152
868120166935160
868120166935178
868120166935186
868120166935194
868120166935202
868120166935210
868120166935228
868120166935236
868120166935244
868120166935251
868120166935269
868120166935277
868120166935285
868120166935293
868120166935301
868120166935319
868120166935327
868120166935335
868120166935343
868120166935350
868120166935368
868120166935376
868120166935384
868120166935392
868120166935400
868120166935418
868120166935426
868120166935434
868120166935442
868120166935459
868120166935467
868120166935475
868120166935483
868120166935491
868120166935509
868120166935517
868120166935525
868120166935533
868120166935541
868120166935558
868120166935566
868120166935574
868120166935582
868120166935590
868120166935608
868120166935616
868120166935624
868120166935632
868120166935640
868120166935657
868120166935665
868120166935673
868120166935681
868120166935699
868120166935707
868120166935715
868120166935723
868120166935731
868120166935749
868120166935756
868120166935764
868120166935772
868120166935780
868120166935798
868120166935806
868120166935814
868120166935822
868120166935830
868120166935848
868120166935855
868120166935863
868120166935871
868120166935889
868120166935897
868120166935905
868120166935913
868120166935921
868120166935939
868120166935947
868120166935954
868120166935962
868120166935970
868120166935988
868120166935996
868120166936002
868120166936010
868120166936028
868120166936036
868120166936044
868120166936051
868120166936069
868120166936077
868120166936085
868120166936093
868120166936101
868120166936119
868120166936127
868120166936135
868120166936143
868120166936150
868120166936168
868120166936176
868120166936184
868120166936192
868120166936200
868120166936218
868120166936226
868120166936234
868120166936242
868120166936259
868120166936267
868120166936275
868120166936283
868120166936291
868120166936309
868120166936317
868120166936325
868120166936333
868120166936341
868120166936358
868120166936366
868120166936374
868120166936382
868120166936390
868120166936408
868120166936416
868120166936424
868120166936432
868120166936440
868120166936457
868120166936465
868120166936473
868120166936481
868120166936499
868120166936507
868120166936515
868120166936523
868120166936531
868120166936549
868120166936556
868120166936564
868120166936572
868120166936580
868120166936598
868120166936606
868120166936614
868120166936622
868120166936630
868120166936648
868120166936655
868120166936663
868120166936671
868120166936689
868120166936697
868120166936705
868120166936713
868120166936721
868120166936739
868120166936747
868120166936754
868120166936762
868120166936770
868120166936788
868120166936796
868120166936804
868120166936812
868120166936820
868120166936838
868120166936846
868120166936853
868120166936861
868120166936879
868120166936887
868120166936895
868120166936903
868120166936911
868120166936929
868120166936937
868120166936945
868120166936952
868120166936960
868120166936978
868120166936986
868120166936994
868120166937000
868120166937018
868120166937026
868120166937034
868120166937042
868120166937059
868120166937067
868120166937075
868120166937083
868120166937091
868120166937109
868120166937117
868120166937125
868120166937133
868120166937141
868120166937158
868120166937166
868120166937174
868120166937182
868120166937190
868120166937208
868120166937216
868120166937224
868120166937232
868120166937240
868120166937257
868120166937265
868120166937273
868120166937281
868120166937299
868120166937307
868120166937315
868120166937323
868120166937331
868120166937349
868120166937356
868120166937364
868120166937372
868120166937380
868120166937398
868120166937406
868120166937414
868120166937422
868120166937430
868120166937448
868120166937455
868120166937463
868120166937471
868120166937489
868120166937497
868120166937505
868120166937513
868120166937521
868120166937539
868120166937547
868120166937554
868120166937562
868120166937570
868120166937588
868120166937596
868120166937604
868120166937612
868120166937620
868120166937638
868120166937646
868120166937653
868120166937661
868120166937679
868120166937687
868120166937695
868120166937703
868120166937711
868120166937729
868120166937737
868120166937745
868120166937752
868120166937760
868120166937778
868120166937786
868120166937794
868120166937802
868120166937810
868120166937828
868120166937836
868120166937844
868120166937851
868120166937869
868120166937877
868120166937885
868120166937893
868120166937901
868120166937919
868120166937927
868120166937935
868120166937943
868120166937950
868120166937968
868120166937976
868120166937984
868120166937992
868120166938008
868120166938016
868120166938024
868120166938032
868120166938040
868120166938057
868120166938065
868120166938073
868120166938081
868120166938099
868120166938107
868120166938115
868120166938123
868120166938131
868120166938149
868120166938156
868120166938164
868120166938172
868120166938180
868120166938198
868120166938206
868120166938214
868120166938222
868120166938230
868120166938248
868120166938255
868120166938263
868120166938271
868120166938289
868120166938297
868120166938305
868120166938313
868120166938321
868120166938339
868120166938347
868120166938354
868120166938362
868120166938370
868120166938388
868120166938396
868120166938404
868120166938412
868120166938420
868120166938438
868120166938446
868120166938453
868120166938461
868120166938479
868120166938487
868120166938495
868120166938503
868120166938511
868120166938529
868120166938537
868120166938545
868120166938552
868120166938560
868120166938578
868120166938586
868120166938594
868120166938602
868120166938610
868120166938628
868120166938636
868120166938644
868120166938651
868120166938669
868120166938677
868120166938685
868120166938693
868120166938701
868120166938719
868120166938727
868120166938735
868120166938743
868120166938750
868120166938768
868120166938776
868120166938784
868120166938792
868120166938800
868120166938818
868120166938826
868120166938834
868120166938842
868120166938859
868120166938867
868120166938875
868120166938883
868120166938891
868120166938909
868120166938917
868120166938925
868120166938933
868120166938941
868120166938958
868120166938966
868120166938974
868120166938982
868120166938990
868120166939006
868120166939014
868120166939022
868120166939030
868120166939048
868120166939055
868120166939063
868120166939071
868120166939089
868120166939097
868120166939105
868120166939113
868120166939121
868120166939139
868120166939147
868120166939154
868120166939162
868120166939170
868120166939188
868120166939196
868120166939204
868120166939212
868120166939220
868120166939238
868120166939246
868120166939253
868120166939261
868120166939279
868120166939287
868120166939295
868120166939303
868120166939311
868120166939329
868120166939337
868120166939345
868120166939352
868120166939360
868120166939378
868120166939386
868120166939394
868120166939402
868120166939410
868120166939428
868120166939436
868120166939444
868120166939451
868120166939469
868120166939477
868120166939485
868120166939493
868120166939501
868120166939519
868120166939527
868120166939535
868120166939543
868120166939550
868120166939568
868120166939576
868120166939584
868120166939592
868120166939600
868120166939618
868120166939626
868120166939634
868120166939642
868120166939659
868120166939667
868120166939675
868120166939683
868120166939691
868120166939709
868120166939717
868120166939725
868120166939733
868120166939741
868120166939758
868120166939766
868120166939774
868120166939782
868120166939790
868120166939808
868120166939816
868120166939824
868120166939832
868120166939840
868120166939857
868120166939865
868120166939873
868120166939881
868120166939899
868120166939907
868120166939915
868120166939923
868120166939931
868120166939949
868120166939956
868120166939964
868120166939972
868120166939980
868120166939998
868120166940004
868120166940012
868120166940020
868120166940038
868120166940046
868120166940053
868120166940061
868120166940079
868120166940087
868120166940095
868120166940103
868120166940111
868120166940129
868120166940137
868120166940145
868120166940152
868120166940160
868120166940178
868120166940186
868120166940194
868120166940202
868120166940210
868120166940228
868120166940236
868120166940244
868120166940251
868120166940269
868120166940277
868120166940285
868120166940293
868120166940301
868120166940319
868120166940327
868120166940335
868120166940343
868120166940350
868120166940368
868120166940376
868120166940384
868120166940392
868120166940400
868120166940418
868120166940426
868120166940434
868120166940442
868120166940459
868120166940467
868120166940475
868120166940483
868120166940491
868120166940509
868120166940517
868120166940525
868120166940533
868120166940541
868120166940558
868120166940566
868120166940574
868120166940582
868120166940590
868120166940608
868120166940616
868120166940624
868120166940632
868120166940640
868120166940657
868120166940665
868120166940673
868120166940681
868120166940699
868120166940707
868120166940715
868120166940723
868120166940731
868120166940749
868120166940756
868120166940764
868120166940772
868120166940780
868120166940798
868120166940806
868120166940814
868120166940822
868120166940830
868120166940848
868120166940855
868120166940863
868120166940871
868120166940889
868120166940897
868120166940905
868120166940913
868120166940921
868120166940939
868120166940947
868120166940954
868120166940962
868120166940970
868120166940988
868120166940996
868120166941002
868120166941010
868120166941028
868120166941036
868120166941044
868120166941051
868120166941069
868120166941077
868120166941085
868120166941093
868120166941101
868120166941119
868120166941127
868120166941135
868120166941143
868120166941150
868120166941168
868120166941176
868120166941184
868120166941192
868120166941200
868120166941218
868120166941226
868120166941234
868120166941242
868120166941259
868120166941267
868120166941275
868120166941283
868120166941291
868120166941309
868120166941317
868120166941325
868120166941333
868120166941341
868120166941358
868120166941366
868120166941374
868120166941382
868120166941390
868120166941408
868120166941416
868120166941424
868120166941432
868120166941440
868120166941457
868120166941465
868120166941473
868120166941481
868120166941499
868120166941507
868120166941515
868120166941523
868120166941531
868120166941549
868120166941556
868120166941564
868120166941572
868120166941580
868120166941598
868120166941606
868120166941614
868120166941622
868120166941630
868120166941648
868120166941655
868120166941663
868120166941671
868120166941689
868120166941697
868120166941705
868120166941713
868120166941721
868120166941739
868120166941747
868120166941754
868120166941762
868120166941770
868120166941788
868120166941796
868120166941804
868120166941812
868120166941820
868120166941838
868120166941846
868120166941853
868120166941861
868120166941879
868120166941887
868120166941895
868120166941903
868120166941911
868120166941929
868120166941937
868120166941945
868120166941952
868120166941960
868120166941978
868120166941986
868120166941994
868120166942000
868120166942018
868120166942026
868120166942034
868120166942042
868120166942059
868120166942067
868120166942075
868120166942083
868120166942091
868120166942109
868120166942117
868120166942125
868120166942133
868120166942141
868120166942158
868120166942166
868120166942174
868120166942182
868120166942190
868120166942208
868120166942216
868120166942224
868120166942232
868120166942240
868120166942257
868120166942265
868120166942273
868120166942281
868120166942299
868120166942307
868120166942315
868120166942323
868120166942331
868120166942349
868120166942356
868120166942364
868120166942372
868120166942380
868120166942398
868120166942406
868120166942414
868120166942422
868120166942430
868120166942448
868120166942455
868120166942463
868120166942471
868120166942489
868120166942497
868120166942505
868120166942513
868120166942521
868120166942539
868120166942547
868120166942554
868120166942562
868120166942570
868120166942588
868120166942596
868120166942604
868120166942612
868120166942620
868120166942638
868120166942646
868120166942653
868120166942661
868120166942679
868120166942687
868120166942695
868120166942703
868120166942711
868120166942729
868120166942737
868120166942745
868120166942752
868120166942760
868120166942778
868120166942786
868120166942794
868120166942802
868120166942810
868120166942828
868120166942836
868120166942844
868120166942851
868120166942869
868120166942877
868120166942885
868120166942893
868120166942901
868120166942919
868120166942927
868120166942935
868120166942943
868120166942950
868120166942968
868120166942976
868120166942984
868120166942992
868120166943008
868120166943016
868120166943024
868120166943032
868120166943040
868120166943057
868120166943065
868120166943073
868120166943081
868120166943099
868120166943107
868120166943115
868120166943123
868120166943131
868120166943149
868120166943156
868120166943164
868120166943172
868120166943180
868120166943198
868120166943206
868120166943214
868120166943222
868120166943230
868120166943248
868120166943255
868120166943263
868120166943271
868120166943289
868120166943297
868120166943305
868120166943313
868120166943321
868120166943339
868120166943347
868120166943354
868120166943362
868120166943370
868120166943388
868120166943396
868120166943404
868120166943412
868120166943420
868120166943438
868120166943446
868120166943453
868120166943461
868120166943479
868120166943487
868120166943495
868120166943503
868120166943511
868120166943529
868120166943537
868120166943545
868120166943552
868120166943560
868120166943578
868120166943586
868120166943594
868120166943602
868120166943610
868120166943628
868120166943636
868120166943644
868120166943651
868120166943669
868120166943677
868120166943685
868120166943693
868120166943701
868120166943719
868120166943727
868120166943735
868120166943743
868120166943750
868120166943768
868120166943776
868120166943784
868120166943792
868120166943800
868120166943818
868120166943826
868120166943834
868120166943842
868120166943859
868120166943867
868120166943875
868120166943883
868120166943891
868120166943909
868120166943917
868120166943925
868120166943933
868120166943941
868120166943958
868120166943966
868120166943974
868120166943982
868120166943990
868120166944006
868120166944014
868120166944022
868120166944030
868120166944048
868120166944055
868120166944063
868120166944071
868120166944089
868120166944097
868120166944105
868120166944113
868120166944121
868120166944139
868120166944147
868120166944154
868120166944162
868120166944170
868120166944188
868120166944196
868120166944204
868120166944212
868120166944220
868120166944238
868120166944246
868120166944253
868120166944261
868120166944279
868120166944287
868120166944295
868120166944303
868120166944311
868120166944329
868120166944337
868120166944345
868120166944352
868120166944360
868120166944378
868120166944386
868120166944394
868120166944402
868120166944410
868120166944428
868120166944436
868120166944444
868120166944451
868120166944469
868120166944477
868120166944485
868120166944493
868120166944501
868120166944519
868120166944527
868120166944535
868120166944543
868120166944550
868120166944568
868120166944576
868120166944584
868120166944592
868120166944600
868120166944618
868120166944626
868120166944634
868120166944642
868120166944659
868120166944667
868120166944675
868120166944683
868120166944691
868120166944709
868120166944717
868120166944725
868120166944733
868120166944741
868120166944758
868120166944766
868120166944774
868120166944782
868120166944790
868120166944808
868120166944816
868120166944824
868120166944832
868120166944840
868120166944857
868120166944865
868120166944873
868120166944881
868120166944899
868120166944907
868120166944915
868120166944923
868120166944931
868120166944949
868120166944956
868120166944964
868120166944972
868120166944980
868120166944998
868120166945003
868120166945011
868120166945029
868120166945037
868120166945045
868120166945052
868120166945060
868120166945078
868120166945086
868120166945094
868120166945102
868120166945110
868120166945128
868120166945136
868120166945144
868120166945151
868120166945169
868120166945177
868120166945185
868120166945193
868120166945201
868120166945219
868120166945227
868120166945235
868120166945243
868120166945250
868120166945268
868120166945276
868120166945284
868120166945292
868120166945300
868120166945318
868120166945326
868120166945334
868120166945342
868120166945359
868120166945367
868120166945375
868120166945383
868120166945391
868120166945409
868120166945417
868120166945425
868120166945433
868120166945441
868120166945458
868120166945466
868120166945474
868120166945482
868120166945490
868120166945508
868120166945516
868120166945524
868120166945532
868120166945540
868120166945557
868120166945565
868120166945573
868120166945581
868120166945599
868120166945607
868120166945615
868120166945623
868120166945631
868120166945649
868120166945656
868120166945664
868120166945672
868120166945680
868120166945698
868120166945706
868120166945714
868120166945722
868120166945730
868120166945748
868120166945755
868120166945763
868120166945771
868120166945789
868120166945797
868120166945805
868120166945813
868120166945821
868120166945839
868120166945847
868120166945854
868120166945862
868120166945870
868120166945888
868120166945896
868120166945904
868120166945912
868120166945920
868120166945938
868120166945946
868120166945953
868120166945961
868120166945979
868120166945987
868120166945995
868120166946001
868120166946019
868120166946027
868120166946035
868120166946043
868120166946050
868120166946068
868120166946076
868120166946084
868120166946092
868120166946100
868120166946118
868120166946126
868120166946134
868120166946142
868120166946159
868120166946167
868120166946175
868120166946183
868120166946191
868120166946209
868120166946217
868120166946225
868120166946233
868120166946241
868120166946258
868120166946266
868120166946274
868120166946282
868120166946290
868120166946308
868120166946316
868120166946324
868120166946332
868120166946340
868120166946357
868120166946365
868120166946373
868120166946381
868120166946399
868120166946407
868120166946415
868120166946423
868120166946431
868120166946449
868120166946456
868120166946464
868120166946472
868120166946480
868120166946498
868120166946506
868120166946514
868120166946522
868120166946530
868120166946548
868120166946555
868120166946563
868120166946571
868120166946589
868120166946597
868120166946605
868120166946613
868120166946621
868120166946639
868120166946647
868120166946654
868120166946662
868120166946670
868120166946688
868120166946696
868120166946704
868120166946712
868120166946720
868120166946738
868120166946746
868120166946753
868120166946761
868120166946779
868120166946787
868120166946795
868120166946803
868120166946811
868120166946829
868120166946837
868120166946845
868120166946852
868120166946860
868120166946878
868120166946886
868120166946894
868120166946902
868120166946910
868120166946928
868120166946936
868120166946944
868120166946951
868120166946969
868120166946977
868120166946985
868120166946993
868120166947009
868120166947017
868120166947025
868120166947033
868120166947041
868120166947058
868120166947066
868120166947074
868120166947082
868120166947090
868120166947108
868120166947116
868120166947124
868120166947132
868120166947140
868120166947157
868120166947165
868120166947173
868120166947181
868120166947199
868120166947207
868120166947215
868120166947223
868120166947231
868120166947249
868120166947256
868120166947264
868120166947272
868120166947280
868120166947298
868120166947306
868120166947314
868120166947322
868120166947330
868120166947348
868120166947355
868120166947363
868120166947371
868120166947389
868120166947397
868120166947405
868120166947413
868120166947421
868120166947439
868120166947447
868120166947454
868120166947462
868120166947470
868120166947488
868120166947496
868120166947504
868120166947512
868120166947520
868120166947538
868120166947546
868120166947553
868120166947561
868120166947579
868120166947587
868120166947595
868120166947603
868120166947611
868120166947629
868120166947637
868120166947645
868120166947652
868120166947660
868120166947678
868120166947686
868120166947694
868120166947702
868120166947710
868120166947728
868120166947736
868120166947744
868120166947751
868120166947769
868120166947777
868120166947785
868120166947793
868120166947801
868120166947819
868120166947827
868120166947835
868120166947843
868120166947850
868120166947868
868120166947876
868120166947884
868120166947892
868120166947900
868120166947918
868120166947926
868120166947934
868120166947942
868120166947959
868120166947967
868120166947975
868120166947983
868120166947991
868120166948007
868120166948015
868120166948023
868120166948031
868120166948049
868120166948056
868120166948064
868120166948072
868120166948080
868120166948098
868120166948106
868120166948114
868120166948122
868120166948130
868120166948148
868120166948155
868120166948163
868120166948171
868120166948189
868120166948197
868120166948205
868120166948213
868120166948221
868120166948239
868120166948247
868120166948254
868120166948262
868120166948270
868120166948288
868120166948296
868120166948304
868120166948312
868120166948320
868120166948338
868120166948346
868120166948353
868120166948361
868120166948379
868120166948387
868120166948395
868120166948403
868120166948411
868120166948429
868120166948437
868120166948445
868120166948452
868120166948460
868120166948478
868120166948486
868120166948494
868120166948502
868120166948510
868120166948528
868120166948536
868120166948544
868120166948551
868120166948569
868120166948577
868120166948585
868120166948593
868120166948601
868120166948619
868120166948627
868120166948635
868120166948643
868120166948650
868120166948668
868120166948676
868120166948684
868120166948692
868120166948700
868120166948718
868120166948726
868120166948734
868120166948742
868120166948759
868120166948767
868120166948775
868120166948783
868120166948791
868120166948809
868120166948817
868120166948825
868120166948833
868120166948841
868120166948858
868120166948866
868120166948874
868120166948882
868120166948890
868120166948908
868120166948916
868120166948924
868120166948932
868120166948940
868120166948957
868120166948965
868120166948973
868120166948981
868120166948999
868120166949005
868120166949013
868120166949021
868120166949039
868120166949047
868120166949054
868120166949062
868120166949070
868120166949088
868120166949096
868120166949104
868120166949112
868120166949120
868120166949138
868120166949146
868120166949153
868120166949161
868120166949179
868120166949187
868120166949195
868120166949203
868120166949211
868120166949229
868120166949237
868120166949245
868120166949252
868120166949260
868120166949278
868120166949286
868120166949294
868120166949302
868120166949310
868120166949328
868120166949336
868120166949344
868120166949351
868120166949369
868120166949377
868120166949385
868120166949393
868120166949401
868120166949419
868120166949427
868120166949435
868120166949443
868120166949450
868120166949468
868120166949476
868120166949484
868120166949492
868120166949500
868120166949518
868120166949526
868120166949534
868120166949542
868120166949559
868120166949567
868120166949575
868120166949583
868120166949591
868120166949609
868120166949617
868120166949625
868120166949633
868120166949641
868120166949658
868120166949666
868120166949674
868120166949682
868120166949690
868120166949708
868120166949716
868120166949724
868120166949732
868120166949740
868120166949757
868120166949765
868120166949773
868120166949781
868120166949799
868120166949807
868120166949815
868120166949823
868120166949831
868120166949849
868120166949856
868120166949864
868120166949872
868120166949880
868120166949898
868120166949906
868120166949914
868120166949922
868120166949930
868120166949948
868120166949955
868120166949963
868120166949971
868120166949989
868120166949997
868120166950003
868120166950011
868120166950029
868120166950037
868120166950045
868120166950052
868120166950060
868120166950078
868120166950086
868120166950094
868120166950102
868120166950110
868120166950128
868120166950136
868120166950144
868120166950151
868120166950169
868120166950177
868120166950185
868120166950193
868120166950201
868120166950219
868120166950227
868120166950235
868120166950243
868120166950250
868120166950268
868120166950276
868120166950284
868120166950292
868120166950300
868120166950318
868120166950326
868120166950334
868120166950342
868120166950359
868120166950367
868120166950375
868120166950383
868120166950391
868120166950409
868120166950417
868120166950425
868120166950433
868120166950441
868120166950458
868120166950466
868120166950474
868120166950482
868120166950490
868120166950508
868120166950516
868120166950524
868120166950532
868120166950540
868120166950557
868120166950565
868120166950573
868120166950581
868120166950599
868120166950607
868120166950615
868120166950623
868120166950631
868120166950649
868120166950656
868120166950664
868120166950672
868120166950680
868120166950698
868120166950706
868120166950714
868120166950722
868120166950730
868120166950748
868120166950755
868120166950763
868120166950771
868120166950789
868120166950797
868120166950805
868120166950813
868120166950821
868120166950839
868120166950847
868120166950854
868120166950862
868120166950870
868120166950888
868120166950896
868120166950904
868120166950912
868120166950920
868120166950938
868120166950946
868120166950953
868120166950961
868120166950979
868120166950987
868120166950995
868120166951001
868120166951019
868120166951027
868120166951035
868120166951043
868120166951050
868120166951068
868120166951076
868120166951084
868120166951092
868120166951100
868120166951118
868120166951126
868120166951134
868120166951142
868120166951159
868120166951167
868120166951175
868120166951183
868120166951191
868120166951209
868120166951217
868120166951225
868120166951233
868120166951241
868120166951258
868120166951266
868120166951274
868120166951282
868120166951290
868120166951308
868120166951316
868120166951324
868120166951332
868120166951340
868120166951357
868120166951365
868120166951373
868120166951381
868120166951399
868120166951407
868120166951415
868120166951423
868120166951431
868120166951449
868120166951456
868120166951464
868120166951472
868120166951480
868120166951498
868120166951506
868120166951514
868120166951522
868120166951530
868120166951548
868120166951555
868120166951563
868120166951571
868120166951589
868120166951597
868120166951605
868120166951613
868120166951621
868120166951639
868120166951647
868120166951654
868120166951662
868120166951670
868120166951688
868120166951696
868120166951704
868120166951712
868120166951720
868120166951738
868120166951746
868120166951753
868120166951761
868120166951779
868120166951787
868120166951795
868120166951803
868120166951811
868120166951829
868120166951837
868120166951845
868120166951852
868120166951860
868120166951878
868120166951886
868120166951894
868120166951902
868120166951910
868120166951928
868120166951936
868120166951944
868120166951951
868120166951969
868120166951977
868120166951985
868120166951993
868120166952009
868120166952017
868120166952025
868120166952033
868120166952041
868120166952058
868120166952066
868120166952074
868120166952082
868120166952090
868120166952108
868120166952116
868120166952124
868120166952132
868120166952140
868120166952157
868120166952165
868120166952173
868120166952181
868120166952199
868120166952207
868120166952215
868120166952223
868120166952231
868120166952249
868120166952256
868120166952264
868120166952272
868120166952280
868120166952298
868120166952306
868120166952314
868120166952322
868120166952330
868120166952348
868120166952355
868120166952363
868120166952371
868120166952389
868120166952397
868120166952405
868120166952413
868120166952421
868120166952439
868120166952447
868120166952454
868120166952462
868120166952470
868120166952488
868120166952496
868120166952504
868120166952512
868120166952520
868120166952538
868120166952546
868120166952553
868120166952561
868120166952579
868120166952587
868120166952595
868120166952603
868120166952611
868120166952629
868120166952637
868120166952645
868120166952652
868120166952660
868120166952678
868120166952686
868120166952694
868120166952702
868120166952710
868120166952728
868120166952736
868120166952744
868120166952751
868120166952769
868120166952777
868120166952785
868120166952793
868120166952801
868120166952819
868120166952827
868120166952835
868120166952843
868120166952850
868120166952868
868120166952876
868120166952884
868120166952892
868120166952900
868120166952918
868120166952926
868120166952934
868120166952942
868120166952959
868120166952967
868120166952975
868120166952983
868120166952991
868120166953007
868120166953015
868120166953023
868120166953031
868120166953049
868120166953056
868120166953064
868120166953072
868120166953080
868120166953098
868120166953106
868120166953114
868120166953122
868120166953130
868120166953148
868120166953155
868120166953163
868120166953171
868120166953189
868120166953197
868120166953205
868120166953213
868120166953221
868120166953239
868120166953247
868120166953254
868120166953262
868120166953270
868120166953288
868120166953296
868120166953304
868120166953312
868120166953320
868120166953338
868120166953346
868120166953353
868120166953361
868120166953379
868120166953387
868120166953395
868120166953403
868120166953411
868120166953429
868120166953437
868120166953445
868120166953452
868120166953460
868120166953478
868120166953486
868120166953494
868120166953502
868120166953510
868120166953528
868120166953536
868120166953544
868120166953551
868120166953569
868120166953577
868120166953585
868120166953593
868120166953601
868120166953619
868120166953627
868120166953635
868120166953643
868120166953650
868120166953668
868120166953676
868120166953684
868120166953692
868120166953700
868120166953718
868120166953726
868120166953734
868120166953742
868120166953759
868120166953767
868120166953775
868120166953783
868120166953791
868120166953809
868120166953817
868120166953825
868120166953833
868120166953841
868120166953858
868120166953866
868120166953874
868120166953882
868120166953890
868120166953908
868120166953916
868120166953924
868120166953932
868120166953940
868120166953957
868120166953965
868120166953973
868120166953981
868120166953999
868120166954005
868120166954013
868120166954021
868120166954039
868120166954047
868120166954054
868120166954062
868120166954070
868120166954088
868120166954096
868120166954104
868120166954112
868120166954120
868120166954138
868120166954146
868120166954153
868120166954161
868120166954179
868120166954187
868120166954195
868120166954203
868120166954211
868120166954229
868120166954237
868120166954245
868120166954252
868120166954260
868120166954278
868120166954286
868120166954294
868120166954302
868120166954310
868120166954328
868120166954336
868120166954344
868120166954351
868120166954369
868120166954377
868120166954385
868120166954393
868120166954401
868120166954419
868120166954427
868120166954435
868120166954443
868120166954450
868120166954468
868120166954476
868120166954484
868120166954492
868120166954500
868120166954518
868120166954526
868120166954534
868120166954542
868120166954559
868120166954567
868120166954575
868120166954583
868120166954591
868120166954609
868120166954617
868120166954625
868120166954633
868120166954641
868120166954658
868120166954666
868120166954674
868120166954682
868120166954690
868120166954708
868120166954716
868120166954724
868120166954732
868120166954740
868120166954757
868120166954765
868120166954773
868120166954781
868120166954799
868120166954807
868120166954815
868120166954823
868120166954831
868120166954849
868120166954856
868120166954864
868120166954872
868120166954880
868120166954898
868120166954906
868120166954914
868120166954922
868120166954930
868120166954948
868120166954955
868120166954963
868120166954971
868120166954989
868120166954997
868120166955002
868120166955010
868120166955028
868120166955036
868120166955044
868120166955051
868120166955069
868120166955077
868120166955085
868120166955093
868120166955101
868120166955119
868120166955127
868120166955135
868120166955143
868120166955150
868120166955168
868120166955176
868120166955184
868120166955192
868120166955200
868120166955218
868120166955226
868120166955234
868120166955242
868120166955259
868120166955267
868120166955275
868120166955283
868120166955291
868120166955309
868120166955317
868120166955325
868120166955333
868120166955341
868120166955358
868120166955366
868120166955374
868120166955382
868120166955390
868120166955408
868120166955416
868120166955424
868120166955432
868120166955440
868120166955457
868120166955465
868120166955473
868120166955481
868120166955499
868120166955507
868120166955515
868120166955523
868120166955531
868120166955549
868120166955556
868120166955564
868120166955572
868120166955580
868120166955598
868120166955606
868120166955614
868120166955622
868120166955630
868120166955648
868120166955655
868120166955663
868120166955671
868120166955689
868120166955697
868120166955705
868120166955713
868120166955721
868120166955739
868120166955747
868120166955754
868120166955762
868120166955770
868120166955788
868120166955796
868120166955804
868120166955812
868120166955820
868120166955838
868120166955846
868120166955853
868120166955861
868120166955879
868120166955887
868120166955895
868120166955903
868120166955911
868120166955929
868120166955937
868120166955945
868120166955952
868120166955960
868120166955978
868120166955986
868120166955994
868120166956000
868120166956018
868120166956026
868120166956034
868120166956042
868120166956059
868120166956067
868120166956075
868120166956083
868120166956091
868120166956109
868120166956117
868120166956125
868120166956133
868120166956141
868120166956158
868120166956166
868120166956174
868120166956182
868120166956190
868120166956208
868120166956216
868120166956224
868120166956232
868120166956240
868120166956257
868120166956265
868120166956273
868120166956281
868120166956299
868120166956307
868120166956315
868120166956323
868120166956331
868120166956349
868120166956356
868120166956364
868120166956372
868120166956380
868120166956398
868120166956406
868120166956414
868120166956422
868120166956430
868120166956448
868120166956455
868120166956463
868120166956471
868120166956489
868120166956497
868120166956505
868120166956513
868120166956521
868120166956539
868120166956547
868120166956554
868120166956562
868120166956570
868120166956588
868120166956596
868120166956604
868120166956612
868120166956620
868120166956638
868120166956646
868120166956653
868120166956661
868120166956679
868120166956687
868120166956695
868120166956703
868120166956711
868120166956729
868120166956737
868120166956745
868120166956752
868120166956760
868120166956778
868120166956786
868120166956794
868120166956802
868120166956810
868120166956828
868120166956836
868120166956844
868120166956851
868120166956869
868120166956877
868120166956885
868120166956893
868120166956901
868120166956919
868120166956927
868120166956935
868120166956943
868120166956950
868120166956968
868120166956976
868120166956984
868120166956992
868120166957008
868120166957016
868120166957024
868120166957032
868120166957040
868120166957057
868120166957065
868120166957073
868120166957081
868120166957099
868120166957107
868120166957115
868120166957123
868120166957131
868120166957149
868120166957156
868120166957164
868120166957172
868120166957180
868120166957198
868120166957206
868120166957214
868120166957222
868120166957230
868120166957248
868120166957255
868120166957263
868120166957271
868120166957289
868120166957297
868120166957305
868120166957313
868120166957321
868120166957339
868120166957347
868120166957354
868120166957362
868120166957370
868120166957388
868120166957396
868120166957404
868120166957412
868120166957420
868120166957438
868120166957446
868120166957453
868120166957461
868120166957479
868120166957487
868120166957495
868120166957503
868120166957511
868120166957529
868120166957537
868120166957545
868120166957552
868120166957560
868120166957578
868120166957586
868120166957594
868120166957602
868120166957610
868120166957628
868120166957636
868120166957644
868120166957651
868120166957669
868120166957677
868120166957685
868120166957693
868120166957701
868120166957719
868120166957727
868120166957735
868120166957743
868120166957750
868120166957768
868120166957776
868120166957784
868120166957792
868120166957800
868120166957818
868120166957826
868120166957834
868120166957842
868120166957859
868120166957867
868120166957875
868120166957883
868120166957891
868120166957909
868120166957917
868120166957925
868120166957933
868120166957941
868120166957958
868120166957966
868120166957974
868120166957982
868120166957990
868120166958006
868120166958014
868120166958022
868120166958030
868120166958048
868120166958055
868120166958063
868120166958071
868120166958089
868120166958097
868120166958105
868120166958113
868120166958121
868120166958139
868120166958147
868120166958154
868120166958162
868120166958170
868120166958188
868120166958196
868120166958204
868120166958212
868120166958220
868120166958238
868120166958246
868120166958253
868120166958261
868120166958279
868120166958287
868120166958295
868120166958303
868120166958311
868120166958329
868120166958337
868120166958345
868120166958352
868120166958360
868120166958378
868120166958386
868120166958394
868120166958402
868120166958410
868120166958428
868120166958436
868120166958444
868120166958451
868120166958469
868120166958477
868120166958485
868120166958493
868120166958501
868120166958519
868120166958527
868120166958535
868120166958543
868120166958550
868120166958568
868120166958576
868120166958584
868120166958592
868120166958600
868120166958618
868120166958626
868120166958634
868120166958642
868120166958659
868120166958667
868120166958675
868120166958683
868120166958691
868120166958709
868120166958717
868120166958725
868120166958733
868120166958741
868120166958758
868120166958766
868120166958774
868120166958782
868120166958790
868120166958808
868120166958816
868120166958824
868120166958832
868120166958840
868120166958857
868120166958865
868120166958873
868120166958881
868120166958899
868120166958907
868120166958915
868120166958923
868120166958931
868120166958949
868120166958956
868120166958964
868120166958972
868120166958980
868120166958998
868120166959004
868120166959012
868120166959020
868120166959038
868120166959046
868120166959053
868120166959061
868120166959079
868120166959087
868120166959095
868120166959103
868120166959111
868120166959129
868120166959137
868120166959145
868120166959152
868120166959160
868120166959178
868120166959186
868120166959194
868120166959202
868120166959210
868120166959228
868120166959236
868120166959244
868120166959251
868120166959269
868120166959277
868120166959285
868120166959293
868120166959301
868120166959319
868120166959327
868120166959335