868120168959440
868120168959457
868120168959465
868120168959473
868120168959481
868120168959499
868120168959507
868120168959515
868120168959523
868120168959531
868120168959549
868120168959556
868120168959564
868120168959572
868120168959580
868120168959598
868120168959606
868120168959614
868120168959622
868120168959630
868120168959648
868120168959655
868120168959663
868120168959671
868120168959689
868120168959697
868120168959705
868120168959713
868120168959721
868120168959739
868120168959747
868120168959754
868120168959762
868120168959770
868120168959788
868120168959796
868120168959804
868120168959812
868120168959820
868120168959838
868120168959846
868120168959853
868120168959861
868120168959879
868120168959887
868120168959895
868120168959903
868120168959911
868120168959929
868120168959937
868120168959945
868120168959952
868120168959960
868120168959978
868120168959986
868120168959994
868120168960000
868120168960018
868120168960026
868120168960034
868120168960042
868120168960059
868120168960067
868120168960075
868120168960083
868120168960091
868120168960109
868120168960117
868120168960125
868120168960133
868120168960141
868120168960158
868120168960166
868120168960174
868120168960182
868120168960190
868120168960208
868120168960216
868120168960224
868120168960232
868120168960240
868120168960257
868120168960265
868120168960273
868120168960281
868120168960299
868120168960307
868120168960315
868120168960323
868120168960331
868120168960349
868120168960356
868120168960364
868120168960372
868120168960380
868120168960398
868120168960406
868120168960414
868120168960422
868120168960430
868120168960448
868120168960455
868120168960463
868120168960471
868120168960489
868120168960497
868120168960505
868120168960513
868120168960521
868120168960539
868120168960547
868120168960554
868120168960562
868120168960570
868120168960588
868120168960596
868120168960604
868120168960612
868120168960620
868120168960638
868120168960646
868120168960653
868120168960661
868120168960679
868120168960687
868120168960695
868120168960703
868120168960711
868120168960729
868120168960737
868120168960745
868120168960752
868120168960760
868120168960778
868120168960786
868120168960794
868120168960802
868120168960810
868120168960828
868120168960836
868120168960844
868120168960851
868120168960869
868120168960877
868120168960885
868120168960893
868120168960901
868120168960919
868120168960927
868120168960935
868120168960943
868120168960950
868120168960968
868120168960976
868120168960984
868120168960992
868120168961008
868120168961016
868120168961024
868120168961032
868120168961040
868120168961057
868120168961065
868120168961073
868120168961081
868120168961099
868120168961107
868120168961115
868120168961123
868120168961131
868120168961149
868120168961156
868120168961164
868120168961172
868120168961180
868120168961198
868120168961206
868120168961214
868120168961222
868120168961230
868120168961248
868120168961255
868120168961263
868120168961271
868120168961289
868120168961297
868120168961305
868120168961313
868120168961321
868120168961339
868120168961347
868120168961354
868120168961362
868120168961370
868120168961388
868120168961396
868120168961404
868120168961412
868120168961420
868120168961438
868120168961446
868120168961453
868120168961461
868120168961479
868120168961487
868120168961495
868120168961503
868120168961511
868120168961529
868120168961537
868120168961545
868120168961552
868120168961560
868120168961578
868120168961586
868120168961594
868120168961602
868120168961610
868120168961628
868120168961636
868120168961644
868120168961651
868120168961669
868120168961677
868120168961685
868120168961693
868120168961701
868120168961719
868120168961727
868120168961735
868120168961743
868120168961750
868120168961768
868120168961776
868120168961784
868120168961792
868120168961800
868120168961818
868120168961826
868120168961834
868120168961842
868120168961859
868120168961867
868120168961875
868120168961883
868120168961891
868120168961909
868120168961917
868120168961925
868120168961933
868120168961941
868120168961958
868120168961966
868120168961974
868120168961982
868120168961990
868120168962006
868120168962014
868120168962022
868120168962030
868120168962048
868120168962055
868120168962063
868120168962071
868120168962089
868120168962097
868120168962105
868120168962113
868120168962121
868120168962139
868120168962147
868120168962154
868120168962162
868120168962170
868120168962188
868120168962196
868120168962204
868120168962212
868120168962220
868120168962238
868120168962246
868120168962253
868120168962261
868120168962279
868120168962287
868120168962295
868120168962303
868120168962311
868120168962329
868120168962337
868120168962345
868120168962352
868120168962360
868120168962378
868120168962386
868120168962394
868120168962402
868120168962410
868120168962428
868120168962436
868120168962444
868120168962451
868120168962469
868120168962477
868120168962485
868120168962493
868120168962501
868120168962519
868120168962527
868120168962535
868120168962543
868120168962550
868120168962568
868120168962576
868120168962584
868120168962592
868120168962600
868120168962618
868120168962626
868120168962634
868120168962642
868120168962659
868120168962667
868120168962675
868120168962683
868120168962691
868120168962709
868120168962717
868120168962725
868120168962733
868120168962741
868120168962758
868120168962766
868120168962774
868120168962782
868120168962790
868120168962808
868120168962816
868120168962824
868120168962832
868120168962840
868120168962857
868120168962865
868120168962873
868120168962881
868120168962899
868120168962907
868120168962915
868120168962923
868120168962931
868120168962949
868120168962956
868120168962964
868120168962972
868120168962980
868120168962998
868120168963004
868120168963012
868120168963020
868120168963038
868120168963046
868120168963053
868120168963061
868120168963079
868120168963087
868120168963095
868120168963103
868120168963111
868120168963129
868120168963137
868120168963145
868120168963152
868120168963160
868120168963178
868120168963186
868120168963194
868120168963202
868120168963210
868120168963228
868120168963236
868120168963244
868120168963251
868120168963269
868120168963277
868120168963285
868120168963293
868120168963301
868120168963319
868120168963327
868120168963335
868120168963343
868120168963350
868120168963368
868120168963376
868120168963384
868120168963392
868120168963400
868120168963418
868120168963426
868120168963434
868120168963442
868120168963459
868120168963467
868120168963475
868120168963483
868120168963491
868120168963509
868120168963517
868120168963525
868120168963533
868120168963541
868120168963558
868120168963566
868120168963574
868120168963582
868120168963590
868120168963608
868120168963616
868120168963624
868120168963632
868120168963640
868120168963657
868120168963665
868120168963673
868120168963681
868120168963699
868120168963707
868120168963715
868120168963723
868120168963731
868120168963749
868120168963756
868120168963764
868120168963772
868120168963780
868120168963798
868120168963806
868120168963814
868120168963822
868120168963830
868120168963848
868120168963855
868120168963863
868120168963871
868120168963889
868120168963897
868120168963905
868120168963913
868120168963921
868120168963939
868120168963947
868120168963954
868120168963962
868120168963970
868120168963988
868120168963996
868120168964002
868120168964010
868120168964028
868120168964036
868120168964044
868120168964051
868120168964069
868120168964077
868120168964085
868120168964093
868120168964101
868120168964119
868120168964127
868120168964135
868120168964143
868120168964150
868120168964168
868120168964176
868120168964184
868120168964192
868120168964200
868120168964218
868120168964226
868120168964234
868120168964242
868120168964259
868120168964267
868120168964275
868120168964283
868120168964291
868120168964309
868120168964317
868120168964325
868120168964333
868120168964341
868120168964358
868120168964366
868120168964374
868120168964382
868120168964390
868120168964408
868120168964416
868120168964424
868120168964432
868120168964440
868120168964457
868120168964465
868120168964473
868120168964481
868120168964499
868120168964507
868120168964515
868120168964523
868120168964531
868120168964549
868120168964556
868120168964564
868120168964572
868120168964580
868120168964598
868120168964606
868120168964614
868120168964622
868120168964630
868120168964648
868120168964655
868120168964663
868120168964671
868120168964689
868120168964697
868120168964705
868120168964713
868120168964721
868120168964739
868120168964747
868120168964754
868120168964762
868120168964770
868120168964788
868120168964796
868120168964804
868120168964812
868120168964820
868120168964838
868120168964846
868120168964853
868120168964861
868120168964879
868120168964887
868120168964895
868120168964903
868120168964911
868120168964929
868120168964937
868120168964945
868120168964952
868120168964960
868120168964978
868120168964986
868120168964994
868120168965009
868120168965017
868120168965025
868120168965033
868120168965041
868120168965058
868120168965066
868120168965074
868120168965082
868120168965090
868120168965108
868120168965116
868120168965124
868120168965132
868120168965140
868120168965157
868120168965165
868120168965173
868120168965181
868120168965199
868120168965207
868120168965215
868120168965223
868120168965231
868120168965249
868120168965256
868120168965264
868120168965272
868120168965280
868120168965298
868120168965306
868120168965314
868120168965322
868120168965330
868120168965348
868120168965355
868120168965363
868120168965371
868120168965389
868120168965397
868120168965405
868120168965413
868120168965421
868120168965439
868120168965447
868120168965454
868120168965462
868120168965470
868120168965488
868120168965496
868120168965504
868120168965512
868120168965520
868120168965538
868120168965546
868120168965553
868120168965561
868120168965579
868120168965587
868120168965595
868120168965603
868120168965611
868120168965629
868120168965637
868120168965645
868120168965652
868120168965660
868120168965678
868120168965686
868120168965694
868120168965702
868120168965710
868120168965728
868120168965736
868120168965744
868120168965751
868120168965769
868120168965777
868120168965785
868120168965793
868120168965801
868120168965819
868120168965827
868120168965835
868120168965843
868120168965850
868120168965868
868120168965876
868120168965884
868120168965892
868120168965900
868120168965918
868120168965926
868120168965934
868120168965942
868120168965959
868120168965967
868120168965975
868120168965983
868120168965991
868120168966007
868120168966015
868120168966023
868120168966031
868120168966049
868120168966056
868120168966064
868120168966072
868120168966080
868120168966098
868120168966106
868120168966114
868120168966122
868120168966130
868120168966148
868120168966155
868120168966163
868120168966171
868120168966189
868120168966197
868120168966205
868120168966213
868120168966221
868120168966239
868120168966247
868120168966254
868120168966262
868120168966270
868120168966288
868120168966296
868120168966304
868120168966312
868120168966320
868120168966338
868120168966346
868120168966353
868120168966361
868120168966379
868120168966387
868120168966395
868120168966403
868120168966411
868120168966429
868120168966437
868120168966445
868120168966452
868120168966460
868120168966478
868120168966486
868120168966494
868120168966502
868120168966510
868120168966528
868120168966536
868120168966544
868120168966551
868120168966569
868120168966577
868120168966585
868120168966593
868120168966601
868120168966619
868120168966627
868120168966635
868120168966643
868120168966650
868120168966668
868120168966676
868120168966684
868120168966692
868120168966700
868120168966718
868120168966726
868120168966734
868120168966742
868120168966759
868120168966767
868120168966775
868120168966783
868120168966791
868120168966809
868120168966817
868120168966825
868120168966833
868120168966841
868120168966858
868120168966866
868120168966874
868120168966882
868120168966890
868120168966908
868120168966916
868120168966924
868120168966932
868120168966940
868120168966957
868120168966965
868120168966973
868120168966981
868120168966999
868120168967005
868120168967013
868120168967021
868120168967039
868120168967047
868120168967054
868120168967062
868120168967070
868120168967088
868120168967096
868120168967104
868120168967112
868120168967120
868120168967138
868120168967146
868120168967153
868120168967161
868120168967179
868120168967187
868120168967195
868120168967203
868120168967211
868120168967229
868120168967237
868120168967245
868120168967252
868120168967260
868120168967278
868120168967286
868120168967294
868120168967302
868120168967310
868120168967328
868120168967336
868120168967344
868120168967351
868120168967369
868120168967377
868120168967385
868120168967393
868120168967401
868120168967419
868120168967427
868120168967435
868120168967443
868120168967450
868120168967468
868120168967476
868120168967484
868120168967492
868120168967500
868120168967518
868120168967526
868120168967534
868120168967542
868120168967559
868120168967567
868120168967575
868120168967583
868120168967591
868120168967609
868120168967617
868120168967625
868120168967633
868120168967641
868120168967658
868120168967666
868120168967674
868120168967682
868120168967690
868120168967708
868120168967716
868120168967724
868120168967732
868120168967740
868120168967757
868120168967765
868120168967773
868120168967781
868120168967799
868120168967807
868120168967815
868120168967823
868120168967831
868120168967849
868120168967856
868120168967864
868120168967872
868120168967880
868120168967898
868120168967906
868120168967914
868120168967922
868120168967930
868120168967948
868120168967955
868120168967963
868120168967971
868120168967989
868120168967997
868120168968003
868120168968011
868120168968029
868120168968037
868120168968045
868120168968052
868120168968060
868120168968078
868120168968086
868120168968094
868120168968102
868120168968110
868120168968128
868120168968136
868120168968144
868120168968151
868120168968169
868120168968177
868120168968185
868120168968193
868120168968201
868120168968219
868120168968227
868120168968235
868120168968243
868120168968250
868120168968268
868120168968276
868120168968284
868120168968292
868120168968300
868120168968318
868120168968326
868120168968334
868120168968342
868120168968359
868120168968367
868120168968375
868120168968383
868120168968391
868120168968409
868120168968417
868120168968425
868120168968433
868120168968441
868120168968458
868120168968466
868120168968474
868120168968482
868120168968490
868120168968508
868120168968516
868120168968524
868120168968532
868120168968540
868120168968557
868120168968565
868120168968573
868120168968581
868120168968599
868120168968607
868120168968615
868120168968623
868120168968631
868120168968649
868120168968656
868120168968664
868120168968672
868120168968680
868120168968698
868120168968706
868120168968714
868120168968722
868120168968730
868120168968748
868120168968755
868120168968763
868120168968771
868120168968789
868120168968797
868120168968805
868120168968813
868120168968821
868120168968839
868120168968847
868120168968854
868120168968862
868120168968870
868120168968888
868120168968896
868120168968904
868120168968912
868120168968920
868120168968938
868120168968946
868120168968953
868120168968961
868120168968979
868120168968987
868120168968995
868120168969001
868120168969019
868120168969027
868120168969035
868120168969043
868120168969050
868120168969068
868120168969076
868120168969084
868120168969092
868120168969100
868120168969118
868120168969126
868120168969134
868120168969142
868120168969159
868120168969167
868120168969175
868120168969183
868120168969191
868120168969209
868120168969217
868120168969225
868120168969233
868120168969241
868120168969258
868120168969266
868120168969274
868120168969282
868120168969290
868120168969308
868120168969316
868120168969324
868120168969332
868120168969340
868120168969357
868120168969365
868120168969373
868120168969381
868120168969399
868120168969407
868120168969415
868120168969423
868120168969431
868120168969449
868120168969456
868120168969464
868120168969472
868120168969480
868120168969498
868120168969506
868120168969514
868120168969522
868120168969530
868120168969548
868120168969555
868120168969563
868120168969571
868120168969589
868120168969597
868120168969605
868120168969613
868120168969621
868120168969639
868120168969647
868120168969654
868120168969662
868120168969670
868120168969688
868120168969696
868120168969704
868120168969712
868120168969720
868120168969738
868120168969746
868120168969753
868120168969761
868120168969779
868120168969787
868120168969795
868120168969803
868120168969811
868120168969829
868120168969837
868120168969845
868120168969852
868120168969860
868120168969878
868120168969886
868120168969894
868120168969902
868120168969910
868120168969928
868120168969936
868120168969944
868120168969951
868120168969969
868120168969977
868120168969985
868120168969993
868120168970009
868120168970017
868120168970025
868120168970033
868120168970041
868120168970058
868120168970066
868120168970074
868120168970082
868120168970090
868120168970108
868120168970116
868120168970124
868120168970132
868120168970140
868120168970157
868120168970165
868120168970173
868120168970181
868120168970199
868120168970207
868120168970215
868120168970223
868120168970231
868120168970249
868120168970256
868120168970264
868120168970272
868120168970280
868120168970298
868120168970306
868120168970314
868120168970322
868120168970330
868120168970348
868120168970355
868120168970363
868120168970371
868120168970389
868120168970397
868120168970405
868120168970413
868120168970421
868120168970439
868120168970447
868120168970454
868120168970462
868120168970470
868120168970488
868120168970496
868120168970504
868120168970512
868120168970520
868120168970538
868120168970546
868120168970553
868120168970561
868120168970579
868120168970587
868120168970595
868120168970603
868120168970611
868120168970629
868120168970637
868120168970645
868120168970652
868120168970660
868120168970678
868120168970686
868120168970694
868120168970702
868120168970710
868120168970728
868120168970736
868120168970744
868120168970751
868120168970769
868120168970777
868120168970785
868120168970793
868120168970801
868120168970819
868120168970827
868120168970835
868120168970843
868120168970850
868120168970868
868120168970876
868120168970884
868120168970892
868120168970900
868120168970918
868120168970926
868120168970934
868120168970942
868120168970959
868120168970967
868120168970975
868120168970983
868120168970991
868120168971007
868120168971015
868120168971023
868120168971031
868120168971049
868120168971056
868120168971064
868120168971072
868120168971080
868120168971098
868120168971106
868120168971114
868120168971122
868120168971130
868120168971148
868120168971155
868120168971163
868120168971171
868120168971189
868120168971197
868120168971205
868120168971213
868120168971221
868120168971239
868120168971247
868120168971254
868120168971262
868120168971270
868120168971288
868120168971296
868120168971304
868120168971312
868120168971320
868120168971338
868120168971346
868120168971353
868120168971361
868120168971379
868120168971387
868120168971395
868120168971403
868120168971411
868120168971429
868120168971437
868120168971445
868120168971452
868120168971460
868120168971478
868120168971486
868120168971494
868120168971502
868120168971510
868120168971528
868120168971536
868120168971544
868120168971551
868120168971569
868120168971577
868120168971585
868120168971593
868120168971601
868120168971619
868120168971627
868120168971635
868120168971643
868120168971650
868120168971668
868120168971676
868120168971684
868120168971692
868120168971700
868120168971718
868120168971726
868120168971734
868120168971742
868120168971759
868120168971767
868120168971775
868120168971783
868120168971791
868120168971809
868120168971817
868120168971825
868120168971833
868120168971841
868120168971858
868120168971866
868120168971874
868120168971882
868120168971890
868120168971908
868120168971916
868120168971924
868120168971932
868120168971940
868120168971957
868120168971965
868120168971973
868120168971981
868120168971999
868120168972005
868120168972013
868120168972021
868120168972039
868120168972047
868120168972054
868120168972062
868120168972070
868120168972088
868120168972096
868120168972104
868120168972112
868120168972120
868120168972138
868120168972146
868120168972153
868120168972161
868120168972179
868120168972187
868120168972195
868120168972203
868120168972211
868120168972229
868120168972237
868120168972245
868120168972252
868120168972260
868120168972278
868120168972286
868120168972294
868120168972302
868120168972310
868120168972328
868120168972336
868120168972344
868120168972351
868120168972369
868120168972377
868120168972385
868120168972393
868120168972401
868120168972419
868120168972427
868120168972435
868120168972443
868120168972450
868120168972468
868120168972476
868120168972484
868120168972492
868120168972500
868120168972518
868120168972526
868120168972534
868120168972542
868120168972559
868120168972567
868120168972575
868120168972583
868120168972591
868120168972609
868120168972617
868120168972625
868120168972633
868120168972641
868120168972658
868120168972666
868120168972674
868120168972682
868120168972690
868120168972708
868120168972716
868120168972724
868120168972732
868120168972740
868120168972757
868120168972765
868120168972773
868120168972781
868120168972799
868120168972807
868120168972815
868120168972823
868120168972831
868120168972849
868120168972856
868120168972864
868120168972872
868120168972880
868120168972898
868120168972906
868120168972914
868120168972922
868120168972930
868120168972948
868120168972955
868120168972963
868120168972971
868120168972989
868120168972997
868120168973003
868120168973011
868120168973029
868120168973037
868120168973045
868120168973052
868120168973060
868120168973078
868120168973086
868120168973094
868120168973102
868120168973110
868120168973128
868120168973136
868120168973144
868120168973151
868120168973169
868120168973177
868120168973185
868120168973193
868120168973201
868120168973219
868120168973227
868120168973235
868120168973243
868120168973250
868120168973268
868120168973276
868120168973284
868120168973292
868120168973300
868120168973318
868120168973326
868120168973334
868120168973342
868120168973359
868120168973367
868120168973375
868120168973383
868120168973391
868120168973409
868120168973417
868120168973425
868120168973433
868120168973441
868120168973458
868120168973466
868120168973474
868120168973482
868120168973490
868120168973508
868120168973516
868120168973524
868120168973532
868120168973540
868120168973557
868120168973565
868120168973573
868120168973581
868120168973599
868120168973607
868120168973615
868120168973623
868120168973631
868120168973649
868120168973656
868120168973664
868120168973672
868120168973680
868120168973698
868120168973706
868120168973714
868120168973722
868120168973730
868120168973748
868120168973755
868120168973763
868120168973771
868120168973789
868120168973797
868120168973805
868120168973813
868120168973821
868120168973839
868120168973847
868120168973854
868120168973862
868120168973870
868120168973888
868120168973896
868120168973904
868120168973912
868120168973920
868120168973938
868120168973946
868120168973953
868120168973961
868120168973979
868120168973987
868120168973995
868120168974001
868120168974019
868120168974027
868120168974035
868120168974043
868120168974050
868120168974068
868120168974076
868120168974084
868120168974092
868120168974100
868120168974118
868120168974126
868120168974134
868120168974142
868120168974159
868120168974167
868120168974175
868120168974183
868120168974191
868120168974209
868120168974217
868120168974225
868120168974233
868120168974241
868120168974258
868120168974266
868120168974274
868120168974282
868120168974290
868120168974308
868120168974316
868120168974324
868120168974332
868120168974340
868120168974357
868120168974365
868120168974373
868120168974381
868120168974399
868120168974407
868120168974415
868120168974423
868120168974431