868120166488343
868120166488350
868120166488368
868120166488376
868120166488384
868120166488392
868120166488400
868120166488418
868120166488426
868120166488434
868120166488442
868120166488459
868120166488467
868120166488475
868120166488483
868120166488491
868120166488509
868120166488517
868120166488525
868120166488533
868120166488541
868120166488558
868120166488566
868120166488574
868120166488582
868120166488590
868120166488608
868120166488616
868120166488624
868120166488632
868120166488640
868120166488657
868120166488665
868120166488673
868120166488681
868120166488699
868120166488707
868120166488715
868120166488723
868120166488731
868120166488749
868120166488756
868120166488764
868120166488772
868120166488780
868120166488798
868120166488806
868120166488814
868120166488822
868120166488830
868120166488848
868120166488855
868120166488863
868120166488871
868120166488889
868120166488897
868120166488905
868120166488913
868120166488921
868120166488939
868120166488947
868120166488954
868120166488962
868120166488970
868120166488988
868120166488996
868120166489002
868120166489010
868120166489028
868120166489036
868120166489044
868120166489051
868120166489069
868120166489077
868120166489085
868120166489093
868120166489101
868120166489119
868120166489127
868120166489135
868120166489143
868120166489150
868120166489168
868120166489176
868120166489184
868120166489192
868120166489200
868120166489218
868120166489226
868120166489234
868120166489242
868120166489259
868120166489267
868120166489275
868120166489283
868120166489291
868120166489309
868120166489317
868120166489325
868120166489333
868120166489341
868120166489358
868120166489366
868120166489374
868120166489382
868120166489390
868120166489408
868120166489416
868120166489424
868120166489432
868120166489440
868120166489457
868120166489465
868120166489473
868120166489481
868120166489499
868120166489507
868120166489515
868120166489523
868120166489531
868120166489549
868120166489556
868120166489564
868120166489572
868120166489580
868120166489598
868120166489606
868120166489614
868120166489622
868120166489630
868120166489648
868120166489655
868120166489663
868120166489671
868120166489689
868120166489697
868120166489705
868120166489713
868120166489721
868120166489739
868120166489747
868120166489754
868120166489762
868120166489770
868120166489788
868120166489796
868120166489804
868120166489812
868120166489820
868120166489838
868120166489846
868120166489853
868120166489861
868120166489879
868120166489887
868120166489895
868120166489903
868120166489911
868120166489929
868120166489937
868120166489945
868120166489952
868120166489960
868120166489978
868120166489986
868120166489994
868120166490000
868120166490018
868120166490026
868120166490034
868120166490042
868120166490059
868120166490067
868120166490075
868120166490083
868120166490091
868120166490109
868120166490117
868120166490125
868120166490133
868120166490141
868120166490158
868120166490166
868120166490174
868120166490182
868120166490190
868120166490208
868120166490216
868120166490224
868120166490232
868120166490240
868120166490257
868120166490265
868120166490273
868120166490281
868120166490299
868120166490307
868120166490315
868120166490323
868120166490331
868120166490349
868120166490356
868120166490364
868120166490372
868120166490380
868120166490398
868120166490406
868120166490414
868120166490422
868120166490430
868120166490448
868120166490455
868120166490463
868120166490471
868120166490489
868120166490497
868120166490505
868120166490513
868120166490521
868120166490539
868120166490547
868120166490554
868120166490562
868120166490570
868120166490588
868120166490596
868120166490604
868120166490612
868120166490620
868120166490638
868120166490646
868120166490653
868120166490661
868120166490679
868120166490687
868120166490695
868120166490703
868120166490711
868120166490729
868120166490737
868120166490745
868120166490752
868120166490760
868120166490778
868120166490786
868120166490794
868120166490802
868120166490810
868120166490828
868120166490836
868120166490844
868120166490851
868120166490869
868120166490877
868120166490885
868120166490893
868120166490901
868120166490919
868120166490927
868120166490935
868120166490943
868120166490950
868120166490968
868120166490976
868120166490984
868120166490992
868120166491008
868120166491016
868120166491024
868120166491032
868120166491040
868120166491057
868120166491065
868120166491073
868120166491081
868120166491099
868120166491107
868120166491115
868120166491123
868120166491131
868120166491149
868120166491156
868120166491164
868120166491172
868120166491180
868120166491198
868120166491206
868120166491214
868120166491222
868120166491230
868120166491248
868120166491255
868120166491263
868120166491271
868120166491289
868120166491297
868120166491305
868120166491313
868120166491321
868120166491339
868120166491347
868120166491354
868120166491362
868120166491370
868120166491388
868120166491396
868120166491404
868120166491412
868120166491420
868120166491438
868120166491446
868120166491453
868120166491461
868120166491479
868120166491487
868120166491495
868120166491503
868120166491511
868120166491529
868120166491537
868120166491545
868120166491552
868120166491560
868120166491578
868120166491586
868120166491594
868120166491602
868120166491610
868120166491628
868120166491636
868120166491644
868120166491651
868120166491669
868120166491677
868120166491685
868120166491693
868120166491701
868120166491719
868120166491727
868120166491735
868120166491743
868120166491750
868120166491768
868120166491776
868120166491784
868120166491792
868120166491800
868120166491818
868120166491826
868120166491834
868120166491842
868120166491859
868120166491867
868120166491875
868120166491883
868120166491891
868120166491909
868120166491917
868120166491925
868120166491933
868120166491941
868120166491958
868120166491966
868120166491974
868120166491982
868120166491990
868120166492006
868120166492014
868120166492022
868120166492030
868120166492048
868120166492055
868120166492063
868120166492071
868120166492089
868120166492097
868120166492105
868120166492113
868120166492121
868120166492139
868120166492147
868120166492154
868120166492162
868120166492170
868120166492188
868120166492196
868120166492204
868120166492212
868120166492220
868120166492238
868120166492246
868120166492253
868120166492261
868120166492279
868120166492287
868120166492295
868120166492303
868120166492311
868120166492329
868120166492337
868120166492345
868120166492352
868120166492360
868120166492378
868120166492386
868120166492394
868120166492402
868120166492410
868120166492428
868120166492436
868120166492444
868120166492451
868120166492469
868120166492477
868120166492485
868120166492493
868120166492501
868120166492519
868120166492527
868120166492535
868120166492543
868120166492550
868120166492568
868120166492576
868120166492584
868120166492592
868120166492600
868120166492618
868120166492626
868120166492634
868120166492642
868120166492659
868120166492667
868120166492675
868120166492683
868120166492691
868120166492709
868120166492717
868120166492725
868120166492733
868120166492741
868120166492758
868120166492766
868120166492774
868120166492782
868120166492790
868120166492808
868120166492816
868120166492824
868120166492832
868120166492840
868120166492857
868120166492865
868120166492873
868120166492881
868120166492899
868120166492907
868120166492915
868120166492923
868120166492931
868120166492949
868120166492956
868120166492964
868120166492972
868120166492980
868120166492998
868120166493004
868120166493012
868120166493020
868120166493038
868120166493046
868120166493053
868120166493061
868120166493079
868120166493087
868120166493095
868120166493103
868120166493111
868120166493129
868120166493137
868120166493145
868120166493152
868120166493160
868120166493178
868120166493186
868120166493194
868120166493202
868120166493210
868120166493228
868120166493236
868120166493244
868120166493251
868120166493269
868120166493277
868120166493285
868120166493293
868120166493301
868120166493319
868120166493327
868120166493335
868120166493343
868120166493350
868120166493368
868120166493376
868120166493384
868120166493392
868120166493400
868120166493418
868120166493426
868120166493434
868120166493442
868120166493459
868120166493467
868120166493475
868120166493483
868120166493491
868120166493509
868120166493517
868120166493525
868120166493533
868120166493541
868120166493558
868120166493566
868120166493574
868120166493582
868120166493590
868120166493608
868120166493616
868120166493624
868120166493632
868120166493640
868120166493657
868120166493665
868120166493673
868120166493681
868120166493699
868120166493707
868120166493715
868120166493723
868120166493731
868120166493749
868120166493756
868120166493764
868120166493772
868120166493780
868120166493798
868120166493806
868120166493814
868120166493822
868120166493830
868120166493848
868120166493855
868120166493863
868120166493871
868120166493889
868120166493897
868120166493905
868120166493913
868120166493921
868120166493939
868120166493947
868120166493954
868120166493962
868120166493970
868120166493988
868120166493996
868120166494002
868120166494010
868120166494028
868120166494036
868120166494044
868120166494051
868120166494069
868120166494077
868120166494085
868120166494093
868120166494101
868120166494119
868120166494127
868120166494135
868120166494143
868120166494150
868120166494168
868120166494176
868120166494184
868120166494192
868120166494200
868120166494218
868120166494226
868120166494234
868120166494242
868120166494259
868120166494267
868120166494275
868120166494283
868120166494291
868120166494309
868120166494317
868120166494325
868120166494333
868120166494341
868120166494358
868120166494366
868120166494374
868120166494382
868120166494390
868120166494408
868120166494416
868120166494424
868120166494432
868120166494440
868120166494457
868120166494465
868120166494473
868120166494481
868120166494499
868120166494507
868120166494515
868120166494523
868120166494531
868120166494549
868120166494556
868120166494564
868120166494572
868120166494580
868120166494598
868120166494606
868120166494614
868120166494622
868120166494630
868120166494648
868120166494655
868120166494663
868120166494671
868120166494689
868120166494697
868120166494705
868120166494713
868120166494721
868120166494739
868120166494747
868120166494754
868120166494762
868120166494770
868120166494788
868120166494796
868120166494804
868120166494812
868120166494820
868120166494838
868120166494846
868120166494853
868120166494861
868120166494879
868120166494887
868120166494895
868120166494903
868120166494911
868120166494929
868120166494937
868120166494945
868120166494952
868120166494960
868120166494978
868120166494986
868120166494994
868120166495009
868120166495017
868120166495025
868120166495033
868120166495041
868120166495058
868120166495066
868120166495074
868120166495082
868120166495090
868120166495108
868120166495116
868120166495124
868120166495132
868120166495140
868120166495157
868120166495165
868120166495173
868120166495181
868120166495199
868120166495207
868120166495215
868120166495223
868120166495231
868120166495249
868120166495256
868120166495264
868120166495272
868120166495280
868120166495298
868120166495306
868120166495314
868120166495322
868120166495330
868120166495348
868120166495355
868120166495363
868120166495371
868120166495389
868120166495397
868120166495405
868120166495413
868120166495421
868120166495439
868120166495447
868120166495454
868120166495462
868120166495470
868120166495488
868120166495496
868120166495504
868120166495512
868120166495520
868120166495538
868120166495546
868120166495553
868120166495561
868120166495579
868120166495587
868120166495595
868120166495603
868120166495611
868120166495629
868120166495637
868120166495645
868120166495652
868120166495660
868120166495678
868120166495686
868120166495694
868120166495702
868120166495710
868120166495728
868120166495736
868120166495744
868120166495751
868120166495769
868120166495777
868120166495785
868120166495793
868120166495801
868120166495819
868120166495827
868120166495835
868120166495843
868120166495850
868120166495868
868120166495876
868120166495884
868120166495892
868120166495900
868120166495918
868120166495926
868120166495934
868120166495942
868120166495959
868120166495967
868120166495975
868120166495983
868120166495991
868120166496007
868120166496015
868120166496023
868120166496031
868120166496049
868120166496056
868120166496064
868120166496072
868120166496080
868120166496098
868120166496106
868120166496114
868120166496122
868120166496130
868120166496148
868120166496155
868120166496163
868120166496171
868120166496189
868120166496197
868120166496205
868120166496213
868120166496221
868120166496239
868120166496247
868120166496254
868120166496262
868120166496270
868120166496288
868120166496296
868120166496304
868120166496312
868120166496320
868120166496338
868120166496346
868120166496353
868120166496361
868120166496379
868120166496387
868120166496395
868120166496403
868120166496411
868120166496429
868120166496437
868120166496445
868120166496452
868120166496460
868120166496478
868120166496486
868120166496494
868120166496502
868120166496510
868120166496528
868120166496536
868120166496544
868120166496551
868120166496569
868120166496577
868120166496585
868120166496593
868120166496601
868120166496619
868120166496627
868120166496635
868120166496643
868120166496650
868120166496668
868120166496676
868120166496684
868120166496692
868120166496700
868120166496718
868120166496726
868120166496734
868120166496742
868120166496759
868120166496767
868120166496775
868120166496783
868120166496791
868120166496809
868120166496817
868120166496825
868120166496833
868120166496841
868120166496858
868120166496866
868120166496874
868120166496882
868120166496890
868120166496908
868120166496916
868120166496924
868120166496932
868120166496940
868120166496957
868120166496965
868120166496973
868120166496981
868120166496999
868120166497005
868120166497013
868120166497021
868120166497039
868120166497047
868120166497054
868120166497062
868120166497070
868120166497088
868120166497096
868120166497104
868120166497112
868120166497120
868120166497138
868120166497146
868120166497153
868120166497161
868120166497179
868120166497187
868120166497195
868120166497203
868120166497211
868120166497229
868120166497237
868120166497245
868120166497252
868120166497260
868120166497278
868120166497286
868120166497294
868120166497302
868120166497310
868120166497328
868120166497336
868120166497344
868120166497351
868120166497369
868120166497377
868120166497385
868120166497393
868120166497401
868120166497419
868120166497427
868120166497435
868120166497443
868120166497450
868120166497468
868120166497476
868120166497484
868120166497492
868120166497500
868120166497518
868120166497526
868120166497534
868120166497542
868120166497559
868120166497567
868120166497575
868120166497583
868120166497591
868120166497609
868120166497617
868120166497625
868120166497633
868120166497641
868120166497658
868120166497666
868120166497674
868120166497682
868120166497690
868120166497708
868120166497716
868120166497724
868120166497732
868120166497740
868120166497757
868120166497765
868120166497773
868120166497781
868120166497799
868120166497807
868120166497815
868120166497823
868120166497831
868120166497849
868120166497856
868120166497864
868120166497872
868120166497880
868120166497898
868120166497906
868120166497914
868120166497922
868120166497930
868120166497948
868120166497955
868120166497963
868120166497971
868120166497989
868120166497997
868120166498003
868120166498011
868120166498029
868120166498037
868120166498045
868120166498052
868120166498060
868120166498078
868120166498086
868120166498094
868120166498102
868120166498110
868120166498128
868120166498136
868120166498144
868120166498151
868120166498169
868120166498177
868120166498185
868120166498193
868120166498201
868120166498219
868120166498227
868120166498235
868120166498243
868120166498250
868120166498268
868120166498276
868120166498284
868120166498292
868120166498300
868120166498318
868120166498326
868120166498334
868120166498342
868120166498359
868120166498367
868120166498375
868120166498383
868120166498391
868120166498409
868120166498417
868120166498425
868120166498433
868120166498441
868120166498458
868120166498466
868120166498474
868120166498482
868120166498490
868120166498508
868120166498516
868120166498524
868120166498532
868120166498540
868120166498557
868120166498565
868120166498573
868120166498581
868120166498599
868120166498607
868120166498615
868120166498623
868120166498631
868120166498649
868120166498656
868120166498664
868120166498672
868120166498680
868120166498698
868120166498706
868120166498714
868120166498722
868120166498730
868120166498748
868120166498755
868120166498763
868120166498771
868120166498789
868120166498797
868120166498805
868120166498813
868120166498821
868120166498839
868120166498847
868120166498854
868120166498862
868120166498870
868120166498888
868120166498896
868120166498904
868120166498912
868120166498920
868120166498938
868120166498946
868120166498953
868120166498961
868120166498979
868120166498987
868120166498995
868120166499001
868120166499019
868120166499027
868120166499035
868120166499043
868120166499050
868120166499068
868120166499076
868120166499084
868120166499092
868120166499100
868120166499118
868120166499126
868120166499134
868120166499142
868120166499159
868120166499167
868120166499175
868120166499183
868120166499191
868120166499209
868120166499217
868120166499225
868120166499233
868120166499241
868120166499258
868120166499266
868120166499274
868120166499282
868120166499290
868120166499308
868120166499316
868120166499324
868120166499332
868120166499340
868120166499357
868120166499365
868120166499373
868120166499381
868120166499399
868120166499407
868120166499415
868120166499423
868120166499431
868120166499449
868120166499456
868120166499464
868120166499472
868120166499480
868120166499498
868120166499506
868120166499514
868120166499522
868120166499530
868120166499548
868120166499555
868120166499563
868120166499571
868120166499589
868120166499597
868120166499605
868120166499613
868120166499621
868120166499639
868120166499647
868120166499654
868120166499662
868120166499670
868120166499688
868120166499696
868120166499704
868120166499712
868120166499720
868120166499738
868120166499746
868120166499753
868120166499761
868120166499779
868120166499787
868120166499795
868120166499803
868120166499811
868120166499829
868120166499837
868120166499845
868120166499852
868120166499860
868120166499878
868120166499886
868120166499894
868120166499902
868120166499910
868120166499928
868120166499936
868120166499944
868120166499951
868120166499969
868120166499977
868120166499985
868120166499993
868120166500006
868120166500014
868120166500022
868120166500030
868120166500048
868120166500055
868120166500063
868120166500071
868120166500089
868120166500097
868120166500105
868120166500113
868120166500121
868120166500139
868120166500147
868120166500154
868120166500162
868120166500170
868120166500188
868120166500196
868120166500204
868120166500212
868120166500220
868120166500238
868120166500246
868120166500253
868120166500261
868120166500279
868120166500287
868120166500295
868120166500303
868120166500311
868120166500329
868120166500337
868120166500345
868120166500352
868120166500360
868120166500378
868120166500386
868120166500394
868120166500402
868120166500410
868120166500428
868120166500436
868120166500444
868120166500451
868120166500469
868120166500477
868120166500485
868120166500493
868120166500501
868120166500519
868120166500527
868120166500535
868120166500543
868120166500550
868120166500568
868120166500576
868120166500584
868120166500592
868120166500600
868120166500618
868120166500626
868120166500634
868120166500642
868120166500659
868120166500667
868120166500675
868120166500683
868120166500691
868120166500709
868120166500717
868120166500725
868120166500733
868120166500741
868120166500758
868120166500766
868120166500774
868120166500782
868120166500790
868120166500808
868120166500816
868120166500824
868120166500832
868120166500840
868120166500857
868120166500865
868120166500873
868120166500881
868120166500899
868120166500907
868120166500915
868120166500923
868120166500931
868120166500949
868120166500956
868120166500964
868120166500972
868120166500980
868120166500998
868120166501004
868120166501012
868120166501020
868120166501038
868120166501046
868120166501053
868120166501061
868120166501079
868120166501087
868120166501095
868120166501103
868120166501111
868120166501129
868120166501137
868120166501145
868120166501152
868120166501160
868120166501178
868120166501186
868120166501194
868120166501202
868120166501210
868120166501228
868120166501236
868120166501244
868120166501251
868120166501269
868120166501277
868120166501285
868120166501293
868120166501301
868120166501319
868120166501327
868120166501335
868120166501343
868120166501350
868120166501368
868120166501376
868120166501384
868120166501392
868120166501400
868120166501418
868120166501426
868120166501434
868120166501442
868120166501459
868120166501467
868120166501475
868120166501483
868120166501491
868120166501509
868120166501517
868120166501525
868120166501533
868120166501541
868120166501558
868120166501566
868120166501574
868120166501582
868120166501590
868120166501608
868120166501616
868120166501624
868120166501632
868120166501640
868120166501657
868120166501665
868120166501673
868120166501681
868120166501699
868120166501707
868120166501715
868120166501723
868120166501731
868120166501749
868120166501756
868120166501764
868120166501772
868120166501780
868120166501798
868120166501806
868120166501814
868120166501822
868120166501830
868120166501848
868120166501855
868120166501863
868120166501871
868120166501889
868120166501897
868120166501905
868120166501913
868120166501921
868120166501939
868120166501947
868120166501954
868120166501962
868120166501970
868120166501988
868120166501996
868120166502002
868120166502010
868120166502028
868120166502036
868120166502044
868120166502051
868120166502069
868120166502077
868120166502085
868120166502093
868120166502101
868120166502119
868120166502127
868120166502135
868120166502143
868120166502150
868120166502168
868120166502176
868120166502184
868120166502192
868120166502200
868120166502218
868120166502226
868120166502234
868120166502242
868120166502259
868120166502267
868120166502275
868120166502283
868120166502291
868120166502309
868120166502317
868120166502325
868120166502333
868120166502341
868120166502358
868120166502366
868120166502374
868120166502382
868120166502390
868120166502408
868120166502416
868120166502424
868120166502432
868120166502440
868120166502457
868120166502465
868120166502473
868120166502481
868120166502499
868120166502507
868120166502515
868120166502523
868120166502531
868120166502549
868120166502556
868120166502564
868120166502572
868120166502580
868120166502598
868120166502606
868120166502614
868120166502622
868120166502630
868120166502648
868120166502655
868120166502663
868120166502671
868120166502689
868120166502697
868120166502705
868120166502713
868120166502721
868120166502739
868120166502747
868120166502754
868120166502762
868120166502770
868120166502788
868120166502796
868120166502804
868120166502812
868120166502820
868120166502838
868120166502846
868120166502853
868120166502861
868120166502879
868120166502887
868120166502895
868120166502903
868120166502911
868120166502929
868120166502937
868120166502945
868120166502952
868120166502960
868120166502978
868120166502986
868120166502994
868120166503000
868120166503018
868120166503026
868120166503034
868120166503042
868120166503059
868120166503067
868120166503075
868120166503083
868120166503091
868120166503109
868120166503117
868120166503125
868120166503133
868120166503141
868120166503158
868120166503166
868120166503174
868120166503182
868120166503190
868120166503208
868120166503216
868120166503224
868120166503232
868120166503240
868120166503257
868120166503265
868120166503273
868120166503281
868120166503299
868120166503307
868120166503315
868120166503323
868120166503331
868120166503349
868120166503356
868120166503364
868120166503372
868120166503380
868120166503398
868120166503406
868120166503414
868120166503422
868120166503430
868120166503448
868120166503455
868120166503463
868120166503471
868120166503489
868120166503497
868120166503505
868120166503513
868120166503521
868120166503539
868120166503547
868120166503554
868120166503562
868120166503570
868120166503588
868120166503596
868120166503604
868120166503612
868120166503620
868120166503638
868120166503646
868120166503653
868120166503661
868120166503679
868120166503687
868120166503695
868120166503703
868120166503711
868120166503729
868120166503737
868120166503745
868120166503752
868120166503760
868120166503778
868120166503786
868120166503794
868120166503802
868120166503810
868120166503828
868120166503836
868120166503844
868120166503851
868120166503869
868120166503877
868120166503885
868120166503893
868120166503901
868120166503919
868120166503927
868120166503935
868120166503943
868120166503950
868120166503968
868120166503976
868120166503984
868120166503992
868120166504008
868120166504016
868120166504024
868120166504032
868120166504040
868120166504057
868120166504065
868120166504073
868120166504081
868120166504099
868120166504107
868120166504115
868120166504123
868120166504131
868120166504149
868120166504156
868120166504164
868120166504172
868120166504180
868120166504198
868120166504206
868120166504214
868120166504222
868120166504230
868120166504248
868120166504255
868120166504263
868120166504271
868120166504289
868120166504297
868120166504305
868120166504313
868120166504321
868120166504339
868120166504347
868120166504354
868120166504362
868120166504370
868120166504388
868120166504396
868120166504404
868120166504412
868120166504420
868120166504438
868120166504446
868120166504453
868120166504461
868120166504479
868120166504487
868120166504495
868120166504503
868120166504511
868120166504529
868120166504537
868120166504545
868120166504552
868120166504560
868120166504578
868120166504586
868120166504594
868120166504602
868120166504610
868120166504628
868120166504636
868120166504644
868120166504651
868120166504669
868120166504677
868120166504685
868120166504693
868120166504701
868120166504719
868120166504727
868120166504735
868120166504743
868120166504750
868120166504768
868120166504776
868120166504784
868120166504792
868120166504800
868120166504818
868120166504826
868120166504834
868120166504842
868120166504859
868120166504867
868120166504875
868120166504883
868120166504891
868120166504909
868120166504917
868120166504925
868120166504933
868120166504941
868120166504958
868120166504966
868120166504974
868120166504982
868120166504990
868120166505005
868120166505013
868120166505021
868120166505039
868120166505047
868120166505054
868120166505062
868120166505070
868120166505088
868120166505096
868120166505104
868120166505112
868120166505120
868120166505138
868120166505146
868120166505153
868120166505161
868120166505179
868120166505187
868120166505195
868120166505203
868120166505211
868120166505229
868120166505237
868120166505245
868120166505252
868120166505260
868120166505278
868120166505286
868120166505294
868120166505302
868120166505310
868120166505328
868120166505336
868120166505344
868120166505351
868120166505369
868120166505377
868120166505385
868120166505393
868120166505401
868120166505419
868120166505427
868120166505435
868120166505443
868120166505450
868120166505468
868120166505476
868120166505484
868120166505492
868120166505500
868120166505518
868120166505526
868120166505534
868120166505542
868120166505559
868120166505567
868120166505575
868120166505583
868120166505591
868120166505609
868120166505617
868120166505625
868120166505633
868120166505641
868120166505658
868120166505666
868120166505674
868120166505682
868120166505690
868120166505708
868120166505716
868120166505724
868120166505732
868120166505740
868120166505757
868120166505765
868120166505773
868120166505781
868120166505799
868120166505807
868120166505815
868120166505823
868120166505831
868120166505849
868120166505856
868120166505864
868120166505872
868120166505880
868120166505898
868120166505906
868120166505914
868120166505922
868120166505930
868120166505948
868120166505955
868120166505963
868120166505971
868120166505989
868120166505997
868120166506003
868120166506011
868120166506029
868120166506037
868120166506045
868120166506052
868120166506060
868120166506078
868120166506086
868120166506094
868120166506102
868120166506110
868120166506128
868120166506136
868120166506144
868120166506151
868120166506169
868120166506177
868120166506185
868120166506193
868120166506201
868120166506219
868120166506227
868120166506235
868120166506243
868120166506250
868120166506268
868120166506276
868120166506284
868120166506292
868120166506300
868120166506318
868120166506326
868120166506334
868120166506342
868120166506359
868120166506367
868120166506375
868120166506383
868120166506391
868120166506409
868120166506417
868120166506425
868120166506433
868120166506441
868120166506458
868120166506466
868120166506474
868120166506482
868120166506490
868120166506508
868120166506516
868120166506524
868120166506532
868120166506540
868120166506557
868120166506565
868120166506573
868120166506581
868120166506599
868120166506607
868120166506615
868120166506623
868120166506631
868120166506649
868120166506656
868120166506664
868120166506672
868120166506680
868120166506698
868120166506706
868120166506714
868120166506722
868120166506730
868120166506748
868120166506755
868120166506763
868120166506771
868120166506789
868120166506797
868120166506805
868120166506813
868120166506821
868120166506839
868120166506847
868120166506854
868120166506862
868120166506870
868120166506888
868120166506896
868120166506904
868120166506912
868120166506920
868120166506938
868120166506946
868120166506953
868120166506961
868120166506979
868120166506987
868120166506995
868120166507001
868120166507019
868120166507027
868120166507035
868120166507043
868120166507050
868120166507068
868120166507076
868120166507084
868120166507092
868120166507100
868120166507118
868120166507126
868120166507134
868120166507142
868120166507159
868120166507167
868120166507175
868120166507183
868120166507191
868120166507209
868120166507217
868120166507225
868120166507233
868120166507241
868120166507258
868120166507266
868120166507274
868120166507282
868120166507290
868120166507308
868120166507316
868120166507324
868120166507332
868120166507340
868120166507357
868120166507365
868120166507373
868120166507381
868120166507399
868120166507407
868120166507415
868120166507423
868120166507431
868120166507449
868120166507456
868120166507464
868120166507472
868120166507480
868120166507498
868120166507506
868120166507514
868120166507522
868120166507530
868120166507548
868120166507555
868120166507563
868120166507571
868120166507589
868120166507597
868120166507605
868120166507613
868120166507621
868120166507639
868120166507647
868120166507654
868120166507662
868120166507670
868120166507688
868120166507696
868120166507704
868120166507712
868120166507720
868120166507738
868120166507746
868120166507753
868120166507761
868120166507779
868120166507787
868120166507795
868120166507803
868120166507811
868120166507829
868120166507837
868120166507845
868120166507852
868120166507860
868120166507878
868120166507886
868120166507894
868120166507902
868120166507910
868120166507928
868120166507936
868120166507944
868120166507951
868120166507969
868120166507977
868120166507985
868120166507993
868120166508009
868120166508017
868120166508025
868120166508033
868120166508041
868120166508058
868120166508066
868120166508074
868120166508082
868120166508090
868120166508108
868120166508116
868120166508124
868120166508132
868120166508140
868120166508157
868120166508165
868120166508173
868120166508181
868120166508199
868120166508207
868120166508215
868120166508223
868120166508231
868120166508249
868120166508256
868120166508264
868120166508272
868120166508280
868120166508298
868120166508306
868120166508314
868120166508322
868120166508330
868120166508348
868120166508355
868120166508363
868120166508371
868120166508389
868120166508397
868120166508405
868120166508413
868120166508421
868120166508439
868120166508447
868120166508454
868120166508462
868120166508470
868120166508488
868120166508496
868120166508504
868120166508512
868120166508520
868120166508538
868120166508546
868120166508553
868120166508561
868120166508579
868120166508587
868120166508595
868120166508603
868120166508611
868120166508629
868120166508637
868120166508645
868120166508652
868120166508660
868120166508678
868120166508686
868120166508694
868120166508702
868120166508710
868120166508728
868120166508736
868120166508744
868120166508751
868120166508769
868120166508777
868120166508785
868120166508793
868120166508801
868120166508819
868120166508827
868120166508835
868120166508843
868120166508850
868120166508868
868120166508876
868120166508884
868120166508892
868120166508900
868120166508918
868120166508926
868120166508934
868120166508942
868120166508959
868120166508967
868120166508975
868120166508983
868120166508991
868120166509007
868120166509015
868120166509023
868120166509031
868120166509049
868120166509056
868120166509064
868120166509072
868120166509080
868120166509098
868120166509106
868120166509114
868120166509122
868120166509130
868120166509148
868120166509155
868120166509163
868120166509171
868120166509189
868120166509197
868120166509205
868120166509213
868120166509221
868120166509239
868120166509247
868120166509254
868120166509262
868120166509270
868120166509288
868120166509296
868120166509304
868120166509312
868120166509320
868120166509338
868120166509346
868120166509353
868120166509361
868120166509379
868120166509387
868120166509395
868120166509403
868120166509411
868120166509429
868120166509437
868120166509445
868120166509452
868120166509460
868120166509478
868120166509486
868120166509494
868120166509502
868120166509510
868120166509528
868120166509536
868120166509544
868120166509551
868120166509569
868120166509577
868120166509585
868120166509593
868120166509601
868120166509619
868120166509627
868120166509635
868120166509643
868120166509650
868120166509668
868120166509676
868120166509684
868120166509692
868120166509700
868120166509718
868120166509726
868120166509734
868120166509742
868120166509759
868120166509767
868120166509775
868120166509783
868120166509791
868120166509809
868120166509817
868120166509825
868120166509833
868120166509841
868120166509858
868120166509866
868120166509874
868120166509882
868120166509890
868120166509908
868120166509916
868120166509924
868120166509932
868120166509940
868120166509957
868120166509965
868120166509973
868120166509981
868120166509999
868120166510005
868120166510013
868120166510021
868120166510039
868120166510047
868120166510054
868120166510062
868120166510070
868120166510088
868120166510096
868120166510104
868120166510112
868120166510120
868120166510138
868120166510146
868120166510153
868120166510161
868120166510179
868120166510187
868120166510195
868120166510203
868120166510211
868120166510229
868120166510237
868120166510245
868120166510252
868120166510260
868120166510278
868120166510286
868120166510294
868120166510302
868120166510310
868120166510328
868120166510336
868120166510344
868120166510351
868120166510369
868120166510377
868120166510385
868120166510393
868120166510401
868120166510419
868120166510427
868120166510435
868120166510443
868120166510450
868120166510468
868120166510476
868120166510484
868120166510492
868120166510500
868120166510518
868120166510526
868120166510534
868120166510542
868120166510559
868120166510567
868120166510575
868120166510583
868120166510591
868120166510609
868120166510617
868120166510625
868120166510633
868120166510641
868120166510658
868120166510666
868120166510674
868120166510682
868120166510690
868120166510708
868120166510716
868120166510724
868120166510732
868120166510740
868120166510757
868120166510765
868120166510773
868120166510781
868120166510799
868120166510807
868120166510815
868120166510823
868120166510831
868120166510849
868120166510856
868120166510864
868120166510872
868120166510880
868120166510898
868120166510906
868120166510914
868120166510922
868120166510930
868120166510948
868120166510955
868120166510963
868120166510971
868120166510989
868120166510997
868120166511003
868120166511011
868120166511029
868120166511037
868120166511045
868120166511052
868120166511060
868120166511078
868120166511086
868120166511094
868120166511102
868120166511110
868120166511128
868120166511136
868120166511144
868120166511151
868120166511169
868120166511177
868120166511185
868120166511193
868120166511201
868120166511219
868120166511227
868120166511235
868120166511243
868120166511250
868120166511268
868120166511276
868120166511284
868120166511292
868120166511300
868120166511318
868120166511326
868120166511334
868120166511342
868120166511359
868120166511367
868120166511375
868120166511383
868120166511391
868120166511409
868120166511417
868120166511425
868120166511433
868120166511441
868120166511458
868120166511466
868120166511474
868120166511482
868120166511490
868120166511508
868120166511516
868120166511524
868120166511532
868120166511540
868120166511557
868120166511565
868120166511573
868120166511581
868120166511599
868120166511607
868120166511615
868120166511623
868120166511631
868120166511649
868120166511656
868120166511664
868120166511672
868120166511680
868120166511698
868120166511706
868120166511714
868120166511722
868120166511730
868120166511748
868120166511755
868120166511763
868120166511771
868120166511789
868120166511797
868120166511805
868120166511813
868120166511821
868120166511839
868120166511847
868120166511854
868120166511862
868120166511870
868120166511888
868120166511896
868120166511904
868120166511912
868120166511920
868120166511938
868120166511946
868120166511953
868120166511961
868120166511979
868120166511987
868120166511995
868120166512001
868120166512019
868120166512027
868120166512035
868120166512043
868120166512050
868120166512068
868120166512076
868120166512084
868120166512092
868120166512100
868120166512118
868120166512126
868120166512134
868120166512142
868120166512159
868120166512167
868120166512175
868120166512183
868120166512191
868120166512209
868120166512217
868120166512225
868120166512233
868120166512241
868120166512258
868120166512266
868120166512274
868120166512282
868120166512290
868120166512308
868120166512316
868120166512324
868120166512332
868120166512340
868120166512357
868120166512365
868120166512373
868120166512381
868120166512399
868120166512407
868120166512415
868120166512423
868120166512431
868120166512449
868120166512456
868120166512464
868120166512472
868120166512480
868120166512498
868120166512506
868120166512514
868120166512522
868120166512530
868120166512548
868120166512555
868120166512563
868120166512571
868120166512589
868120166512597
868120166512605
868120166512613
868120166512621
868120166512639
868120166512647
868120166512654
868120166512662
868120166512670
868120166512688
868120166512696
868120166512704
868120166512712
868120166512720
868120166512738
868120166512746
868120166512753
868120166512761
868120166512779
868120166512787
868120166512795
868120166512803
868120166512811
868120166512829
868120166512837
868120166512845
868120166512852
868120166512860
868120166512878
868120166512886
868120166512894
868120166512902
868120166512910
868120166512928
868120166512936
868120166512944
868120166512951
868120166512969
868120166512977
868120166512985
868120166512993
868120166513009
868120166513017
868120166513025
868120166513033
868120166513041
868120166513058
868120166513066
868120166513074
868120166513082
868120166513090
868120166513108
868120166513116
868120166513124
868120166513132
868120166513140
868120166513157
868120166513165
868120166513173
868120166513181
868120166513199
868120166513207
868120166513215
868120166513223
868120166513231
868120166513249
868120166513256
868120166513264
868120166513272
868120166513280
868120166513298
868120166513306
868120166513314
868120166513322
868120166513330
868120166513348
868120166513355
868120166513363
868120166513371
868120166513389
868120166513397
868120166513405
868120166513413
868120166513421
868120166513439
868120166513447
868120166513454
868120166513462
868120166513470
868120166513488
868120166513496
868120166513504
868120166513512
868120166513520
868120166513538
868120166513546
868120166513553
868120166513561
868120166513579
868120166513587
868120166513595
868120166513603
868120166513611
868120166513629
868120166513637
868120166513645
868120166513652
868120166513660
868120166513678
868120166513686
868120166513694
868120166513702
868120166513710
868120166513728
868120166513736
868120166513744
868120166513751
868120166513769
868120166513777
868120166513785
868120166513793
868120166513801
868120166513819
868120166513827
868120166513835
868120166513843
868120166513850
868120166513868
868120166513876
868120166513884
868120166513892
868120166513900
868120166513918
868120166513926
868120166513934
868120166513942
868120166513959
868120166513967
868120166513975
868120166513983
868120166513991
868120166514007
868120166514015
868120166514023
868120166514031
868120166514049
868120166514056
868120166514064
868120166514072
868120166514080
868120166514098
868120166514106
868120166514114
868120166514122
868120166514130
868120166514148
868120166514155
868120166514163
868120166514171
868120166514189
868120166514197
868120166514205
868120166514213
868120166514221
868120166514239
868120166514247
868120166514254
868120166514262
868120166514270
868120166514288
868120166514296
868120166514304
868120166514312
868120166514320
868120166514338
868120166514346
868120166514353
868120166514361
868120166514379
868120166514387
868120166514395
868120166514403
868120166514411
868120166514429
868120166514437
868120166514445
868120166514452
868120166514460
868120166514478
868120166514486
868120166514494
868120166514502
868120166514510
868120166514528
868120166514536
868120166514544
868120166514551
868120166514569
868120166514577
868120166514585
868120166514593
868120166514601
868120166514619
868120166514627
868120166514635
868120166514643
868120166514650
868120166514668
868120166514676
868120166514684
868120166514692
868120166514700
868120166514718
868120166514726
868120166514734
868120166514742
868120166514759
868120166514767
868120166514775
868120166514783
868120166514791
868120166514809
868120166514817
868120166514825
868120166514833
868120166514841
868120166514858
868120166514866
868120166514874
868120166514882
868120166514890
868120166514908
868120166514916
868120166514924
868120166514932
868120166514940
868120166514957
868120166514965
868120166514973
868120166514981
868120166514999
868120166515004
868120166515012
868120166515020
868120166515038
868120166515046
868120166515053
868120166515061
868120166515079
868120166515087
868120166515095
868120166515103
868120166515111
868120166515129
868120166515137
868120166515145
868120166515152
868120166515160
868120166515178
868120166515186
868120166515194
868120166515202
868120166515210
868120166515228
868120166515236
868120166515244
868120166515251
868120166515269
868120166515277
868120166515285
868120166515293
868120166515301
868120166515319
868120166515327
868120166515335
868120166515343
868120166515350
868120166515368
868120166515376
868120166515384
868120166515392
868120166515400
868120166515418
868120166515426
868120166515434
868120166515442
868120166515459
868120166515467
868120166515475
868120166515483
868120166515491
868120166515509
868120166515517
868120166515525
868120166515533
868120166515541
868120166515558
868120166515566
868120166515574
868120166515582
868120166515590
868120166515608
868120166515616
868120166515624
868120166515632
868120166515640
868120166515657
868120166515665
868120166515673
868120166515681
868120166515699
868120166515707
868120166515715
868120166515723
868120166515731
868120166515749
868120166515756
868120166515764
868120166515772
868120166515780
868120166515798
868120166515806
868120166515814
868120166515822
868120166515830
868120166515848
868120166515855
868120166515863
868120166515871
868120166515889
868120166515897
868120166515905
868120166515913
868120166515921
868120166515939
868120166515947
868120166515954
868120166515962
868120166515970
868120166515988
868120166515996
868120166516002
868120166516010
868120166516028
868120166516036
868120166516044
868120166516051
868120166516069
868120166516077
868120166516085
868120166516093
868120166516101
868120166516119
868120166516127
868120166516135
868120166516143
868120166516150
868120166516168
868120166516176
868120166516184
868120166516192
868120166516200
868120166516218
868120166516226
868120166516234
868120166516242
868120166516259
868120166516267
868120166516275
868120166516283
868120166516291
868120166516309
868120166516317
868120166516325
868120166516333
868120166516341
868120166516358
868120166516366
868120166516374
868120166516382
868120166516390
868120166516408
868120166516416
868120166516424
868120166516432
868120166516440
868120166516457
868120166516465
868120166516473
868120166516481
868120166516499
868120166516507
868120166516515
868120166516523
868120166516531
868120166516549
868120166516556
868120166516564
868120166516572
868120166516580
868120166516598
868120166516606
868120166516614
868120166516622
868120166516630
868120166516648
868120166516655
868120166516663
868120166516671
868120166516689
868120166516697
868120166516705
868120166516713
868120166516721
868120166516739
868120166516747
868120166516754
868120166516762
868120166516770
868120166516788
868120166516796
868120166516804
868120166516812
868120166516820
868120166516838
868120166516846
868120166516853
868120166516861
868120166516879
868120166516887
868120166516895
868120166516903
868120166516911
868120166516929
868120166516937
868120166516945
868120166516952
868120166516960
868120166516978
868120166516986
868120166516994
868120166517000
868120166517018
868120166517026
868120166517034
868120166517042
868120166517059
868120166517067
868120166517075
868120166517083
868120166517091
868120166517109
868120166517117
868120166517125
868120166517133
868120166517141
868120166517158
868120166517166
868120166517174
868120166517182
868120166517190
868120166517208
868120166517216
868120166517224
868120166517232
868120166517240
868120166517257
868120166517265
868120166517273
868120166517281
868120166517299
868120166517307
868120166517315
868120166517323
868120166517331
868120166517349
868120166517356
868120166517364
868120166517372
868120166517380
868120166517398
868120166517406
868120166517414
868120166517422
868120166517430
868120166517448
868120166517455
868120166517463
868120166517471
868120166517489
868120166517497
868120166517505
868120166517513
868120166517521
868120166517539
868120166517547
868120166517554
868120166517562
868120166517570
868120166517588
868120166517596
868120166517604
868120166517612
868120166517620
868120166517638
868120166517646
868120166517653
868120166517661
868120166517679
868120166517687
868120166517695
868120166517703
868120166517711
868120166517729
868120166517737
868120166517745
868120166517752
868120166517760
868120166517778
868120166517786
868120166517794
868120166517802
868120166517810
868120166517828
868120166517836
868120166517844
868120166517851
868120166517869
868120166517877
868120166517885
868120166517893
868120166517901
868120166517919
868120166517927
868120166517935
868120166517943
868120166517950
868120166517968
868120166517976
868120166517984
868120166517992
868120166518008
868120166518016
868120166518024
868120166518032
868120166518040
868120166518057
868120166518065
868120166518073
868120166518081
868120166518099
868120166518107
868120166518115
868120166518123
868120166518131
868120166518149
868120166518156
868120166518164
868120166518172
868120166518180
868120166518198
868120166518206
868120166518214
868120166518222
868120166518230
868120166518248
868120166518255
868120166518263
868120166518271
868120166518289
868120166518297
868120166518305
868120166518313
868120166518321
868120166518339
868120166518347
868120166518354
868120166518362
868120166518370
868120166518388
868120166518396
868120166518404
868120166518412
868120166518420
868120166518438
868120166518446
868120166518453
868120166518461
868120166518479
868120166518487
868120166518495
868120166518503
868120166518511
868120166518529
868120166518537
868120166518545
868120166518552
868120166518560
868120166518578
868120166518586
868120166518594
868120166518602
868120166518610
868120166518628
868120166518636
868120166518644
868120166518651
868120166518669
868120166518677
868120166518685
868120166518693
868120166518701
868120166518719
868120166518727
868120166518735
868120166518743
868120166518750
868120166518768
868120166518776
868120166518784
868120166518792
868120166518800
868120166518818
868120166518826
868120166518834
868120166518842
868120166518859
868120166518867
868120166518875
868120166518883
868120166518891
868120166518909
868120166518917
868120166518925
868120166518933
868120166518941
868120166518958
868120166518966
868120166518974
868120166518982
868120166518990
868120166519006
868120166519014
868120166519022
868120166519030
868120166519048
868120166519055
868120166519063
868120166519071
868120166519089
868120166519097
868120166519105
868120166519113
868120166519121
868120166519139
868120166519147
868120166519154
868120166519162
868120166519170
868120166519188
868120166519196
868120166519204
868120166519212
868120166519220
868120166519238
868120166519246
868120166519253
868120166519261
868120166519279
868120166519287
868120166519295
868120166519303
868120166519311
868120166519329
868120166519337
868120166519345
868120166519352
868120166519360
868120166519378
868120166519386
868120166519394
868120166519402
868120166519410
868120166519428
868120166519436
868120166519444
868120166519451
868120166519469
868120166519477
868120166519485
868120166519493
868120166519501
868120166519519
868120166519527
868120166519535
868120166519543
868120166519550
868120166519568
868120166519576
868120166519584
868120166519592
868120166519600
868120166519618
868120166519626
868120166519634
868120166519642
868120166519659
868120166519667
868120166519675
868120166519683
868120166519691
868120166519709
868120166519717
868120166519725
868120166519733
868120166519741
868120166519758
868120166519766
868120166519774
868120166519782
868120166519790
868120166519808
868120166519816
868120166519824
868120166519832
868120166519840
868120166519857
868120166519865
868120166519873
868120166519881
868120166519899
868120166519907
868120166519915
868120166519923
868120166519931
868120166519949
868120166519956
868120166519964
868120166519972
868120166519980
868120166519998
868120166520004
868120166520012
868120166520020
868120166520038
868120166520046
868120166520053
868120166520061
868120166520079
868120166520087
868120166520095
868120166520103
868120166520111
868120166520129
868120166520137
868120166520145
868120166520152
868120166520160
868120166520178
868120166520186
868120166520194
868120166520202
868120166520210
868120166520228
868120166520236
868120166520244
868120166520251
868120166520269
868120166520277
868120166520285
868120166520293
868120166520301
868120166520319
868120166520327
868120166520335
868120166520343
868120166520350
868120166520368
868120166520376
868120166520384
868120166520392
868120166520400
868120166520418
868120166520426
868120166520434
868120166520442
868120166520459
868120166520467
868120166520475
868120166520483
868120166520491
868120166520509
868120166520517
868120166520525
868120166520533
868120166520541
868120166520558
868120166520566
868120166520574
868120166520582
868120166520590
868120166520608
868120166520616
868120166520624
868120166520632
868120166520640
868120166520657
868120166520665
868120166520673
868120166520681
868120166520699
868120166520707
868120166520715
868120166520723
868120166520731
868120166520749
868120166520756
868120166520764
868120166520772
868120166520780
868120166520798
868120166520806
868120166520814
868120166520822
868120166520830
868120166520848
868120166520855
868120166520863
868120166520871
868120166520889
868120166520897
868120166520905
868120166520913
868120166520921
868120166520939
868120166520947
868120166520954
868120166520962
868120166520970
868120166520988
868120166520996
868120166521002
868120166521010
868120166521028
868120166521036
868120166521044
868120166521051
868120166521069
868120166521077
868120166521085
868120166521093
868120166521101
868120166521119
868120166521127
868120166521135
868120166521143
868120166521150
868120166521168
868120166521176
868120166521184
868120166521192
868120166521200
868120166521218
868120166521226
868120166521234
868120166521242
868120166521259
868120166521267
868120166521275
868120166521283
868120166521291
868120166521309
868120166521317
868120166521325
868120166521333
868120166521341
868120166521358
868120166521366
868120166521374
868120166521382
868120166521390
868120166521408
868120166521416
868120166521424
868120166521432
868120166521440
868120166521457
868120166521465
868120166521473
868120166521481
868120166521499
868120166521507
868120166521515
868120166521523
868120166521531
868120166521549
868120166521556
868120166521564
868120166521572
868120166521580
868120166521598
868120166521606
868120166521614
868120166521622
868120166521630
868120166521648
868120166521655
868120166521663
868120166521671
868120166521689
868120166521697
868120166521705
868120166521713
868120166521721
868120166521739
868120166521747
868120166521754
868120166521762
868120166521770
868120166521788
868120166521796
868120166521804
868120166521812
868120166521820
868120166521838
868120166521846
868120166521853
868120166521861
868120166521879
868120166521887
868120166521895
868120166521903
868120166521911
868120166521929
868120166521937
868120166521945
868120166521952
868120166521960
868120166521978
868120166521986
868120166521994
868120166522000
868120166522018
868120166522026
868120166522034
868120166522042
868120166522059
868120166522067
868120166522075
868120166522083
868120166522091
868120166522109
868120166522117
868120166522125
868120166522133
868120166522141
868120166522158
868120166522166
868120166522174
868120166522182
868120166522190
868120166522208
868120166522216
868120166522224
868120166522232
868120166522240
868120166522257
868120166522265
868120166522273
868120166522281
868120166522299
868120166522307
868120166522315
868120166522323
868120166522331
868120166522349
868120166522356
868120166522364
868120166522372
868120166522380
868120166522398
868120166522406
868120166522414
868120166522422
868120166522430
868120166522448
868120166522455
868120166522463
868120166522471
868120166522489
868120166522497
868120166522505
868120166522513
868120166522521
868120166522539
868120166522547
868120166522554
868120166522562
868120166522570
868120166522588
868120166522596
868120166522604
868120166522612
868120166522620
868120166522638
868120166522646
868120166522653
868120166522661
868120166522679
868120166522687
868120166522695
868120166522703
868120166522711
868120166522729
868120166522737
868120166522745
868120166522752
868120166522760
868120166522778
868120166522786
868120166522794
868120166522802
868120166522810
868120166522828
868120166522836
868120166522844
868120166522851
868120166522869
868120166522877
868120166522885
868120166522893
868120166522901
868120166522919
868120166522927
868120166522935
868120166522943
868120166522950
868120166522968
868120166522976
868120166522984
868120166522992
868120166523008
868120166523016
868120166523024
868120166523032
868120166523040
868120166523057
868120166523065
868120166523073
868120166523081
868120166523099
868120166523107
868120166523115
868120166523123
868120166523131
868120166523149
868120166523156
868120166523164
868120166523172
868120166523180
868120166523198
868120166523206
868120166523214
868120166523222
868120166523230
868120166523248
868120166523255
868120166523263
868120166523271
868120166523289
868120166523297
868120166523305
868120166523313
868120166523321
868120166523339
868120166523347
868120166523354
868120166523362
868120166523370
868120166523388
868120166523396
868120166523404
868120166523412
868120166523420
868120166523438
868120166523446
868120166523453
868120166523461
868120166523479
868120166523487
868120166523495
868120166523503
868120166523511
868120166523529
868120166523537
868120166523545
868120166523552
868120166523560
868120166523578
868120166523586
868120166523594
868120166523602
868120166523610
868120166523628
868120166523636
868120166523644
868120166523651
868120166523669
868120166523677
868120166523685
868120166523693
868120166523701
868120166523719
868120166523727
868120166523735
868120166523743
868120166523750
868120166523768
868120166523776
868120166523784
868120166523792
868120166523800
868120166523818
868120166523826
868120166523834
868120166523842
868120166523859
868120166523867
868120166523875
868120166523883
868120166523891
868120166523909
868120166523917
868120166523925
868120166523933
868120166523941
868120166523958
868120166523966
868120166523974
868120166523982
868120166523990
868120166524006
868120166524014
868120166524022
868120166524030
868120166524048
868120166524055
868120166524063
868120166524071
868120166524089
868120166524097
868120166524105
868120166524113
868120166524121
868120166524139
868120166524147
868120166524154
868120166524162
868120166524170
868120166524188
868120166524196
868120166524204
868120166524212
868120166524220
868120166524238
868120166524246
868120166524253
868120166524261
868120166524279
868120166524287
868120166524295
868120166524303
868120166524311
868120166524329
868120166524337
868120166524345
868120166524352
868120166524360
868120166524378
868120166524386
868120166524394
868120166524402
868120166524410
868120166524428
868120166524436
868120166524444
868120166524451
868120166524469
868120166524477
868120166524485
868120166524493
868120166524501
868120166524519
868120166524527
868120166524535
868120166524543
868120166524550
868120166524568
868120166524576
868120166524584
868120166524592
868120166524600
868120166524618
868120166524626
868120166524634
868120166524642
868120166524659
868120166524667
868120166524675
868120166524683
868120166524691
868120166524709
868120166524717
868120166524725
868120166524733
868120166524741
868120166524758
868120166524766
868120166524774
868120166524782
868120166524790
868120166524808
868120166524816
868120166524824
868120166524832
868120166524840
868120166524857
868120166524865
868120166524873
868120166524881
868120166524899
868120166524907
868120166524915
868120166524923
868120166524931
868120166524949
868120166524956
868120166524964
868120166524972
868120166524980
868120166524998
868120166525003
868120166525011
868120166525029
868120166525037
868120166525045
868120166525052
868120166525060
868120166525078
868120166525086
868120166525094
868120166525102
868120166525110
868120166525128
868120166525136
868120166525144
868120166525151
868120166525169
868120166525177
868120166525185
868120166525193
868120166525201
868120166525219
868120166525227
868120166525235
868120166525243
868120166525250
868120166525268
868120166525276
868120166525284
868120166525292
868120166525300
868120166525318
868120166525326
868120166525334
868120166525342
868120166525359
868120166525367
868120166525375
868120166525383
868120166525391
868120166525409
868120166525417
868120166525425
868120166525433
868120166525441
868120166525458
868120166525466
868120166525474
868120166525482
868120166525490
868120166525508
868120166525516
868120166525524
868120166525532
868120166525540
868120166525557
868120166525565
868120166525573
868120166525581
868120166525599
868120166525607
868120166525615
868120166525623
868120166525631
868120166525649
868120166525656
868120166525664
868120166525672
868120166525680
868120166525698
868120166525706
868120166525714
868120166525722
868120166525730
868120166525748
868120166525755
868120166525763
868120166525771
868120166525789
868120166525797
868120166525805
868120166525813
868120166525821
868120166525839
868120166525847
868120166525854
868120166525862
868120166525870
868120166525888
868120166525896
868120166525904
868120166525912
868120166525920
868120166525938
868120166525946
868120166525953
868120166525961
868120166525979
868120166525987
868120166525995
868120166526001
868120166526019
868120166526027
868120166526035
868120166526043
868120166526050
868120166526068
868120166526076
868120166526084
868120166526092
868120166526100
868120166526118
868120166526126
868120166526134
868120166526142
868120166526159
868120166526167
868120166526175
868120166526183
868120166526191
868120166526209
868120166526217
868120166526225
868120166526233
868120166526241
868120166526258
868120166526266
868120166526274
868120166526282
868120166526290
868120166526308
868120166526316
868120166526324
868120166526332
868120166526340
868120166526357
868120166526365
868120166526373
868120166526381
868120166526399
868120166526407
868120166526415
868120166526423
868120166526431
868120166526449
868120166526456
868120166526464
868120166526472
868120166526480
868120166526498
868120166526506
868120166526514
868120166526522
868120166526530
868120166526548
868120166526555
868120166526563
868120166526571
868120166526589
868120166526597
868120166526605
868120166526613
868120166526621
868120166526639
868120166526647
868120166526654
868120166526662
868120166526670
868120166526688
868120166526696
868120166526704
868120166526712
868120166526720
868120166526738
868120166526746
868120166526753
868120166526761
868120166526779
868120166526787
868120166526795
868120166526803
868120166526811
868120166526829
868120166526837
868120166526845
868120166526852
868120166526860
868120166526878
868120166526886
868120166526894
868120166526902
868120166526910
868120166526928
868120166526936
868120166526944
868120166526951
868120166526969
868120166526977
868120166526985
868120166526993
868120166527009
868120166527017
868120166527025
868120166527033
868120166527041
868120166527058
868120166527066
868120166527074
868120166527082
868120166527090
868120166527108
868120166527116
868120166527124
868120166527132
868120166527140
868120166527157
868120166527165
868120166527173
868120166527181
868120166527199
868120166527207
868120166527215
868120166527223
868120166527231
868120166527249
868120166527256
868120166527264
868120166527272
868120166527280
868120166527298
868120166527306
868120166527314
868120166527322
868120166527330
868120166527348
868120166527355
868120166527363
868120166527371
868120166527389
868120166527397
868120166527405
868120166527413
868120166527421
868120166527439
868120166527447
868120166527454
868120166527462
868120166527470
868120166527488
868120166527496
868120166527504
868120166527512
868120166527520
868120166527538
868120166527546
868120166527553
868120166527561
868120166527579
868120166527587
868120166527595
868120166527603
868120166527611
868120166527629
868120166527637
868120166527645
868120166527652
868120166527660
868120166527678
868120166527686
868120166527694
868120166527702
868120166527710
868120166527728
868120166527736
868120166527744
868120166527751
868120166527769
868120166527777
868120166527785
868120166527793
868120166527801
868120166527819
868120166527827
868120166527835
868120166527843
868120166527850
868120166527868
868120166527876
868120166527884
868120166527892
868120166527900
868120166527918
868120166527926
868120166527934
868120166527942
868120166527959
868120166527967
868120166527975
868120166527983
868120166527991
868120166528007
868120166528015
868120166528023
868120166528031
868120166528049
868120166528056
868120166528064
868120166528072
868120166528080
868120166528098
868120166528106
868120166528114
868120166528122
868120166528130
868120166528148
868120166528155
868120166528163
868120166528171
868120166528189
868120166528197
868120166528205
868120166528213
868120166528221
868120166528239
868120166528247
868120166528254
868120166528262
868120166528270
868120166528288
868120166528296
868120166528304
868120166528312
868120166528320
868120166528338