868120166528346
868120166528353
868120166528361
868120166528379
868120166528387
868120166528395
868120166528403
868120166528411
868120166528429
868120166528437
868120166528445
868120166528452
868120166528460
868120166528478
868120166528486
868120166528494
868120166528502
868120166528510
868120166528528
868120166528536
868120166528544
868120166528551
868120166528569
868120166528577
868120166528585
868120166528593
868120166528601
868120166528619
868120166528627
868120166528635
868120166528643
868120166528650
868120166528668
868120166528676
868120166528684
868120166528692
868120166528700
868120166528718
868120166528726
868120166528734
868120166528742
868120166528759
868120166528767
868120166528775
868120166528783
868120166528791
868120166528809
868120166528817
868120166528825
868120166528833
868120166528841
868120166528858
868120166528866
868120166528874
868120166528882
868120166528890
868120166528908
868120166528916
868120166528924
868120166528932
868120166528940
868120166528957
868120166528965
868120166528973
868120166528981
868120166528999
868120166529005
868120166529013
868120166529021
868120166529039
868120166529047
868120166529054
868120166529062
868120166529070
868120166529088
868120166529096
868120166529104
868120166529112
868120166529120
868120166529138
868120166529146
868120166529153
868120166529161
868120166529179
868120166529187
868120166529195
868120166529203
868120166529211
868120166529229
868120166529237
868120166529245
868120166529252
868120166529260
868120166529278
868120166529286
868120166529294
868120166529302
868120166529310
868120166529328
868120166529336
868120166529344
868120166529351
868120166529369
868120166529377
868120166529385
868120166529393
868120166529401
868120166529419
868120166529427
868120166529435
868120166529443
868120166529450
868120166529468
868120166529476
868120166529484
868120166529492
868120166529500
868120166529518
868120166529526
868120166529534
868120166529542
868120166529559
868120166529567
868120166529575
868120166529583
868120166529591
868120166529609
868120166529617
868120166529625
868120166529633
868120166529641
868120166529658
868120166529666
868120166529674
868120166529682
868120166529690
868120166529708
868120166529716
868120166529724
868120166529732
868120166529740
868120166529757
868120166529765
868120166529773
868120166529781
868120166529799
868120166529807
868120166529815
868120166529823
868120166529831
868120166529849
868120166529856
868120166529864
868120166529872
868120166529880
868120166529898
868120166529906
868120166529914
868120166529922
868120166529930
868120166529948
868120166529955
868120166529963
868120166529971
868120166529989
868120166529997
868120166530003
868120166530011
868120166530029
868120166530037
868120166530045
868120166530052
868120166530060
868120166530078
868120166530086
868120166530094
868120166530102
868120166530110
868120166530128
868120166530136
868120166530144
868120166530151
868120166530169
868120166530177
868120166530185
868120166530193
868120166530201
868120166530219
868120166530227
868120166530235
868120166530243
868120166530250
868120166530268
868120166530276
868120166530284
868120166530292
868120166530300
868120166530318
868120166530326
868120166530334
868120166530342
868120166530359
868120166530367
868120166530375
868120166530383
868120166530391
868120166530409
868120166530417
868120166530425
868120166530433
868120166530441
868120166530458
868120166530466
868120166530474
868120166530482
868120166530490
868120166530508
868120166530516
868120166530524
868120166530532
868120166530540
868120166530557
868120166530565
868120166530573
868120166530581
868120166530599
868120166530607
868120166530615
868120166530623
868120166530631
868120166530649
868120166530656
868120166530664
868120166530672
868120166530680
868120166530698
868120166530706
868120166530714
868120166530722
868120166530730
868120166530748
868120166530755
868120166530763
868120166530771
868120166530789
868120166530797
868120166530805
868120166530813
868120166530821
868120166530839
868120166530847
868120166530854
868120166530862
868120166530870
868120166530888
868120166530896
868120166530904
868120166530912
868120166530920
868120166530938
868120166530946
868120166530953
868120166530961
868120166530979
868120166530987
868120166530995
868120166531001
868120166531019
868120166531027
868120166531035
868120166531043
868120166531050
868120166531068
868120166531076
868120166531084
868120166531092
868120166531100
868120166531118
868120166531126
868120166531134
868120166531142
868120166531159
868120166531167
868120166531175
868120166531183
868120166531191
868120166531209
868120166531217
868120166531225
868120166531233
868120166531241
868120166531258
868120166531266
868120166531274
868120166531282
868120166531290
868120166531308
868120166531316
868120166531324
868120166531332
868120166531340
868120166531357
868120166531365
868120166531373
868120166531381
868120166531399
868120166531407
868120166531415
868120166531423
868120166531431
868120166531449
868120166531456
868120166531464
868120166531472
868120166531480
868120166531498
868120166531506
868120166531514
868120166531522
868120166531530
868120166531548
868120166531555
868120166531563
868120166531571
868120166531589
868120166531597
868120166531605
868120166531613
868120166531621
868120166531639
868120166531647
868120166531654
868120166531662
868120166531670
868120166531688
868120166531696
868120166531704
868120166531712
868120166531720
868120166531738
868120166531746
868120166531753
868120166531761
868120166531779
868120166531787
868120166531795
868120166531803
868120166531811
868120166531829
868120166531837
868120166531845
868120166531852
868120166531860
868120166531878
868120166531886
868120166531894
868120166531902
868120166531910
868120166531928
868120166531936
868120166531944
868120166531951
868120166531969
868120166531977
868120166531985
868120166531993
868120166532009
868120166532017
868120166532025
868120166532033
868120166532041
868120166532058
868120166532066
868120166532074
868120166532082
868120166532090
868120166532108
868120166532116
868120166532124
868120166532132
868120166532140
868120166532157
868120166532165
868120166532173
868120166532181
868120166532199
868120166532207
868120166532215
868120166532223
868120166532231
868120166532249
868120166532256
868120166532264
868120166532272
868120166532280
868120166532298
868120166532306
868120166532314
868120166532322
868120166532330
868120166532348
868120166532355
868120166532363
868120166532371
868120166532389
868120166532397
868120166532405
868120166532413
868120166532421
868120166532439
868120166532447
868120166532454
868120166532462
868120166532470
868120166532488
868120166532496
868120166532504
868120166532512
868120166532520
868120166532538
868120166532546
868120166532553
868120166532561
868120166532579
868120166532587
868120166532595
868120166532603
868120166532611
868120166532629
868120166532637
868120166532645
868120166532652
868120166532660
868120166532678
868120166532686
868120166532694
868120166532702
868120166532710
868120166532728
868120166532736
868120166532744
868120166532751
868120166532769
868120166532777
868120166532785
868120166532793
868120166532801
868120166532819
868120166532827
868120166532835
868120166532843
868120166532850
868120166532868
868120166532876
868120166532884
868120166532892
868120166532900
868120166532918
868120166532926
868120166532934
868120166532942
868120166532959
868120166532967
868120166532975
868120166532983
868120166532991
868120166533007
868120166533015
868120166533023
868120166533031
868120166533049
868120166533056
868120166533064
868120166533072
868120166533080
868120166533098
868120166533106
868120166533114
868120166533122
868120166533130
868120166533148
868120166533155
868120166533163
868120166533171
868120166533189
868120166533197
868120166533205
868120166533213
868120166533221
868120166533239
868120166533247
868120166533254
868120166533262
868120166533270
868120166533288
868120166533296
868120166533304
868120166533312
868120166533320
868120166533338
868120166533346
868120166533353
868120166533361
868120166533379
868120166533387
868120166533395
868120166533403
868120166533411
868120166533429
868120166533437
868120166533445
868120166533452
868120166533460
868120166533478
868120166533486
868120166533494
868120166533502
868120166533510
868120166533528
868120166533536
868120166533544
868120166533551
868120166533569
868120166533577
868120166533585
868120166533593
868120166533601
868120166533619
868120166533627
868120166533635
868120166533643
868120166533650
868120166533668
868120166533676
868120166533684
868120166533692
868120166533700
868120166533718
868120166533726
868120166533734
868120166533742
868120166533759
868120166533767
868120166533775
868120166533783
868120166533791
868120166533809
868120166533817
868120166533825
868120166533833
868120166533841
868120166533858
868120166533866
868120166533874
868120166533882
868120166533890
868120166533908
868120166533916
868120166533924
868120166533932
868120166533940
868120166533957
868120166533965
868120166533973
868120166533981
868120166533999
868120166534005
868120166534013
868120166534021
868120166534039
868120166534047
868120166534054
868120166534062
868120166534070
868120166534088
868120166534096
868120166534104
868120166534112
868120166534120
868120166534138
868120166534146
868120166534153
868120166534161
868120166534179
868120166534187
868120166534195
868120166534203
868120166534211
868120166534229
868120166534237
868120166534245
868120166534252
868120166534260
868120166534278
868120166534286
868120166534294
868120166534302
868120166534310
868120166534328
868120166534336
868120166534344
868120166534351
868120166534369
868120166534377
868120166534385
868120166534393
868120166534401
868120166534419
868120166534427
868120166534435
868120166534443
868120166534450
868120166534468
868120166534476
868120166534484
868120166534492
868120166534500
868120166534518
868120166534526
868120166534534
868120166534542
868120166534559
868120166534567
868120166534575
868120166534583
868120166534591
868120166534609
868120166534617
868120166534625
868120166534633
868120166534641
868120166534658
868120166534666
868120166534674
868120166534682
868120166534690
868120166534708
868120166534716
868120166534724
868120166534732
868120166534740
868120166534757
868120166534765
868120166534773
868120166534781
868120166534799
868120166534807
868120166534815
868120166534823
868120166534831
868120166534849
868120166534856
868120166534864
868120166534872
868120166534880
868120166534898
868120166534906
868120166534914
868120166534922
868120166534930
868120166534948
868120166534955
868120166534963
868120166534971
868120166534989
868120166534997
868120166535002
868120166535010
868120166535028
868120166535036
868120166535044
868120166535051
868120166535069
868120166535077
868120166535085
868120166535093
868120166535101
868120166535119
868120166535127
868120166535135
868120166535143
868120166535150
868120166535168
868120166535176
868120166535184
868120166535192
868120166535200
868120166535218
868120166535226
868120166535234
868120166535242
868120166535259
868120166535267
868120166535275
868120166535283
868120166535291
868120166535309
868120166535317
868120166535325
868120166535333
868120166535341
868120166535358
868120166535366
868120166535374
868120166535382
868120166535390
868120166535408
868120166535416
868120166535424
868120166535432
868120166535440
868120166535457
868120166535465
868120166535473
868120166535481
868120166535499
868120166535507
868120166535515
868120166535523
868120166535531
868120166535549
868120166535556
868120166535564
868120166535572
868120166535580
868120166535598
868120166535606
868120166535614
868120166535622
868120166535630
868120166535648
868120166535655
868120166535663
868120166535671
868120166535689
868120166535697
868120166535705
868120166535713
868120166535721
868120166535739
868120166535747
868120166535754
868120166535762
868120166535770
868120166535788
868120166535796
868120166535804
868120166535812
868120166535820
868120166535838
868120166535846
868120166535853
868120166535861
868120166535879
868120166535887
868120166535895
868120166535903
868120166535911
868120166535929
868120166535937
868120166535945
868120166535952
868120166535960
868120166535978
868120166535986
868120166535994
868120166536000
868120166536018
868120166536026
868120166536034
868120166536042
868120166536059
868120166536067
868120166536075
868120166536083
868120166536091
868120166536109
868120166536117
868120166536125
868120166536133
868120166536141
868120166536158
868120166536166
868120166536174
868120166536182
868120166536190
868120166536208
868120166536216
868120166536224
868120166536232
868120166536240
868120166536257
868120166536265
868120166536273
868120166536281
868120166536299
868120166536307
868120166536315
868120166536323
868120166536331
868120166536349
868120166536356
868120166536364
868120166536372
868120166536380
868120166536398
868120166536406
868120166536414
868120166536422
868120166536430
868120166536448
868120166536455
868120166536463
868120166536471
868120166536489
868120166536497
868120166536505
868120166536513
868120166536521
868120166536539
868120166536547
868120166536554
868120166536562
868120166536570
868120166536588
868120166536596
868120166536604
868120166536612
868120166536620
868120166536638
868120166536646
868120166536653
868120166536661
868120166536679
868120166536687
868120166536695
868120166536703
868120166536711
868120166536729
868120166536737
868120166536745
868120166536752
868120166536760
868120166536778
868120166536786
868120166536794
868120166536802
868120166536810
868120166536828
868120166536836
868120166536844
868120166536851
868120166536869
868120166536877
868120166536885
868120166536893
868120166536901
868120166536919
868120166536927
868120166536935
868120166536943
868120166536950
868120166536968
868120166536976
868120166536984
868120166536992
868120166537008
868120166537016
868120166537024
868120166537032
868120166537040
868120166537057
868120166537065
868120166537073
868120166537081
868120166537099
868120166537107
868120166537115
868120166537123
868120166537131
868120166537149
868120166537156
868120166537164
868120166537172
868120166537180
868120166537198
868120166537206
868120166537214
868120166537222
868120166537230
868120166537248
868120166537255
868120166537263
868120166537271
868120166537289
868120166537297
868120166537305
868120166537313
868120166537321
868120166537339
868120166537347
868120166537354
868120166537362
868120166537370
868120166537388
868120166537396
868120166537404
868120166537412
868120166537420
868120166537438
868120166537446
868120166537453
868120166537461
868120166537479
868120166537487
868120166537495
868120166537503
868120166537511
868120166537529
868120166537537
868120166537545
868120166537552
868120166537560
868120166537578
868120166537586
868120166537594
868120166537602
868120166537610
868120166537628
868120166537636
868120166537644
868120166537651
868120166537669
868120166537677
868120166537685
868120166537693
868120166537701
868120166537719
868120166537727
868120166537735
868120166537743
868120166537750
868120166537768
868120166537776
868120166537784
868120166537792
868120166537800
868120166537818
868120166537826
868120166537834
868120166537842
868120166537859
868120166537867
868120166537875
868120166537883
868120166537891
868120166537909
868120166537917
868120166537925
868120166537933
868120166537941
868120166537958
868120166537966
868120166537974
868120166537982
868120166537990
868120166538006
868120166538014
868120166538022
868120166538030
868120166538048
868120166538055
868120166538063
868120166538071
868120166538089
868120166538097
868120166538105
868120166538113
868120166538121
868120166538139
868120166538147
868120166538154
868120166538162
868120166538170
868120166538188
868120166538196
868120166538204
868120166538212
868120166538220
868120166538238
868120166538246
868120166538253
868120166538261
868120166538279
868120166538287
868120166538295
868120166538303
868120166538311
868120166538329
868120166538337
868120166538345
868120166538352
868120166538360
868120166538378
868120166538386
868120166538394
868120166538402
868120166538410
868120166538428
868120166538436
868120166538444
868120166538451
868120166538469
868120166538477
868120166538485
868120166538493
868120166538501
868120166538519
868120166538527
868120166538535
868120166538543
868120166538550
868120166538568
868120166538576
868120166538584
868120166538592
868120166538600
868120166538618
868120166538626
868120166538634
868120166538642
868120166538659
868120166538667
868120166538675
868120166538683
868120166538691
868120166538709
868120166538717
868120166538725
868120166538733
868120166538741
868120166538758
868120166538766
868120166538774
868120166538782
868120166538790
868120166538808
868120166538816
868120166538824
868120166538832
868120166538840
868120166538857
868120166538865
868120166538873
868120166538881
868120166538899
868120166538907
868120166538915
868120166538923
868120166538931
868120166538949
868120166538956
868120166538964
868120166538972
868120166538980
868120166538998
868120166539004
868120166539012
868120166539020
868120166539038
868120166539046
868120166539053
868120166539061
868120166539079
868120166539087
868120166539095
868120166539103
868120166539111
868120166539129
868120166539137
868120166539145
868120166539152
868120166539160
868120166539178
868120166539186
868120166539194
868120166539202
868120166539210
868120166539228
868120166539236
868120166539244
868120166539251
868120166539269
868120166539277
868120166539285
868120166539293
868120166539301
868120166539319
868120166539327
868120166539335
868120166539343
868120166539350
868120166539368
868120166539376
868120166539384
868120166539392
868120166539400
868120166539418
868120166539426
868120166539434
868120166539442
868120166539459
868120166539467
868120166539475
868120166539483
868120166539491
868120166539509
868120166539517
868120166539525
868120166539533
868120166539541
868120166539558
868120166539566
868120166539574
868120166539582
868120166539590
868120166539608
868120166539616
868120166539624
868120166539632
868120166539640
868120166539657
868120166539665
868120166539673
868120166539681
868120166539699
868120166539707
868120166539715
868120166539723
868120166539731
868120166539749
868120166539756
868120166539764
868120166539772
868120166539780
868120166539798
868120166539806
868120166539814
868120166539822
868120166539830
868120166539848
868120166539855
868120166539863
868120166539871
868120166539889
868120166539897
868120166539905
868120166539913
868120166539921
868120166539939
868120166539947
868120166539954
868120166539962
868120166539970
868120166539988
868120166539996
868120166540002
868120166540010
868120166540028
868120166540036
868120166540044
868120166540051
868120166540069
868120166540077
868120166540085
868120166540093
868120166540101
868120166540119
868120166540127
868120166540135
868120166540143
868120166540150
868120166540168
868120166540176
868120166540184
868120166540192
868120166540200
868120166540218
868120166540226
868120166540234
868120166540242
868120166540259
868120166540267
868120166540275
868120166540283
868120166540291
868120166540309
868120166540317
868120166540325
868120166540333
868120166540341
868120166540358
868120166540366
868120166540374
868120166540382
868120166540390
868120166540408
868120166540416
868120166540424
868120166540432
868120166540440
868120166540457
868120166540465
868120166540473
868120166540481
868120166540499
868120166540507
868120166540515
868120166540523
868120166540531
868120166540549
868120166540556
868120166540564
868120166540572
868120166540580
868120166540598
868120166540606
868120166540614
868120166540622
868120166540630
868120166540648
868120166540655
868120166540663
868120166540671
868120166540689
868120166540697
868120166540705
868120166540713
868120166540721
868120166540739
868120166540747
868120166540754
868120166540762
868120166540770
868120166540788
868120166540796
868120166540804
868120166540812
868120166540820
868120166540838
868120166540846
868120166540853
868120166540861
868120166540879
868120166540887
868120166540895
868120166540903
868120166540911
868120166540929
868120166540937
868120166540945
868120166540952
868120166540960
868120166540978
868120166540986
868120166540994
868120166541000
868120166541018
868120166541026
868120166541034
868120166541042
868120166541059
868120166541067
868120166541075
868120166541083
868120166541091
868120166541109
868120166541117
868120166541125
868120166541133
868120166541141
868120166541158
868120166541166
868120166541174
868120166541182
868120166541190
868120166541208
868120166541216
868120166541224
868120166541232
868120166541240
868120166541257
868120166541265
868120166541273
868120166541281
868120166541299
868120166541307
868120166541315
868120166541323
868120166541331
868120166541349
868120166541356
868120166541364
868120166541372
868120166541380
868120166541398
868120166541406
868120166541414
868120166541422
868120166541430
868120166541448
868120166541455
868120166541463
868120166541471
868120166541489
868120166541497
868120166541505
868120166541513
868120166541521
868120166541539
868120166541547
868120166541554
868120166541562
868120166541570
868120166541588
868120166541596
868120166541604
868120166541612
868120166541620
868120166541638
868120166541646
868120166541653
868120166541661
868120166541679
868120166541687
868120166541695
868120166541703
868120166541711
868120166541729
868120166541737
868120166541745
868120166541752
868120166541760
868120166541778
868120166541786
868120166541794
868120166541802
868120166541810
868120166541828
868120166541836
868120166541844
868120166541851
868120166541869
868120166541877
868120166541885
868120166541893
868120166541901
868120166541919
868120166541927
868120166541935
868120166541943
868120166541950
868120166541968
868120166541976
868120166541984
868120166541992
868120166542008
868120166542016
868120166542024
868120166542032
868120166542040
868120166542057
868120166542065
868120166542073
868120166542081
868120166542099
868120166542107
868120166542115
868120166542123
868120166542131
868120166542149
868120166542156
868120166542164
868120166542172
868120166542180
868120166542198
868120166542206
868120166542214
868120166542222
868120166542230
868120166542248
868120166542255
868120166542263
868120166542271
868120166542289
868120166542297
868120166542305
868120166542313
868120166542321
868120166542339
868120166542347
868120166542354
868120166542362
868120166542370
868120166542388
868120166542396
868120166542404
868120166542412
868120166542420
868120166542438
868120166542446
868120166542453
868120166542461
868120166542479
868120166542487
868120166542495
868120166542503
868120166542511
868120166542529
868120166542537
868120166542545
868120166542552
868120166542560
868120166542578
868120166542586
868120166542594
868120166542602
868120166542610
868120166542628
868120166542636
868120166542644
868120166542651
868120166542669
868120166542677
868120166542685
868120166542693
868120166542701
868120166542719
868120166542727
868120166542735
868120166542743
868120166542750
868120166542768
868120166542776
868120166542784
868120166542792
868120166542800
868120166542818
868120166542826
868120166542834
868120166542842
868120166542859
868120166542867
868120166542875
868120166542883
868120166542891
868120166542909
868120166542917
868120166542925
868120166542933
868120166542941
868120166542958
868120166542966
868120166542974
868120166542982
868120166542990
868120166543006
868120166543014
868120166543022
868120166543030
868120166543048
868120166543055
868120166543063
868120166543071
868120166543089
868120166543097
868120166543105
868120166543113
868120166543121
868120166543139
868120166543147
868120166543154
868120166543162
868120166543170
868120166543188
868120166543196
868120166543204
868120166543212
868120166543220
868120166543238
868120166543246
868120166543253
868120166543261
868120166543279
868120166543287
868120166543295
868120166543303
868120166543311
868120166543329
868120166543337
868120166543345
868120166543352
868120166543360
868120166543378
868120166543386
868120166543394
868120166543402
868120166543410
868120166543428
868120166543436
868120166543444
868120166543451
868120166543469
868120166543477
868120166543485
868120166543493
868120166543501
868120166543519
868120166543527
868120166543535
868120166543543
868120166543550
868120166543568
868120166543576
868120166543584
868120166543592
868120166543600
868120166543618
868120166543626
868120166543634
868120166543642
868120166543659
868120166543667
868120166543675
868120166543683
868120166543691
868120166543709
868120166543717
868120166543725
868120166543733
868120166543741
868120166543758
868120166543766
868120166543774
868120166543782
868120166543790
868120166543808
868120166543816
868120166543824
868120166543832
868120166543840
868120166543857
868120166543865
868120166543873
868120166543881
868120166543899
868120166543907
868120166543915
868120166543923
868120166543931
868120166543949
868120166543956
868120166543964
868120166543972
868120166543980
868120166543998
868120166544004
868120166544012
868120166544020
868120166544038
868120166544046
868120166544053
868120166544061
868120166544079
868120166544087
868120166544095
868120166544103
868120166544111
868120166544129
868120166544137
868120166544145
868120166544152
868120166544160
868120166544178
868120166544186
868120166544194
868120166544202
868120166544210
868120166544228
868120166544236
868120166544244
868120166544251
868120166544269
868120166544277
868120166544285
868120166544293
868120166544301
868120166544319
868120166544327
868120166544335
868120166544343
868120166544350
868120166544368
868120166544376
868120166544384
868120166544392
868120166544400
868120166544418
868120166544426
868120166544434
868120166544442
868120166544459
868120166544467
868120166544475
868120166544483
868120166544491
868120166544509
868120166544517
868120166544525
868120166544533
868120166544541
868120166544558
868120166544566
868120166544574
868120166544582
868120166544590
868120166544608
868120166544616
868120166544624
868120166544632
868120166544640
868120166544657
868120166544665
868120166544673
868120166544681
868120166544699
868120166544707
868120166544715
868120166544723
868120166544731
868120166544749
868120166544756
868120166544764
868120166544772
868120166544780
868120166544798
868120166544806
868120166544814
868120166544822
868120166544830
868120166544848
868120166544855
868120166544863
868120166544871
868120166544889
868120166544897
868120166544905
868120166544913
868120166544921
868120166544939
868120166544947
868120166544954
868120166544962
868120166544970
868120166544988
868120166544996
868120166545001
868120166545019
868120166545027
868120166545035
868120166545043
868120166545050
868120166545068
868120166545076
868120166545084
868120166545092
868120166545100
868120166545118
868120166545126
868120166545134
868120166545142
868120166545159
868120166545167
868120166545175
868120166545183
868120166545191
868120166545209
868120166545217
868120166545225
868120166545233
868120166545241
868120166545258
868120166545266
868120166545274
868120166545282
868120166545290
868120166545308
868120166545316
868120166545324
868120166545332
868120166545340
868120166545357
868120166545365
868120166545373
868120166545381
868120166545399
868120166545407
868120166545415
868120166545423
868120166545431
868120166545449
868120166545456
868120166545464
868120166545472
868120166545480
868120166545498
868120166545506
868120166545514
868120166545522
868120166545530
868120166545548
868120166545555
868120166545563
868120166545571
868120166545589
868120166545597
868120166545605
868120166545613
868120166545621
868120166545639
868120166545647
868120166545654
868120166545662
868120166545670
868120166545688
868120166545696
868120166545704
868120166545712
868120166545720
868120166545738
868120166545746
868120166545753
868120166545761
868120166545779
868120166545787
868120166545795
868120166545803
868120166545811
868120166545829
868120166545837
868120166545845
868120166545852
868120166545860
868120166545878
868120166545886
868120166545894
868120166545902
868120166545910
868120166545928
868120166545936
868120166545944
868120166545951
868120166545969
868120166545977
868120166545985
868120166545993
868120166546009
868120166546017
868120166546025
868120166546033
868120166546041
868120166546058
868120166546066
868120166546074
868120166546082
868120166546090
868120166546108
868120166546116
868120166546124
868120166546132
868120166546140
868120166546157
868120166546165
868120166546173
868120166546181
868120166546199
868120166546207
868120166546215
868120166546223
868120166546231
868120166546249
868120166546256
868120166546264
868120166546272
868120166546280
868120166546298
868120166546306
868120166546314
868120166546322
868120166546330
868120166546348
868120166546355
868120166546363
868120166546371
868120166546389
868120166546397
868120166546405
868120166546413
868120166546421
868120166546439
868120166546447
868120166546454
868120166546462
868120166546470
868120166546488
868120166546496
868120166546504
868120166546512
868120166546520
868120166546538
868120166546546
868120166546553
868120166546561
868120166546579
868120166546587
868120166546595
868120166546603
868120166546611
868120166546629
868120166546637
868120166546645
868120166546652
868120166546660
868120166546678
868120166546686
868120166546694
868120166546702
868120166546710
868120166546728
868120166546736
868120166546744
868120166546751
868120166546769
868120166546777
868120166546785
868120166546793
868120166546801
868120166546819
868120166546827
868120166546835
868120166546843
868120166546850
868120166546868
868120166546876
868120166546884
868120166546892
868120166546900
868120166546918
868120166546926
868120166546934
868120166546942
868120166546959
868120166546967
868120166546975
868120166546983
868120166546991
868120166547007
868120166547015
868120166547023
868120166547031
868120166547049
868120166547056
868120166547064
868120166547072
868120166547080
868120166547098
868120166547106
868120166547114
868120166547122
868120166547130
868120166547148
868120166547155
868120166547163
868120166547171
868120166547189
868120166547197
868120166547205
868120166547213
868120166547221
868120166547239
868120166547247
868120166547254
868120166547262
868120166547270
868120166547288
868120166547296
868120166547304
868120166547312
868120166547320
868120166547338
868120166547346
868120166547353
868120166547361
868120166547379
868120166547387
868120166547395
868120166547403
868120166547411
868120166547429
868120166547437
868120166547445
868120166547452
868120166547460
868120166547478
868120166547486
868120166547494
868120166547502
868120166547510
868120166547528
868120166547536
868120166547544
868120166547551
868120166547569
868120166547577
868120166547585
868120166547593
868120166547601
868120166547619
868120166547627
868120166547635
868120166547643
868120166547650
868120166547668
868120166547676
868120166547684
868120166547692
868120166547700
868120166547718
868120166547726
868120166547734
868120166547742
868120166547759
868120166547767
868120166547775
868120166547783
868120166547791
868120166547809
868120166547817
868120166547825
868120166547833
868120166547841
868120166547858
868120166547866
868120166547874
868120166547882
868120166547890
868120166547908
868120166547916
868120166547924
868120166547932
868120166547940
868120166547957
868120166547965
868120166547973
868120166547981
868120166547999
868120166548005
868120166548013
868120166548021
868120166548039
868120166548047
868120166548054
868120166548062
868120166548070
868120166548088
868120166548096
868120166548104
868120166548112
868120166548120
868120166548138
868120166548146
868120166548153
868120166548161
868120166548179
868120166548187
868120166548195
868120166548203
868120166548211
868120166548229
868120166548237
868120166548245
868120166548252
868120166548260
868120166548278
868120166548286
868120166548294
868120166548302
868120166548310
868120166548328
868120166548336
868120166548344
868120166548351
868120166548369
868120166548377
868120166548385
868120166548393
868120166548401
868120166548419
868120166548427
868120166548435
868120166548443
868120166548450
868120166548468
868120166548476
868120166548484
868120166548492
868120166548500
868120166548518
868120166548526
868120166548534
868120166548542
868120166548559
868120166548567
868120166548575
868120166548583
868120166548591
868120166548609
868120166548617
868120166548625
868120166548633
868120166548641
868120166548658
868120166548666
868120166548674
868120166548682
868120166548690
868120166548708
868120166548716
868120166548724
868120166548732
868120166548740
868120166548757
868120166548765
868120166548773
868120166548781
868120166548799
868120166548807
868120166548815
868120166548823
868120166548831
868120166548849
868120166548856
868120166548864
868120166548872
868120166548880
868120166548898
868120166548906
868120166548914
868120166548922
868120166548930
868120166548948
868120166548955
868120166548963
868120166548971
868120166548989
868120166548997
868120166549003
868120166549011
868120166549029
868120166549037
868120166549045
868120166549052
868120166549060
868120166549078
868120166549086
868120166549094
868120166549102
868120166549110
868120166549128
868120166549136
868120166549144
868120166549151
868120166549169
868120166549177
868120166549185
868120166549193
868120166549201
868120166549219
868120166549227
868120166549235
868120166549243
868120166549250
868120166549268
868120166549276
868120166549284
868120166549292
868120166549300
868120166549318
868120166549326
868120166549334
868120166549342
868120166549359
868120166549367
868120166549375
868120166549383
868120166549391
868120166549409
868120166549417
868120166549425
868120166549433
868120166549441
868120166549458
868120166549466
868120166549474
868120166549482
868120166549490
868120166549508
868120166549516
868120166549524
868120166549532
868120166549540
868120166549557
868120166549565
868120166549573
868120166549581
868120166549599
868120166549607
868120166549615
868120166549623
868120166549631
868120166549649
868120166549656
868120166549664
868120166549672
868120166549680
868120166549698
868120166549706
868120166549714
868120166549722
868120166549730
868120166549748
868120166549755
868120166549763
868120166549771
868120166549789
868120166549797
868120166549805
868120166549813
868120166549821
868120166549839
868120166549847
868120166549854
868120166549862
868120166549870
868120166549888
868120166549896
868120166549904
868120166549912
868120166549920
868120166549938
868120166549946
868120166549953
868120166549961
868120166549979
868120166549987
868120166549995
868120166550001
868120166550019
868120166550027
868120166550035
868120166550043
868120166550050
868120166550068
868120166550076
868120166550084
868120166550092
868120166550100
868120166550118
868120166550126
868120166550134
868120166550142
868120166550159
868120166550167
868120166550175
868120166550183
868120166550191
868120166550209
868120166550217
868120166550225
868120166550233
868120166550241
868120166550258
868120166550266
868120166550274
868120166550282
868120166550290
868120166550308
868120166550316
868120166550324
868120166550332
868120166550340
868120166550357
868120166550365
868120166550373
868120166550381
868120166550399
868120166550407
868120166550415
868120166550423
868120166550431
868120166550449
868120166550456
868120166550464
868120166550472
868120166550480
868120166550498
868120166550506
868120166550514
868120166550522
868120166550530
868120166550548
868120166550555
868120166550563
868120166550571
868120166550589
868120166550597
868120166550605
868120166550613
868120166550621
868120166550639
868120166550647
868120166550654
868120166550662
868120166550670
868120166550688
868120166550696
868120166550704
868120166550712
868120166550720
868120166550738
868120166550746
868120166550753
868120166550761
868120166550779
868120166550787
868120166550795
868120166550803
868120166550811
868120166550829
868120166550837
868120166550845
868120166550852
868120166550860
868120166550878
868120166550886
868120166550894
868120166550902
868120166550910
868120166550928
868120166550936
868120166550944
868120166550951
868120166550969
868120166550977
868120166550985
868120166550993
868120166551009
868120166551017
868120166551025
868120166551033
868120166551041
868120166551058
868120166551066
868120166551074
868120166551082
868120166551090
868120166551108
868120166551116
868120166551124
868120166551132
868120166551140
868120166551157
868120166551165
868120166551173
868120166551181
868120166551199
868120166551207
868120166551215
868120166551223
868120166551231
868120166551249
868120166551256
868120166551264
868120166551272
868120166551280
868120166551298
868120166551306
868120166551314
868120166551322
868120166551330
868120166551348
868120166551355
868120166551363
868120166551371
868120166551389
868120166551397
868120166551405
868120166551413
868120166551421
868120166551439
868120166551447
868120166551454
868120166551462
868120166551470
868120166551488
868120166551496
868120166551504
868120166551512
868120166551520
868120166551538
868120166551546
868120166551553
868120166551561
868120166551579
868120166551587
868120166551595
868120166551603
868120166551611
868120166551629
868120166551637
868120166551645
868120166551652
868120166551660
868120166551678
868120166551686
868120166551694
868120166551702
868120166551710
868120166551728
868120166551736
868120166551744
868120166551751
868120166551769
868120166551777
868120166551785
868120166551793
868120166551801
868120166551819
868120166551827
868120166551835
868120166551843
868120166551850
868120166551868
868120166551876
868120166551884
868120166551892
868120166551900
868120166551918
868120166551926
868120166551934
868120166551942
868120166551959
868120166551967
868120166551975
868120166551983
868120166551991
868120166552007
868120166552015
868120166552023
868120166552031
868120166552049
868120166552056
868120166552064
868120166552072
868120166552080
868120166552098
868120166552106
868120166552114
868120166552122
868120166552130
868120166552148
868120166552155
868120166552163
868120166552171
868120166552189
868120166552197
868120166552205
868120166552213
868120166552221
868120166552239
868120166552247
868120166552254
868120166552262
868120166552270
868120166552288
868120166552296
868120166552304
868120166552312
868120166552320
868120166552338
868120166552346
868120166552353
868120166552361
868120166552379
868120166552387
868120166552395
868120166552403
868120166552411
868120166552429
868120166552437
868120166552445
868120166552452
868120166552460
868120166552478
868120166552486
868120166552494
868120166552502
868120166552510
868120166552528
868120166552536
868120166552544
868120166552551
868120166552569
868120166552577
868120166552585
868120166552593
868120166552601
868120166552619
868120166552627
868120166552635
868120166552643
868120166552650
868120166552668
868120166552676
868120166552684
868120166552692
868120166552700
868120166552718
868120166552726
868120166552734
868120166552742
868120166552759
868120166552767
868120166552775
868120166552783
868120166552791
868120166552809
868120166552817
868120166552825
868120166552833
868120166552841
868120166552858
868120166552866
868120166552874
868120166552882
868120166552890
868120166552908
868120166552916
868120166552924
868120166552932
868120166552940
868120166552957
868120166552965
868120166552973
868120166552981
868120166552999
868120166553005
868120166553013
868120166553021
868120166553039
868120166553047
868120166553054
868120166553062
868120166553070
868120166553088
868120166553096
868120166553104
868120166553112
868120166553120
868120166553138
868120166553146
868120166553153
868120166553161
868120166553179
868120166553187
868120166553195
868120166553203
868120166553211
868120166553229
868120166553237
868120166553245
868120166553252
868120166553260
868120166553278
868120166553286
868120166553294
868120166553302
868120166553310
868120166553328
868120166553336
868120166553344
868120166553351
868120166553369
868120166553377
868120166553385
868120166553393
868120166553401
868120166553419
868120166553427
868120166553435
868120166553443
868120166553450
868120166553468
868120166553476
868120166553484
868120166553492
868120166553500
868120166553518
868120166553526
868120166553534
868120166553542
868120166553559
868120166553567
868120166553575
868120166553583
868120166553591
868120166553609
868120166553617
868120166553625
868120166553633
868120166553641
868120166553658
868120166553666
868120166553674
868120166553682
868120166553690
868120166553708
868120166553716
868120166553724
868120166553732
868120166553740
868120166553757
868120166553765
868120166553773
868120166553781
868120166553799
868120166553807
868120166553815
868120166553823
868120166553831
868120166553849
868120166553856
868120166553864
868120166553872
868120166553880
868120166553898
868120166553906
868120166553914
868120166553922
868120166553930
868120166553948
868120166553955
868120166553963
868120166553971
868120166553989
868120166553997
868120166554003
868120166554011
868120166554029
868120166554037
868120166554045
868120166554052
868120166554060
868120166554078
868120166554086
868120166554094
868120166554102
868120166554110
868120166554128
868120166554136
868120166554144
868120166554151
868120166554169
868120166554177
868120166554185
868120166554193
868120166554201
868120166554219
868120166554227
868120166554235
868120166554243
868120166554250
868120166554268
868120166554276
868120166554284
868120166554292
868120166554300
868120166554318
868120166554326
868120166554334
868120166554342
868120166554359
868120166554367
868120166554375
868120166554383
868120166554391
868120166554409
868120166554417
868120166554425
868120166554433
868120166554441
868120166554458
868120166554466
868120166554474
868120166554482
868120166554490
868120166554508
868120166554516
868120166554524
868120166554532
868120166554540
868120166554557
868120166554565
868120166554573
868120166554581
868120166554599
868120166554607
868120166554615
868120166554623
868120166554631
868120166554649
868120166554656
868120166554664
868120166554672
868120166554680
868120166554698
868120166554706
868120166554714
868120166554722
868120166554730
868120166554748
868120166554755
868120166554763
868120166554771
868120166554789
868120166554797
868120166554805
868120166554813
868120166554821
868120166554839
868120166554847
868120166554854
868120166554862
868120166554870
868120166554888
868120166554896
868120166554904
868120166554912
868120166554920
868120166554938
868120166554946
868120166554953
868120166554961
868120166554979
868120166554987
868120166554995
868120166555000
868120166555018
868120166555026
868120166555034
868120166555042
868120166555059
868120166555067
868120166555075
868120166555083
868120166555091
868120166555109
868120166555117
868120166555125
868120166555133
868120166555141
868120166555158
868120166555166
868120166555174
868120166555182
868120166555190
868120166555208
868120166555216
868120166555224
868120166555232
868120166555240
868120166555257
868120166555265
868120166555273
868120166555281
868120166555299
868120166555307
868120166555315
868120166555323
868120166555331
868120166555349
868120166555356
868120166555364
868120166555372
868120166555380
868120166555398
868120166555406
868120166555414
868120166555422
868120166555430
868120166555448
868120166555455
868120166555463
868120166555471
868120166555489
868120166555497
868120166555505
868120166555513
868120166555521
868120166555539
868120166555547
868120166555554
868120166555562
868120166555570
868120166555588
868120166555596
868120166555604
868120166555612
868120166555620
868120166555638
868120166555646
868120166555653
868120166555661
868120166555679
868120166555687
868120166555695
868120166555703
868120166555711
868120166555729
868120166555737
868120166555745
868120166555752
868120166555760
868120166555778
868120166555786
868120166555794
868120166555802
868120166555810
868120166555828
868120166555836
868120166555844
868120166555851
868120166555869
868120166555877
868120166555885
868120166555893
868120166555901
868120166555919
868120166555927
868120166555935
868120166555943
868120166555950
868120166555968
868120166555976
868120166555984
868120166555992
868120166556008
868120166556016
868120166556024
868120166556032
868120166556040
868120166556057
868120166556065
868120166556073
868120166556081
868120166556099
868120166556107
868120166556115
868120166556123
868120166556131
868120166556149
868120166556156
868120166556164
868120166556172
868120166556180
868120166556198
868120166556206
868120166556214
868120166556222
868120166556230
868120166556248
868120166556255
868120166556263
868120166556271
868120166556289
868120166556297
868120166556305
868120166556313
868120166556321
868120166556339
868120166556347
868120166556354
868120166556362
868120166556370
868120166556388
868120166556396
868120166556404
868120166556412
868120166556420
868120166556438
868120166556446
868120166556453
868120166556461
868120166556479
868120166556487
868120166556495
868120166556503
868120166556511
868120166556529
868120166556537
868120166556545
868120166556552
868120166556560
868120166556578
868120166556586
868120166556594
868120166556602
868120166556610
868120166556628
868120166556636
868120166556644
868120166556651
868120166556669
868120166556677
868120166556685
868120166556693
868120166556701
868120166556719
868120166556727
868120166556735
868120166556743
868120166556750
868120166556768
868120166556776
868120166556784
868120166556792
868120166556800
868120166556818
868120166556826
868120166556834
868120166556842
868120166556859
868120166556867
868120166556875
868120166556883
868120166556891
868120166556909
868120166556917
868120166556925
868120166556933
868120166556941
868120166556958
868120166556966
868120166556974
868120166556982
868120166556990
868120166557006
868120166557014
868120166557022
868120166557030
868120166557048
868120166557055
868120166557063
868120166557071
868120166557089
868120166557097
868120166557105
868120166557113
868120166557121
868120166557139
868120166557147
868120166557154
868120166557162
868120166557170
868120166557188
868120166557196
868120166557204
868120166557212
868120166557220
868120166557238
868120166557246
868120166557253
868120166557261
868120166557279
868120166557287
868120166557295
868120166557303
868120166557311
868120166557329
868120166557337
868120166557345
868120166557352
868120166557360
868120166557378
868120166557386
868120166557394
868120166557402
868120166557410
868120166557428
868120166557436
868120166557444
868120166557451
868120166557469
868120166557477
868120166557485
868120166557493
868120166557501
868120166557519
868120166557527
868120166557535
868120166557543
868120166557550
868120166557568
868120166557576
868120166557584
868120166557592
868120166557600
868120166557618
868120166557626
868120166557634
868120166557642
868120166557659
868120166557667
868120166557675
868120166557683
868120166557691
868120166557709
868120166557717
868120166557725
868120166557733
868120166557741
868120166557758
868120166557766
868120166557774
868120166557782
868120166557790
868120166557808
868120166557816
868120166557824
868120166557832
868120166557840
868120166557857
868120166557865
868120166557873
868120166557881
868120166557899
868120166557907
868120166557915
868120166557923
868120166557931
868120166557949
868120166557956
868120166557964
868120166557972
868120166557980
868120166557998
868120166558004
868120166558012
868120166558020
868120166558038
868120166558046
868120166558053
868120166558061
868120166558079
868120166558087
868120166558095
868120166558103
868120166558111
868120166558129
868120166558137
868120166558145
868120166558152
868120166558160
868120166558178
868120166558186
868120166558194
868120166558202
868120166558210
868120166558228
868120166558236
868120166558244
868120166558251
868120166558269
868120166558277
868120166558285
868120166558293
868120166558301
868120166558319
868120166558327
868120166558335
868120166558343
868120166558350
868120166558368
868120166558376
868120166558384
868120166558392
868120166558400
868120166558418
868120166558426
868120166558434
868120166558442
868120166558459
868120166558467
868120166558475
868120166558483
868120166558491
868120166558509
868120166558517
868120166558525
868120166558533
868120166558541
868120166558558
868120166558566
868120166558574
868120166558582
868120166558590
868120166558608
868120166558616
868120166558624
868120166558632
868120166558640
868120166558657
868120166558665
868120166558673
868120166558681
868120166558699
868120166558707
868120166558715
868120166558723
868120166558731
868120166558749
868120166558756
868120166558764
868120166558772
868120166558780
868120166558798
868120166558806
868120166558814
868120166558822
868120166558830
868120166558848
868120166558855
868120166558863
868120166558871
868120166558889
868120166558897
868120166558905
868120166558913
868120166558921
868120166558939
868120166558947
868120166558954
868120166558962
868120166558970
868120166558988
868120166558996
868120166559002
868120166559010
868120166559028
868120166559036
868120166559044
868120166559051
868120166559069
868120166559077
868120166559085
868120166559093
868120166559101
868120166559119
868120166559127
868120166559135
868120166559143
868120166559150
868120166559168
868120166559176
868120166559184
868120166559192
868120166559200
868120166559218
868120166559226
868120166559234
868120166559242
868120166559259
868120166559267
868120166559275
868120166559283
868120166559291
868120166559309
868120166559317
868120166559325
868120166559333
868120166559341
868120166559358
868120166559366
868120166559374
868120166559382
868120166559390
868120166559408
868120166559416
868120166559424
868120166559432
868120166559440
868120166559457
868120166559465
868120166559473
868120166559481
868120166559499
868120166559507
868120166559515
868120166559523
868120166559531
868120166559549
868120166559556
868120166559564
868120166559572
868120166559580
868120166559598
868120166559606
868120166559614
868120166559622
868120166559630
868120166559648
868120166559655
868120166559663
868120166559671
868120166559689
868120166559697
868120166559705
868120166559713
868120166559721
868120166559739
868120166559747
868120166559754
868120166559762
868120166559770
868120166559788
868120166559796
868120166559804
868120166559812
868120166559820
868120166559838
868120166559846
868120166559853
868120166559861
868120166559879
868120166559887
868120166559895
868120166559903
868120166559911
868120166559929
868120166559937
868120166559945
868120166559952
868120166559960
868120166559978
868120166559986
868120166559994
868120166560000
868120166560018
868120166560026
868120166560034
868120166560042
868120166560059
868120166560067
868120166560075
868120166560083
868120166560091
868120166560109
868120166560117
868120166560125
868120166560133
868120166560141
868120166560158
868120166560166
868120166560174
868120166560182
868120166560190
868120166560208
868120166560216
868120166560224
868120166560232
868120166560240
868120166560257
868120166560265
868120166560273
868120166560281
868120166560299
868120166560307
868120166560315
868120166560323
868120166560331
868120166560349
868120166560356
868120166560364
868120166560372
868120166560380
868120166560398
868120166560406
868120166560414
868120166560422
868120166560430
868120166560448
868120166560455
868120166560463
868120166560471
868120166560489
868120166560497
868120166560505
868120166560513
868120166560521
868120166560539
868120166560547
868120166560554
868120166560562
868120166560570
868120166560588
868120166560596
868120166560604
868120166560612
868120166560620
868120166560638
868120166560646
868120166560653
868120166560661
868120166560679
868120166560687
868120166560695
868120166560703
868120166560711
868120166560729
868120166560737
868120166560745
868120166560752
868120166560760
868120166560778
868120166560786
868120166560794
868120166560802
868120166560810
868120166560828
868120166560836
868120166560844
868120166560851
868120166560869
868120166560877
868120166560885
868120166560893
868120166560901
868120166560919
868120166560927
868120166560935
868120166560943
868120166560950
868120166560968
868120166560976
868120166560984
868120166560992
868120166561008
868120166561016
868120166561024
868120166561032
868120166561040
868120166561057
868120166561065
868120166561073
868120166561081
868120166561099
868120166561107
868120166561115
868120166561123
868120166561131
868120166561149
868120166561156
868120166561164
868120166561172
868120166561180
868120166561198
868120166561206
868120166561214
868120166561222
868120166561230
868120166561248
868120166561255
868120166561263
868120166561271
868120166561289
868120166561297
868120166561305
868120166561313
868120166561321
868120166561339
868120166561347
868120166561354
868120166561362
868120166561370
868120166561388
868120166561396
868120166561404
868120166561412
868120166561420
868120166561438
868120166561446
868120166561453
868120166561461
868120166561479
868120166561487
868120166561495
868120166561503
868120166561511
868120166561529
868120166561537
868120166561545
868120166561552
868120166561560
868120166561578
868120166561586
868120166561594
868120166561602
868120166561610
868120166561628
868120166561636
868120166561644
868120166561651
868120166561669
868120166561677
868120166561685
868120166561693
868120166561701
868120166561719
868120166561727
868120166561735
868120166561743
868120166561750
868120166561768
868120166561776
868120166561784
868120166561792
868120166561800
868120166561818
868120166561826
868120166561834
868120166561842
868120166561859
868120166561867
868120166561875
868120166561883
868120166561891
868120166561909
868120166561917
868120166561925
868120166561933
868120166561941
868120166561958
868120166561966
868120166561974
868120166561982
868120166561990
868120166562006
868120166562014
868120166562022
868120166562030
868120166562048
868120166562055
868120166562063
868120166562071
868120166562089
868120166562097
868120166562105
868120166562113
868120166562121
868120166562139
868120166562147
868120166562154
868120166562162
868120166562170
868120166562188
868120166562196
868120166562204
868120166562212
868120166562220
868120166562238
868120166562246
868120166562253
868120166562261
868120166562279
868120166562287
868120166562295
868120166562303
868120166562311
868120166562329
868120166562337
868120166562345
868120166562352
868120166562360
868120166562378
868120166562386
868120166562394
868120166562402
868120166562410
868120166562428
868120166562436
868120166562444
868120166562451
868120166562469
868120166562477
868120166562485
868120166562493
868120166562501
868120166562519
868120166562527
868120166562535
868120166562543
868120166562550
868120166562568
868120166562576
868120166562584
868120166562592
868120166562600
868120166562618
868120166562626
868120166562634
868120166562642
868120166562659
868120166562667
868120166562675
868120166562683
868120166562691
868120166562709
868120166562717
868120166562725
868120166562733
868120166562741
868120166562758
868120166562766
868120166562774
868120166562782
868120166562790
868120166562808
868120166562816
868120166562824
868120166562832
868120166562840
868120166562857
868120166562865
868120166562873
868120166562881
868120166562899
868120166562907
868120166562915
868120166562923
868120166562931
868120166562949
868120166562956
868120166562964
868120166562972
868120166562980
868120166562998
868120166563004
868120166563012
868120166563020
868120166563038
868120166563046
868120166563053
868120166563061
868120166563079
868120166563087
868120166563095
868120166563103
868120166563111
868120166563129
868120166563137
868120166563145
868120166563152
868120166563160
868120166563178
868120166563186
868120166563194
868120166563202
868120166563210
868120166563228
868120166563236
868120166563244
868120166563251
868120166563269
868120166563277
868120166563285
868120166563293
868120166563301
868120166563319
868120166563327
868120166563335
868120166563343
868120166563350
868120166563368
868120166563376
868120166563384
868120166563392
868120166563400
868120166563418
868120166563426
868120166563434
868120166563442
868120166563459
868120166563467
868120166563475
868120166563483
868120166563491
868120166563509
868120166563517
868120166563525
868120166563533
868120166563541
868120166563558
868120166563566
868120166563574
868120166563582
868120166563590
868120166563608
868120166563616
868120166563624
868120166563632
868120166563640
868120166563657
868120166563665
868120166563673
868120166563681
868120166563699
868120166563707
868120166563715
868120166563723
868120166563731
868120166563749
868120166563756
868120166563764
868120166563772
868120166563780
868120166563798
868120166563806
868120166563814
868120166563822
868120166563830
868120166563848
868120166563855
868120166563863
868120166563871
868120166563889
868120166563897
868120166563905
868120166563913
868120166563921
868120166563939
868120166563947
868120166563954
868120166563962
868120166563970
868120166563988
868120166563996
868120166564002
868120166564010
868120166564028
868120166564036
868120166564044
868120166564051
868120166564069
868120166564077
868120166564085
868120166564093
868120166564101
868120166564119
868120166564127
868120166564135
868120166564143
868120166564150
868120166564168
868120166564176
868120166564184
868120166564192
868120166564200
868120166564218
868120166564226
868120166564234
868120166564242
868120166564259
868120166564267
868120166564275
868120166564283
868120166564291
868120166564309
868120166564317
868120166564325
868120166564333
868120166564341
868120166564358
868120166564366
868120166564374
868120166564382
868120166564390
868120166564408
868120166564416
868120166564424
868120166564432
868120166564440
868120166564457
868120166564465
868120166564473
868120166564481
868120166564499
868120166564507
868120166564515
868120166564523
868120166564531
868120166564549
868120166564556
868120166564564
868120166564572
868120166564580
868120166564598
868120166564606
868120166564614
868120166564622
868120166564630
868120166564648
868120166564655
868120166564663
868120166564671
868120166564689
868120166564697
868120166564705
868120166564713
868120166564721
868120166564739
868120166564747
868120166564754
868120166564762
868120166564770
868120166564788
868120166564796
868120166564804
868120166564812
868120166564820
868120166564838
868120166564846
868120166564853
868120166564861
868120166564879
868120166564887
868120166564895
868120166564903
868120166564911
868120166564929
868120166564937
868120166564945
868120166564952
868120166564960
868120166564978
868120166564986
868120166564994
868120166565009
868120166565017
868120166565025
868120166565033
868120166565041
868120166565058
868120166565066
868120166565074
868120166565082
868120166565090
868120166565108
868120166565116
868120166565124
868120166565132
868120166565140
868120166565157
868120166565165
868120166565173
868120166565181
868120166565199
868120166565207
868120166565215
868120166565223
868120166565231
868120166565249
868120166565256
868120166565264
868120166565272
868120166565280
868120166565298
868120166565306
868120166565314
868120166565322
868120166565330
868120166565348
868120166565355
868120166565363
868120166565371
868120166565389
868120166565397
868120166565405
868120166565413
868120166565421
868120166565439
868120166565447
868120166565454
868120166565462
868120166565470
868120166565488
868120166565496
868120166565504
868120166565512
868120166565520
868120166565538
868120166565546
868120166565553
868120166565561
868120166565579
868120166565587
868120166565595
868120166565603
868120166565611
868120166565629
868120166565637
868120166565645
868120166565652
868120166565660
868120166565678
868120166565686
868120166565694
868120166565702
868120166565710
868120166565728
868120166565736
868120166565744
868120166565751
868120166565769
868120166565777
868120166565785
868120166565793
868120166565801
868120166565819
868120166565827
868120166565835
868120166565843
868120166565850
868120166565868
868120166565876
868120166565884
868120166565892
868120166565900
868120166565918
868120166565926
868120166565934
868120166565942
868120166565959
868120166565967
868120166565975
868120166565983
868120166565991
868120166566007
868120166566015
868120166566023
868120166566031
868120166566049
868120166566056
868120166566064
868120166566072
868120166566080
868120166566098
868120166566106
868120166566114
868120166566122
868120166566130
868120166566148
868120166566155
868120166566163
868120166566171
868120166566189
868120166566197
868120166566205
868120166566213
868120166566221
868120166566239
868120166566247
868120166566254
868120166566262
868120166566270
868120166566288
868120166566296
868120166566304
868120166566312
868120166566320
868120166566338
868120166566346
868120166566353
868120166566361
868120166566379
868120166566387
868120166566395
868120166566403
868120166566411
868120166566429
868120166566437
868120166566445
868120166566452
868120166566460
868120166566478
868120166566486
868120166566494
868120166566502
868120166566510
868120166566528
868120166566536
868120166566544
868120166566551
868120166566569
868120166566577
868120166566585
868120166566593
868120166566601
868120166566619
868120166566627
868120166566635
868120166566643
868120166566650
868120166566668
868120166566676
868120166566684
868120166566692
868120166566700
868120166566718
868120166566726
868120166566734
868120166566742
868120166566759
868120166566767
868120166566775
868120166566783
868120166566791
868120166566809
868120166566817
868120166566825
868120166566833
868120166566841
868120166566858
868120166566866
868120166566874
868120166566882
868120166566890
868120166566908
868120166566916
868120166566924
868120166566932
868120166566940
868120166566957
868120166566965
868120166566973
868120166566981
868120166566999
868120166567005
868120166567013
868120166567021
868120166567039
868120166567047
868120166567054
868120166567062
868120166567070
868120166567088
868120166567096
868120166567104
868120166567112
868120166567120
868120166567138
868120166567146
868120166567153
868120166567161
868120166567179
868120166567187
868120166567195
868120166567203
868120166567211
868120166567229
868120166567237
868120166567245
868120166567252
868120166567260
868120166567278
868120166567286
868120166567294
868120166567302
868120166567310
868120166567328
868120166567336
868120166567344
868120166567351
868120166567369
868120166567377
868120166567385
868120166567393
868120166567401
868120166567419
868120166567427
868120166567435
868120166567443
868120166567450
868120166567468
868120166567476
868120166567484
868120166567492
868120166567500
868120166567518
868120166567526
868120166567534
868120166567542
868120166567559
868120166567567
868120166567575
868120166567583
868120166567591
868120166567609
868120166567617
868120166567625
868120166567633
868120166567641
868120166567658
868120166567666
868120166567674
868120166567682
868120166567690
868120166567708
868120166567716
868120166567724
868120166567732
868120166567740
868120166567757
868120166567765
868120166567773
868120166567781
868120166567799
868120166567807
868120166567815
868120166567823
868120166567831
868120166567849
868120166567856
868120166567864
868120166567872
868120166567880
868120166567898
868120166567906
868120166567914
868120166567922
868120166567930
868120166567948
868120166567955
868120166567963
868120166567971
868120166567989
868120166567997
868120166568003
868120166568011
868120166568029
868120166568037
868120166568045
868120166568052
868120166568060
868120166568078
868120166568086
868120166568094
868120166568102
868120166568110
868120166568128
868120166568136
868120166568144
868120166568151
868120166568169
868120166568177
868120166568185
868120166568193
868120166568201
868120166568219
868120166568227
868120166568235
868120166568243
868120166568250
868120166568268
868120166568276
868120166568284
868120166568292
868120166568300
868120166568318
868120166568326
868120166568334
