868120167094348
868120167094355
868120167094363
868120167094371
868120167094389
868120167094397
868120167094405
868120167094413
868120167094421
868120167094439
868120167094447
868120167094454
868120167094462
868120167094470
868120167094488
868120167094496
868120167094504
868120167094512
868120167094520
868120167094538
868120167094546
868120167094553
868120167094561
868120167094579
868120167094587
868120167094595
868120167094603
868120167094611
868120167094629
868120167094637
868120167094645
868120167094652
868120167094660
868120167094678
868120167094686
868120167094694
868120167094702
868120167094710
868120167094728
868120167094736
868120167094744
868120167094751
868120167094769
868120167094777
868120167094785
868120167094793
868120167094801
868120167094819
868120167094827
868120167094835
868120167094843
868120167094850
868120167094868
868120167094876
868120167094884
868120167094892
868120167094900
868120167094918
868120167094926
868120167094934
868120167094942
868120167094959
868120167094967
868120167094975
868120167094983
868120167094991
868120167095006
868120167095014
868120167095022
868120167095030
868120167095048
868120167095055
868120167095063
868120167095071
868120167095089
868120167095097
868120167095105
868120167095113
868120167095121
868120167095139
868120167095147
868120167095154
868120167095162
868120167095170
868120167095188
868120167095196
868120167095204
868120167095212
868120167095220
868120167095238
868120167095246
868120167095253
868120167095261
868120167095279
868120167095287
868120167095295
868120167095303
868120167095311
868120167095329
868120167095337
868120167095345
868120167095352
868120167095360
868120167095378
868120167095386
868120167095394
868120167095402
868120167095410
868120167095428
868120167095436
868120167095444
868120167095451
868120167095469
868120167095477
868120167095485
868120167095493
868120167095501
868120167095519
868120167095527
868120167095535
868120167095543
868120167095550
868120167095568
868120167095576
868120167095584
868120167095592
868120167095600
868120167095618
868120167095626
868120167095634
868120167095642
868120167095659
868120167095667
868120167095675
868120167095683
868120167095691
868120167095709
868120167095717
868120167095725
868120167095733
868120167095741
868120167095758
868120167095766
868120167095774
868120167095782
868120167095790
868120167095808
868120167095816
868120167095824
868120167095832
868120167095840
868120167095857
868120167095865
868120167095873
868120167095881
868120167095899
868120167095907
868120167095915
868120167095923
868120167095931
868120167095949
868120167095956
868120167095964
868120167095972
868120167095980
868120167095998
868120167096004
868120167096012
868120167096020
868120167096038
868120167096046
868120167096053
868120167096061
868120167096079
868120167096087
868120167096095
868120167096103
868120167096111
868120167096129
868120167096137
868120167096145
868120167096152
868120167096160
868120167096178
868120167096186
868120167096194
868120167096202
868120167096210
868120167096228
868120167096236
868120167096244
868120167096251
868120167096269
868120167096277
868120167096285
868120167096293
868120167096301
868120167096319
868120167096327
868120167096335
868120167096343
868120167096350
868120167096368
868120167096376
868120167096384
868120167096392
868120167096400
868120167096418
868120167096426
868120167096434
868120167096442
868120167096459
868120167096467
868120167096475
868120167096483
868120167096491
868120167096509
868120167096517
868120167096525
868120167096533
868120167096541
868120167096558
868120167096566
868120167096574
868120167096582
868120167096590
868120167096608
868120167096616
868120167096624
868120167096632
868120167096640
868120167096657
868120167096665
868120167096673
868120167096681
868120167096699
868120167096707
868120167096715
868120167096723
868120167096731
868120167096749
868120167096756
868120167096764
868120167096772
868120167096780
868120167096798
868120167096806
868120167096814
868120167096822
868120167096830
868120167096848
868120167096855
868120167096863
868120167096871
868120167096889
868120167096897
868120167096905
868120167096913
868120167096921
868120167096939
868120167096947
868120167096954
868120167096962
868120167096970
868120167096988
868120167096996
868120167097002
868120167097010
868120167097028
868120167097036
868120167097044
868120167097051
868120167097069
868120167097077
868120167097085
868120167097093
868120167097101
868120167097119
868120167097127
868120167097135
868120167097143
868120167097150
868120167097168
868120167097176
868120167097184
868120167097192
868120167097200
868120167097218
868120167097226
868120167097234
868120167097242
868120167097259
868120167097267
868120167097275
868120167097283
868120167097291
868120167097309
868120167097317
868120167097325
868120167097333
868120167097341
868120167097358
868120167097366
868120167097374
868120167097382
868120167097390
868120167097408
868120167097416
868120167097424
868120167097432
868120167097440
868120167097457
868120167097465
868120167097473
868120167097481
868120167097499
868120167097507
868120167097515
868120167097523
868120167097531
868120167097549
868120167097556
868120167097564
868120167097572
868120167097580
868120167097598
868120167097606
868120167097614
868120167097622
868120167097630
868120167097648
868120167097655
868120167097663
868120167097671
868120167097689
868120167097697
868120167097705
868120167097713
868120167097721
868120167097739
868120167097747
868120167097754
868120167097762
868120167097770
868120167097788
868120167097796
868120167097804
868120167097812
868120167097820
868120167097838
868120167097846
868120167097853
868120167097861
868120167097879
868120167097887
868120167097895
868120167097903
868120167097911
868120167097929
868120167097937
868120167097945
868120167097952
868120167097960
868120167097978
868120167097986
868120167097994
868120167098000
868120167098018
868120167098026
868120167098034
868120167098042
868120167098059
868120167098067
868120167098075
868120167098083
868120167098091
868120167098109
868120167098117
868120167098125
868120167098133
868120167098141
868120167098158
868120167098166
868120167098174
868120167098182
868120167098190
868120167098208
868120167098216
868120167098224
868120167098232
868120167098240
868120167098257
868120167098265
868120167098273
868120167098281
868120167098299
868120167098307
868120167098315
868120167098323
868120167098331
868120167098349
868120167098356
868120167098364
868120167098372
868120167098380
868120167098398
868120167098406
868120167098414
868120167098422
868120167098430
868120167098448
868120167098455
868120167098463
868120167098471
868120167098489
868120167098497
868120167098505
868120167098513
868120167098521
868120167098539
868120167098547
868120167098554
868120167098562
868120167098570
868120167098588
868120167098596
868120167098604
868120167098612
868120167098620
868120167098638
868120167098646
868120167098653
868120167098661
868120167098679
868120167098687
868120167098695
868120167098703
868120167098711
868120167098729
868120167098737
868120167098745
868120167098752
868120167098760
868120167098778
868120167098786
868120167098794
868120167098802
868120167098810
868120167098828
868120167098836
868120167098844
868120167098851
868120167098869
868120167098877
868120167098885
868120167098893
868120167098901
868120167098919
868120167098927
868120167098935
868120167098943
868120167098950
868120167098968
868120167098976
868120167098984
868120167098992
868120167099008
868120167099016
868120167099024
868120167099032
868120167099040
868120167099057
868120167099065
868120167099073
868120167099081
868120167099099
868120167099107
868120167099115
868120167099123
868120167099131
868120167099149
868120167099156
868120167099164
868120167099172
868120167099180
868120167099198
868120167099206
868120167099214
868120167099222
868120167099230
868120167099248
868120167099255
868120167099263
868120167099271
868120167099289
868120167099297
868120167099305
868120167099313
868120167099321
868120167099339
868120167099347
868120167099354
868120167099362
868120167099370
868120167099388
868120167099396
868120167099404
868120167099412
868120167099420
868120167099438
868120167099446
868120167099453
868120167099461
868120167099479
868120167099487
868120167099495
868120167099503
868120167099511
868120167099529
868120167099537
868120167099545
868120167099552
868120167099560
868120167099578
868120167099586
868120167099594
868120167099602
868120167099610
868120167099628
868120167099636
868120167099644
868120167099651
868120167099669
868120167099677
868120167099685
868120167099693
868120167099701
868120167099719
868120167099727
868120167099735
868120167099743
868120167099750
868120167099768
868120167099776
868120167099784
868120167099792
868120167099800
868120167099818
868120167099826
868120167099834
868120167099842
868120167099859
868120167099867
868120167099875
868120167099883
868120167099891
868120167099909
868120167099917
868120167099925
868120167099933
868120167099941
868120167099958
868120167099966
868120167099974
868120167099982
868120167099990
868120167100004
868120167100012
868120167100020
868120167100038
868120167100046
868120167100053
868120167100061
868120167100079
868120167100087
868120167100095
868120167100103
868120167100111
868120167100129
868120167100137
868120167100145
868120167100152
868120167100160
868120167100178
868120167100186
868120167100194
868120167100202
868120167100210
868120167100228
868120167100236
868120167100244
868120167100251
868120167100269
868120167100277
868120167100285
868120167100293
868120167100301
868120167100319
868120167100327
868120167100335
868120167100343
868120167100350
868120167100368
868120167100376
868120167100384
868120167100392
868120167100400
868120167100418
868120167100426
868120167100434
868120167100442
868120167100459
868120167100467
868120167100475
868120167100483
868120167100491
868120167100509
868120167100517
868120167100525
868120167100533
868120167100541
868120167100558
868120167100566
868120167100574
868120167100582
868120167100590
868120167100608
868120167100616
868120167100624
868120167100632
868120167100640
868120167100657
868120167100665
868120167100673
868120167100681
868120167100699
868120167100707
868120167100715
868120167100723
868120167100731
868120167100749
868120167100756
868120167100764
868120167100772
868120167100780
868120167100798
868120167100806
868120167100814
868120167100822
868120167100830
868120167100848
868120167100855
868120167100863
868120167100871
868120167100889
868120167100897
868120167100905
868120167100913
868120167100921
868120167100939
868120167100947
868120167100954
868120167100962
868120167100970
868120167100988
868120167100996
868120167101002
868120167101010
868120167101028
868120167101036
868120167101044
868120167101051
868120167101069
868120167101077
868120167101085
868120167101093
868120167101101
868120167101119
868120167101127
868120167101135
868120167101143
868120167101150
868120167101168
868120167101176
868120167101184
868120167101192
868120167101200
868120167101218
868120167101226
868120167101234
868120167101242
868120167101259
868120167101267
868120167101275
868120167101283
868120167101291
868120167101309
868120167101317
868120167101325
868120167101333
868120167101341
868120167101358
868120167101366
868120167101374
868120167101382
868120167101390
868120167101408
868120167101416
868120167101424
868120167101432
868120167101440
868120167101457
868120167101465
868120167101473
868120167101481
868120167101499
868120167101507
868120167101515
868120167101523
868120167101531
868120167101549
868120167101556
868120167101564
868120167101572
868120167101580
868120167101598
868120167101606
868120167101614
868120167101622
868120167101630
868120167101648
868120167101655
868120167101663
868120167101671
868120167101689
868120167101697
868120167101705
868120167101713
868120167101721
868120167101739
868120167101747
868120167101754
868120167101762
868120167101770
868120167101788
868120167101796
868120167101804
868120167101812
868120167101820
868120167101838
868120167101846
868120167101853
868120167101861
868120167101879
868120167101887
868120167101895
868120167101903
868120167101911
868120167101929
868120167101937
868120167101945
868120167101952
868120167101960
868120167101978
868120167101986
868120167101994
868120167102000
868120167102018
868120167102026
868120167102034
868120167102042
868120167102059
868120167102067
868120167102075
868120167102083
868120167102091
868120167102109
868120167102117
868120167102125
868120167102133
868120167102141
868120167102158
868120167102166
868120167102174
868120167102182
868120167102190
868120167102208
868120167102216
868120167102224
868120167102232
868120167102240
868120167102257
868120167102265
868120167102273
868120167102281
868120167102299
868120167102307
868120167102315
868120167102323
868120167102331
868120167102349
868120167102356
868120167102364
868120167102372
868120167102380
868120167102398
868120167102406
868120167102414
868120167102422
868120167102430
868120167102448
868120167102455
868120167102463
868120167102471
868120167102489
868120167102497
868120167102505
868120167102513
868120167102521
868120167102539
868120167102547
868120167102554
868120167102562
868120167102570
868120167102588
868120167102596
868120167102604
868120167102612
868120167102620
868120167102638
868120167102646
868120167102653
868120167102661
868120167102679
868120167102687
868120167102695
868120167102703
868120167102711
868120167102729
868120167102737
868120167102745
868120167102752
868120167102760
868120167102778
868120167102786
868120167102794
868120167102802
868120167102810
868120167102828
868120167102836
868120167102844
868120167102851
868120167102869
868120167102877
868120167102885
868120167102893
868120167102901
868120167102919
868120167102927
868120167102935
868120167102943
868120167102950
868120167102968
868120167102976
868120167102984
868120167102992
868120167103008
868120167103016
868120167103024
868120167103032
868120167103040
868120167103057
868120167103065
868120167103073
868120167103081
868120167103099
868120167103107
868120167103115
868120167103123
868120167103131
868120167103149
868120167103156
868120167103164
868120167103172
868120167103180
868120167103198
868120167103206
868120167103214
868120167103222
868120167103230
868120167103248
868120167103255
868120167103263
868120167103271
868120167103289
868120167103297
868120167103305
868120167103313
868120167103321
868120167103339
868120167103347
868120167103354
868120167103362
868120167103370
868120167103388
868120167103396
868120167103404
868120167103412
868120167103420
868120167103438
868120167103446
868120167103453
868120167103461
868120167103479
868120167103487
868120167103495
868120167103503
868120167103511
868120167103529
868120167103537
868120167103545
868120167103552
868120167103560
868120167103578
868120167103586
868120167103594
868120167103602
868120167103610
868120167103628
868120167103636
868120167103644
868120167103651
868120167103669
868120167103677
868120167103685
868120167103693
868120167103701
868120167103719
868120167103727
868120167103735
868120167103743
868120167103750
868120167103768
868120167103776
868120167103784
868120167103792
868120167103800
868120167103818
868120167103826
868120167103834
868120167103842
868120167103859
868120167103867
868120167103875
868120167103883
868120167103891
868120167103909
868120167103917
868120167103925
868120167103933
868120167103941
868120167103958
868120167103966
868120167103974
868120167103982
868120167103990
868120167104006
868120167104014
868120167104022
868120167104030
868120167104048
868120167104055
868120167104063
868120167104071
868120167104089
868120167104097
868120167104105
868120167104113
868120167104121
868120167104139
868120167104147
868120167104154
868120167104162
868120167104170
868120167104188
868120167104196
868120167104204
868120167104212
868120167104220
868120167104238
868120167104246
868120167104253
868120167104261
868120167104279
868120167104287
868120167104295
868120167104303
868120167104311
868120167104329
868120167104337
868120167104345
868120167104352
868120167104360
868120167104378
868120167104386
868120167104394
868120167104402
868120167104410
868120167104428
868120167104436
868120167104444
868120167104451
868120167104469
868120167104477
868120167104485
868120167104493
868120167104501
868120167104519
868120167104527
868120167104535
868120167104543
868120167104550
868120167104568
868120167104576
868120167104584
868120167104592
868120167104600
868120167104618
868120167104626
868120167104634
868120167104642
868120167104659
868120167104667
868120167104675
868120167104683
868120167104691
868120167104709
868120167104717
868120167104725
868120167104733
868120167104741
868120167104758
868120167104766
868120167104774
868120167104782
868120167104790
868120167104808
868120167104816
868120167104824
868120167104832
868120167104840
868120167104857
868120167104865
868120167104873
868120167104881
868120167104899
868120167104907
868120167104915
868120167104923
868120167104931
868120167104949
868120167104956
868120167104964
868120167104972
868120167104980
868120167104998
868120167105003
868120167105011
868120167105029
868120167105037
868120167105045
868120167105052
868120167105060
868120167105078
868120167105086
868120167105094
868120167105102
868120167105110
868120167105128
868120167105136
868120167105144
868120167105151
868120167105169
868120167105177
868120167105185
868120167105193
868120167105201
868120167105219
868120167105227
868120167105235
868120167105243
868120167105250
868120167105268
868120167105276
868120167105284
868120167105292
868120167105300
868120167105318
868120167105326
868120167105334
868120167105342
868120167105359
868120167105367
868120167105375
868120167105383
868120167105391
868120167105409
868120167105417
868120167105425
868120167105433
868120167105441
868120167105458
868120167105466
868120167105474
868120167105482
868120167105490
868120167105508
868120167105516
868120167105524
868120167105532
868120167105540
868120167105557
868120167105565
868120167105573
868120167105581
868120167105599
868120167105607
868120167105615
868120167105623
868120167105631
868120167105649
868120167105656
868120167105664
868120167105672
868120167105680
868120167105698
868120167105706
868120167105714
868120167105722
868120167105730
868120167105748
868120167105755
868120167105763
868120167105771
868120167105789
868120167105797
868120167105805
868120167105813
868120167105821
868120167105839
868120167105847
868120167105854
868120167105862
868120167105870
868120167105888
868120167105896
868120167105904
868120167105912
868120167105920
868120167105938
868120167105946
868120167105953
868120167105961
868120167105979
868120167105987
868120167105995
868120167106001
868120167106019
868120167106027
868120167106035
868120167106043
868120167106050
868120167106068
868120167106076
868120167106084
868120167106092
868120167106100
868120167106118
868120167106126
868120167106134
868120167106142
868120167106159
868120167106167
868120167106175
868120167106183
868120167106191
868120167106209
868120167106217
868120167106225
868120167106233
868120167106241
868120167106258
868120167106266
868120167106274
868120167106282
868120167106290
868120167106308
868120167106316
868120167106324
868120167106332
868120167106340
868120167106357
868120167106365
868120167106373
868120167106381
868120167106399
868120167106407
868120167106415
868120167106423
868120167106431
868120167106449
868120167106456
868120167106464
868120167106472
868120167106480
868120167106498
868120167106506
868120167106514
868120167106522
868120167106530
868120167106548
868120167106555
868120167106563
868120167106571
868120167106589
868120167106597
868120167106605
868120167106613
868120167106621
868120167106639
868120167106647
868120167106654
868120167106662
868120167106670
868120167106688
868120167106696
868120167106704
868120167106712
868120167106720
868120167106738
868120167106746
868120167106753
868120167106761
868120167106779
868120167106787
868120167106795
868120167106803
868120167106811
868120167106829
868120167106837
868120167106845
868120167106852
868120167106860
868120167106878
868120167106886
868120167106894
868120167106902
868120167106910
868120167106928
868120167106936
868120167106944
868120167106951
868120167106969
868120167106977
868120167106985
868120167106993
868120167107009
868120167107017
868120167107025
868120167107033
868120167107041
868120167107058
868120167107066
868120167107074
868120167107082
868120167107090
868120167107108
868120167107116
868120167107124
868120167107132
868120167107140
868120167107157
868120167107165
868120167107173
868120167107181
868120167107199
868120167107207
868120167107215
868120167107223
868120167107231
868120167107249
868120167107256
868120167107264
868120167107272
868120167107280
868120167107298
868120167107306
868120167107314
868120167107322
868120167107330
868120167107348
868120167107355
868120167107363
868120167107371
868120167107389
868120167107397
868120167107405
868120167107413
868120167107421
868120167107439
868120167107447
868120167107454
868120167107462
868120167107470
868120167107488
868120167107496
868120167107504
868120167107512
868120167107520
868120167107538
868120167107546
868120167107553
868120167107561
868120167107579
868120167107587
868120167107595
868120167107603
868120167107611
868120167107629
868120167107637
868120167107645
868120167107652
868120167107660
868120167107678
868120167107686
868120167107694
868120167107702
868120167107710
868120167107728
868120167107736
868120167107744
868120167107751
868120167107769
868120167107777
868120167107785
868120167107793
868120167107801
868120167107819
868120167107827
868120167107835
868120167107843
868120167107850
868120167107868
868120167107876
868120167107884
868120167107892
868120167107900
868120167107918
868120167107926
868120167107934
868120167107942
868120167107959
868120167107967
868120167107975
868120167107983
868120167107991
868120167108007
868120167108015
868120167108023
868120167108031
868120167108049
868120167108056
868120167108064
868120167108072
868120167108080
868120167108098
868120167108106
868120167108114
868120167108122
868120167108130
868120167108148
868120167108155
868120167108163
868120167108171
868120167108189
868120167108197
868120167108205
868120167108213
868120167108221
868120167108239
868120167108247
868120167108254
868120167108262
868120167108270
868120167108288
868120167108296
868120167108304
868120167108312
868120167108320
868120167108338
868120167108346
868120167108353
868120167108361
868120167108379
868120167108387
868120167108395
868120167108403
868120167108411
868120167108429
868120167108437
868120167108445
868120167108452
868120167108460
868120167108478
868120167108486
868120167108494
868120167108502
868120167108510
868120167108528
868120167108536
868120167108544
868120167108551
868120167108569
868120167108577
868120167108585
868120167108593
868120167108601
868120167108619
868120167108627
868120167108635
868120167108643
868120167108650
868120167108668
868120167108676
868120167108684
868120167108692
868120167108700
868120167108718
868120167108726
868120167108734
868120167108742
868120167108759
868120167108767
868120167108775
868120167108783
868120167108791
868120167108809
868120167108817
868120167108825
868120167108833
868120167108841
868120167108858
868120167108866
868120167108874
868120167108882
868120167108890
868120167108908
868120167108916
868120167108924
868120167108932
868120167108940
868120167108957
868120167108965
868120167108973
868120167108981
868120167108999
868120167109005
868120167109013
868120167109021
868120167109039
868120167109047
868120167109054
868120167109062
868120167109070
868120167109088
868120167109096
868120167109104
868120167109112
868120167109120
868120167109138
868120167109146
868120167109153
868120167109161
868120167109179
868120167109187
868120167109195
868120167109203
868120167109211
868120167109229
868120167109237
868120167109245
868120167109252
868120167109260
868120167109278
868120167109286
868120167109294
868120167109302
868120167109310
868120167109328
868120167109336
868120167109344
868120167109351
868120167109369
868120167109377
868120167109385
868120167109393
868120167109401
868120167109419
868120167109427
868120167109435
868120167109443
868120167109450
868120167109468
868120167109476
868120167109484
868120167109492
868120167109500
868120167109518
868120167109526
868120167109534
868120167109542
868120167109559
868120167109567
868120167109575
868120167109583
868120167109591
868120167109609
868120167109617
868120167109625
868120167109633
868120167109641
868120167109658
868120167109666
868120167109674
868120167109682
868120167109690
868120167109708
868120167109716
868120167109724
868120167109732
868120167109740
868120167109757
868120167109765
868120167109773
868120167109781
868120167109799
868120167109807
868120167109815
868120167109823
868120167109831
868120167109849
868120167109856
868120167109864
868120167109872
868120167109880
868120167109898
868120167109906
868120167109914
868120167109922
868120167109930
868120167109948
868120167109955
868120167109963
868120167109971
868120167109989
868120167109997
868120167110003
868120167110011
868120167110029
868120167110037
868120167110045
868120167110052
868120167110060
868120167110078
868120167110086
868120167110094
868120167110102
868120167110110
868120167110128
868120167110136
868120167110144
868120167110151
868120167110169
868120167110177
868120167110185
868120167110193
868120167110201
868120167110219
868120167110227
868120167110235
868120167110243
868120167110250
868120167110268
868120167110276
868120167110284
868120167110292
868120167110300
868120167110318
868120167110326
868120167110334
868120167110342
868120167110359
868120167110367
868120167110375
868120167110383
868120167110391
868120167110409
868120167110417
868120167110425
868120167110433
868120167110441
868120167110458
868120167110466
868120167110474
868120167110482
868120167110490
868120167110508
868120167110516
868120167110524
868120167110532
868120167110540
868120167110557
868120167110565
868120167110573
868120167110581
868120167110599
868120167110607
868120167110615
868120167110623
868120167110631
868120167110649
868120167110656
868120167110664
868120167110672
868120167110680
868120167110698
868120167110706
868120167110714
868120167110722
868120167110730
868120167110748
868120167110755
868120167110763
868120167110771
868120167110789
868120167110797
868120167110805
868120167110813
868120167110821
868120167110839
868120167110847
868120167110854
868120167110862
868120167110870
868120167110888
868120167110896
868120167110904
868120167110912
868120167110920
868120167110938
868120167110946
868120167110953
868120167110961
868120167110979
868120167110987
868120167110995
868120167111001
868120167111019
868120167111027
868120167111035
868120167111043
868120167111050
868120167111068
868120167111076
868120167111084
868120167111092
868120167111100
868120167111118
868120167111126
868120167111134
868120167111142
868120167111159
868120167111167
868120167111175
868120167111183
868120167111191
868120167111209
868120167111217
868120167111225
868120167111233
868120167111241
868120167111258
868120167111266
868120167111274
868120167111282
868120167111290
868120167111308
868120167111316
868120167111324
868120167111332
868120167111340
868120167111357
868120167111365
868120167111373
868120167111381
868120167111399
868120167111407
868120167111415
868120167111423
868120167111431
868120167111449
868120167111456
868120167111464
868120167111472
868120167111480
868120167111498
868120167111506
868120167111514
868120167111522
868120167111530
868120167111548
868120167111555
868120167111563
868120167111571
868120167111589
868120167111597
868120167111605
868120167111613
868120167111621
868120167111639
868120167111647
868120167111654
868120167111662
868120167111670
868120167111688
868120167111696
868120167111704
868120167111712
868120167111720
868120167111738
868120167111746
868120167111753
868120167111761
868120167111779
868120167111787
868120167111795
868120167111803
868120167111811
868120167111829
868120167111837
868120167111845
868120167111852
868120167111860
868120167111878
868120167111886
868120167111894
868120167111902
868120167111910
868120167111928
868120167111936
868120167111944
868120167111951
868120167111969
868120167111977
868120167111985
868120167111993
868120167112009
868120167112017
868120167112025
868120167112033
868120167112041
868120167112058
868120167112066
868120167112074
868120167112082
868120167112090
868120167112108
868120167112116
868120167112124
868120167112132
868120167112140
868120167112157
868120167112165
868120167112173
868120167112181
868120167112199
868120167112207
868120167112215
868120167112223
868120167112231
868120167112249
868120167112256
868120167112264
868120167112272
868120167112280
868120167112298
868120167112306
868120167112314
868120167112322
868120167112330
868120167112348
868120167112355
868120167112363
868120167112371
868120167112389
868120167112397
868120167112405
868120167112413
868120167112421
868120167112439
868120167112447
868120167112454
868120167112462
868120167112470
868120167112488
868120167112496
868120167112504
868120167112512
868120167112520
868120167112538
868120167112546
868120167112553
868120167112561
868120167112579
868120167112587
868120167112595
868120167112603
868120167112611
868120167112629
868120167112637
868120167112645
868120167112652
868120167112660
868120167112678
868120167112686
868120167112694
868120167112702
868120167112710
868120167112728
868120167112736
868120167112744
868120167112751
868120167112769
868120167112777
868120167112785
868120167112793
868120167112801
868120167112819
868120167112827
868120167112835
868120167112843
868120167112850
868120167112868
868120167112876
868120167112884
868120167112892
868120167112900
868120167112918
868120167112926
868120167112934
868120167112942
868120167112959
868120167112967
868120167112975
868120167112983
868120167112991
868120167113007
868120167113015
868120167113023
868120167113031
868120167113049
868120167113056
868120167113064
868120167113072
868120167113080
868120167113098
868120167113106
868120167113114
868120167113122
868120167113130
868120167113148
868120167113155
868120167113163
868120167113171
868120167113189
868120167113197
868120167113205
868120167113213
868120167113221
868120167113239
868120167113247
868120167113254
868120167113262
868120167113270
868120167113288
868120167113296
868120167113304
868120167113312
868120167113320
868120167113338
868120167113346
868120167113353
868120167113361
868120167113379
868120167113387
868120167113395
868120167113403
868120167113411
868120167113429
868120167113437
868120167113445
868120167113452
868120167113460
868120167113478
868120167113486
868120167113494
868120167113502
868120167113510
868120167113528
868120167113536
868120167113544
868120167113551
868120167113569
868120167113577
868120167113585
868120167113593
868120167113601
868120167113619
868120167113627
868120167113635
868120167113643
868120167113650
868120167113668
868120167113676
868120167113684
868120167113692
868120167113700
868120167113718
868120167113726
868120167113734
868120167113742
868120167113759
868120167113767
868120167113775
868120167113783
868120167113791
868120167113809
868120167113817
868120167113825
868120167113833
868120167113841
868120167113858
868120167113866
868120167113874
868120167113882
868120167113890
868120167113908
868120167113916
868120167113924
868120167113932
868120167113940
868120167113957
868120167113965
868120167113973
868120167113981
868120167113999
868120167114005
868120167114013
868120167114021
868120167114039
868120167114047
868120167114054
868120167114062
868120167114070
868120167114088
868120167114096
868120167114104
868120167114112
868120167114120
868120167114138
868120167114146
868120167114153
868120167114161
868120167114179
868120167114187
868120167114195
868120167114203
868120167114211
868120167114229
868120167114237
868120167114245
868120167114252
868120167114260
868120167114278
868120167114286
868120167114294
868120167114302
868120167114310
868120167114328
868120167114336
868120167114344
868120167114351
868120167114369
868120167114377
868120167114385
868120167114393
868120167114401
868120167114419
868120167114427
868120167114435
868120167114443
868120167114450
868120167114468
868120167114476
868120167114484
868120167114492
868120167114500
868120167114518
868120167114526
868120167114534
868120167114542
868120167114559
868120167114567
868120167114575
868120167114583
868120167114591
868120167114609
868120167114617
868120167114625
868120167114633
868120167114641
868120167114658
868120167114666
868120167114674
868120167114682
868120167114690
868120167114708
868120167114716
868120167114724
868120167114732
868120167114740
868120167114757
868120167114765
868120167114773
868120167114781
868120167114799
868120167114807
868120167114815
868120167114823
868120167114831
868120167114849
868120167114856
868120167114864
868120167114872
868120167114880
868120167114898
868120167114906
868120167114914
868120167114922
868120167114930
868120167114948
868120167114955
868120167114963
868120167114971
868120167114989
868120167114997
868120167115002
868120167115010
868120167115028
868120167115036
868120167115044
868120167115051
868120167115069
868120167115077
868120167115085
868120167115093
868120167115101
868120167115119
868120167115127
868120167115135
868120167115143
868120167115150
868120167115168
868120167115176
868120167115184
868120167115192
868120167115200
868120167115218
868120167115226
868120167115234
868120167115242
868120167115259
868120167115267
868120167115275
868120167115283
868120167115291
868120167115309
868120167115317
868120167115325
868120167115333
868120167115341
868120167115358
868120167115366
868120167115374
868120167115382
868120167115390
868120167115408
868120167115416
868120167115424
868120167115432
868120167115440
868120167115457
868120167115465
868120167115473
868120167115481
868120167115499
868120167115507
868120167115515
868120167115523
868120167115531
868120167115549
868120167115556
868120167115564
868120167115572
868120167115580
868120167115598
868120167115606
868120167115614
868120167115622
868120167115630
868120167115648
868120167115655
868120167115663
868120167115671
868120167115689
868120167115697
868120167115705
868120167115713
868120167115721
868120167115739
868120167115747
868120167115754
868120167115762
868120167115770
868120167115788
868120167115796
868120167115804
868120167115812
868120167115820
868120167115838
868120167115846
868120167115853
868120167115861
868120167115879
868120167115887
868120167115895
868120167115903
868120167115911
868120167115929
868120167115937
868120167115945
868120167115952
868120167115960
868120167115978
868120167115986
868120167115994
868120167116000
868120167116018
868120167116026
868120167116034
868120167116042
868120167116059
868120167116067
868120167116075
868120167116083
868120167116091
868120167116109
868120167116117
868120167116125
868120167116133
868120167116141
868120167116158
868120167116166
868120167116174
868120167116182
868120167116190
868120167116208
868120167116216
868120167116224
868120167116232
868120167116240
868120167116257
868120167116265
868120167116273
868120167116281
868120167116299
868120167116307
868120167116315
868120167116323
868120167116331
868120167116349
868120167116356
868120167116364
868120167116372
868120167116380
868120167116398
868120167116406
868120167116414
868120167116422
868120167116430
868120167116448
868120167116455
868120167116463
868120167116471
868120167116489
868120167116497
868120167116505
868120167116513
868120167116521
868120167116539
868120167116547
868120167116554
868120167116562
868120167116570
868120167116588
868120167116596
868120167116604
868120167116612
868120167116620
868120167116638
868120167116646
868120167116653
868120167116661
868120167116679
868120167116687
868120167116695
868120167116703
868120167116711
868120167116729
868120167116737
868120167116745
868120167116752
868120167116760
868120167116778
868120167116786
868120167116794
868120167116802
868120167116810
868120167116828
868120167116836
868120167116844
868120167116851
868120167116869
868120167116877
868120167116885
868120167116893
868120167116901
868120167116919
868120167116927
868120167116935
868120167116943
868120167116950
868120167116968
868120167116976
868120167116984
868120167116992
868120167117008
868120167117016
868120167117024
868120167117032
868120167117040
868120167117057
868120167117065
868120167117073
868120167117081
868120167117099
868120167117107
868120167117115
868120167117123
868120167117131
868120167117149
868120167117156
868120167117164
868120167117172
868120167117180
868120167117198
868120167117206
868120167117214
868120167117222
868120167117230
868120167117248
868120167117255
868120167117263
868120167117271
868120167117289
868120167117297
868120167117305
868120167117313
868120167117321
868120167117339
868120167117347
868120167117354
868120167117362
868120167117370
868120167117388
868120167117396
868120167117404
868120167117412
868120167117420
868120167117438
868120167117446
868120167117453
868120167117461
868120167117479
868120167117487
868120167117495
868120167117503
868120167117511
868120167117529
868120167117537
868120167117545
868120167117552
868120167117560
868120167117578
868120167117586
868120167117594
868120167117602
868120167117610
868120167117628
868120167117636
868120167117644
868120167117651
868120167117669
868120167117677
868120167117685
868120167117693
868120167117701
868120167117719
868120167117727
868120167117735
868120167117743
868120167117750
868120167117768
868120167117776
868120167117784
868120167117792
868120167117800
868120167117818
868120167117826
868120167117834
868120167117842
868120167117859
868120167117867
868120167117875
868120167117883
868120167117891
868120167117909
868120167117917
868120167117925
868120167117933
868120167117941
868120167117958
868120167117966
868120167117974
868120167117982
868120167117990
868120167118006
868120167118014
868120167118022
868120167118030
868120167118048
868120167118055
868120167118063
868120167118071
868120167118089
868120167118097
868120167118105
868120167118113
868120167118121
868120167118139
868120167118147
868120167118154
868120167118162
868120167118170
868120167118188
868120167118196
868120167118204
868120167118212
868120167118220
868120167118238
868120167118246
868120167118253
868120167118261
868120167118279
868120167118287
868120167118295
868120167118303
868120167118311
868120167118329
868120167118337
868120167118345
868120167118352
868120167118360
868120167118378
868120167118386
868120167118394
868120167118402
868120167118410
868120167118428
868120167118436
868120167118444
868120167118451
868120167118469
868120167118477
868120167118485
868120167118493
868120167118501
868120167118519
868120167118527
868120167118535
868120167118543
868120167118550
868120167118568
868120167118576
868120167118584
868120167118592
868120167118600
868120167118618
868120167118626
868120167118634
868120167118642
868120167118659
868120167118667
868120167118675
868120167118683
868120167118691
868120167118709
868120167118717
868120167118725
868120167118733
868120167118741
868120167118758
868120167118766
868120167118774
868120167118782
868120167118790
868120167118808
868120167118816
868120167118824
868120167118832
868120167118840
868120167118857
868120167118865
868120167118873
868120167118881
868120167118899
868120167118907
868120167118915
868120167118923
868120167118931
868120167118949
868120167118956
868120167118964
868120167118972
868120167118980
868120167118998
868120167119004
868120167119012
868120167119020
868120167119038
868120167119046
868120167119053
868120167119061
868120167119079
868120167119087
868120167119095
868120167119103
868120167119111
868120167119129
868120167119137
868120167119145
868120167119152
868120167119160
868120167119178
868120167119186
868120167119194
868120167119202
868120167119210
868120167119228
868120167119236
868120167119244
868120167119251
868120167119269
868120167119277
868120167119285
868120167119293
868120167119301
868120167119319
868120167119327
868120167119335
