868120169473847
868120169473854
868120169473862
868120169473870
868120169473888
868120169473896
868120169473904
868120169473912
868120169473920
868120169473938
868120169473946
868120169473953
868120169473961
868120169473979
868120169473987
868120169473995
868120169474001
868120169474019
868120169474027
868120169474035
868120169474043
868120169474050
868120169474068
868120169474076
868120169474084
868120169474092
868120169474100
868120169474118
868120169474126
868120169474134
868120169474142
868120169474159
868120169474167
868120169474175
868120169474183
868120169474191
868120169474209
868120169474217
868120169474225
868120169474233
868120169474241
868120169474258
868120169474266
868120169474274
868120169474282
868120169474290
868120169474308
868120169474316
868120169474324
868120169474332
868120169474340
868120169474357
868120169474365
868120169474373
868120169474381
868120169474399
868120169474407
868120169474415
868120169474423
868120169474431
868120169474449
868120169474456
868120169474464
868120169474472
868120169474480
868120169474498
868120169474506
868120169474514
868120169474522
868120169474530
868120169474548
868120169474555
868120169474563
868120169474571
868120169474589
868120169474597
868120169474605
868120169474613
868120169474621
868120169474639
868120169474647
868120169474654
868120169474662
868120169474670
868120169474688
868120169474696
868120169474704
868120169474712
868120169474720
868120169474738
868120169474746
868120169474753
868120169474761
868120169474779
868120169474787
868120169474795
868120169474803
868120169474811
868120169474829
868120169474837
868120169474845
868120169474852
868120169474860
868120169474878
868120169474886
868120169474894
868120169474902
868120169474910
868120169474928
868120169474936
868120169474944
868120169474951
868120169474969
868120169474977
868120169474985
868120169474993
868120169475008
868120169475016
868120169475024
868120169475032
868120169475040
868120169475057
868120169475065
868120169475073
868120169475081
868120169475099
868120169475107
868120169475115
868120169475123
868120169475131
868120169475149
868120169475156
868120169475164
868120169475172
868120169475180
868120169475198
868120169475206
868120169475214
868120169475222
868120169475230
868120169475248
868120169475255
868120169475263
868120169475271
868120169475289
868120169475297
868120169475305
868120169475313
868120169475321
868120169475339
868120169475347
868120169475354
868120169475362
868120169475370
868120169475388
868120169475396
868120169475404
868120169475412
868120169475420
868120169475438
868120169475446
868120169475453
868120169475461
868120169475479
868120169475487
868120169475495
868120169475503
868120169475511
868120169475529
868120169475537
868120169475545
868120169475552
868120169475560
868120169475578
868120169475586
868120169475594
868120169475602
868120169475610
868120169475628
868120169475636
868120169475644
868120169475651
868120169475669
868120169475677
868120169475685
868120169475693
868120169475701
868120169475719
868120169475727
868120169475735
868120169475743
868120169475750
868120169475768
868120169475776
868120169475784
868120169475792
868120169475800
868120169475818
868120169475826
868120169475834
868120169475842
868120169475859
868120169475867
868120169475875
868120169475883
868120169475891
868120169475909
868120169475917
868120169475925
868120169475933
868120169475941
868120169475958
868120169475966
868120169475974
868120169475982
868120169475990
868120169476006
868120169476014
868120169476022
868120169476030
868120169476048
868120169476055
868120169476063
868120169476071
868120169476089
868120169476097
868120169476105
868120169476113
868120169476121
868120169476139
868120169476147
868120169476154
868120169476162
868120169476170
868120169476188
868120169476196
868120169476204
868120169476212
868120169476220
868120169476238
868120169476246
868120169476253
868120169476261
868120169476279
868120169476287
868120169476295
868120169476303
868120169476311
868120169476329
868120169476337
868120169476345
868120169476352
868120169476360
868120169476378
868120169476386
868120169476394
868120169476402
868120169476410
868120169476428
868120169476436
868120169476444
868120169476451
868120169476469
868120169476477
868120169476485
868120169476493
868120169476501
868120169476519
868120169476527
868120169476535
868120169476543
868120169476550
868120169476568
868120169476576
868120169476584
868120169476592
868120169476600
868120169476618
868120169476626
868120169476634
868120169476642
868120169476659
868120169476667
868120169476675
868120169476683
868120169476691
868120169476709
868120169476717
868120169476725
868120169476733
868120169476741
868120169476758
868120169476766
868120169476774
868120169476782
868120169476790
868120169476808
868120169476816
868120169476824
868120169476832
868120169476840
868120169476857
868120169476865
868120169476873
868120169476881
868120169476899
868120169476907
868120169476915
868120169476923
868120169476931
868120169476949
868120169476956
868120169476964
868120169476972
868120169476980
868120169476998
868120169477004
868120169477012
868120169477020
868120169477038
868120169477046
868120169477053
868120169477061
868120169477079
868120169477087
868120169477095
868120169477103
868120169477111
868120169477129
868120169477137
868120169477145
868120169477152
868120169477160
868120169477178
868120169477186
868120169477194
868120169477202
868120169477210
868120169477228
868120169477236
868120169477244
868120169477251
868120169477269
868120169477277
868120169477285
868120169477293
868120169477301
868120169477319
868120169477327
868120169477335
868120169477343
868120169477350
868120169477368
868120169477376
868120169477384
868120169477392
868120169477400
868120169477418
868120169477426
868120169477434
868120169477442
868120169477459
868120169477467
868120169477475
868120169477483
868120169477491
868120169477509
868120169477517
868120169477525
868120169477533
868120169477541
868120169477558
868120169477566
868120169477574
868120169477582
868120169477590
868120169477608
868120169477616
868120169477624
868120169477632
868120169477640
868120169477657
868120169477665
868120169477673
868120169477681
868120169477699
868120169477707
868120169477715
868120169477723
868120169477731
868120169477749
868120169477756
868120169477764
868120169477772
868120169477780
868120169477798
868120169477806
868120169477814
868120169477822
868120169477830
868120169477848
868120169477855
868120169477863
868120169477871
868120169477889
868120169477897
868120169477905
868120169477913
868120169477921
868120169477939
868120169477947
868120169477954
868120169477962
868120169477970
868120169477988
868120169477996
868120169478002
868120169478010
868120169478028
868120169478036
868120169478044
868120169478051
868120169478069
868120169478077
868120169478085
868120169478093
868120169478101
868120169478119
868120169478127
868120169478135
868120169478143
868120169478150
868120169478168
868120169478176
868120169478184
868120169478192
868120169478200
868120169478218
868120169478226
868120169478234
868120169478242
868120169478259
868120169478267
868120169478275
868120169478283
868120169478291
868120169478309
868120169478317
868120169478325
868120169478333
868120169478341
868120169478358
868120169478366
868120169478374
868120169478382
868120169478390
868120169478408
868120169478416
868120169478424
868120169478432
868120169478440
868120169478457
868120169478465
868120169478473
868120169478481
868120169478499
868120169478507
868120169478515
868120169478523
868120169478531
868120169478549
868120169478556
868120169478564
868120169478572
868120169478580
868120169478598
868120169478606
868120169478614
868120169478622
868120169478630
868120169478648
868120169478655
868120169478663
868120169478671
868120169478689
868120169478697
868120169478705
868120169478713
868120169478721
868120169478739
868120169478747
868120169478754
868120169478762
868120169478770
868120169478788
868120169478796
868120169478804
868120169478812
868120169478820
868120169478838