868120169483846
868120169483853
868120169483861
868120169483879
868120169483887
868120169483895
868120169483903
868120169483911
868120169483929
868120169483937
868120169483945
868120169483952
868120169483960
868120169483978
868120169483986
868120169483994
868120169484000
868120169484018
868120169484026
868120169484034
868120169484042
868120169484059
868120169484067
868120169484075
868120169484083
868120169484091
868120169484109
868120169484117
868120169484125
868120169484133
868120169484141
868120169484158
868120169484166
868120169484174
868120169484182
868120169484190
868120169484208
868120169484216
868120169484224
868120169484232
868120169484240
868120169484257
868120169484265
868120169484273
868120169484281
868120169484299
868120169484307
868120169484315
868120169484323
868120169484331
868120169484349
868120169484356
868120169484364
868120169484372
868120169484380
868120169484398
868120169484406
868120169484414
868120169484422
868120169484430
868120169484448
868120169484455
868120169484463
868120169484471
868120169484489
868120169484497
868120169484505
868120169484513
868120169484521
868120169484539
868120169484547
868120169484554
868120169484562
868120169484570
868120169484588
868120169484596
868120169484604
868120169484612
868120169484620
868120169484638
868120169484646
868120169484653
868120169484661
868120169484679
868120169484687
868120169484695
868120169484703
868120169484711
868120169484729
868120169484737
868120169484745
868120169484752
868120169484760
868120169484778
868120169484786
868120169484794
868120169484802
868120169484810
868120169484828
868120169484836
868120169484844
868120169484851
868120169484869
868120169484877
868120169484885
868120169484893
868120169484901
868120169484919
868120169484927
868120169484935
868120169484943
868120169484950
868120169484968
868120169484976
868120169484984
868120169484992
868120169485007
868120169485015
868120169485023
868120169485031
868120169485049
868120169485056
868120169485064
868120169485072
868120169485080
868120169485098
868120169485106
868120169485114
868120169485122
868120169485130
868120169485148
868120169485155
868120169485163
868120169485171
868120169485189
868120169485197
868120169485205
868120169485213
868120169485221
868120169485239
868120169485247
868120169485254
868120169485262
868120169485270
868120169485288
868120169485296
868120169485304
868120169485312
868120169485320
868120169485338
868120169485346
868120169485353
868120169485361
868120169485379
868120169485387
868120169485395
868120169485403
868120169485411
868120169485429
868120169485437
868120169485445
868120169485452
868120169485460
868120169485478
868120169485486
868120169485494
868120169485502
868120169485510
868120169485528
868120169485536
868120169485544
868120169485551
868120169485569
868120169485577
868120169485585
868120169485593
868120169485601
868120169485619
868120169485627
868120169485635
868120169485643
868120169485650
868120169485668
868120169485676
868120169485684
868120169485692
868120169485700
868120169485718
868120169485726
868120169485734
868120169485742
868120169485759
868120169485767
868120169485775
868120169485783
868120169485791
868120169485809
868120169485817
868120169485825
868120169485833
868120169485841
868120169485858
868120169485866
868120169485874
868120169485882
868120169485890
868120169485908
868120169485916
868120169485924
868120169485932
868120169485940
868120169485957
868120169485965
868120169485973
868120169485981
868120169485999
868120169486005
868120169486013
868120169486021
868120169486039
868120169486047
868120169486054
868120169486062
868120169486070
868120169486088
868120169486096
868120169486104
868120169486112
868120169486120
868120169486138
868120169486146
868120169486153
868120169486161
868120169486179
868120169486187
868120169486195
868120169486203
868120169486211
868120169486229
868120169486237
868120169486245
868120169486252
868120169486260
868120169486278
868120169486286
868120169486294
868120169486302
868120169486310
868120169486328
868120169486336
868120169486344
868120169486351
868120169486369
868120169486377
868120169486385
868120169486393
868120169486401
868120169486419
868120169486427
868120169486435
868120169486443
868120169486450
868120169486468
868120169486476
868120169486484
868120169486492
868120169486500
868120169486518
868120169486526
868120169486534
868120169486542
868120169486559
868120169486567
868120169486575
868120169486583
868120169486591
868120169486609
868120169486617
868120169486625
868120169486633
868120169486641
868120169486658
868120169486666
868120169486674
868120169486682
868120169486690
868120169486708
868120169486716
868120169486724
868120169486732
868120169486740
868120169486757
868120169486765
868120169486773
868120169486781
868120169486799
868120169486807
868120169486815
868120169486823
868120169486831
868120169486849
868120169486856
868120169486864
868120169486872
868120169486880
868120169486898
868120169486906
868120169486914
868120169486922
868120169486930
868120169486948
868120169486955
868120169486963
868120169486971
868120169486989
868120169486997
868120169487003
868120169487011
868120169487029
868120169487037
868120169487045
868120169487052
868120169487060
868120169487078
868120169487086
868120169487094
868120169487102
868120169487110
868120169487128
868120169487136
868120169487144
868120169487151
868120169487169
868120169487177
868120169487185
868120169487193
868120169487201
868120169487219
868120169487227
868120169487235
868120169487243
868120169487250
868120169487268
868120169487276
868120169487284
868120169487292
868120169487300
868120169487318
868120169487326
868120169487334
868120169487342
868120169487359
868120169487367
868120169487375
868120169487383
868120169487391
868120169487409
868120169487417
868120169487425
868120169487433
868120169487441
868120169487458
868120169487466
868120169487474
868120169487482
868120169487490
868120169487508
868120169487516
868120169487524
868120169487532
868120169487540
868120169487557
868120169487565
868120169487573
868120169487581
868120169487599
868120169487607
868120169487615
868120169487623
868120169487631
868120169487649
868120169487656
868120169487664
868120169487672
868120169487680
868120169487698
868120169487706
868120169487714
868120169487722
868120169487730
868120169487748
868120169487755
868120169487763
868120169487771
868120169487789
868120169487797
868120169487805
868120169487813
868120169487821
868120169487839
868120169487847
868120169487854
868120169487862
868120169487870
868120169487888
868120169487896
868120169487904
868120169487912
868120169487920
868120169487938
868120169487946
868120169487953
868120169487961
868120169487979
868120169487987
868120169487995
868120169488001
868120169488019
868120169488027
868120169488035
868120169488043
868120169488050
868120169488068
868120169488076
868120169488084
868120169488092
868120169488100
868120169488118
868120169488126
868120169488134
868120169488142
868120169488159
868120169488167
868120169488175
868120169488183
868120169488191
868120169488209
868120169488217
868120169488225
868120169488233
868120169488241
868120169488258
868120169488266
868120169488274
868120169488282
868120169488290
868120169488308
868120169488316
868120169488324
868120169488332
868120169488340
868120169488357
868120169488365
868120169488373
868120169488381
868120169488399
868120169488407
868120169488415
868120169488423
868120169488431
868120169488449
868120169488456
868120169488464
868120169488472
868120169488480
868120169488498
868120169488506
868120169488514
868120169488522
868120169488530
868120169488548
868120169488555
868120169488563
868120169488571
868120169488589
868120169488597
868120169488605
868120169488613
868120169488621
868120169488639
868120169488647
868120169488654
868120169488662
868120169488670
868120169488688
868120169488696
868120169488704
868120169488712
868120169488720
868120169488738
868120169488746
868120169488753
868120169488761
868120169488779
868120169488787
868120169488795
868120169488803
868120169488811
868120169488829
868120169488837
868120169488845
868120169488852
868120169488860
868120169488878
868120169488886
868120169488894
868120169488902
868120169488910
868120169488928
868120169488936
868120169488944
868120169488951
868120169488969
868120169488977
868120169488985
868120169488993
868120169489009
868120169489017
868120169489025
868120169489033
868120169489041
868120169489058
868120169489066
868120169489074
868120169489082
868120169489090
868120169489108
868120169489116
868120169489124
868120169489132
868120169489140
868120169489157
868120169489165
868120169489173
868120169489181
868120169489199
868120169489207
868120169489215
868120169489223
868120169489231
868120169489249
868120169489256
868120169489264
868120169489272
868120169489280
868120169489298
868120169489306
868120169489314
868120169489322
868120169489330
868120169489348
868120169489355
868120169489363
868120169489371
868120169489389
868120169489397
868120169489405
868120169489413
868120169489421
868120169489439
868120169489447
868120169489454
868120169489462
868120169489470
868120169489488
868120169489496
868120169489504
868120169489512
868120169489520
868120169489538
868120169489546
868120169489553
868120169489561
868120169489579
868120169489587
868120169489595
868120169489603
868120169489611
868120169489629
868120169489637
868120169489645
868120169489652
868120169489660
868120169489678
868120169489686
868120169489694
868120169489702
868120169489710
868120169489728
868120169489736
868120169489744
868120169489751
868120169489769
868120169489777
868120169489785
868120169489793
868120169489801
868120169489819
868120169489827
868120169489835
868120169489843
868120169489850
868120169489868
868120169489876
868120169489884
868120169489892
868120169489900
868120169489918
868120169489926
868120169489934
868120169489942
868120169489959
868120169489967
868120169489975
868120169489983
868120169489991
868120169490007
868120169490015
868120169490023
868120169490031
868120169490049
868120169490056
868120169490064
868120169490072
868120169490080
868120169490098
868120169490106
868120169490114
868120169490122
868120169490130
868120169490148
868120169490155
868120169490163
868120169490171
868120169490189
868120169490197
868120169490205
868120169490213
868120169490221
868120169490239
868120169490247
868120169490254
868120169490262
868120169490270
868120169490288
868120169490296
868120169490304
868120169490312
868120169490320
868120169490338
868120169490346
868120169490353
868120169490361
868120169490379
868120169490387
868120169490395
868120169490403
868120169490411
868120169490429
868120169490437
868120169490445
868120169490452
868120169490460
868120169490478
868120169490486
868120169490494
868120169490502
868120169490510
868120169490528
868120169490536
868120169490544
868120169490551
868120169490569
868120169490577
868120169490585
868120169490593
868120169490601
868120169490619
868120169490627
868120169490635
868120169490643
868120169490650
868120169490668
868120169490676
868120169490684
868120169490692
868120169490700
868120169490718
868120169490726
868120169490734
868120169490742
868120169490759
868120169490767
868120169490775
868120169490783
868120169490791
868120169490809
868120169490817
868120169490825
868120169490833
868120169490841
868120169490858
868120169490866
868120169490874
868120169490882
868120169490890
868120169490908
868120169490916
868120169490924
868120169490932
868120169490940
868120169490957
868120169490965
868120169490973
868120169490981
868120169490999
868120169491005
868120169491013
868120169491021
868120169491039
868120169491047
868120169491054
868120169491062
868120169491070
868120169491088
868120169491096
868120169491104
868120169491112
868120169491120
868120169491138
868120169491146
868120169491153
868120169491161
868120169491179
868120169491187
868120169491195
868120169491203
868120169491211
868120169491229
868120169491237
868120169491245
868120169491252
868120169491260
868120169491278
868120169491286
868120169491294
868120169491302
868120169491310
868120169491328
868120169491336
868120169491344
868120169491351
868120169491369
868120169491377
868120169491385
868120169491393
868120169491401
868120169491419
868120169491427
868120169491435
868120169491443
868120169491450
868120169491468
868120169491476
868120169491484
868120169491492
868120169491500
868120169491518
868120169491526
868120169491534
868120169491542
868120169491559
868120169491567
868120169491575
868120169491583
868120169491591
868120169491609
868120169491617
868120169491625
868120169491633
868120169491641
868120169491658
868120169491666
868120169491674
868120169491682
868120169491690
868120169491708
868120169491716
868120169491724
868120169491732
868120169491740
868120169491757
868120169491765
868120169491773
868120169491781
868120169491799
868120169491807
868120169491815
868120169491823
868120169491831
868120169491849
868120169491856
868120169491864
868120169491872
868120169491880
868120169491898
868120169491906
868120169491914
868120169491922
868120169491930
868120169491948
868120169491955
868120169491963
868120169491971
868120169491989
868120169491997
868120169492003
868120169492011
868120169492029
868120169492037
868120169492045
868120169492052
868120169492060
868120169492078
868120169492086
868120169492094
868120169492102
868120169492110
868120169492128
868120169492136
868120169492144
868120169492151
868120169492169
868120169492177
868120169492185
868120169492193
868120169492201
868120169492219
868120169492227
868120169492235
868120169492243
868120169492250
868120169492268
868120169492276
868120169492284
868120169492292
868120169492300
868120169492318
868120169492326
868120169492334
868120169492342
868120169492359
868120169492367
868120169492375
868120169492383
868120169492391
868120169492409
868120169492417
868120169492425
868120169492433
868120169492441
868120169492458
868120169492466
868120169492474
868120169492482
868120169492490
868120169492508
868120169492516
868120169492524
868120169492532
868120169492540
868120169492557
868120169492565
868120169492573
868120169492581
868120169492599
868120169492607
868120169492615
868120169492623
868120169492631
868120169492649
868120169492656
868120169492664
868120169492672
868120169492680
868120169492698
868120169492706
868120169492714
868120169492722
868120169492730
868120169492748
868120169492755
868120169492763
868120169492771
868120169492789
868120169492797
868120169492805
868120169492813
868120169492821
868120169492839
868120169492847
868120169492854
868120169492862
868120169492870
868120169492888
868120169492896
868120169492904
868120169492912
868120169492920
868120169492938
868120169492946
868120169492953
868120169492961
868120169492979
868120169492987
868120169492995
868120169493001
868120169493019
868120169493027
868120169493035
868120169493043
868120169493050
868120169493068
868120169493076
868120169493084
868120169493092
868120169493100
868120169493118
868120169493126
868120169493134
868120169493142
868120169493159
868120169493167
868120169493175
868120169493183
868120169493191
868120169493209
868120169493217
868120169493225
868120169493233
868120169493241
868120169493258
868120169493266
868120169493274
868120169493282
868120169493290
868120169493308
868120169493316
868120169493324
868120169493332
868120169493340
868120169493357
868120169493365
868120169493373
868120169493381
868120169493399
868120169493407
868120169493415
868120169493423
868120169493431
868120169493449
868120169493456
868120169493464
868120169493472
868120169493480
868120169493498
868120169493506
868120169493514
868120169493522
868120169493530
868120169493548
868120169493555
868120169493563
868120169493571
868120169493589
868120169493597
868120169493605
868120169493613
868120169493621
868120169493639
868120169493647
868120169493654
868120169493662
868120169493670
868120169493688
868120169493696
868120169493704
868120169493712
868120169493720
868120169493738
868120169493746
868120169493753
868120169493761
868120169493779
868120169493787
868120169493795
868120169493803
868120169493811
868120169493829
868120169493837
868120169493845
868120169493852
868120169493860
868120169493878
868120169493886
868120169493894
868120169493902
868120169493910
868120169493928
868120169493936
868120169493944
868120169493951
868120169493969
868120169493977
868120169493985
868120169493993
868120169494009
868120169494017
868120169494025
868120169494033
868120169494041
868120169494058
868120169494066
868120169494074
868120169494082
868120169494090
868120169494108
868120169494116
868120169494124
868120169494132
868120169494140
868120169494157
868120169494165
868120169494173
868120169494181
868120169494199
868120169494207
868120169494215
868120169494223
868120169494231
868120169494249
868120169494256
868120169494264
868120169494272
868120169494280
868120169494298
868120169494306
868120169494314
868120169494322
868120169494330
868120169494348
868120169494355
868120169494363
868120169494371
868120169494389
868120169494397
868120169494405
868120169494413
868120169494421
868120169494439
868120169494447
868120169494454
868120169494462
868120169494470
868120169494488
868120169494496
868120169494504
868120169494512
868120169494520
868120169494538
868120169494546
868120169494553
868120169494561
868120169494579
868120169494587
868120169494595
868120169494603
868120169494611
868120169494629
868120169494637
868120169494645
868120169494652
868120169494660
868120169494678
868120169494686
868120169494694
868120169494702
868120169494710
868120169494728
868120169494736
868120169494744
868120169494751
868120169494769
868120169494777
868120169494785
868120169494793
868120169494801
868120169494819
868120169494827
868120169494835
868120169494843
868120169494850
868120169494868
868120169494876
868120169494884
868120169494892
868120169494900
868120169494918
868120169494926
868120169494934
868120169494942
868120169494959
868120169494967
868120169494975
868120169494983
868120169494991
868120169495006
868120169495014
868120169495022
868120169495030
868120169495048
868120169495055
868120169495063
868120169495071
868120169495089
868120169495097
868120169495105
868120169495113
868120169495121
868120169495139
868120169495147
868120169495154
868120169495162
868120169495170
868120169495188
868120169495196
868120169495204
868120169495212
868120169495220
868120169495238
868120169495246
868120169495253
868120169495261
868120169495279
868120169495287
868120169495295
868120169495303
868120169495311
868120169495329
868120169495337
868120169495345
868120169495352
868120169495360
868120169495378
868120169495386
868120169495394
868120169495402
868120169495410
868120169495428
868120169495436
868120169495444
868120169495451
868120169495469
868120169495477
868120169495485
868120169495493
868120169495501
868120169495519
868120169495527
868120169495535
868120169495543
868120169495550
868120169495568
868120169495576
868120169495584
868120169495592
868120169495600
868120169495618
868120169495626
868120169495634
868120169495642
868120169495659
868120169495667
868120169495675
868120169495683
868120169495691
868120169495709
868120169495717
868120169495725
868120169495733
868120169495741
868120169495758
868120169495766
868120169495774
868120169495782
868120169495790
868120169495808
868120169495816
868120169495824
868120169495832
868120169495840
868120169495857
868120169495865
868120169495873
868120169495881
868120169495899
868120169495907
868120169495915
868120169495923
868120169495931
868120169495949
868120169495956
868120169495964
868120169495972
868120169495980
868120169495998
868120169496004
868120169496012
868120169496020
868120169496038
868120169496046
868120169496053
868120169496061
868120169496079
868120169496087
868120169496095
868120169496103
868120169496111
868120169496129
868120169496137
868120169496145
868120169496152
868120169496160
868120169496178
868120169496186
868120169496194
868120169496202
868120169496210
868120169496228
868120169496236
868120169496244
868120169496251
868120169496269
868120169496277
868120169496285
868120169496293
868120169496301
868120169496319
868120169496327
868120169496335
868120169496343
868120169496350
868120169496368
868120169496376
868120169496384
868120169496392
868120169496400
868120169496418
868120169496426
868120169496434
868120169496442
868120169496459
868120169496467
868120169496475
868120169496483
868120169496491
868120169496509
868120169496517
868120169496525
868120169496533
868120169496541
868120169496558
868120169496566
868120169496574
868120169496582
868120169496590
868120169496608
868120169496616
868120169496624
868120169496632
868120169496640
868120169496657
868120169496665
868120169496673
868120169496681
868120169496699
868120169496707
868120169496715
868120169496723
868120169496731
868120169496749
868120169496756
868120169496764
868120169496772
868120169496780
868120169496798
868120169496806
868120169496814
868120169496822
868120169496830
868120169496848
868120169496855
868120169496863
868120169496871
868120169496889
868120169496897
868120169496905
868120169496913
868120169496921
868120169496939
868120169496947
868120169496954
868120169496962
868120169496970
868120169496988
868120169496996
868120169497002
868120169497010
868120169497028
868120169497036
868120169497044
868120169497051
868120169497069
868120169497077
868120169497085
868120169497093
868120169497101
868120169497119
868120169497127
868120169497135
868120169497143
868120169497150
868120169497168
868120169497176
868120169497184
868120169497192
868120169497200
868120169497218
868120169497226
868120169497234
868120169497242
868120169497259
868120169497267
868120169497275
868120169497283
868120169497291
868120169497309
868120169497317
868120169497325
868120169497333
868120169497341
868120169497358
868120169497366
868120169497374
868120169497382
868120169497390
868120169497408
868120169497416
868120169497424
868120169497432
868120169497440
868120169497457
868120169497465
868120169497473
868120169497481
868120169497499
868120169497507
868120169497515
868120169497523
868120169497531
868120169497549
868120169497556
868120169497564
868120169497572
868120169497580
868120169497598
868120169497606
868120169497614
868120169497622
868120169497630
868120169497648
868120169497655
868120169497663
868120169497671
868120169497689
868120169497697
868120169497705
868120169497713
868120169497721
868120169497739
868120169497747
868120169497754
868120169497762
868120169497770
868120169497788
868120169497796
868120169497804
868120169497812
868120169497820
868120169497838
868120169497846
868120169497853
868120169497861
868120169497879
868120169497887
868120169497895
868120169497903
868120169497911
868120169497929
868120169497937
868120169497945
868120169497952
868120169497960
868120169497978
868120169497986
868120169497994
868120169498000
868120169498018
868120169498026
868120169498034
868120169498042
868120169498059
868120169498067
868120169498075
868120169498083
868120169498091
868120169498109
868120169498117
868120169498125
868120169498133
868120169498141
868120169498158
868120169498166
868120169498174
868120169498182
868120169498190
868120169498208
868120169498216
868120169498224
868120169498232
868120169498240
868120169498257
868120169498265
868120169498273
868120169498281
868120169498299
868120169498307
868120169498315
868120169498323
868120169498331
868120169498349
868120169498356
868120169498364
868120169498372
868120169498380
868120169498398
868120169498406
868120169498414
868120169498422
868120169498430
868120169498448
868120169498455
868120169498463
868120169498471
868120169498489
868120169498497
868120169498505
868120169498513
868120169498521
868120169498539
868120169498547
868120169498554
868120169498562
868120169498570
868120169498588
868120169498596
868120169498604
868120169498612
868120169498620
868120169498638
868120169498646
868120169498653
868120169498661
868120169498679
868120169498687
868120169498695
868120169498703
868120169498711
868120169498729
868120169498737
868120169498745
868120169498752
868120169498760
868120169498778
868120169498786
868120169498794
868120169498802
868120169498810
868120169498828
868120169498836
868120169498844
868120169498851
868120169498869
868120169498877
868120169498885
868120169498893
868120169498901
868120169498919
868120169498927
868120169498935
868120169498943
868120169498950
868120169498968
868120169498976
868120169498984
868120169498992
868120169499008
868120169499016
868120169499024
868120169499032
868120169499040
868120169499057
868120169499065
868120169499073
868120169499081
868120169499099
868120169499107
868120169499115
868120169499123
868120169499131
868120169499149
868120169499156
868120169499164
868120169499172
868120169499180
868120169499198
868120169499206
868120169499214
868120169499222
868120169499230
868120169499248
868120169499255
868120169499263
868120169499271
868120169499289
868120169499297
868120169499305
868120169499313
868120169499321
868120169499339
868120169499347
868120169499354
868120169499362
868120169499370
868120169499388
868120169499396
868120169499404
868120169499412
868120169499420
868120169499438
868120169499446
868120169499453
868120169499461
868120169499479
868120169499487
868120169499495
868120169499503
868120169499511
868120169499529
868120169499537
868120169499545
868120169499552
868120169499560
868120169499578
868120169499586
868120169499594
868120169499602
868120169499610
868120169499628
868120169499636
868120169499644
868120169499651
868120169499669
868120169499677
868120169499685
868120169499693
868120169499701
868120169499719
868120169499727
868120169499735
868120169499743
868120169499750
868120169499768
868120169499776
868120169499784
868120169499792
868120169499800
868120169499818
868120169499826
868120169499834
868120169499842
868120169499859
868120169499867
868120169499875
868120169499883
868120169499891
868120169499909
868120169499917
868120169499925
868120169499933
868120169499941
868120169499958
868120169499966
868120169499974
868120169499982
868120169499990
868120169500003
868120169500011
868120169500029
868120169500037
868120169500045
868120169500052
868120169500060
868120169500078
868120169500086
868120169500094
868120169500102
868120169500110
868120169500128
868120169500136
868120169500144
868120169500151
868120169500169
868120169500177
868120169500185
868120169500193
868120169500201
868120169500219
868120169500227
868120169500235
868120169500243
868120169500250
868120169500268
868120169500276
868120169500284
868120169500292
868120169500300
868120169500318
868120169500326
868120169500334
868120169500342
868120169500359
868120169500367
868120169500375
868120169500383
868120169500391
868120169500409
868120169500417
868120169500425
868120169500433
868120169500441
868120169500458
868120169500466
868120169500474
868120169500482
868120169500490
868120169500508
868120169500516
868120169500524
868120169500532
868120169500540
868120169500557
868120169500565
868120169500573
868120169500581
868120169500599
868120169500607
868120169500615
868120169500623
868120169500631
868120169500649
868120169500656
868120169500664
868120169500672
868120169500680
868120169500698
868120169500706
868120169500714
868120169500722
868120169500730
868120169500748
868120169500755
868120169500763
868120169500771
868120169500789
868120169500797
868120169500805
868120169500813
868120169500821
868120169500839
868120169500847
868120169500854
868120169500862
868120169500870
868120169500888
868120169500896
868120169500904
868120169500912
868120169500920
868120169500938
868120169500946
868120169500953
868120169500961
868120169500979
868120169500987
868120169500995
868120169501001
868120169501019
868120169501027
868120169501035
868120169501043
868120169501050
868120169501068
868120169501076
868120169501084
868120169501092
868120169501100
868120169501118
868120169501126
868120169501134
868120169501142
868120169501159
868120169501167
868120169501175
868120169501183
868120169501191
868120169501209
868120169501217
868120169501225
868120169501233
868120169501241
868120169501258
868120169501266
868120169501274
868120169501282
868120169501290
868120169501308
868120169501316
868120169501324
868120169501332
868120169501340
868120169501357
868120169501365
868120169501373
868120169501381
868120169501399
868120169501407
868120169501415
868120169501423
868120169501431
868120169501449
868120169501456
868120169501464
868120169501472
868120169501480
868120169501498
868120169501506
868120169501514
868120169501522
868120169501530
868120169501548
868120169501555
868120169501563
868120169501571
868120169501589
868120169501597
868120169501605
868120169501613
868120169501621
868120169501639
868120169501647
868120169501654
868120169501662
868120169501670
868120169501688
868120169501696
868120169501704
868120169501712
868120169501720
868120169501738
868120169501746
868120169501753
868120169501761
868120169501779
868120169501787
868120169501795
868120169501803
868120169501811
868120169501829
868120169501837
868120169501845
868120169501852
868120169501860
868120169501878
868120169501886
868120169501894
868120169501902
868120169501910
868120169501928
868120169501936
868120169501944
868120169501951
868120169501969
868120169501977
868120169501985
868120169501993
868120169502009
868120169502017
868120169502025
868120169502033
868120169502041
868120169502058
868120169502066
868120169502074
868120169502082
868120169502090
868120169502108
868120169502116
868120169502124
868120169502132
868120169502140
868120169502157
868120169502165
868120169502173
868120169502181
868120169502199
868120169502207
868120169502215
868120169502223
868120169502231
868120169502249
868120169502256
868120169502264
868120169502272
868120169502280
868120169502298
868120169502306
868120169502314
868120169502322
868120169502330
868120169502348
868120169502355
868120169502363
868120169502371
868120169502389
868120169502397
868120169502405
868120169502413
868120169502421
868120169502439
868120169502447
868120169502454
868120169502462
868120169502470
868120169502488
868120169502496
868120169502504
868120169502512
868120169502520
868120169502538
868120169502546
868120169502553
868120169502561
868120169502579
868120169502587
868120169502595
868120169502603
868120169502611
868120169502629
868120169502637
868120169502645
868120169502652
868120169502660
868120169502678
868120169502686
868120169502694
868120169502702
868120169502710
868120169502728
868120169502736
868120169502744
868120169502751
868120169502769
868120169502777
868120169502785
868120169502793
868120169502801
868120169502819
868120169502827
868120169502835
868120169502843
868120169502850
868120169502868
868120169502876
868120169502884
868120169502892
868120169502900
868120169502918
868120169502926
868120169502934
868120169502942
868120169502959
868120169502967
868120169502975
868120169502983
868120169502991
868120169503007
868120169503015
868120169503023
868120169503031
868120169503049
868120169503056
868120169503064
868120169503072
868120169503080
868120169503098
868120169503106
868120169503114
868120169503122
868120169503130
868120169503148
868120169503155
868120169503163
868120169503171
868120169503189
868120169503197
868120169503205
868120169503213
868120169503221
868120169503239
868120169503247
868120169503254
868120169503262
868120169503270
868120169503288
868120169503296
868120169503304
868120169503312
868120169503320
868120169503338
868120169503346
868120169503353
868120169503361
868120169503379
868120169503387
868120169503395
868120169503403
868120169503411
868120169503429
868120169503437
868120169503445
868120169503452
868120169503460
868120169503478
868120169503486
868120169503494
868120169503502
868120169503510
868120169503528
868120169503536
868120169503544
868120169503551
868120169503569
868120169503577
868120169503585
868120169503593
868120169503601
868120169503619
868120169503627
868120169503635
868120169503643
868120169503650
868120169503668
868120169503676
868120169503684
868120169503692
868120169503700
868120169503718
868120169503726
868120169503734
868120169503742
868120169503759
868120169503767
868120169503775
868120169503783
868120169503791
868120169503809
868120169503817
868120169503825
868120169503833