863166010585011
863166010585029
863166010585037
863166010585045
863166010585052
863166010585060
863166010585078
863166010585086
863166010585094
863166010585102
863166010585110
863166010585128
863166010585136
863166010585144
863166010585151
863166010585169
863166010585177
863166010585185
863166010585193
863166010585201
863166010585219
863166010585227
863166010585235
863166010585243
863166010585250
863166010585268
863166010585276
863166010585284
863166010585292
863166010585300
863166010585318
863166010585326
863166010585334
863166010585342
863166010585359
863166010585367
863166010585375
863166010585383
863166010585391
863166010585409
863166010585417
863166010585425
863166010585433
863166010585441
863166010585458
863166010585466
863166010585474
863166010585482
863166010585490
863166010585508
863166010585516
863166010585524
863166010585532
863166010585540
863166010585557
863166010585565
863166010585573
863166010585581
863166010585599
863166010585607
863166010585615
863166010585623
863166010585631
863166010585649
863166010585656
863166010585664
863166010585672
863166010585680
863166010585698
863166010585706
863166010585714
863166010585722
863166010585730
863166010585748
863166010585755
863166010585763
863166010585771
863166010585789
863166010585797
863166010585805
863166010585813
863166010585821
863166010585839
863166010585847
863166010585854
863166010585862
863166010585870
863166010585888
863166010585896
863166010585904
863166010585912
863166010585920
863166010585938
863166010585946
863166010585953
863166010585961
863166010585979
863166010585987
863166010585995
863166010586001
863166010586019
863166010586027
863166010586035
863166010586043
863166010586050
863166010586068
863166010586076
863166010586084
863166010586092
863166010586100
863166010586118
863166010586126
863166010586134
863166010586142
863166010586159
863166010586167
863166010586175
863166010586183
863166010586191
863166010586209
863166010586217
863166010586225
863166010586233
863166010586241
863166010586258
863166010586266
863166010586274
863166010586282
863166010586290
863166010586308
863166010586316
863166010586324
863166010586332
863166010586340
863166010586357
863166010586365
863166010586373
863166010586381
863166010586399
863166010586407
863166010586415
863166010586423
863166010586431
863166010586449
863166010586456
863166010586464
863166010586472
863166010586480
863166010586498
863166010586506
863166010586514
863166010586522
863166010586530
863166010586548
863166010586555
863166010586563
863166010586571
863166010586589
863166010586597
863166010586605
863166010586613
863166010586621
863166010586639
863166010586647
863166010586654
863166010586662
863166010586670
863166010586688
863166010586696
863166010586704
863166010586712
863166010586720
863166010586738
863166010586746
863166010586753
863166010586761
863166010586779
863166010586787
863166010586795
863166010586803
863166010586811
863166010586829
863166010586837
863166010586845
863166010586852
863166010586860
863166010586878
863166010586886
863166010586894
863166010586902
863166010586910
863166010586928
863166010586936
863166010586944
863166010586951
863166010586969
863166010586977
863166010586985
863166010586993
863166010587009
863166010587017
863166010587025
863166010587033
863166010587041
863166010587058
863166010587066
863166010587074
863166010587082
863166010587090
863166010587108
863166010587116
863166010587124
863166010587132
863166010587140
863166010587157
863166010587165
863166010587173
863166010587181
863166010587199
863166010587207
863166010587215
863166010587223
863166010587231
863166010587249
863166010587256
863166010587264
863166010587272
863166010587280
863166010587298
863166010587306
863166010587314
863166010587322
863166010587330
863166010587348
863166010587355
863166010587363
863166010587371
863166010587389
863166010587397
863166010587405
863166010587413
863166010587421
863166010587439
863166010587447
863166010587454
863166010587462
863166010587470
863166010587488
863166010587496
863166010587504
863166010587512
863166010587520
863166010587538
863166010587546
863166010587553
863166010587561
863166010587579
863166010587587
863166010587595
863166010587603
863166010587611
863166010587629
863166010587637
863166010587645
863166010587652
863166010587660
863166010587678
863166010587686
863166010587694
863166010587702
863166010587710
863166010587728
863166010587736
863166010587744
863166010587751
863166010587769
863166010587777
863166010587785
863166010587793
863166010587801
863166010587819
863166010587827
863166010587835
863166010587843
863166010587850
863166010587868
863166010587876
863166010587884
863166010587892
863166010587900
863166010587918
863166010587926
863166010587934
863166010587942
863166010587959
863166010587967
863166010587975
863166010587983
863166010587991
863166010588007
863166010588015
863166010588023
863166010588031
863166010588049
863166010588056
863166010588064
863166010588072
863166010588080
863166010588098
863166010588106
863166010588114
863166010588122
863166010588130
863166010588148
863166010588155
863166010588163
863166010588171
863166010588189
863166010588197
863166010588205
863166010588213
863166010588221
863166010588239
863166010588247
863166010588254
863166010588262
863166010588270
863166010588288
863166010588296
863166010588304
863166010588312
863166010588320
863166010588338
863166010588346
863166010588353
863166010588361
863166010588379
863166010588387
863166010588395
863166010588403
863166010588411
863166010588429
863166010588437
863166010588445
863166010588452
863166010588460
863166010588478
863166010588486
863166010588494
863166010588502
863166010588510
863166010588528
863166010588536
863166010588544
863166010588551
863166010588569
863166010588577
863166010588585
863166010588593
863166010588601
863166010588619
863166010588627
863166010588635
863166010588643
863166010588650
863166010588668
863166010588676
863166010588684
863166010588692
863166010588700
863166010588718
863166010588726
863166010588734
863166010588742
863166010588759
863166010588767
863166010588775
863166010588783
863166010588791
863166010588809
863166010588817
863166010588825
863166010588833
863166010588841
863166010588858
863166010588866
863166010588874
863166010588882
863166010588890
863166010588908
863166010588916
863166010588924
863166010588932
863166010588940
863166010588957
863166010588965
863166010588973
863166010588981
863166010588999
863166010589005
863166010589013
863166010589021
863166010589039
863166010589047
863166010589054
863166010589062
863166010589070
863166010589088
863166010589096
863166010589104
863166010589112
863166010589120
863166010589138
863166010589146
863166010589153
863166010589161
863166010589179
863166010589187
863166010589195
863166010589203
863166010589211
863166010589229
863166010589237
863166010589245
863166010589252
863166010589260
863166010589278
863166010589286
863166010589294
863166010589302
863166010589310
863166010589328
863166010589336
863166010589344
863166010589351
863166010589369
863166010589377
863166010589385
863166010589393
863166010589401
863166010589419
863166010589427
863166010589435
863166010589443
863166010589450
863166010589468
863166010589476
863166010589484
863166010589492
863166010589500
863166010589518
863166010589526
863166010589534
863166010589542
863166010589559
863166010589567
863166010589575
863166010589583
863166010589591
863166010589609
863166010589617
863166010589625
863166010589633
863166010589641
863166010589658
863166010589666
863166010589674
863166010589682
863166010589690
863166010589708
863166010589716
863166010589724
863166010589732
863166010589740
863166010589757
863166010589765
863166010589773
863166010589781
863166010589799
863166010589807
863166010589815
863166010589823
863166010589831
863166010589849
863166010589856
863166010589864
863166010589872
863166010589880
863166010589898
863166010589906
863166010589914
863166010589922
863166010589930
863166010589948
863166010589955
863166010589963
863166010589971
863166010589989
863166010589997
863166010590003
863166010590011
863166010590029
863166010590037
863166010590045
863166010590052
863166010590060
863166010590078
863166010590086
863166010590094
863166010590102
863166010590110
863166010590128
863166010590136
863166010590144
863166010590151
863166010590169
863166010590177
863166010590185
863166010590193
863166010590201
863166010590219
863166010590227
863166010590235
863166010590243
863166010590250
863166010590268
863166010590276
863166010590284
863166010590292
863166010590300
863166010590318
863166010590326
863166010590334
863166010590342
863166010590359
863166010590367
863166010590375
863166010590383
863166010590391
863166010590409
863166010590417
863166010590425
863166010590433
863166010590441
863166010590458
863166010590466
863166010590474
863166010590482
863166010590490
863166010590508
863166010590516
863166010590524
863166010590532
863166010590540
863166010590557
863166010590565
863166010590573
863166010590581
863166010590599
863166010590607
863166010590615
863166010590623
863166010590631
863166010590649
863166010590656
863166010590664
863166010590672
863166010590680
863166010590698
863166010590706
863166010590714
863166010590722
863166010590730
863166010590748
863166010590755
863166010590763
863166010590771
863166010590789
863166010590797
863166010590805
863166010590813
863166010590821
863166010590839
863166010590847
863166010590854
863166010590862
863166010590870
863166010590888
863166010590896
863166010590904
863166010590912
863166010590920
863166010590938
863166010590946
863166010590953
863166010590961
863166010590979
863166010590987
863166010590995
863166010591001
863166010591019
863166010591027
863166010591035
863166010591043
863166010591050
863166010591068
863166010591076
863166010591084
863166010591092
863166010591100
863166010591118
863166010591126
863166010591134
863166010591142
863166010591159
863166010591167
863166010591175
863166010591183
863166010591191
863166010591209
863166010591217
863166010591225
863166010591233
863166010591241
863166010591258
863166010591266
863166010591274
863166010591282
863166010591290
863166010591308
863166010591316
863166010591324
863166010591332
863166010591340
863166010591357
863166010591365
863166010591373
863166010591381
863166010591399
863166010591407
863166010591415
863166010591423
863166010591431
863166010591449
863166010591456
863166010591464
863166010591472
863166010591480
863166010591498
863166010591506
863166010591514
863166010591522
863166010591530
863166010591548
863166010591555
863166010591563
863166010591571
863166010591589
863166010591597
863166010591605
863166010591613
863166010591621
863166010591639
863166010591647
863166010591654
863166010591662
863166010591670
863166010591688
863166010591696
863166010591704
863166010591712
863166010591720
863166010591738
863166010591746
863166010591753
863166010591761
863166010591779
863166010591787
863166010591795
863166010591803
863166010591811
863166010591829
863166010591837
863166010591845
863166010591852
863166010591860
863166010591878
863166010591886
863166010591894
863166010591902
863166010591910
863166010591928
863166010591936
863166010591944
863166010591951
863166010591969
863166010591977
863166010591985
863166010591993
863166010592009
863166010592017
863166010592025
863166010592033
863166010592041
863166010592058
863166010592066
863166010592074
863166010592082
863166010592090
863166010592108
863166010592116
863166010592124
863166010592132
863166010592140
863166010592157
863166010592165
863166010592173
863166010592181
863166010592199
863166010592207
863166010592215
863166010592223
863166010592231
863166010592249
863166010592256
863166010592264
863166010592272
863166010592280
863166010592298
863166010592306
863166010592314
863166010592322
863166010592330
863166010592348
863166010592355
863166010592363
863166010592371
863166010592389
863166010592397
863166010592405
863166010592413
863166010592421
863166010592439
863166010592447
863166010592454
863166010592462
863166010592470
863166010592488
863166010592496
863166010592504
863166010592512
863166010592520
863166010592538
863166010592546
863166010592553
863166010592561
863166010592579
863166010592587
863166010592595
863166010592603
863166010592611
863166010592629
863166010592637
863166010592645
863166010592652
863166010592660
863166010592678
863166010592686
863166010592694
863166010592702
863166010592710
863166010592728
863166010592736
863166010592744
863166010592751
863166010592769
863166010592777
863166010592785
863166010592793
863166010592801
863166010592819
863166010592827
863166010592835
863166010592843
863166010592850
863166010592868
863166010592876
863166010592884
863166010592892
863166010592900
863166010592918
863166010592926
863166010592934
863166010592942
863166010592959
863166010592967
863166010592975
863166010592983
863166010592991
863166010593007
863166010593015
863166010593023
863166010593031
863166010593049
863166010593056
863166010593064
863166010593072
863166010593080
863166010593098
863166010593106
863166010593114
863166010593122
863166010593130
863166010593148
863166010593155
863166010593163
863166010593171
863166010593189
863166010593197
863166010593205
863166010593213
863166010593221
863166010593239
863166010593247
863166010593254
863166010593262
863166010593270
863166010593288
863166010593296
863166010593304
863166010593312
863166010593320
863166010593338
863166010593346
863166010593353
863166010593361
863166010593379
863166010593387
863166010593395
863166010593403
863166010593411
863166010593429
863166010593437
863166010593445
863166010593452
863166010593460
863166010593478
863166010593486
863166010593494
863166010593502
863166010593510
863166010593528
863166010593536
863166010593544
863166010593551
863166010593569
863166010593577
863166010593585
863166010593593
863166010593601
863166010593619
863166010593627
863166010593635
863166010593643
863166010593650
863166010593668
863166010593676
863166010593684
863166010593692
863166010593700
863166010593718
863166010593726
863166010593734
863166010593742
863166010593759
863166010593767
863166010593775
863166010593783
863166010593791
863166010593809
863166010593817
863166010593825
863166010593833
863166010593841
863166010593858
863166010593866
863166010593874
863166010593882
863166010593890
863166010593908
863166010593916
863166010593924
863166010593932
863166010593940
863166010593957
863166010593965
863166010593973
863166010593981
863166010593999
863166010594005
863166010594013
863166010594021
863166010594039
863166010594047
863166010594054
863166010594062
863166010594070
863166010594088
863166010594096
863166010594104
863166010594112
863166010594120
863166010594138
863166010594146
863166010594153
863166010594161
863166010594179
863166010594187
863166010594195
863166010594203
863166010594211
863166010594229
863166010594237
863166010594245
863166010594252
863166010594260
863166010594278
863166010594286
863166010594294
863166010594302
863166010594310
863166010594328
863166010594336
863166010594344
863166010594351
863166010594369
863166010594377
863166010594385
863166010594393
863166010594401
863166010594419
863166010594427
863166010594435
863166010594443
863166010594450
863166010594468
863166010594476
863166010594484
863166010594492
863166010594500
863166010594518
863166010594526
863166010594534
863166010594542
863166010594559
863166010594567
863166010594575
863166010594583
863166010594591
863166010594609
863166010594617
863166010594625
863166010594633
863166010594641
863166010594658
863166010594666
863166010594674
863166010594682
863166010594690
863166010594708
863166010594716
863166010594724
863166010594732
863166010594740
863166010594757
863166010594765
863166010594773
863166010594781
863166010594799
863166010594807
863166010594815
863166010594823
863166010594831
863166010594849
863166010594856
863166010594864
863166010594872
863166010594880
863166010594898
863166010594906
863166010594914
863166010594922
863166010594930
863166010594948
863166010594955
863166010594963
863166010594971
863166010594989
863166010594997
863166010595002
863166010595010
863166010595028
863166010595036
863166010595044
863166010595051
863166010595069
863166010595077
863166010595085
863166010595093
863166010595101
863166010595119
863166010595127
863166010595135
863166010595143
863166010595150
863166010595168
863166010595176
863166010595184
863166010595192
863166010595200
863166010595218
863166010595226
863166010595234
863166010595242
863166010595259
863166010595267
863166010595275
863166010595283
863166010595291
863166010595309
863166010595317
863166010595325
863166010595333
863166010595341
863166010595358
863166010595366
863166010595374
863166010595382
863166010595390
863166010595408
863166010595416
863166010595424
863166010595432
863166010595440
863166010595457
863166010595465
863166010595473
863166010595481
863166010595499
863166010595507
863166010595515
863166010595523
863166010595531
863166010595549
863166010595556
863166010595564
863166010595572
863166010595580
863166010595598
863166010595606
863166010595614
863166010595622
863166010595630
863166010595648
863166010595655
863166010595663
863166010595671
863166010595689
863166010595697
863166010595705
863166010595713
863166010595721
863166010595739
863166010595747
863166010595754
863166010595762
863166010595770
863166010595788
863166010595796
863166010595804
863166010595812
863166010595820
863166010595838
863166010595846
863166010595853
863166010595861
863166010595879
863166010595887
863166010595895
863166010595903
863166010595911
863166010595929
863166010595937
863166010595945
863166010595952
863166010595960
863166010595978
863166010595986
863166010595994
863166010596000
863166010596018
863166010596026
863166010596034
863166010596042
863166010596059
863166010596067
863166010596075
863166010596083
863166010596091
863166010596109
863166010596117
863166010596125
863166010596133
863166010596141
863166010596158
863166010596166
863166010596174
863166010596182
863166010596190
863166010596208
863166010596216
863166010596224
863166010596232
863166010596240
863166010596257
863166010596265
863166010596273
863166010596281
863166010596299
863166010596307
863166010596315
863166010596323
863166010596331
863166010596349
863166010596356
863166010596364
863166010596372
863166010596380
863166010596398
863166010596406
863166010596414
863166010596422
863166010596430
863166010596448
863166010596455
863166010596463
863166010596471
863166010596489
863166010596497
863166010596505
863166010596513
863166010596521
863166010596539
863166010596547
863166010596554
863166010596562
863166010596570
863166010596588
863166010596596
863166010596604
863166010596612
863166010596620
863166010596638
863166010596646
863166010596653
863166010596661
863166010596679
863166010596687
863166010596695
863166010596703
863166010596711
863166010596729
863166010596737
863166010596745
863166010596752
863166010596760
863166010596778
863166010596786
863166010596794
863166010596802
863166010596810
863166010596828
863166010596836
863166010596844
863166010596851
863166010596869
863166010596877
863166010596885
863166010596893
863166010596901
863166010596919
863166010596927
863166010596935
863166010596943
863166010596950
863166010596968
863166010596976
863166010596984
863166010596992
863166010597008
863166010597016
863166010597024
863166010597032
863166010597040
863166010597057
863166010597065
863166010597073
863166010597081
863166010597099
863166010597107
863166010597115
863166010597123
863166010597131
863166010597149
863166010597156
863166010597164
863166010597172
863166010597180
863166010597198
863166010597206
863166010597214
863166010597222
863166010597230
863166010597248
863166010597255
863166010597263
863166010597271
863166010597289
863166010597297
863166010597305
863166010597313
863166010597321
863166010597339
863166010597347
863166010597354
863166010597362
863166010597370
863166010597388
863166010597396
863166010597404
863166010597412
863166010597420
863166010597438
863166010597446
863166010597453
863166010597461
863166010597479
863166010597487
863166010597495
863166010597503
863166010597511
863166010597529
863166010597537
863166010597545
863166010597552
863166010597560
863166010597578
863166010597586
863166010597594
863166010597602
863166010597610
863166010597628
863166010597636
863166010597644
863166010597651
863166010597669
863166010597677
863166010597685
863166010597693
863166010597701
863166010597719
863166010597727
863166010597735
863166010597743
863166010597750
863166010597768
863166010597776
863166010597784
863166010597792
863166010597800
863166010597818
863166010597826
863166010597834
863166010597842
863166010597859
863166010597867
863166010597875
863166010597883
863166010597891
863166010597909
863166010597917
863166010597925
863166010597933
863166010597941
863166010597958
863166010597966
863166010597974
863166010597982
863166010597990
863166010598006
863166010598014
863166010598022
863166010598030
863166010598048
863166010598055
863166010598063
863166010598071
863166010598089
863166010598097
863166010598105
863166010598113
863166010598121
863166010598139
863166010598147
863166010598154
863166010598162
863166010598170
863166010598188
863166010598196
863166010598204
863166010598212
863166010598220
863166010598238
863166010598246
863166010598253
863166010598261
863166010598279
863166010598287
863166010598295
863166010598303
863166010598311
863166010598329
863166010598337
863166010598345
863166010598352
863166010598360
863166010598378
863166010598386
863166010598394
863166010598402
863166010598410
863166010598428
863166010598436
863166010598444
863166010598451
863166010598469
863166010598477
863166010598485
863166010598493
863166010598501
863166010598519
863166010598527
863166010598535
863166010598543
863166010598550
863166010598568
863166010598576
863166010598584
863166010598592
863166010598600
863166010598618
863166010598626
863166010598634
863166010598642
863166010598659
863166010598667
863166010598675
863166010598683
863166010598691
863166010598709
863166010598717
863166010598725
863166010598733
863166010598741
863166010598758
863166010598766
863166010598774
863166010598782
863166010598790
863166010598808
863166010598816
863166010598824
863166010598832
863166010598840
863166010598857
863166010598865
863166010598873
863166010598881
863166010598899
863166010598907
863166010598915
863166010598923
863166010598931
863166010598949
863166010598956
863166010598964
863166010598972
863166010598980
863166010598998
863166010599004
863166010599012
863166010599020
863166010599038
863166010599046
863166010599053
863166010599061
863166010599079
863166010599087
863166010599095
863166010599103
863166010599111
863166010599129
863166010599137
863166010599145
863166010599152
863166010599160
863166010599178
863166010599186
863166010599194
863166010599202
863166010599210
863166010599228
863166010599236
863166010599244
863166010599251
863166010599269
863166010599277
863166010599285
863166010599293
863166010599301
863166010599319
863166010599327
863166010599335
863166010599343
863166010599350
863166010599368
863166010599376
863166010599384
863166010599392
863166010599400
863166010599418
863166010599426
863166010599434
863166010599442
863166010599459
863166010599467
863166010599475
863166010599483
863166010599491
863166010599509
863166010599517
863166010599525
863166010599533
863166010599541
863166010599558
863166010599566
863166010599574
863166010599582
863166010599590
863166010599608
863166010599616
863166010599624
863166010599632
863166010599640
863166010599657
863166010599665
863166010599673
863166010599681
863166010599699
863166010599707
863166010599715
863166010599723
863166010599731
863166010599749
863166010599756
863166010599764
863166010599772
863166010599780
863166010599798
863166010599806
863166010599814
863166010599822
863166010599830
863166010599848
863166010599855
863166010599863
863166010599871
863166010599889
863166010599897
863166010599905
863166010599913
863166010599921
863166010599939
863166010599947
863166010599954
863166010599962
863166010599970
863166010599988
863166010599996
863166010600000
863166010600018
863166010600026
863166010600034
863166010600042
863166010600059
863166010600067
863166010600075
863166010600083
863166010600091
863166010600109
863166010600117
863166010600125
863166010600133
863166010600141
863166010600158
863166010600166
863166010600174
863166010600182
863166010600190
863166010600208
863166010600216
863166010600224
863166010600232
863166010600240
863166010600257
863166010600265
863166010600273
863166010600281
863166010600299
863166010600307
863166010600315
863166010600323
863166010600331
863166010600349
863166010600356
863166010600364
863166010600372
863166010600380
863166010600398
863166010600406
863166010600414
863166010600422
863166010600430
863166010600448
863166010600455
863166010600463
863166010600471
863166010600489
863166010600497
863166010600505
863166010600513
863166010600521
863166010600539
863166010600547
863166010600554
863166010600562
863166010600570
863166010600588
863166010600596
863166010600604
863166010600612
863166010600620
863166010600638
863166010600646
863166010600653
863166010600661
863166010600679
863166010600687
863166010600695
863166010600703
863166010600711
863166010600729
863166010600737
863166010600745
863166010600752
863166010600760
863166010600778
863166010600786
863166010600794
863166010600802
863166010600810
863166010600828
863166010600836
863166010600844
863166010600851
863166010600869
863166010600877
863166010600885
863166010600893
863166010600901
863166010600919
863166010600927
863166010600935
863166010600943
863166010600950
863166010600968
863166010600976
863166010600984
863166010600992
863166010601008
863166010601016
863166010601024
863166010601032
863166010601040
863166010601057
863166010601065
863166010601073
863166010601081
863166010601099
863166010601107
863166010601115
863166010601123
863166010601131
863166010601149
863166010601156
863166010601164
863166010601172
863166010601180
863166010601198
863166010601206
863166010601214
863166010601222
863166010601230
863166010601248
863166010601255
863166010601263
863166010601271
863166010601289
863166010601297
863166010601305
863166010601313
863166010601321
863166010601339
863166010601347
863166010601354
863166010601362
863166010601370
863166010601388
863166010601396
863166010601404
863166010601412
863166010601420
863166010601438
863166010601446
863166010601453
863166010601461
863166010601479
863166010601487
863166010601495
863166010601503
863166010601511
863166010601529
863166010601537
863166010601545
863166010601552
863166010601560
863166010601578
863166010601586
863166010601594
863166010601602
863166010601610
863166010601628
863166010601636
863166010601644
863166010601651
863166010601669
863166010601677
863166010601685
863166010601693
863166010601701
863166010601719
863166010601727
863166010601735
863166010601743
863166010601750
863166010601768
863166010601776
863166010601784
863166010601792
863166010601800
863166010601818
863166010601826
863166010601834
863166010601842
863166010601859
863166010601867
863166010601875
863166010601883
863166010601891
863166010601909
863166010601917
863166010601925
863166010601933
863166010601941
863166010601958
863166010601966
863166010601974
863166010601982
863166010601990
863166010602006
863166010602014
863166010602022
863166010602030
863166010602048
863166010602055
863166010602063
863166010602071
863166010602089
863166010602097
863166010602105
863166010602113
863166010602121
863166010602139
863166010602147
863166010602154
863166010602162
863166010602170
863166010602188
863166010602196
863166010602204
863166010602212
863166010602220
863166010602238
863166010602246
863166010602253
863166010602261
863166010602279
863166010602287
863166010602295
863166010602303
863166010602311
863166010602329
863166010602337
863166010602345
863166010602352
863166010602360
863166010602378
863166010602386
863166010602394
863166010602402
863166010602410
863166010602428
863166010602436
863166010602444
863166010602451
863166010602469
863166010602477
863166010602485
863166010602493
863166010602501
863166010602519
863166010602527
863166010602535
863166010602543
863166010602550
863166010602568
863166010602576
863166010602584
863166010602592
863166010602600
863166010602618
863166010602626
863166010602634
863166010602642
863166010602659
863166010602667
863166010602675
863166010602683
863166010602691
863166010602709
863166010602717
863166010602725
863166010602733
863166010602741
863166010602758
863166010602766
863166010602774
863166010602782
863166010602790
863166010602808
863166010602816
863166010602824
863166010602832
863166010602840
863166010602857
863166010602865
863166010602873
863166010602881
863166010602899
863166010602907
863166010602915
863166010602923
863166010602931
863166010602949
863166010602956
863166010602964
863166010602972
863166010602980
863166010602998
863166010603004
863166010603012
863166010603020
863166010603038
863166010603046
863166010603053
863166010603061
863166010603079
863166010603087
863166010603095
863166010603103
863166010603111
863166010603129
863166010603137
863166010603145
863166010603152
863166010603160
863166010603178
863166010603186
863166010603194
863166010603202
863166010603210
863166010603228
863166010603236
863166010603244
863166010603251
863166010603269
863166010603277
863166010603285
863166010603293
863166010603301
863166010603319
863166010603327
863166010603335
863166010603343
863166010603350
863166010603368
863166010603376
863166010603384
863166010603392
863166010603400
863166010603418
863166010603426
863166010603434
863166010603442
863166010603459
863166010603467
863166010603475
863166010603483
863166010603491
863166010603509
863166010603517
863166010603525
863166010603533
863166010603541
863166010603558
863166010603566
863166010603574
863166010603582
863166010603590
863166010603608
863166010603616
863166010603624
863166010603632
863166010603640
863166010603657
863166010603665
863166010603673
863166010603681
863166010603699
863166010603707
863166010603715
863166010603723
863166010603731
863166010603749
863166010603756
863166010603764
863166010603772
863166010603780
863166010603798
863166010603806
863166010603814
863166010603822
863166010603830
863166010603848
863166010603855
863166010603863
863166010603871
863166010603889
863166010603897
863166010603905
863166010603913
863166010603921
863166010603939
863166010603947
863166010603954
863166010603962
863166010603970
863166010603988
863166010603996
863166010604002
863166010604010
863166010604028
863166010604036
863166010604044
863166010604051
863166010604069
863166010604077
863166010604085
863166010604093
863166010604101
863166010604119
863166010604127
863166010604135
863166010604143
863166010604150
863166010604168
863166010604176
863166010604184
863166010604192
863166010604200
863166010604218
863166010604226
863166010604234
863166010604242
863166010604259
863166010604267
863166010604275
863166010604283
863166010604291
863166010604309
863166010604317
863166010604325
863166010604333
863166010604341
863166010604358
863166010604366
863166010604374
863166010604382
863166010604390
863166010604408
863166010604416
863166010604424
863166010604432
863166010604440
863166010604457
863166010604465
863166010604473
863166010604481
863166010604499
863166010604507
863166010604515
863166010604523
863166010604531
863166010604549
863166010604556
863166010604564
863166010604572
863166010604580
863166010604598
863166010604606
863166010604614
863166010604622
863166010604630
863166010604648
863166010604655
863166010604663
863166010604671
863166010604689
863166010604697
863166010604705
863166010604713
863166010604721
863166010604739
863166010604747
863166010604754
863166010604762
863166010604770
863166010604788
863166010604796
863166010604804
863166010604812
863166010604820
863166010604838
863166010604846
863166010604853
863166010604861
863166010604879
863166010604887
863166010604895
863166010604903
863166010604911
863166010604929
863166010604937
863166010604945
863166010604952
863166010604960
863166010604978
863166010604986
863166010604994
863166010605009
863166010605017
863166010605025
863166010605033
863166010605041
863166010605058
863166010605066
863166010605074
863166010605082
863166010605090
863166010605108
863166010605116
863166010605124
863166010605132
863166010605140
863166010605157
863166010605165
863166010605173
863166010605181
863166010605199
863166010605207
863166010605215
863166010605223
863166010605231
863166010605249
863166010605256
863166010605264
863166010605272
863166010605280
863166010605298
863166010605306
863166010605314
863166010605322
863166010605330
863166010605348
863166010605355
863166010605363
863166010605371
863166010605389
863166010605397
863166010605405
863166010605413
863166010605421
863166010605439
863166010605447
863166010605454
863166010605462
863166010605470
863166010605488
863166010605496
863166010605504
863166010605512
863166010605520
863166010605538
863166010605546
863166010605553
863166010605561
863166010605579
863166010605587
863166010605595
863166010605603
863166010605611
863166010605629
863166010605637
863166010605645
863166010605652
863166010605660
863166010605678
863166010605686
863166010605694
863166010605702
863166010605710
863166010605728
863166010605736
863166010605744
863166010605751
863166010605769
863166010605777
863166010605785
863166010605793
863166010605801
863166010605819
863166010605827
863166010605835
863166010605843
863166010605850
863166010605868
863166010605876
863166010605884
863166010605892
863166010605900
863166010605918
863166010605926
863166010605934
863166010605942
863166010605959
863166010605967
863166010605975
863166010605983
863166010605991
863166010606007
863166010606015
863166010606023
863166010606031
863166010606049
863166010606056
863166010606064
863166010606072
863166010606080
863166010606098
863166010606106
863166010606114
863166010606122
863166010606130
863166010606148
863166010606155
863166010606163
863166010606171
863166010606189
863166010606197
863166010606205
863166010606213
863166010606221
863166010606239
863166010606247
863166010606254
863166010606262
863166010606270
863166010606288
863166010606296
863166010606304
863166010606312
863166010606320
863166010606338
863166010606346
863166010606353
863166010606361
863166010606379
863166010606387
863166010606395
863166010606403
863166010606411
863166010606429
863166010606437
863166010606445
863166010606452
863166010606460
863166010606478
863166010606486
863166010606494
863166010606502
863166010606510
863166010606528
863166010606536
863166010606544
863166010606551
863166010606569
863166010606577
863166010606585
863166010606593
863166010606601
863166010606619
863166010606627
863166010606635
863166010606643
863166010606650
863166010606668
863166010606676
863166010606684
863166010606692
863166010606700
863166010606718
863166010606726
863166010606734
863166010606742
863166010606759
863166010606767
863166010606775
863166010606783
863166010606791
863166010606809
863166010606817
863166010606825
863166010606833
863166010606841
863166010606858
863166010606866
863166010606874
863166010606882
863166010606890
863166010606908
863166010606916
863166010606924
863166010606932
863166010606940
863166010606957
863166010606965
863166010606973
863166010606981
863166010606999
863166010607005
863166010607013
863166010607021
863166010607039
863166010607047
863166010607054
863166010607062
863166010607070
863166010607088
863166010607096
863166010607104
863166010607112
863166010607120
863166010607138
863166010607146
863166010607153
863166010607161
863166010607179
863166010607187
863166010607195
863166010607203
863166010607211
863166010607229
863166010607237
863166010607245
863166010607252
863166010607260
863166010607278
863166010607286
863166010607294
863166010607302
863166010607310
863166010607328
863166010607336
863166010607344
863166010607351
863166010607369
863166010607377
863166010607385
863166010607393
863166010607401
863166010607419
863166010607427
863166010607435
863166010607443
863166010607450
863166010607468
863166010607476
863166010607484
863166010607492
863166010607500
863166010607518
863166010607526
863166010607534
863166010607542
863166010607559
863166010607567
863166010607575
863166010607583
863166010607591
863166010607609
863166010607617
863166010607625
863166010607633
863166010607641
863166010607658
863166010607666
863166010607674
863166010607682
863166010607690
863166010607708
863166010607716
863166010607724
863166010607732
863166010607740
863166010607757
863166010607765
863166010607773
863166010607781
863166010607799
863166010607807
863166010607815
863166010607823
863166010607831
863166010607849
863166010607856
863166010607864
863166010607872
863166010607880
863166010607898
863166010607906
863166010607914
863166010607922
863166010607930
863166010607948
863166010607955
863166010607963
863166010607971
863166010607989
863166010607997
863166010608003
863166010608011
863166010608029
863166010608037
863166010608045
863166010608052
863166010608060
863166010608078
863166010608086
863166010608094
863166010608102
863166010608110
863166010608128
863166010608136
863166010608144
863166010608151
863166010608169
863166010608177
863166010608185
863166010608193
863166010608201
863166010608219
863166010608227
863166010608235
863166010608243
863166010608250
863166010608268
863166010608276
863166010608284
863166010608292
863166010608300
863166010608318
863166010608326
863166010608334
863166010608342
863166010608359
863166010608367
863166010608375
863166010608383
863166010608391
863166010608409
863166010608417
863166010608425
863166010608433
863166010608441
863166010608458
863166010608466
863166010608474
863166010608482
863166010608490
863166010608508
863166010608516
863166010608524
863166010608532
863166010608540
863166010608557
863166010608565
863166010608573
863166010608581
863166010608599
863166010608607
863166010608615
863166010608623
863166010608631
863166010608649
863166010608656
863166010608664
863166010608672
863166010608680
863166010608698
863166010608706
863166010608714
863166010608722
863166010608730
863166010608748
863166010608755
863166010608763
863166010608771
863166010608789
863166010608797
863166010608805
863166010608813
863166010608821
863166010608839
863166010608847
863166010608854
863166010608862
863166010608870
863166010608888
863166010608896
863166010608904
863166010608912
863166010608920
863166010608938
863166010608946
863166010608953
863166010608961
863166010608979
863166010608987
863166010608995
863166010609001
863166010609019
863166010609027
863166010609035
863166010609043
863166010609050
863166010609068
863166010609076
863166010609084
863166010609092
863166010609100
863166010609118
863166010609126
863166010609134
863166010609142
863166010609159
863166010609167
863166010609175
863166010609183
863166010609191
863166010609209
863166010609217
863166010609225
863166010609233
863166010609241
863166010609258
863166010609266
863166010609274
863166010609282
863166010609290
863166010609308
863166010609316
863166010609324
863166010609332
863166010609340
863166010609357
863166010609365
863166010609373
863166010609381
863166010609399
863166010609407
863166010609415
863166010609423
863166010609431
863166010609449
863166010609456
863166010609464
863166010609472
863166010609480
863166010609498
863166010609506
863166010609514
863166010609522
863166010609530
863166010609548
863166010609555
863166010609563
863166010609571
863166010609589
863166010609597
863166010609605
863166010609613
863166010609621
863166010609639
863166010609647
863166010609654
863166010609662
863166010609670
863166010609688
863166010609696
863166010609704
863166010609712
863166010609720
863166010609738
863166010609746
863166010609753
863166010609761
863166010609779
863166010609787
863166010609795
863166010609803
863166010609811
863166010609829
863166010609837
863166010609845
863166010609852
863166010609860
863166010609878
863166010609886
863166010609894
863166010609902
863166010609910
863166010609928
863166010609936
863166010609944
863166010609951
863166010609969
863166010609977
863166010609985
863166010609993
863166010610009
863166010610017
863166010610025
863166010610033
863166010610041
863166010610058
863166010610066
863166010610074
863166010610082
863166010610090
863166010610108
863166010610116
863166010610124
863166010610132
863166010610140
863166010610157
863166010610165
863166010610173
863166010610181
863166010610199
863166010610207
863166010610215
863166010610223
863166010610231
863166010610249
863166010610256
863166010610264
863166010610272
863166010610280
863166010610298
863166010610306
863166010610314
863166010610322
863166010610330
863166010610348
863166010610355
863166010610363
863166010610371
863166010610389
863166010610397
863166010610405
863166010610413
863166010610421
863166010610439
863166010610447
863166010610454
863166010610462
863166010610470
863166010610488
863166010610496
863166010610504
863166010610512
863166010610520
863166010610538
863166010610546
863166010610553
863166010610561
863166010610579
863166010610587
863166010610595
863166010610603
863166010610611
863166010610629
863166010610637
863166010610645
863166010610652
863166010610660
863166010610678
863166010610686
863166010610694
863166010610702
863166010610710
863166010610728
863166010610736
863166010610744
863166010610751
863166010610769
863166010610777
863166010610785
863166010610793
863166010610801
863166010610819
863166010610827
863166010610835
863166010610843
863166010610850
863166010610868
863166010610876
863166010610884
863166010610892
863166010610900
863166010610918
863166010610926
863166010610934
863166010610942
863166010610959
863166010610967
863166010610975
863166010610983
863166010610991
863166010611007
863166010611015
863166010611023
863166010611031
863166010611049
863166010611056
863166010611064
863166010611072
863166010611080
863166010611098
863166010611106
863166010611114
863166010611122
863166010611130
863166010611148
863166010611155
863166010611163
863166010611171
863166010611189
863166010611197
863166010611205
863166010611213
863166010611221
863166010611239
863166010611247
863166010611254
863166010611262
863166010611270
863166010611288
863166010611296
863166010611304
863166010611312
863166010611320
863166010611338
863166010611346
863166010611353
863166010611361
863166010611379
863166010611387
863166010611395
863166010611403
863166010611411
863166010611429
863166010611437
863166010611445
863166010611452
863166010611460
863166010611478
863166010611486
863166010611494
863166010611502
863166010611510
863166010611528
863166010611536
863166010611544
863166010611551
863166010611569
863166010611577
863166010611585
863166010611593
863166010611601
863166010611619
863166010611627
863166010611635
863166010611643
863166010611650
863166010611668
863166010611676
863166010611684
863166010611692
863166010611700
863166010611718
863166010611726
863166010611734
863166010611742
863166010611759
863166010611767
863166010611775
863166010611783
863166010611791
863166010611809
863166010611817
863166010611825
863166010611833
863166010611841
863166010611858
863166010611866
863166010611874
863166010611882
863166010611890
863166010611908
863166010611916
863166010611924
863166010611932
863166010611940
863166010611957
863166010611965
863166010611973
863166010611981
863166010611999
863166010612005
863166010612013
863166010612021
863166010612039
863166010612047
863166010612054
863166010612062
863166010612070
863166010612088
863166010612096
863166010612104
863166010612112
863166010612120
863166010612138
863166010612146
863166010612153
863166010612161
863166010612179
863166010612187
863166010612195
863166010612203
863166010612211
863166010612229
863166010612237
863166010612245
863166010612252
863166010612260
863166010612278
863166010612286
863166010612294
863166010612302
863166010612310
863166010612328
863166010612336
863166010612344
863166010612351
863166010612369
863166010612377
863166010612385
863166010612393
863166010612401
863166010612419
863166010612427
863166010612435
863166010612443
863166010612450
863166010612468
863166010612476
863166010612484
863166010612492
863166010612500
863166010612518
863166010612526
863166010612534
863166010612542
863166010612559
863166010612567
863166010612575
863166010612583
863166010612591
863166010612609
863166010612617
863166010612625
863166010612633
863166010612641
863166010612658
863166010612666
863166010612674
863166010612682
863166010612690
863166010612708
863166010612716
863166010612724
863166010612732
863166010612740
863166010612757
863166010612765
863166010612773
863166010612781
863166010612799
863166010612807
863166010612815
863166010612823
863166010612831
863166010612849
863166010612856
863166010612864
863166010612872
863166010612880
863166010612898
863166010612906
863166010612914
863166010612922
863166010612930
863166010612948
863166010612955
863166010612963
863166010612971
863166010612989
863166010612997
863166010613003
863166010613011
863166010613029
863166010613037
863166010613045
863166010613052
863166010613060
863166010613078
863166010613086
863166010613094
863166010613102
863166010613110
863166010613128
863166010613136
863166010613144
863166010613151
863166010613169
863166010613177
863166010613185
863166010613193
863166010613201
863166010613219
863166010613227
863166010613235
863166010613243
863166010613250
863166010613268
863166010613276
863166010613284
863166010613292
863166010613300
863166010613318
863166010613326
863166010613334
863166010613342
863166010613359
863166010613367
863166010613375
863166010613383
863166010613391
863166010613409
863166010613417
863166010613425
863166010613433
863166010613441
863166010613458
863166010613466
863166010613474
863166010613482
863166010613490
863166010613508
863166010613516
863166010613524
863166010613532
863166010613540
863166010613557
863166010613565
863166010613573
863166010613581
863166010613599
863166010613607
863166010613615
863166010613623
863166010613631
863166010613649
863166010613656
863166010613664
863166010613672
863166010613680
863166010613698
863166010613706
863166010613714
863166010613722
863166010613730
863166010613748
863166010613755
863166010613763
863166010613771
863166010613789
863166010613797
863166010613805
863166010613813
863166010613821
863166010613839
863166010613847
863166010613854
863166010613862
863166010613870
863166010613888
863166010613896
863166010613904
863166010613912
863166010613920
863166010613938
863166010613946
863166010613953
863166010613961
863166010613979
863166010613987
863166010613995
863166010614001
863166010614019
863166010614027
863166010614035
863166010614043
863166010614050
863166010614068
863166010614076
863166010614084
863166010614092
863166010614100
863166010614118
863166010614126
863166010614134
863166010614142
863166010614159
863166010614167
863166010614175
863166010614183
863166010614191
863166010614209
863166010614217
863166010614225
863166010614233
863166010614241
863166010614258
863166010614266
863166010614274
863166010614282
863166010614290
863166010614308
863166010614316
863166010614324
863166010614332
863166010614340
863166010614357
863166010614365
863166010614373
863166010614381
863166010614399
863166010614407
863166010614415
863166010614423
863166010614431
863166010614449
863166010614456
863166010614464
863166010614472
863166010614480
863166010614498
863166010614506
863166010614514
863166010614522
863166010614530
863166010614548
863166010614555
863166010614563
863166010614571
863166010614589
863166010614597
863166010614605
863166010614613
863166010614621
863166010614639
863166010614647
863166010614654
863166010614662
863166010614670
863166010614688
863166010614696
863166010614704
863166010614712
863166010614720
863166010614738
863166010614746
863166010614753
863166010614761
863166010614779
863166010614787
863166010614795
863166010614803
863166010614811
863166010614829
863166010614837
863166010614845
863166010614852
863166010614860
863166010614878
863166010614886
863166010614894
863166010614902
863166010614910
863166010614928
863166010614936
863166010614944
863166010614951
863166010614969
863166010614977
863166010614985
863166010614993
863166010615008
