868120166618345
868120166618352
868120166618360
868120166618378
868120166618386
868120166618394
868120166618402
868120166618410
868120166618428
868120166618436
868120166618444
868120166618451
868120166618469
868120166618477
868120166618485
868120166618493
868120166618501
868120166618519
868120166618527
868120166618535
868120166618543
868120166618550
868120166618568
868120166618576
868120166618584
868120166618592
868120166618600
868120166618618
868120166618626
868120166618634
868120166618642
868120166618659
868120166618667
868120166618675
868120166618683
868120166618691
868120166618709
868120166618717
868120166618725
868120166618733
868120166618741
868120166618758
868120166618766
868120166618774
868120166618782
868120166618790
868120166618808
868120166618816
868120166618824
868120166618832
868120166618840
868120166618857
868120166618865
868120166618873
868120166618881
868120166618899
868120166618907
868120166618915
868120166618923
868120166618931
868120166618949
868120166618956
868120166618964
868120166618972
868120166618980
868120166618998
868120166619004
868120166619012
868120166619020
868120166619038
868120166619046
868120166619053
868120166619061
868120166619079
868120166619087
868120166619095
868120166619103
868120166619111
868120166619129
868120166619137
868120166619145
868120166619152
868120166619160
868120166619178
868120166619186
868120166619194
868120166619202
868120166619210
868120166619228
868120166619236
868120166619244
868120166619251
868120166619269
868120166619277
868120166619285
868120166619293
868120166619301
868120166619319
868120166619327
868120166619335
868120166619343
868120166619350
868120166619368
868120166619376
868120166619384
868120166619392
868120166619400
868120166619418
868120166619426
868120166619434
868120166619442
868120166619459
868120166619467
868120166619475
868120166619483
868120166619491
868120166619509
868120166619517
868120166619525
868120166619533
868120166619541
868120166619558
868120166619566
868120166619574
868120166619582
868120166619590
868120166619608
868120166619616
868120166619624
868120166619632
868120166619640
868120166619657
868120166619665
868120166619673
868120166619681
868120166619699
868120166619707
868120166619715
868120166619723
868120166619731
868120166619749
868120166619756
868120166619764
868120166619772
868120166619780
868120166619798
868120166619806
868120166619814
868120166619822
868120166619830
868120166619848
868120166619855
868120166619863
868120166619871
868120166619889
868120166619897
868120166619905
868120166619913
868120166619921
868120166619939
868120166619947
868120166619954
868120166619962
868120166619970
868120166619988
868120166619996
868120166620002
868120166620010
868120166620028
868120166620036
868120166620044
868120166620051
868120166620069
868120166620077
868120166620085
868120166620093
868120166620101
868120166620119
868120166620127
868120166620135
868120166620143
868120166620150
868120166620168
868120166620176
868120166620184
868120166620192
868120166620200
868120166620218
868120166620226
868120166620234
868120166620242
868120166620259
868120166620267
868120166620275
868120166620283
868120166620291
868120166620309
868120166620317
868120166620325
868120166620333
868120166620341
868120166620358
868120166620366
868120166620374
868120166620382
868120166620390
868120166620408
868120166620416
868120166620424
868120166620432
868120166620440
868120166620457
868120166620465
868120166620473
868120166620481
868120166620499
868120166620507
868120166620515
868120166620523
868120166620531
868120166620549
868120166620556
868120166620564
868120166620572
868120166620580
868120166620598
868120166620606
868120166620614
868120166620622
868120166620630
868120166620648
868120166620655
868120166620663
868120166620671
868120166620689
868120166620697
868120166620705
868120166620713
868120166620721
868120166620739
868120166620747
868120166620754
868120166620762
868120166620770
868120166620788
868120166620796
868120166620804
868120166620812
868120166620820
868120166620838
868120166620846
868120166620853
868120166620861
868120166620879
868120166620887
868120166620895
868120166620903
868120166620911
868120166620929
868120166620937
868120166620945
868120166620952
868120166620960
868120166620978
868120166620986
868120166620994
868120166621000
868120166621018
868120166621026
868120166621034
868120166621042
868120166621059
868120166621067
868120166621075
868120166621083
868120166621091
868120166621109
868120166621117
868120166621125
868120166621133
868120166621141
868120166621158
868120166621166
868120166621174
868120166621182
868120166621190
868120166621208
868120166621216
868120166621224
868120166621232
868120166621240
868120166621257
868120166621265
868120166621273
868120166621281
868120166621299
868120166621307
868120166621315
868120166621323
868120166621331
868120166621349
868120166621356
868120166621364
868120166621372
868120166621380
868120166621398
868120166621406
868120166621414
868120166621422
868120166621430
868120166621448
868120166621455
868120166621463
868120166621471
868120166621489
868120166621497
868120166621505
868120166621513
868120166621521
868120166621539
868120166621547
868120166621554
868120166621562
868120166621570
868120166621588
868120166621596
868120166621604
868120166621612
868120166621620
868120166621638
868120166621646
868120166621653
868120166621661
868120166621679
868120166621687
868120166621695
868120166621703
868120166621711
868120166621729
868120166621737
868120166621745
868120166621752
868120166621760
868120166621778
868120166621786
868120166621794
868120166621802
868120166621810
868120166621828
868120166621836
868120166621844
868120166621851
868120166621869
868120166621877
868120166621885
868120166621893
868120166621901
868120166621919
868120166621927
868120166621935
868120166621943
868120166621950
868120166621968
868120166621976
868120166621984
868120166621992
868120166622008
868120166622016
868120166622024
868120166622032
868120166622040
868120166622057
868120166622065
868120166622073
868120166622081
868120166622099
868120166622107
868120166622115
868120166622123
868120166622131
868120166622149
868120166622156
868120166622164
868120166622172
868120166622180
868120166622198
868120166622206
868120166622214
868120166622222
868120166622230
868120166622248
868120166622255
868120166622263
868120166622271
868120166622289
868120166622297
868120166622305
868120166622313
868120166622321
868120166622339
868120166622347
868120166622354
868120166622362
868120166622370
868120166622388
868120166622396
868120166622404
868120166622412
868120166622420
868120166622438
868120166622446
868120166622453
868120166622461
868120166622479
868120166622487
868120166622495
868120166622503
868120166622511
868120166622529
868120166622537
868120166622545
868120166622552
868120166622560
868120166622578
868120166622586
868120166622594
868120166622602
868120166622610
868120166622628
868120166622636
868120166622644
868120166622651
868120166622669
868120166622677
868120166622685
868120166622693
868120166622701
868120166622719
868120166622727
868120166622735
868120166622743
868120166622750
868120166622768
868120166622776
868120166622784
868120166622792
868120166622800
868120166622818
868120166622826
868120166622834
868120166622842
868120166622859
868120166622867
868120166622875
868120166622883
868120166622891
868120166622909
868120166622917
868120166622925
868120166622933
868120166622941
868120166622958
868120166622966
868120166622974
868120166622982
868120166622990
868120166623006
868120166623014
868120166623022
868120166623030
868120166623048
868120166623055
868120166623063
868120166623071
868120166623089
868120166623097
868120166623105
868120166623113
868120166623121
868120166623139
868120166623147
868120166623154
868120166623162
868120166623170
868120166623188
868120166623196
868120166623204
868120166623212
868120166623220
868120166623238
868120166623246
868120166623253
868120166623261
868120166623279
868120166623287
868120166623295
868120166623303
868120166623311
868120166623329
868120166623337
868120166623345
868120166623352
868120166623360
868120166623378
868120166623386
868120166623394
868120166623402
868120166623410
868120166623428
868120166623436
868120166623444
868120166623451
868120166623469
868120166623477
868120166623485
868120166623493
868120166623501
868120166623519
868120166623527
868120166623535
868120166623543
868120166623550
868120166623568
868120166623576
868120166623584
868120166623592
868120166623600
868120166623618
868120166623626
868120166623634
868120166623642
868120166623659
868120166623667
868120166623675
868120166623683
868120166623691
868120166623709
868120166623717
868120166623725
868120166623733
868120166623741
868120166623758
868120166623766
868120166623774
868120166623782
868120166623790
868120166623808
868120166623816
868120166623824
868120166623832
868120166623840
868120166623857
868120166623865
868120166623873
868120166623881
868120166623899
868120166623907
868120166623915
868120166623923
868120166623931
868120166623949
868120166623956
868120166623964
868120166623972
868120166623980
868120166623998
868120166624004
868120166624012
868120166624020
868120166624038
868120166624046
868120166624053
868120166624061
868120166624079
868120166624087
868120166624095
868120166624103
868120166624111
868120166624129
868120166624137
868120166624145
868120166624152
868120166624160
868120166624178
868120166624186
868120166624194
868120166624202
868120166624210
868120166624228
868120166624236
868120166624244
868120166624251
868120166624269
868120166624277
868120166624285
868120166624293
868120166624301
868120166624319
868120166624327
868120166624335
868120166624343
868120166624350
868120166624368
868120166624376
868120166624384
868120166624392
868120166624400
868120166624418
868120166624426
868120166624434
868120166624442
868120166624459
868120166624467
868120166624475
868120166624483
868120166624491
868120166624509
868120166624517
868120166624525
868120166624533
868120166624541
868120166624558
868120166624566
868120166624574
868120166624582
868120166624590
868120166624608
868120166624616
868120166624624
868120166624632
868120166624640
868120166624657
868120166624665
868120166624673
868120166624681
868120166624699
868120166624707
868120166624715
868120166624723
868120166624731
868120166624749
868120166624756
868120166624764
868120166624772
868120166624780
868120166624798
868120166624806
868120166624814
868120166624822
868120166624830
868120166624848
868120166624855
868120166624863
868120166624871
868120166624889
868120166624897
868120166624905
868120166624913
868120166624921
868120166624939
868120166624947
868120166624954
868120166624962
868120166624970
868120166624988
868120166624996
868120166625001
868120166625019
868120166625027
868120166625035
868120166625043
868120166625050
868120166625068
868120166625076
868120166625084
868120166625092
868120166625100
868120166625118
868120166625126
868120166625134
868120166625142
868120166625159
868120166625167
868120166625175
868120166625183
868120166625191
868120166625209
868120166625217
868120166625225
868120166625233
868120166625241
868120166625258
868120166625266
868120166625274
868120166625282
868120166625290
868120166625308
868120166625316
868120166625324
868120166625332
868120166625340
868120166625357
868120166625365
868120166625373
868120166625381
868120166625399
868120166625407
868120166625415
868120166625423
868120166625431
868120166625449
868120166625456
868120166625464
868120166625472
868120166625480
868120166625498
868120166625506
868120166625514
868120166625522
868120166625530
868120166625548
868120166625555
868120166625563
868120166625571
868120166625589
868120166625597
868120166625605
868120166625613
868120166625621
868120166625639
868120166625647
868120166625654
868120166625662
868120166625670
868120166625688
868120166625696
868120166625704
868120166625712
868120166625720
868120166625738
868120166625746
868120166625753
868120166625761
868120166625779
868120166625787
868120166625795
868120166625803
868120166625811
868120166625829
868120166625837
868120166625845
868120166625852
868120166625860
868120166625878
868120166625886
868120166625894
868120166625902
868120166625910
868120166625928
868120166625936
868120166625944
868120166625951
868120166625969
868120166625977
868120166625985
868120166625993
868120166626009
868120166626017
868120166626025
868120166626033
868120166626041
868120166626058
868120166626066
868120166626074
868120166626082
868120166626090
868120166626108
868120166626116
868120166626124
868120166626132
868120166626140
868120166626157
868120166626165
868120166626173
868120166626181
868120166626199
868120166626207
868120166626215
868120166626223
868120166626231
868120166626249
868120166626256
868120166626264
868120166626272
868120166626280
868120166626298
868120166626306
868120166626314
868120166626322
868120166626330
868120166626348
868120166626355
868120166626363
868120166626371
868120166626389
868120166626397
868120166626405
868120166626413
868120166626421
868120166626439
868120166626447
868120166626454
868120166626462
868120166626470
868120166626488
868120166626496
868120166626504
868120166626512
868120166626520
868120166626538
868120166626546
868120166626553
868120166626561
868120166626579
868120166626587
868120166626595
868120166626603
868120166626611
868120166626629
868120166626637
868120166626645
868120166626652
868120166626660
868120166626678
868120166626686
868120166626694
868120166626702
868120166626710
868120166626728
868120166626736
868120166626744
868120166626751
868120166626769
868120166626777
868120166626785
868120166626793
868120166626801
868120166626819
868120166626827
868120166626835
868120166626843
868120166626850
868120166626868
868120166626876
868120166626884
868120166626892
868120166626900
868120166626918
868120166626926
868120166626934
868120166626942
868120166626959
868120166626967
868120166626975
868120166626983
868120166626991
868120166627007
868120166627015
868120166627023
868120166627031
868120166627049
868120166627056
868120166627064
868120166627072
868120166627080
868120166627098
868120166627106
868120166627114
868120166627122
868120166627130
868120166627148
868120166627155
868120166627163
868120166627171
868120166627189
868120166627197
868120166627205
868120166627213
868120166627221
868120166627239
868120166627247
868120166627254
868120166627262
868120166627270
868120166627288
868120166627296
868120166627304
868120166627312
868120166627320
868120166627338
868120166627346
868120166627353
868120166627361
868120166627379
868120166627387
868120166627395
868120166627403
868120166627411
868120166627429
868120166627437
868120166627445
868120166627452
868120166627460
868120166627478
868120166627486
868120166627494
868120166627502
868120166627510
868120166627528
868120166627536
868120166627544
868120166627551
868120166627569
868120166627577
868120166627585
868120166627593
868120166627601
868120166627619
868120166627627
868120166627635
868120166627643
868120166627650
868120166627668
868120166627676
868120166627684
868120166627692
868120166627700
868120166627718
868120166627726
868120166627734
868120166627742
868120166627759
868120166627767
868120166627775
868120166627783
868120166627791
868120166627809
868120166627817
868120166627825
868120166627833
868120166627841
868120166627858
868120166627866
868120166627874
868120166627882
868120166627890
868120166627908
868120166627916
868120166627924
868120166627932
868120166627940
868120166627957
868120166627965
868120166627973
868120166627981
868120166627999
868120166628005
868120166628013
868120166628021
868120166628039
868120166628047
868120166628054
868120166628062
868120166628070
868120166628088
868120166628096
868120166628104
868120166628112
868120166628120
868120166628138
868120166628146
868120166628153
868120166628161
868120166628179
868120166628187
868120166628195
868120166628203
868120166628211
868120166628229
868120166628237
868120166628245
868120166628252
868120166628260
868120166628278
868120166628286
868120166628294
868120166628302
868120166628310
868120166628328
868120166628336
