2003010002307033
2003010002307034
2003010002307035
2003010002307036
2003010002307037
2003010002307038
2003010002307039
2003010002307040
2003010002307041
2003010002307042
2003010002307043
2003010002307044
2003010002307045
2003010002307046
2003010002307047
2003010002307048
2003010002307049
2003010002307050
2003010002307051
2003010002307052
2003010002307053
2003010002307054
2003010002307055
2003010002307056
2003010002307057
2003010002307058
2003010002307059
2003010002307060
2003010002307061
2003010002307062
2003010002307063
2003010002307064
2003010002307065
2003010002307066
2003010002307067
2003010002307068
2003010002307069
2003010002307070
2003010002307071
2003010002307072
2003010002307073
2003010002307074
2003010002307075
2003010002307076
2003010002307077
2003010002307078
2003010002307079
2003010002307080
2003010002307081
2003010002307082
2003010002307083
2003010002307084
2003010002307085
2003010002307086
2003010002307087
2003010002307088
2003010002307089
2003010002307090
2003010002307091
2003010002307092
2003010002307093
2003010002307094
2003010002307095
2003010002307096
2003010002307097
2003010002307098
2003010002307099
2003010002307100
2003010002307101
2003010002307102
2003010002307103
2003010002307104
2003010002307105
2003010002307106
2003010002307107
2003010002307108
2003010002307109
2003010002307110
2003010002307111
2003010002307112
2003010002307113
2003010002307114
2003010002307115
2003010002307116
2003010002307117
2003010002307118
2003010002307119
2003010002307120
2003010002307121
2003010002307122
2003010002307123
2003010002307124
2003010002307125
2003010002307126
2003010002307127
2003010002307128
2003010002307129
2003010002307130
2003010002307131
2003010002307132
2003010002307133
2003010002307134
2003010002307135
2003010002307136
2003010002307137
2003010002307138
2003010002307139
2003010002307140
2003010002307141
2003010002307142
2003010002307143
2003010002307144
2003010002307145
2003010002307146
2003010002307147
2003010002307148
2003010002307149
2003010002307150
2003010002307151
2003010002307152
2003010002307153
2003010002307154
2003010002307155
2003010002307156
2003010002307157
2003010002307158
2003010002307159
2003010002307160
2003010002307161
2003010002307162
2003010002307163
2003010002307164
2003010002307165
2003010002307166
2003010002307167
2003010002307168
2003010002307169
2003010002307170
2003010002307171
2003010002307172
2003010002307173
2003010002307174
2003010002307175
2003010002307176
2003010002307177
2003010002307178
2003010002307179
2003010002307180
2003010002307181
2003010002307182
2003010002307183
2003010002307184
2003010002307185
2003010002307186
2003010002307187
2003010002307188
2003010002307189
2003010002307190
2003010002307191
2003010002307192
2003010002307193
2003010002307194
2003010002307195
2003010002307196
2003010002307197
2003010002307198
2003010002307199
2003010002307200
2003010002307201
2003010002307202
2003010002307203
2003010002307204
2003010002307205
2003010002307206
2003010002307207
2003010002307208
2003010002307209
2003010002307210
2003010002307211
2003010002307212
2003010002307213
2003010002307214
2003010002307215
2003010002307216
2003010002307217
2003010002307218
2003010002307219
2003010002307220
2003010002307221
2003010002307222
2003010002307223
2003010002307224
2003010002307225
2003010002307226
2003010002307227
2003010002307228
2003010002307229
2003010002307230
2003010002307231
2003010002307232
2003010002307233
2003010002307234
2003010002307235
2003010002307236
2003010002307237
2003010002307238
2003010002307239
2003010002307240
2003010002307241
2003010002307242
2003010002307243
2003010002307244
2003010002307245
2003010002307246
2003010002307247
2003010002307248
2003010002307249
2003010002307250
2003010002307251
2003010002307252
2003010002307253
2003010002307254
2003010002307255
2003010002307256
2003010002307257
2003010002307258
2003010002307259
2003010002307260
2003010002307261
2003010002307262
2003010002307263
2003010002307264
2003010002307265
2003010002307266
2003010002307267
2003010002307268
2003010002307269
2003010002307270
2003010002307271
2003010002307272
2003010002307273
2003010002307274
2003010002307275
2003010002307276
2003010002307277
2003010002307278
2003010002307279
2003010002307280
2003010002307281
2003010002307282
2003010002307283
2003010002307284
2003010002307285
2003010002307286
2003010002307287
2003010002307288
2003010002307289
2003010002307290
2003010002307291
2003010002307292
2003010002307293
2003010002307294
2003010002307295
2003010002307296
2003010002307297
2003010002307298
2003010002307299
2003010002307300
2003010002307301
2003010002307302
2003010002307303
2003010002307304
2003010002307305
2003010002307306
2003010002307307
2003010002307308
2003010002307309
2003010002307310
2003010002307311
2003010002307312
2003010002307313
2003010002307314
2003010002307315
2003010002307316
2003010002307317
2003010002307318
2003010002307319
2003010002307320
2003010002307321
2003010002307322
2003010002307323
2003010002307324
2003010002307325
2003010002307326
2003010002307327
2003010002307328
2003010002307329
2003010002307330
2003010002307331
2003010002307332
2003010002307333
2003010002307334
2003010002307335
2003010002307336
2003010002307337
2003010002307338
2003010002307339
2003010002307340
2003010002307341
2003010002307342
2003010002307343
2003010002307344
2003010002307345
2003010002307346
2003010002307347
2003010002307348
2003010002307349
2003010002307350
2003010002307351
2003010002307352
2003010002307353
2003010002307354
2003010002307355
2003010002307356
2003010002307357
2003010002307358
2003010002307359
2003010002307360
2003010002307361
2003010002307362
2003010002307363
2003010002307364
2003010002307365
2003010002307366
2003010002307367
2003010002307368
2003010002307369
2003010002307370
2003010002307371
2003010002307372
2003010002307373
2003010002307374
2003010002307375
2003010002307376
2003010002307377
2003010002307378
2003010002307379
2003010002307380
2003010002307381
2003010002307382
2003010002307383
2003010002307384
2003010002307385
2003010002307386
2003010002307387
2003010002307388
2003010002307389
2003010002307390
2003010002307391
2003010002307392
2003010002307393
2003010002307394
2003010002307395
2003010002307396
2003010002307397
2003010002307398
2003010002307399
2003010002307400
2003010002307401
2003010002307402
2003010002307403
2003010002307404
2003010002307405
2003010002307406
2003010002307407
2003010002307408
2003010002307409
2003010002307410
2003010002307411
2003010002307412
2003010002307413
2003010002307414
2003010002307415
2003010002307416
2003010002307417
2003010002307418
2003010002307419
2003010002307420
2003010002307421
2003010002307422
2003010002307423
2003010002307424
2003010002307425
2003010002307426
2003010002307427
2003010002307428
2003010002307429
2003010002307430
2003010002307431
2003010002307432
2003010002307433
2003010002307434
2003010002307435
2003010002307436
2003010002307437
2003010002307438
2003010002307439
2003010002307440
2003010002307441
2003010002307442
2003010002307443
2003010002307444
2003010002307445
2003010002307446
2003010002307447
2003010002307448
2003010002307449
2003010002307450
2003010002307451
2003010002307452
2003010002307453
2003010002307454
2003010002307455
2003010002307456
2003010002307457
2003010002307458
2003010002307459
2003010002307460
2003010002307461
2003010002307462
2003010002307463
2003010002307464
2003010002307465
2003010002307466
2003010002307467
2003010002307468
2003010002307469
2003010002307470
2003010002307471
2003010002307472
2003010002307473
2003010002307474
2003010002307475
2003010002307476
2003010002307477
2003010002307478
2003010002307479
2003010002307480
2003010002307481
2003010002307482
2003010002307483
2003010002307484
2003010002307485
2003010002307486
2003010002307487
2003010002307488
2003010002307489
2003010002307490
2003010002307491
2003010002307492
2003010002307493
2003010002307494
2003010002307495
2003010002307496
2003010002307497
2003010002307498
2003010002307499
2003010002307500
2003010002307501
2003010002307502
2003010002307503
2003010002307504
2003010002307505
2003010002307506
2003010002307507
2003010002307508
2003010002307509
2003010002307510
2003010002307511
2003010002307512
2003010002307513
2003010002307514
2003010002307515
2003010002307516
2003010002307517
2003010002307518
2003010002307519
2003010002307520
2003010002307521
2003010002307522
2003010002307523
2003010002307524
2003010002307525
2003010002307526
2003010002307527
2003010002307528
2003010002307529
2003010002307530
2003010002307531
2003010002307532
2003010002307533
2003010002307534
2003010002307535
2003010002307536
2003010002307537
2003010002307538
2003010002307539
2003010002307540
2003010002307541
2003010002307542
2003010002307543
2003010002307544
2003010002307545
2003010002307546
2003010002307547
2003010002307548
2003010002307549
2003010002307550
2003010002307551
2003010002307552
2003010002307553
2003010002307554
2003010002307555
2003010002307556
2003010002307557
2003010002307558
2003010002307559
2003010002307560
2003010002307561
2003010002307562
2003010002307563
2003010002307564
2003010002307565
2003010002307566
2003010002307567
2003010002307568
2003010002307569
2003010002307570
2003010002307571
2003010002307572
2003010002307573
2003010002307574
2003010002307575
2003010002307576
2003010002307577
2003010002307578
2003010002307579
2003010002307580
2003010002307581
2003010002307582
2003010002307583
2003010002307584
2003010002307585
2003010002307586
2003010002307587
2003010002307588
2003010002307589
2003010002307590
2003010002307591
2003010002307592
2003010002307593
2003010002307594
2003010002307595
2003010002307596
2003010002307597
2003010002307598
2003010002307599
2003010002307600
2003010002307601
2003010002307602
2003010002307603
2003010002307604
2003010002307605
2003010002307606
2003010002307607
2003010002307608
2003010002307609
2003010002307610
2003010002307611
2003010002307612
2003010002307613
2003010002307614
2003010002307615
2003010002307616
2003010002307617
2003010002307618
2003010002307619
2003010002307620
2003010002307621
2003010002307622
2003010002307623
2003010002307624
2003010002307625
2003010002307626
2003010002307627
2003010002307628
2003010002307629
2003010002307630
2003010002307631
2003010002307632
2003010002307633
2003010002307634
2003010002307635
2003010002307636
2003010002307637
2003010002307638
2003010002307639
2003010002307640
2003010002307641
2003010002307642
2003010002307643
2003010002307644
2003010002307645
2003010002307646
2003010002307647
2003010002307648
2003010002307649
2003010002307650
2003010002307651
2003010002307652
2003010002307653
2003010002307654
2003010002307655
2003010002307656
2003010002307657
2003010002307658
2003010002307659
2003010002307660
2003010002307661
2003010002307662
2003010002307663
2003010002307664
2003010002307665
2003010002307666
2003010002307667
2003010002307668
2003010002307669
2003010002307670
2003010002307671
2003010002307672
2003010002307673
2003010002307674
2003010002307675
2003010002307676
2003010002307677
2003010002307678
2003010002307679
2003010002307680
2003010002307681
2003010002307682
2003010002307683
2003010002307684
2003010002307685
2003010002307686
2003010002307687
2003010002307688
2003010002307689
2003010002307690
2003010002307691
2003010002307692
2003010002307693
2003010002307694
2003010002307695
2003010002307696
2003010002307697
2003010002307698
2003010002307699
2003010002307700
2003010002307701
2003010002307702
2003010002307703
2003010002307704
2003010002307705
2003010002307706
2003010002307707
2003010002307708
2003010002307709
2003010002307710
2003010002307711
2003010002307712
2003010002307713
2003010002307714
2003010002307715
2003010002307716
2003010002307717
2003010002307718
2003010002307719
2003010002307720
2003010002307721
2003010002307722
2003010002307723
2003010002307724
2003010002307725
2003010002307726
2003010002307727
2003010002307728
2003010002307729
2003010002307730
2003010002307731
2003010002307732
2003010002307733
2003010002307734
2003010002307735
2003010002307736
2003010002307737
2003010002307738
2003010002307739
2003010002307740
2003010002307741
2003010002307742
2003010002307743
2003010002307744
2003010002307745
2003010002307746
2003010002307747
2003010002307748
2003010002307749
2003010002307750
2003010002307751
2003010002307752
2003010002307753
2003010002307754
2003010002307755
2003010002307756
2003010002307757
2003010002307758
2003010002307759
2003010002307760
2003010002307761
2003010002307762
2003010002307763
2003010002307764
2003010002307765
2003010002307766
2003010002307767
2003010002307768
2003010002307769
2003010002307770
2003010002307771
2003010002307772
2003010002307773
2003010002307774
2003010002307775
2003010002307776
2003010002307777
2003010002307778
2003010002307779
2003010002307780
2003010002307781
2003010002307782
2003010002307783
2003010002307784
2003010002307785
2003010002307786
2003010002307787
2003010002307788
2003010002307789
2003010002307790
2003010002307791
2003010002307792
2003010002307793
2003010002307794
2003010002307795
2003010002307796
2003010002307797
2003010002307798
2003010002307799
2003010002307800
2003010002307801
2003010002307802
2003010002307803
2003010002307804
2003010002307805
2003010002307806
2003010002307807
2003010002307808
2003010002307809
2003010002307810
2003010002307811
2003010002307812
2003010002307813
2003010002307814
2003010002307815
2003010002307816
2003010002307817
2003010002307818
2003010002307819
2003010002307820
2003010002307821
2003010002307822
2003010002307823
2003010002307824
2003010002307825
2003010002307826
2003010002307827
2003010002307828
2003010002307829
2003010002307830
2003010002307831
2003010002307832
2003010002307833
2003010002307834
2003010002307835
2003010002307836
2003010002307837
2003010002307838
2003010002307839
2003010002307840
2003010002307841
2003010002307842
2003010002307843
2003010002307844
2003010002307845
2003010002307846
2003010002307847
2003010002307848
2003010002307849
2003010002307850
2003010002307851
2003010002307852
2003010002307853
2003010002307854
2003010002307855
2003010002307856
2003010002307857
2003010002307858
2003010002307859
2003010002307860
2003010002307861
2003010002307862
2003010002307863
2003010002307864
2003010002307865
2003010002307866
2003010002307867
2003010002307868
2003010002307869
2003010002307870
2003010002307871
2003010002307872
2003010002307873
2003010002307874
2003010002307875
2003010002307876
2003010002307877
2003010002307878
2003010002307879
2003010002307880
2003010002307881
2003010002307882
2003010002307883
2003010002307884
2003010002307885
2003010002307886
2003010002307887
2003010002307888
2003010002307889
2003010002307890
2003010002307891
2003010002307892
2003010002307893
2003010002307894
2003010002307895
2003010002307896
2003010002307897
2003010002307898
2003010002307899
2003010002307900
2003010002307901
2003010002307902
2003010002307903
2003010002307904
2003010002307905
2003010002307906
2003010002307907
2003010002307908
2003010002307909
2003010002307910
2003010002307911
2003010002307912
2003010002307913
2003010002307914
2003010002307915
2003010002307916
2003010002307917
2003010002307918
2003010002307919
2003010002307920
2003010002307921
2003010002307922
2003010002307923
2003010002307924
2003010002307925
2003010002307926
2003010002307927
2003010002307928
2003010002307929
2003010002307930
2003010002307931
2003010002307932
2003010002307933
2003010002307934
2003010002307935
2003010002307936
2003010002307937
2003010002307938
2003010002307939
2003010002307940
2003010002307941
2003010002307942
2003010002307943
2003010002307944
2003010002307945
2003010002307946
2003010002307947
2003010002307948
2003010002307949
2003010002307950
2003010002307951
2003010002307952
2003010002307953
2003010002307954
2003010002307955
2003010002307956
2003010002307957
2003010002307958
2003010002307959
2003010002307960
2003010002307961
2003010002307962
2003010002307963
2003010002307964
2003010002307965
2003010002307966
2003010002307967
2003010002307968
2003010002307969
2003010002307970
2003010002307971
2003010002307972
2003010002307973
2003010002307974
2003010002307975
2003010002307976
2003010002307977
2003010002307978
2003010002307979
2003010002307980
2003010002307981
2003010002307982
2003010002307983
2003010002307984
2003010002307985
2003010002307986
2003010002307987
2003010002307988
2003010002307989
2003010002307990
2003010002307991
2003010002307992
2003010002307993
2003010002307994
2003010002307995
2003010002307996
2003010002307997
2003010002307998
2003010002307999
2003010002308000
2003010002308001
2003010002308002
2003010002308003
2003010002308004
2003010002308005
2003010002308006
2003010002308007
2003010002308008
2003010002308009
2003010002308010
2003010002308011
2003010002308012
2003010002308013
2003010002308014
2003010002308015
2003010002308016
2003010002308017
2003010002308018
2003010002308019
2003010002308020
2003010002308021
2003010002308022
2003010002308023
2003010002308024
2003010002308025
2003010002308026
2003010002308027
2003010002308028
2003010002308029
2003010002308030
2003010002308031
2003010002308032
2003010002308033
2003010002308034
2003010002308035
2003010002308036
2003010002308037
2003010002308038
2003010002308039
2003010002308040
2003010002308041
2003010002308042
2003010002308043
2003010002308044
2003010002308045
2003010002308046
2003010002308047
2003010002308048
2003010002308049
2003010002308050
2003010002308051
2003010002308052
2003010002308053
2003010002308054
2003010002308055
2003010002308056
2003010002308057
2003010002308058
2003010002308059
2003010002308060
2003010002308061
2003010002308062
2003010002308063
2003010002308064
2003010002308065
2003010002308066
2003010002308067
2003010002308068
2003010002308069
2003010002308070
2003010002308071
2003010002308072
2003010002308073
2003010002308074
2003010002308075
2003010002308076
2003010002308077
2003010002308078
2003010002308079
2003010002308080
2003010002308081
2003010002308082
2003010002308083
2003010002308084
2003010002308085
2003010002308086
2003010002308087
2003010002308088
2003010002308089
2003010002308090
2003010002308091
2003010002308092
2003010002308093
2003010002308094
2003010002308095
2003010002308096
2003010002308097
2003010002308098
2003010002308099
2003010002308100
2003010002308101
2003010002308102
2003010002308103
2003010002308104
2003010002308105
2003010002308106
2003010002308107
2003010002308108
2003010002308109
2003010002308110
2003010002308111
2003010002308112
2003010002308113
2003010002308114
2003010002308115
2003010002308116
2003010002308117
2003010002308118
2003010002308119
2003010002308120
2003010002308121
2003010002308122
2003010002308123
2003010002308124
2003010002308125
2003010002308126
2003010002308127
2003010002308128
2003010002308129
2003010002308130
2003010002308131
2003010002308132
2003010002308133
2003010002308134
2003010002308135
2003010002308136
2003010002308137
2003010002308138
2003010002308139
2003010002308140
2003010002308141
2003010002308142
2003010002308143
2003010002308144
2003010002308145
2003010002308146
2003010002308147
2003010002308148
2003010002308149
2003010002308150
2003010002308151
2003010002308152
2003010002308153
2003010002308154
2003010002308155
2003010002308156
2003010002308157
2003010002308158
2003010002308159
2003010002308160
2003010002308161
2003010002308162
2003010002308163
2003010002308164
2003010002308165
2003010002308166
2003010002308167
2003010002308168
2003010002308169
2003010002308170
2003010002308171
2003010002308172
2003010002308173
2003010002308174
2003010002308175
2003010002308176
2003010002308177
2003010002308178
2003010002308179
2003010002308180
2003010002308181
2003010002308182
2003010002308183
2003010002308184
2003010002308185
2003010002308186
2003010002308187
2003010002308188
2003010002308189
2003010002308190
2003010002308191
2003010002308192
2003010002308193
2003010002308194
2003010002308195
2003010002308196
2003010002308197
2003010002308198
2003010002308199
2003010002308200
2003010002308201
2003010002308202
2003010002308203
2003010002308204
2003010002308205
2003010002308206
2003010002308207
2003010002308208
2003010002308209
2003010002308210
2003010002308211
2003010002308212
2003010002308213
2003010002308214
2003010002308215
2003010002308216
2003010002308217
2003010002308218
2003010002308219
2003010002308220
2003010002308221
2003010002308222
2003010002308223
2003010002308224
2003010002308225
2003010002308226
2003010002308227
2003010002308228
2003010002308229
2003010002308230
2003010002308231
2003010002308232
2003010002308233
2003010002308234
2003010002308235
2003010002308236
2003010002308237
2003010002308238
2003010002308239
2003010002308240
2003010002308241
2003010002308242
2003010002308243
2003010002308244
2003010002308245
2003010002308246
2003010002308247
2003010002308248
2003010002308249
2003010002308250
2003010002308251
2003010002308252
2003010002308253
2003010002308254
2003010002308255
2003010002308256
2003010002308257
2003010002308258
2003010002308259
2003010002308260
2003010002308261
2003010002308262
2003010002308263
2003010002308264
2003010002308265
2003010002308266
2003010002308267
2003010002308268
2003010002308269
2003010002308270
2003010002308271
2003010002308272
2003010002308273
2003010002308274
2003010002308275
2003010002308276
2003010002308277
2003010002308278
2003010002308279
2003010002308280
2003010002308281
2003010002308282
2003010002308283
2003010002308284
2003010002308285
2003010002308286
2003010002308287
2003010002308288
2003010002308289
2003010002308290
2003010002308291
2003010002308292
2003010002308293
2003010002308294
2003010002308295
2003010002308296
2003010002308297
2003010002308298
2003010002308299
2003010002308300
2003010002308301
2003010002308302
2003010002308303
2003010002308304
2003010002308305
2003010002308306
2003010002308307
2003010002308308
2003010002308309
2003010002308310
2003010002308311
2003010002308312
2003010002308313
2003010002308314
2003010002308315
2003010002308316
2003010002308317
2003010002308318
2003010002308319
2003010002308320
2003010002308321
2003010002308322
2003010002308323
2003010002308324
2003010002308325
2003010002308326
2003010002308327
2003010002308328
2003010002308329
2003010002308330
2003010002308331
2003010002308332
2003010002308333
2003010002308334
2003010002308335
2003010002308336
2003010002308337
2003010002308338
2003010002308339
2003010002308340
2003010002308341
2003010002308342
2003010002308343
2003010002308344
2003010002308345
2003010002308346
2003010002308347
2003010002308348
2003010002308349
2003010002308350
2003010002308351
2003010002308352
2003010002308353
2003010002308354
2003010002308355
2003010002308356
2003010002308357
2003010002308358
2003010002308359
2003010002308360
2003010002308361
2003010002308362
2003010002308363
2003010002308364
2003010002308365
2003010002308366
2003010002308367
2003010002308368
2003010002308369
2003010002308370
2003010002308371
2003010002308372
2003010002308373
2003010002308374
2003010002308375
2003010002308376
2003010002308377
2003010002308378
2003010002308379
2003010002308380
2003010002308381
2003010002308382
2003010002308383
2003010002308384
2003010002308385
2003010002308386
2003010002308387
2003010002308388
2003010002308389
2003010002308390
2003010002308391
2003010002308392
2003010002308393
2003010002308394
2003010002308395
2003010002308396
2003010002308397
2003010002308398
2003010002308399
2003010002308400
2003010002308401
2003010002308402
2003010002308403
2003010002308404
2003010002308405
2003010002308406
2003010002308407
2003010002308408
2003010002308409
2003010002308410
2003010002308411
2003010002308412
2003010002308413
2003010002308414
2003010002308415
2003010002308416
2003010002308417
2003010002308418
2003010002308419
2003010002308420
2003010002308421
2003010002308422
2003010002308423
2003010002308424
2003010002308425
2003010002308426
2003010002308427
2003010002308428
2003010002308429
2003010002308430
2003010002308431
2003010002308432
2003010002308433
2003010002308434
2003010002308435
2003010002308436
2003010002308437
2003010002308438
2003010002308439
2003010002308440
2003010002308441
2003010002308442
2003010002308443
2003010002308444
2003010002308445
2003010002308446
2003010002308447
2003010002308448
2003010002308449
2003010002308450
2003010002308451
2003010002308452
2003010002308453
2003010002308454
2003010002308455
2003010002308456
2003010002308457
2003010002308458
2003010002308459
2003010002308460
2003010002308461
2003010002308462
2003010002308463
2003010002308464
2003010002308465
2003010002308466
2003010002308467
2003010002308468
2003010002308469
2003010002308470
2003010002308471
2003010002308472
2003010002308473
2003010002308474
2003010002308475
2003010002308476
2003010002308477
2003010002308478
2003010002308479
2003010002308480
2003010002308481
2003010002308482
2003010002308483
2003010002308484
2003010002308485
2003010002308486
2003010002308487
2003010002308488
2003010002308489
2003010002308490
2003010002308491
2003010002308492
2003010002308493
2003010002308494
2003010002308495
2003010002308496
2003010002308497
2003010002308498
2003010002308499
2003010002308500
2003010002308501
2003010002308502
2003010002308503
2003010002308504
2003010002308505
2003010002308506
2003010002308507
2003010002308508
2003010002308509
2003010002308510
2003010002308511
2003010002308512
2003010002308513
2003010002308514
2003010002308515
2003010002308516
2003010002308517
2003010002308518
2003010002308519
2003010002308520
2003010002308521
2003010002308522
2003010002308523
2003010002308524
2003010002308525
2003010002308526
2003010002308527
2003010002308528
2003010002308529
2003010002308530
2003010002308531
2003010002308532
2003010002308533
2003010002308534
2003010002308535
2003010002308536
2003010002308537
2003010002308538
2003010002308539
2003010002308540
2003010002308541
2003010002308542
2003010002308543
2003010002308544
2003010002308545
2003010002308546
2003010002308547
2003010002308548
2003010002308549
2003010002308550
2003010002308551
2003010002308552
2003010002308553
2003010002308554
2003010002308555
2003010002308556
2003010002308557
2003010002308558
2003010002308559
2003010002308560
2003010002308561
2003010002308562
2003010002308563
2003010002308564
2003010002308565
2003010002308566
2003010002308567
2003010002308568
2003010002308569
2003010002308570
2003010002308571
2003010002308572
2003010002308573
2003010002308574
2003010002308575
2003010002308576
2003010002308577
2003010002308578
2003010002308579
2003010002308580
2003010002308581
2003010002308582
2003010002308583
2003010002308584
2003010002308585
2003010002308586
2003010002308587
2003010002308588
2003010002308589
2003010002308590
2003010002308591
2003010002308592
2003010002308593
2003010002308594
2003010002308595
2003010002308596
2003010002308597
2003010002308598
2003010002308599
2003010002308600
2003010002308601
2003010002308602
2003010002308603
2003010002308604
2003010002308605
2003010002308606
2003010002308607
2003010002308608
2003010002308609
2003010002308610
2003010002308611
2003010002308612
2003010002308613
2003010002308614
2003010002308615
2003010002308616
2003010002308617
2003010002308618
2003010002308619
2003010002308620
2003010002308621
2003010002308622
2003010002308623
2003010002308624
2003010002308625
2003010002308626
2003010002308627
2003010002308628
2003010002308629
2003010002308630
2003010002308631
2003010002308632
2003010002308633
2003010002308634
2003010002308635
2003010002308636
2003010002308637
2003010002308638
2003010002308639
2003010002308640
2003010002308641
2003010002308642
2003010002308643
2003010002308644
2003010002308645
2003010002308646
2003010002308647
2003010002308648
2003010002308649
2003010002308650
2003010002308651
2003010002308652
2003010002308653
2003010002308654
2003010002308655
2003010002308656
2003010002308657
2003010002308658
2003010002308659
2003010002308660
2003010002308661
2003010002308662
2003010002308663
2003010002308664
2003010002308665
2003010002308666
2003010002308667
2003010002308668
2003010002308669
2003010002308670
2003010002308671
2003010002308672
2003010002308673
2003010002308674
2003010002308675
2003010002308676
2003010002308677
2003010002308678
2003010002308679
2003010002308680
2003010002308681
2003010002308682
2003010002308683
2003010002308684
2003010002308685
2003010002308686
2003010002308687
2003010002308688
2003010002308689
2003010002308690
2003010002308691
2003010002308692
2003010002308693
2003010002308694
2003010002308695
2003010002308696
2003010002308697
2003010002308698
2003010002308699
2003010002308700
2003010002308701
2003010002308702
2003010002308703
2003010002308704
2003010002308705
2003010002308706
2003010002308707
2003010002308708
2003010002308709
2003010002308710
2003010002308711
2003010002308712
2003010002308713
2003010002308714
2003010002308715
2003010002308716
2003010002308717
2003010002308718
2003010002308719
2003010002308720
2003010002308721
2003010002308722
2003010002308723
2003010002308724
2003010002308725
2003010002308726
2003010002308727
2003010002308728
2003010002308729
2003010002308730
2003010002308731
2003010002308732
2003010002308733
2003010002308734
2003010002308735
2003010002308736
2003010002308737
2003010002308738
2003010002308739
2003010002308740
2003010002308741
2003010002308742
2003010002308743
2003010002308744
2003010002308745
2003010002308746
2003010002308747
2003010002308748
2003010002308749
2003010002308750
2003010002308751
2003010002308752
2003010002308753
2003010002308754
2003010002308755
2003010002308756
2003010002308757
2003010002308758
2003010002308759
2003010002308760
2003010002308761
2003010002308762
2003010002308763
2003010002308764
2003010002308765
2003010002308766
2003010002308767
2003010002308768
2003010002308769
2003010002308770
2003010002308771
2003010002308772
2003010002308773
2003010002308774
2003010002308775
2003010002308776
2003010002308777
2003010002308778
2003010002308779
2003010002308780
2003010002308781
2003010002308782
2003010002308783
2003010002308784
2003010002308785
2003010002308786
2003010002308787
2003010002308788
2003010002308789
2003010002308790
2003010002308791
2003010002308792
2003010002308793
2003010002308794
2003010002308795
2003010002308796
2003010002308797
2003010002308798
2003010002308799
2003010002308800
2003010002308801
2003010002308802
2003010002308803
2003010002308804
2003010002308805
2003010002308806
2003010002308807
2003010002308808
2003010002308809
2003010002308810
2003010002308811
2003010002308812
2003010002308813
2003010002308814
2003010002308815
2003010002308816
2003010002308817
2003010002308818
2003010002308819
2003010002308820
2003010002308821
2003010002308822
2003010002308823
2003010002308824
2003010002308825
2003010002308826
2003010002308827
2003010002308828
2003010002308829
2003010002308830
2003010002308831
2003010002308832
2003010002308833
2003010002308834
2003010002308835
2003010002308836
2003010002308837
2003010002308838
2003010002308839
2003010002308840
2003010002308841
2003010002308842
2003010002308843
2003010002308844
2003010002308845
2003010002308846
2003010002308847
2003010002308848
2003010002308849
2003010002308850
2003010002308851
2003010002308852
2003010002308853
2003010002308854
2003010002308855
2003010002308856
2003010002308857
2003010002308858
2003010002308859
2003010002308860
2003010002308861
2003010002308862
2003010002308863
2003010002308864
2003010002308865
2003010002308866
2003010002308867
2003010002308868
2003010002308869
2003010002308870
2003010002308871
2003010002308872
2003010002308873
2003010002308874
2003010002308875
2003010002308876
2003010002308877
2003010002308878
2003010002308879
2003010002308880
2003010002308881
2003010002308882
2003010002308883
2003010002308884
2003010002308885
2003010002308886
2003010002308887
2003010002308888
2003010002308889
2003010002308890
2003010002308891
2003010002308892
2003010002308893
2003010002308894
2003010002308895
2003010002308896
2003010002308897
2003010002308898
2003010002308899
2003010002308900
2003010002308901
2003010002308902
2003010002308903
2003010002308904
2003010002308905
2003010002308906
2003010002308907
2003010002308908
2003010002308909
2003010002308910
2003010002308911
2003010002308912
2003010002308913
2003010002308914
2003010002308915
2003010002308916
2003010002308917
2003010002308918
2003010002308919
2003010002308920
2003010002308921
2003010002308922
2003010002308923
2003010002308924
2003010002308925
2003010002308926
2003010002308927
2003010002308928
2003010002308929
2003010002308930
2003010002308931
2003010002308932
2003010002308933
2003010002308934
2003010002308935
2003010002308936
2003010002308937
2003010002308938
2003010002308939
2003010002308940
2003010002308941
2003010002308942
2003010002308943
2003010002308944
2003010002308945
2003010002308946
2003010002308947
2003010002308948
2003010002308949
2003010002308950
2003010002308951
2003010002308952
2003010002308953
2003010002308954
2003010002308955
2003010002308956
2003010002308957
2003010002308958
2003010002308959
2003010002308960
2003010002308961
2003010002308962
2003010002308963
2003010002308964
2003010002308965
2003010002308966
2003010002308967
2003010002308968
2003010002308969
2003010002308970
2003010002308971
2003010002308972
2003010002308973
2003010002308974
2003010002308975
2003010002308976
2003010002308977
2003010002308978
2003010002308979
2003010002308980
2003010002308981
2003010002308982
2003010002308983
2003010002308984
2003010002308985
2003010002308986
2003010002308987
2003010002308988
2003010002308989
2003010002308990
2003010002308991
2003010002308992
2003010002308993
2003010002308994
2003010002308995
2003010002308996
2003010002308997
2003010002308998
2003010002308999
2003010002309000
2003010002309001
2003010002309002
2003010002309003
2003010002309004
2003010002309005
2003010002309006
2003010002309007
2003010002309008
2003010002309009
2003010002309010
2003010002309011
2003010002309012
2003010002309013
2003010002309014
2003010002309015
2003010002309016
2003010002309017
2003010002309018
2003010002309019
2003010002309020
2003010002309021
2003010002309022
2003010002309023
2003010002309024
2003010002309025
2003010002309026
2003010002309027
2003010002309028
2003010002309029
2003010002309030
2003010002309031
2003010002309032
2003010002309033
2003010002309034
2003010002309035
2003010002309036
2003010002309037
2003010002309038
2003010002309039
2003010002309040
2003010002309041
2003010002309042
2003010002309043
2003010002309044
2003010002309045
2003010002309046
2003010002309047
2003010002309048
2003010002309049
2003010002309050
2003010002309051
2003010002309052
2003010002309053
2003010002309054
2003010002309055
2003010002309056
2003010002309057
2003010002309058
2003010002309059
2003010002309060
2003010002309061
2003010002309062
2003010002309063
2003010002309064
2003010002309065
2003010002309066
2003010002309067
2003010002309068
2003010002309069
2003010002309070
2003010002309071
2003010002309072
2003010002309073
2003010002309074
2003010002309075
2003010002309076
2003010002309077
2003010002309078
2003010002309079
2003010002309080
2003010002309081
2003010002309082
2003010002309083
2003010002309084
2003010002309085
2003010002309086
2003010002309087
2003010002309088
2003010002309089
2003010002309090
2003010002309091
2003010002309092
2003010002309093
2003010002309094
2003010002309095
2003010002309096
2003010002309097
2003010002309098
2003010002309099
2003010002309100
2003010002309101
2003010002309102
2003010002309103
2003010002309104
2003010002309105
2003010002309106
2003010002309107
2003010002309108
2003010002309109
2003010002309110
2003010002309111
2003010002309112
2003010002309113
2003010002309114
2003010002309115
2003010002309116
2003010002309117
2003010002309118
2003010002309119
2003010002309120
2003010002309121
2003010002309122
2003010002309123
2003010002309124
2003010002309125
2003010002309126
2003010002309127
2003010002309128
2003010002309129
2003010002309130
2003010002309131
2003010002309132
2003010002309133
2003010002309134
2003010002309135
2003010002309136
2003010002309137
2003010002309138
2003010002309139
2003010002309140
2003010002309141
2003010002309142
2003010002309143
2003010002309144
2003010002309145
2003010002309146
2003010002309147
2003010002309148
2003010002309149
2003010002309150
2003010002309151
2003010002309152
2003010002309153
2003010002309154
2003010002309155
2003010002309156
2003010002309157
2003010002309158
2003010002309159
2003010002309160
2003010002309161
2003010002309162
2003010002309163
2003010002309164
2003010002309165
2003010002309166
2003010002309167
2003010002309168
2003010002309169
2003010002309170
2003010002309171
2003010002309172
2003010002309173
2003010002309174
2003010002309175
2003010002309176
2003010002309177
2003010002309178
2003010002309179
2003010002309180
2003010002309181
2003010002309182
2003010002309183
2003010002309184
2003010002309185
2003010002309186
2003010002309187
2003010002309188
2003010002309189
2003010002309190
2003010002309191
2003010002309192
2003010002309193
2003010002309194
2003010002309195
2003010002309196
2003010002309197
2003010002309198
2003010002309199
2003010002309200
2003010002309201
2003010002309202
2003010002309203
2003010002309204
2003010002309205
2003010002309206
2003010002309207
2003010002309208
2003010002309209
2003010002309210
2003010002309211
2003010002309212
2003010002309213
2003010002309214
2003010002309215
2003010002309216
2003010002309217
2003010002309218
2003010002309219
2003010002309220
2003010002309221
2003010002309222
2003010002309223
2003010002309224
2003010002309225
2003010002309226
2003010002309227
2003010002309228
2003010002309229
2003010002309230
2003010002309231
2003010002309232
2003010002309233
2003010002309234
2003010002309235
2003010002309236
2003010002309237
2003010002309238
2003010002309239
2003010002309240
2003010002309241
2003010002309242
2003010002309243
2003010002309244
2003010002309245
2003010002309246
2003010002309247
2003010002309248
2003010002309249
2003010002309250
2003010002309251
2003010002309252
2003010002309253
2003010002309254
2003010002309255
2003010002309256
2003010002309257
2003010002309258
2003010002309259
2003010002309260
2003010002309261
2003010002309262
2003010002309263
2003010002309264
2003010002309265
2003010002309266
2003010002309267
2003010002309268
2003010002309269
2003010002309270
2003010002309271
2003010002309272
2003010002309273
2003010002309274
2003010002309275
2003010002309276
2003010002309277
2003010002309278
2003010002309279
2003010002309280
2003010002309281
2003010002309282
2003010002309283
2003010002309284
2003010002309285
2003010002309286
2003010002309287
2003010002309288
2003010002309289
2003010002309290
2003010002309291
2003010002309292
2003010002309293
2003010002309294
2003010002309295
2003010002309296
2003010002309297
2003010002309298
2003010002309299
2003010002309300
2003010002309301
2003010002309302
2003010002309303
2003010002309304
2003010002309305
2003010002309306
2003010002309307
2003010002309308
2003010002309309
2003010002309310
2003010002309311
2003010002309312
2003010002309313
2003010002309314
2003010002309315
2003010002309316
2003010002309317
2003010002309318
2003010002309319
2003010002309320
2003010002309321
2003010002309322
2003010002309323
2003010002309324
2003010002309325
2003010002309326
2003010002309327
2003010002309328
2003010002309329
2003010002309330
2003010002309331
2003010002309332
2003010002309333
2003010002309334
2003010002309335
2003010002309336
2003010002309337
2003010002309338
2003010002309339
2003010002309340
2003010002309341
2003010002309342
2003010002309343
2003010002309344
2003010002309345
2003010002309346
2003010002309347
2003010002309348
2003010002309349
2003010002309350
2003010002309351
2003010002309352
2003010002309353
2003010002309354
2003010002309355
2003010002309356
2003010002309357
2003010002309358
2003010002309359
2003010002309360
2003010002309361
2003010002309362
2003010002309363
2003010002309364
2003010002309365
2003010002309366
2003010002309367
2003010002309368
2003010002309369
2003010002309370
2003010002309371
2003010002309372
2003010002309373
2003010002309374
2003010002309375
2003010002309376
2003010002309377
2003010002309378
2003010002309379
2003010002309380
2003010002309381
2003010002309382
2003010002309383
2003010002309384
2003010002309385
2003010002309386
2003010002309387
2003010002309388
2003010002309389
2003010002309390
2003010002309391
2003010002309392
2003010002309393
2003010002309394
2003010002309395
2003010002309396
2003010002309397
2003010002309398
2003010002309399
2003010002309400
2003010002309401
2003010002309402
2003010002309403
2003010002309404
2003010002309405
2003010002309406
2003010002309407
2003010002309408
2003010002309409
2003010002309410
2003010002309411
2003010002309412
2003010002309413
2003010002309414
2003010002309415
2003010002309416
2003010002309417
2003010002309418
2003010002309419
2003010002309420
2003010002309421
2003010002309422
2003010002309423
2003010002309424
2003010002309425
2003010002309426
2003010002309427
2003010002309428
2003010002309429
2003010002309430
2003010002309431
2003010002309432
2003010002309433
2003010002309434
2003010002309435
2003010002309436
2003010002309437
2003010002309438
2003010002309439
2003010002309440
2003010002309441
2003010002309442
2003010002309443
2003010002309444
2003010002309445
2003010002309446
2003010002309447
2003010002309448
2003010002309449
2003010002309450
2003010002309451
2003010002309452
2003010002309453
2003010002309454
2003010002309455
2003010002309456
2003010002309457
2003010002309458
2003010002309459
2003010002309460
2003010002309461
2003010002309462
2003010002309463
2003010002309464
2003010002309465
2003010002309466
2003010002309467
2003010002309468
2003010002309469
2003010002309470
2003010002309471
2003010002309472
2003010002309473
2003010002309474
2003010002309475
2003010002309476
2003010002309477
2003010002309478
2003010002309479
2003010002309480
2003010002309481
2003010002309482
2003010002309483
2003010002309484
2003010002309485
2003010002309486
2003010002309487
2003010002309488
2003010002309489
2003010002309490
2003010002309491
2003010002309492
2003010002309493
2003010002309494
2003010002309495
2003010002309496
2003010002309497
2003010002309498
2003010002309499
2003010002309500
2003010002309501
2003010002309502
2003010002309503
2003010002309504
2003010002309505
2003010002309506
2003010002309507
2003010002309508
2003010002309509
2003010002309510
2003010002309511
2003010002309512
2003010002309513
2003010002309514
2003010002309515
2003010002309516
2003010002309517
2003010002309518
2003010002309519
2003010002309520
2003010002309521
2003010002309522
2003010002309523
2003010002309524
2003010002309525
2003010002309526
2003010002309527
2003010002309528
2003010002309529
2003010002309530
2003010002309531
2003010002309532
2003010002309533
2003010002309534
2003010002309535
2003010002309536
2003010002309537
2003010002309538
2003010002309539
2003010002309540
2003010002309541
2003010002309542
2003010002309543
2003010002309544
2003010002309545
2003010002309546
2003010002309547
2003010002309548
2003010002309549
2003010002309550
2003010002309551
2003010002309552
2003010002309553
2003010002309554
2003010002309555
2003010002309556
2003010002309557
2003010002309558
2003010002309559
2003010002309560
2003010002309561
2003010002309562
2003010002309563
2003010002309564
2003010002309565
2003010002309566
2003010002309567
2003010002309568
2003010002309569
2003010002309570
2003010002309571
2003010002309572
2003010002309573
2003010002309574
2003010002309575
2003010002309576
2003010002309577
2003010002309578
2003010002309579
2003010002309580
2003010002309581
2003010002309582
2003010002309583
2003010002309584
2003010002309585
2003010002309586
2003010002309587
2003010002309588
2003010002309589
2003010002309590
2003010002309591
2003010002309592
2003010002309593
2003010002309594
2003010002309595
2003010002309596
2003010002309597
2003010002309598
2003010002309599
2003010002309600
2003010002309601
2003010002309602
2003010002309603
2003010002309604
2003010002309605
2003010002309606
2003010002309607
2003010002309608
2003010002309609
2003010002309610
2003010002309611
2003010002309612
2003010002309613
2003010002309614
2003010002309615
2003010002309616
2003010002309617
2003010002309618
2003010002309619
2003010002309620
2003010002309621
2003010002309622
2003010002309623
2003010002309624
2003010002309625
2003010002309626
2003010002309627
2003010002309628
2003010002309629
2003010002309630
2003010002309631
2003010002309632
2003010002309633
2003010002309634
2003010002309635
2003010002309636
2003010002309637
2003010002309638
2003010002309639
2003010002309640
2003010002309641
2003010002309642
2003010002309643
2003010002309644
2003010002309645
2003010002309646
2003010002309647
2003010002309648
2003010002309649
2003010002309650
2003010002309651
2003010002309652
2003010002309653
2003010002309654
2003010002309655
2003010002309656
2003010002309657
2003010002309658
2003010002309659
2003010002309660
2003010002309661
2003010002309662
2003010002309663
2003010002309664
2003010002309665
2003010002309666
2003010002309667
2003010002309668
2003010002309669
2003010002309670
2003010002309671
2003010002309672
2003010002309673
2003010002309674
2003010002309675
2003010002309676
2003010002309677
2003010002309678
2003010002309679
2003010002309680
2003010002309681
2003010002309682
2003010002309683
2003010002309684
2003010002309685
2003010002309686
2003010002309687
2003010002309688
2003010002309689
2003010002309690
2003010002309691
2003010002309692
2003010002309693
2003010002309694
2003010002309695
2003010002309696
2003010002309697
2003010002309698
2003010002309699
2003010002309700
2003010002309701
2003010002309702
2003010002309703
2003010002309704
2003010002309705
2003010002309706
2003010002309707
2003010002309708
2003010002309709
2003010002309710
2003010002309711
2003010002309712
2003010002309713
2003010002309714
2003010002309715
2003010002309716
2003010002309717
2003010002309718
2003010002309719
2003010002309720
2003010002309721
2003010002309722
2003010002309723
2003010002309724
2003010002309725
2003010002309726
2003010002309727
2003010002309728
2003010002309729
2003010002309730
2003010002309731
2003010002309732
2003010002309733
2003010002309734
2003010002309735
2003010002309736
2003010002309737
2003010002309738
2003010002309739
2003010002309740
2003010002309741
2003010002309742
2003010002309743
2003010002309744
2003010002309745
2003010002309746
2003010002309747
2003010002309748
2003010002309749
2003010002309750
2003010002309751
2003010002309752
2003010002309753
2003010002309754
2003010002309755
2003010002309756
2003010002309757
2003010002309758
2003010002309759
2003010002309760
2003010002309761
2003010002309762
2003010002309763
2003010002309764
2003010002309765
2003010002309766
2003010002309767
2003010002309768
2003010002309769
2003010002309770
2003010002309771
2003010002309772
2003010002309773
2003010002309774
2003010002309775
2003010002309776
2003010002309777
2003010002309778
2003010002309779
2003010002309780
2003010002309781
2003010002309782
2003010002309783
2003010002309784
2003010002309785
2003010002309786
2003010002309787
2003010002309788
2003010002309789
2003010002309790
2003010002309791
2003010002309792
2003010002309793
2003010002309794
2003010002309795
2003010002309796
2003010002309797
2003010002309798
2003010002309799
2003010002309800
2003010002309801
2003010002309802
2003010002309803
2003010002309804
2003010002309805
2003010002309806
2003010002309807
2003010002309808
2003010002309809
2003010002309810
2003010002309811
2003010002309812
2003010002309813
2003010002309814
2003010002309815
2003010002309816
2003010002309817
2003010002309818
2003010002309819
2003010002309820
2003010002309821
2003010002309822
2003010002309823
2003010002309824
2003010002309825
2003010002309826
2003010002309827
2003010002309828
2003010002309829
2003010002309830
2003010002309831
2003010002309832
2003010002309833
2003010002309834
2003010002309835
2003010002309836
2003010002309837
2003010002309838
2003010002309839
2003010002309840
2003010002309841
2003010002309842
2003010002309843
2003010002309844
2003010002309845
2003010002309846
2003010002309847
2003010002309848
2003010002309849
2003010002309850
2003010002309851
2003010002309852
2003010002309853
2003010002309854
2003010002309855
2003010002309856
2003010002309857
2003010002309858
2003010002309859
2003010002309860
2003010002309861
2003010002309862
2003010002309863
2003010002309864
2003010002309865
2003010002309866
2003010002309867
2003010002309868
2003010002309869
2003010002309870
2003010002309871
2003010002309872
2003010002309873
2003010002309874
2003010002309875
2003010002309876
2003010002309877
2003010002309878
2003010002309879
2003010002309880
2003010002309881
2003010002309882
2003010002309883
2003010002309884
2003010002309885
2003010002309886
2003010002309887
2003010002309888
2003010002309889
2003010002309890
2003010002309891
2003010002309892
2003010002309893
2003010002309894
2003010002309895
2003010002309896
2003010002309897
2003010002309898
2003010002309899
2003010002309900
2003010002309901
2003010002309902
2003010002309903
2003010002309904
2003010002309905
2003010002309906
2003010002309907
2003010002309908
2003010002309909
2003010002309910
2003010002309911
2003010002309912
2003010002309913
2003010002309914
2003010002309915
2003010002309916
2003010002309917
2003010002309918
2003010002309919
2003010002309920
2003010002309921
2003010002309922
2003010002309923
2003010002309924
2003010002309925
2003010002309926
2003010002309927
2003010002309928
2003010002309929
2003010002309930
2003010002309931
2003010002309932
2003010002309933
2003010002309934
2003010002309935
2003010002309936
2003010002309937
2003010002309938
2003010002309939
2003010002309940
2003010002309941
2003010002309942
2003010002309943
2003010002309944
2003010002309945
2003010002309946
2003010002309947
2003010002309948
2003010002309949
2003010002309950
2003010002309951
2003010002309952
2003010002309953
2003010002309954
2003010002309955
2003010002309956
2003010002309957
2003010002309958
2003010002309959
2003010002309960
2003010002309961
2003010002309962
2003010002309963
2003010002309964
2003010002309965
2003010002309966
2003010002309967
2003010002309968
2003010002309969
2003010002309970
2003010002309971
2003010002309972
2003010002309973
2003010002309974
2003010002309975
2003010002309976
2003010002309977
2003010002309978
2003010002309979
2003010002309980
2003010002309981
2003010002309982
2003010002309983
2003010002309984
2003010002309985
2003010002309986
2003010002309987
2003010002309988
2003010002309989
2003010002309990
2003010002309991
2003010002309992
2003010002309993
2003010002309994
2003010002309995
2003010002309996
2003010002309997
2003010002309998
2003010002309999
2003010002310000
2003010002310001
2003010002310002
2003010002310003
2003010002310004
2003010002310005
2003010002310006
2003010002310007
2003010002310008
2003010002310009
2003010002310010
2003010002310011
2003010002310012
2003010002310013
2003010002310014
2003010002310015
2003010002310016
2003010002310017
2003010002310018
2003010002310019
2003010002310020
2003010002310021
2003010002310022
2003010002310023
2003010002310024
2003010002310025
2003010002310026
2003010002310027
2003010002310028
2003010002310029
2003010002310030
2003010002310031
2003010002310032
2003010002310033
2003010002310034
2003010002310035
2003010002310036
2003010002310037
2003010002310038
2003010002310039
2003010002310040
2003010002310041
2003010002310042
2003010002310043
2003010002310044
2003010002310045
2003010002310046
2003010002310047
2003010002310048
2003010002310049
2003010002310050
2003010002310051
2003010002310052
2003010002310053
2003010002310054
2003010002310055
2003010002310056
2003010002310057
2003010002310058
2003010002310059
2003010002310060
2003010002310061
2003010002310062
2003010002310063
2003010002310064
2003010002310065
2003010002310066
2003010002310067
2003010002310068
2003010002310069
2003010002310070
2003010002310071
2003010002310072
2003010002310073
2003010002310074
2003010002310075
2003010002310076
2003010002310077
2003010002310078
2003010002310079
2003010002310080
2003010002310081
2003010002310082
2003010002310083
2003010002310084
2003010002310085
2003010002310086
2003010002310087
2003010002310088
2003010002310089
2003010002310090
2003010002310091
2003010002310092
2003010002310093
2003010002310094
2003010002310095
2003010002310096
2003010002310097
2003010002310098
2003010002310099
2003010002310100
2003010002310101
2003010002310102
2003010002310103
2003010002310104
2003010002310105
2003010002310106
2003010002310107
2003010002310108
2003010002310109
2003010002310110
2003010002310111
2003010002310112
2003010002310113
2003010002310114
2003010002310115
2003010002310116
2003010002310117
2003010002310118
2003010002310119
2003010002310120
2003010002310121
2003010002310122
2003010002310123
2003010002310124
2003010002310125
2003010002310126
2003010002310127
2003010002310128
2003010002310129
2003010002310130
2003010002310131
2003010002310132
2003010002310133
2003010002310134
2003010002310135
2003010002310136
2003010002310137
2003010002310138
2003010002310139
2003010002310140
2003010002310141
2003010002310142
2003010002310143
2003010002310144
2003010002310145
2003010002310146
2003010002310147
2003010002310148
2003010002310149
2003010002310150
2003010002310151
2003010002310152
2003010002310153
2003010002310154
2003010002310155
2003010002310156
2003010002310157
2003010002310158
2003010002310159
2003010002310160
2003010002310161
2003010002310162
2003010002310163
2003010002310164
2003010002310165
2003010002310166
2003010002310167
2003010002310168
2003010002310169
2003010002310170
2003010002310171
2003010002310172
2003010002310173
2003010002310174
2003010002310175
2003010002310176
2003010002310177
2003010002310178
2003010002310179
2003010002310180
2003010002310181
2003010002310182
2003010002310183
2003010002310184
2003010002310185
2003010002310186
2003010002310187
2003010002310188
2003010002310189
2003010002310190
2003010002310191
2003010002310192
2003010002310193
2003010002310194
2003010002310195
2003010002310196
2003010002310197
2003010002310198
2003010002310199
2003010002310200
2003010002310201
2003010002310202
2003010002310203
2003010002310204
2003010002310205
2003010002310206
2003010002310207
2003010002310208
2003010002310209
2003010002310210
2003010002310211
2003010002310212
2003010002310213
2003010002310214
2003010002310215
2003010002310216
2003010002310217
2003010002310218
2003010002310219
2003010002310220
2003010002310221
2003010002310222
2003010002310223
2003010002310224
2003010002310225
2003010002310226
2003010002310227
2003010002310228
2003010002310229
2003010002310230
2003010002310231
2003010002310232
2003010002310233
2003010002310234
2003010002310235
2003010002310236
2003010002310237
2003010002310238
2003010002310239
2003010002310240
2003010002310241
2003010002310242
2003010002310243
2003010002310244
2003010002310245
2003010002310246
2003010002310247
2003010002310248
2003010002310249
2003010002310250
2003010002310251
2003010002310252
2003010002310253
2003010002310254
2003010002310255
2003010002310256
2003010002310257
2003010002310258
2003010002310259
2003010002310260
2003010002310261
2003010002310262
2003010002310263
2003010002310264
2003010002310265
2003010002310266
2003010002310267
2003010002310268
2003010002310269
2003010002310270
2003010002310271
2003010002310272
2003010002310273
2003010002310274
2003010002310275
2003010002310276
2003010002310277
2003010002310278
2003010002310279
2003010002310280
2003010002310281
2003010002310282
2003010002310283
2003010002310284
2003010002310285
2003010002310286
2003010002310287
2003010002310288
2003010002310289
2003010002310290
2003010002310291
2003010002310292
2003010002310293
2003010002310294
2003010002310295
2003010002310296
2003010002310297
2003010002310298
2003010002310299
2003010002310300
2003010002310301
2003010002310302
2003010002310303
2003010002310304
2003010002310305
2003010002310306
2003010002310307
2003010002310308
2003010002310309
2003010002310310
2003010002310311
2003010002310312
2003010002310313
2003010002310314
2003010002310315
2003010002310316
2003010002310317
2003010002310318
2003010002310319
2003010002310320
2003010002310321
2003010002310322
2003010002310323
2003010002310324
2003010002310325
2003010002310326
2003010002310327
2003010002310328
2003010002310329
2003010002310330
2003010002310331
2003010002310332
2003010002310333
2003010002310334
2003010002310335
2003010002310336
2003010002310337
2003010002310338
2003010002310339
2003010002310340
2003010002310341
2003010002310342
2003010002310343
2003010002310344
2003010002310345
2003010002310346
2003010002310347
2003010002310348
2003010002310349
2003010002310350
2003010002310351
2003010002310352
2003010002310353
2003010002310354
2003010002310355
2003010002310356
2003010002310357
2003010002310358
2003010002310359
2003010002310360
2003010002310361
2003010002310362
2003010002310363
2003010002310364
2003010002310365
2003010002310366
2003010002310367
2003010002310368
2003010002310369
2003010002310370
2003010002310371
2003010002310372
2003010002310373
2003010002310374
2003010002310375
2003010002310376
2003010002310377
2003010002310378
2003010002310379
2003010002310380
2003010002310381
2003010002310382
2003010002310383
2003010002310384
2003010002310385
2003010002310386
2003010002310387
2003010002310388
2003010002310389
2003010002310390
2003010002310391
2003010002310392
2003010002310393
2003010002310394
2003010002310395
2003010002310396
2003010002310397
2003010002310398
2003010002310399
2003010002310400
2003010002310401
2003010002310402
2003010002310403
2003010002310404
2003010002310405
2003010002310406
2003010002310407
2003010002310408
2003010002310409
2003010002310410
2003010002310411
2003010002310412
2003010002310413
2003010002310414
2003010002310415
2003010002310416
2003010002310417
2003010002310418
2003010002310419
2003010002310420
2003010002310421
2003010002310422
2003010002310423
2003010002310424
2003010002310425
2003010002310426
2003010002310427
2003010002310428
2003010002310429
2003010002310430
2003010002310431
2003010002310432
2003010002310433
2003010002310434
2003010002310435
2003010002310436
2003010002310437
2003010002310438
2003010002310439
2003010002310440
2003010002310441
2003010002310442
2003010002310443
2003010002310444
2003010002310445
2003010002310446
2003010002310447
2003010002310448
2003010002310449
2003010002310450
2003010002310451
2003010002310452
2003010002310453
2003010002310454
2003010002310455
2003010002310456
2003010002310457
2003010002310458
2003010002310459
2003010002310460
2003010002310461
2003010002310462
2003010002310463
2003010002310464
2003010002310465
2003010002310466
2003010002310467
2003010002310468
2003010002310469
2003010002310470
2003010002310471
2003010002310472
2003010002310473
2003010002310474
2003010002310475
2003010002310476
2003010002310477
2003010002310478
2003010002310479
2003010002310480
2003010002310481
2003010002310482
2003010002310483
2003010002310484
2003010002310485
2003010002310486
2003010002310487
2003010002310488
2003010002310489
2003010002310490
2003010002310491
2003010002310492
2003010002310493
2003010002310494
2003010002310495
2003010002310496
2003010002310497
2003010002310498
2003010002310499
2003010002310500
2003010002310501
2003010002310502
2003010002310503
2003010002310504
2003010002310505
2003010002310506
2003010002310507
2003010002310508
2003010002310509
2003010002310510
2003010002310511
2003010002310512
2003010002310513
2003010002310514
2003010002310515
2003010002310516
2003010002310517
2003010002310518
2003010002310519
2003010002310520
2003010002310521
2003010002310522
2003010002310523
2003010002310524
2003010002310525
2003010002310526
2003010002310527
2003010002310528
2003010002310529
2003010002310530
2003010002310531
2003010002310532
2003010002310533
2003010002310534
2003010002310535
2003010002310536
2003010002310537
2003010002310538
2003010002310539
2003010002310540
2003010002310541
2003010002310542
2003010002310543
2003010002310544
2003010002310545
2003010002310546
2003010002310547
2003010002310548
2003010002310549
2003010002310550
2003010002310551
2003010002310552
2003010002310553
2003010002310554
2003010002310555
2003010002310556
2003010002310557
2003010002310558
2003010002310559
2003010002310560
2003010002310561
2003010002310562
2003010002310563
2003010002310564
2003010002310565
2003010002310566
2003010002310567
2003010002310568
2003010002310569
2003010002310570
2003010002310571
2003010002310572
2003010002310573
2003010002310574
2003010002310575
2003010002310576
2003010002310577
2003010002310578
2003010002310579
2003010002310580
2003010002310581
2003010002310582
2003010002310583
2003010002310584
2003010002310585
2003010002310586
2003010002310587
2003010002310588
2003010002310589
2003010002310590
2003010002310591
2003010002310592
2003010002310593
2003010002310594
2003010002310595
2003010002310596
2003010002310597
2003010002310598
2003010002310599
2003010002310600
2003010002310601
2003010002310602
2003010002310603
2003010002310604
2003010002310605
2003010002310606
2003010002310607
2003010002310608
2003010002310609
2003010002310610
2003010002310611
2003010002310612
2003010002310613
2003010002310614
2003010002310615
2003010002310616
2003010002310617
2003010002310618
2003010002310619
2003010002310620
2003010002310621
2003010002310622
2003010002310623
2003010002310624
2003010002310625
2003010002310626
2003010002310627
2003010002310628
2003010002310629
2003010002310630
2003010002310631
2003010002310632
2003010002310633
2003010002310634
2003010002310635
2003010002310636
2003010002310637
2003010002310638
2003010002310639
2003010002310640
2003010002310641
2003010002310642
2003010002310643
2003010002310644
2003010002310645
2003010002310646
2003010002310647
2003010002310648
2003010002310649
2003010002310650
2003010002310651
2003010002310652
2003010002310653
2003010002310654
2003010002310655
2003010002310656
2003010002310657
2003010002310658
2003010002310659
2003010002310660
2003010002310661
2003010002310662
2003010002310663
2003010002310664
2003010002310665
2003010002310666
2003010002310667
2003010002310668
2003010002310669
2003010002310670
2003010002310671
2003010002310672
2003010002310673
2003010002310674
2003010002310675
2003010002310676
2003010002310677
2003010002310678
2003010002310679
2003010002310680
2003010002310681
2003010002310682
2003010002310683
2003010002310684
2003010002310685
2003010002310686
2003010002310687
2003010002310688
2003010002310689
2003010002310690
2003010002310691
2003010002310692
2003010002310693
2003010002310694
2003010002310695
2003010002310696
2003010002310697
2003010002310698
2003010002310699
2003010002310700
2003010002310701
2003010002310702
2003010002310703
2003010002310704
2003010002310705
2003010002310706
2003010002310707
2003010002310708
2003010002310709
2003010002310710
2003010002310711
2003010002310712
2003010002310713
2003010002310714
2003010002310715
2003010002310716
2003010002310717
2003010002310718
2003010002310719
2003010002310720
2003010002310721
2003010002310722
2003010002310723
2003010002310724
2003010002310725
2003010002310726
2003010002310727
2003010002310728
2003010002310729
2003010002310730
2003010002310731
2003010002310732
2003010002310733
2003010002310734
2003010002310735
2003010002310736
2003010002310737
2003010002310738
2003010002310739
2003010002310740
2003010002310741
2003010002310742
2003010002310743
2003010002310744
2003010002310745
2003010002310746
2003010002310747
2003010002310748
2003010002310749
2003010002310750
2003010002310751
2003010002310752
2003010002310753
2003010002310754
2003010002310755
2003010002310756
2003010002310757
2003010002310758
2003010002310759
2003010002310760
2003010002310761
2003010002310762
2003010002310763
2003010002310764
2003010002310765
2003010002310766
2003010002310767
2003010002310768
2003010002310769
2003010002310770
2003010002310771
2003010002310772
2003010002310773
2003010002310774
2003010002310775
2003010002310776
2003010002310777
2003010002310778
2003010002310779
2003010002310780
2003010002310781
2003010002310782
2003010002310783
2003010002310784
2003010002310785
2003010002310786
2003010002310787
2003010002310788
2003010002310789
2003010002310790
2003010002310791
2003010002310792
2003010002310793
2003010002310794
2003010002310795
2003010002310796
2003010002310797
2003010002310798
2003010002310799
2003010002310800
2003010002310801
2003010002310802
2003010002310803
2003010002310804
2003010002310805
2003010002310806
2003010002310807
2003010002310808
2003010002310809
2003010002310810
2003010002310811
2003010002310812
2003010002310813
2003010002310814
2003010002310815
2003010002310816
2003010002310817
2003010002310818
2003010002310819
2003010002310820
2003010002310821
2003010002310822
2003010002310823
2003010002310824
2003010002310825
2003010002310826
2003010002310827
2003010002310828
2003010002310829
2003010002310830
2003010002310831
2003010002310832
2003010002310833
2003010002310834
2003010002310835
2003010002310836
2003010002310837
2003010002310838
2003010002310839
2003010002310840
2003010002310841
2003010002310842
2003010002310843
2003010002310844
2003010002310845
2003010002310846
2003010002310847
2003010002310848
2003010002310849
2003010002310850
2003010002310851
2003010002310852
2003010002310853
2003010002310854
2003010002310855
2003010002310856
2003010002310857
2003010002310858
2003010002310859
2003010002310860
2003010002310861
2003010002310862
2003010002310863
2003010002310864
2003010002310865
2003010002310866
2003010002310867
2003010002310868
2003010002310869
2003010002310870
2003010002310871
2003010002310872
2003010002310873
2003010002310874
2003010002310875
2003010002310876
2003010002310877
2003010002310878
2003010002310879
2003010002310880
2003010002310881
2003010002310882
2003010002310883
2003010002310884
2003010002310885
2003010002310886
2003010002310887
2003010002310888
2003010002310889
2003010002310890
2003010002310891
2003010002310892
2003010002310893
2003010002310894
2003010002310895
2003010002310896
2003010002310897
2003010002310898
2003010002310899
2003010002310900
2003010002310901
2003010002310902
2003010002310903
2003010002310904
2003010002310905
2003010002310906
2003010002310907
2003010002310908
2003010002310909
2003010002310910
2003010002310911
2003010002310912
2003010002310913
2003010002310914
2003010002310915
2003010002310916
2003010002310917
2003010002310918
2003010002310919
2003010002310920
2003010002310921
2003010002310922
2003010002310923
2003010002310924
2003010002310925
2003010002310926
2003010002310927
2003010002310928
2003010002310929
2003010002310930
2003010002310931
2003010002310932
2003010002310933
2003010002310934
2003010002310935
2003010002310936
2003010002310937
2003010002310938
2003010002310939
2003010002310940
2003010002310941
2003010002310942
2003010002310943
2003010002310944
2003010002310945
2003010002310946
2003010002310947
2003010002310948
2003010002310949
2003010002310950
2003010002310951
2003010002310952
2003010002310953
2003010002310954
2003010002310955
2003010002310956
2003010002310957
2003010002310958
2003010002310959
2003010002310960
2003010002310961
2003010002310962
2003010002310963
2003010002310964
2003010002310965
2003010002310966
2003010002310967
2003010002310968
2003010002310969
2003010002310970
2003010002310971
2003010002310972
2003010002310973
2003010002310974
2003010002310975
2003010002310976
2003010002310977
2003010002310978
2003010002310979
2003010002310980
2003010002310981
2003010002310982
2003010002310983
2003010002310984
2003010002310985
2003010002310986
2003010002310987
2003010002310988
2003010002310989
2003010002310990
2003010002310991
2003010002310992
2003010002310993
2003010002310994
2003010002310995
2003010002310996
2003010002310997
2003010002310998
2003010002310999
2003010002311000
2003010002311001
2003010002311002
2003010002311003
2003010002311004
2003010002311005
2003010002311006
2003010002311007
2003010002311008
2003010002311009
2003010002311010
2003010002311011
2003010002311012
2003010002311013
2003010002311014
2003010002311015
2003010002311016
2003010002311017
2003010002311018
2003010002311019
2003010002311020
2003010002311021
2003010002311022
2003010002311023
2003010002311024
2003010002311025
2003010002311026
2003010002311027
2003010002311028
2003010002311029
2003010002311030
2003010002311031
2003010002311032
2003010002311033
2003010002311034
2003010002311035
2003010002311036
2003010002311037
2003010002311038
2003010002311039
2003010002311040
2003010002311041
2003010002311042
2003010002311043
2003010002311044
2003010002311045
2003010002311046
2003010002311047
2003010002311048
2003010002311049
2003010002311050
2003010002311051
2003010002311052
2003010002311053
2003010002311054
2003010002311055
2003010002311056
2003010002311057
2003010002311058
2003010002311059
2003010002311060
2003010002311061
2003010002311062
2003010002311063
2003010002311064
2003010002311065
2003010002311066
2003010002311067
2003010002311068
2003010002311069
2003010002311070
2003010002311071
2003010002311072
2003010002311073
2003010002311074
2003010002311075
2003010002311076
2003010002311077
2003010002311078
2003010002311079
2003010002311080
2003010002311081
2003010002311082
2003010002311083
2003010002311084
2003010002311085
2003010002311086
2003010002311087
2003010002311088
2003010002311089
2003010002311090
2003010002311091
2003010002311092
2003010002311093
2003010002311094
2003010002311095
2003010002311096
2003010002311097
2003010002311098
2003010002311099
2003010002311100
2003010002311101
2003010002311102
2003010002311103
2003010002311104
2003010002311105
2003010002311106
2003010002311107
2003010002311108
2003010002311109
2003010002311110
2003010002311111
2003010002311112
2003010002311113
2003010002311114
2003010002311115
2003010002311116
2003010002311117
2003010002311118
2003010002311119
2003010002311120
2003010002311121
2003010002311122
2003010002311123
2003010002311124
2003010002311125
2003010002311126
2003010002311127
2003010002311128
2003010002311129
2003010002311130
2003010002311131
2003010002311132
2003010002311133
2003010002311134
2003010002311135
2003010002311136
2003010002311137
2003010002311138
2003010002311139
2003010002311140
2003010002311141
2003010002311142
2003010002311143
2003010002311144
2003010002311145
2003010002311146
2003010002311147
2003010002311148
2003010002311149
2003010002311150
2003010002311151
2003010002311152
2003010002311153
2003010002311154
2003010002311155
2003010002311156
2003010002311157
2003010002311158
2003010002311159
2003010002311160
2003010002311161
2003010002311162
2003010002311163
2003010002311164
2003010002311165
2003010002311166
2003010002311167
2003010002311168
2003010002311169
2003010002311170
2003010002311171
2003010002311172
2003010002311173
2003010002311174
2003010002311175
2003010002311176
2003010002311177
2003010002311178
2003010002311179
2003010002311180
2003010002311181
2003010002311182
2003010002311183
2003010002311184
2003010002311185
2003010002311186
2003010002311187
2003010002311188
2003010002311189
2003010002311190
2003010002311191
2003010002311192
2003010002311193
2003010002311194
2003010002311195
2003010002311196
2003010002311197
2003010002311198
2003010002311199
2003010002311200
2003010002311201
2003010002311202
2003010002311203
2003010002311204
2003010002311205
2003010002311206
2003010002311207
2003010002311208
2003010002311209
2003010002311210
2003010002311211
2003010002311212
2003010002311213
2003010002311214
2003010002311215
2003010002311216
2003010002311217
2003010002311218
2003010002311219
2003010002311220
2003010002311221
2003010002311222
2003010002311223
2003010002311224
2003010002311225
2003010002311226
2003010002311227
2003010002311228
2003010002311229
2003010002311230
2003010002311231
2003010002311232
2003010002311233
2003010002311234
2003010002311235
2003010002311236
2003010002311237
2003010002311238
2003010002311239
2003010002311240
2003010002311241
2003010002311242
2003010002311243
2003010002311244
2003010002311245
2003010002311246
2003010002311247
2003010002311248
2003010002311249
2003010002311250
2003010002311251
2003010002311252
2003010002311253
2003010002311254
2003010002311255
2003010002311256
2003010002311257
2003010002311258
2003010002311259
2003010002311260
2003010002311261
2003010002311262
2003010002311263
2003010002311264
2003010002311265
2003010002311266
2003010002311267
2003010002311268
2003010002311269
2003010002311270
2003010002311271
2003010002311272
2003010002311273
2003010002311274
2003010002311275
2003010002311276
2003010002311277
2003010002311278
2003010002311279
2003010002311280
2003010002311281
2003010002311282
2003010002311283
2003010002311284
2003010002311285
2003010002311286
2003010002311287
2003010002311288
2003010002311289
2003010002311290
2003010002311291
2003010002311292
2003010002311293
2003010002311294
2003010002311295
2003010002311296
2003010002311297
2003010002311298
2003010002311299
2003010002311300
2003010002311301
2003010002311302
2003010002311303
2003010002311304
2003010002311305
2003010002311306
2003010002311307
2003010002311308
2003010002311309
2003010002311310
2003010002311311
2003010002311312
2003010002311313
2003010002311314
2003010002311315
2003010002311316
2003010002311317
2003010002311318
2003010002311319
2003010002311320
2003010002311321
2003010002311322
2003010002311323
2003010002311324
2003010002311325
2003010002311326
2003010002311327
2003010002311328
2003010002311329
2003010002311330
2003010002311331
2003010002311332
2003010002311333
2003010002311334
2003010002311335
2003010002311336
2003010002311337
2003010002311338
2003010002311339
2003010002311340
2003010002311341
2003010002311342
2003010002311343
2003010002311344
2003010002311345
2003010002311346
2003010002311347
2003010002311348
2003010002311349
2003010002311350
2003010002311351
2003010002311352
2003010002311353
2003010002311354
2003010002311355
2003010002311356
2003010002311357
2003010002311358
2003010002311359
2003010002311360
2003010002311361
2003010002311362
2003010002311363
2003010002311364
2003010002311365
2003010002311366
2003010002311367
2003010002311368
2003010002311369
2003010002311370
2003010002311371
2003010002311372
2003010002311373
2003010002311374
2003010002311375
2003010002311376
2003010002311377
2003010002311378
2003010002311379
2003010002311380
2003010002311381
2003010002311382
2003010002311383
2003010002311384
2003010002311385
2003010002311386
2003010002311387
2003010002311388
2003010002311389
2003010002311390
2003010002311391
2003010002311392
2003010002311393
2003010002311394
2003010002311395
2003010002311396
2003010002311397
2003010002311398
2003010002311399
2003010002311400
2003010002311401
2003010002311402
2003010002311403
2003010002311404
2003010002311405
2003010002311406
2003010002311407
2003010002311408
2003010002311409
2003010002311410
2003010002311411
2003010002311412
2003010002311413
2003010002311414
2003010002311415
2003010002311416
2003010002311417
2003010002311418
2003010002311419
2003010002311420
2003010002311421
2003010002311422
2003010002311423
2003010002311424
2003010002311425
2003010002311426
2003010002311427
2003010002311428
2003010002311429
2003010002311430
2003010002311431
2003010002311432
2003010002311433
2003010002311434
2003010002311435
2003010002311436
2003010002311437
2003010002311438
2003010002311439
2003010002311440
2003010002311441
2003010002311442
2003010002311443
2003010002311444
2003010002311445
2003010002311446
2003010002311447
2003010002311448
2003010002311449
2003010002311450
2003010002311451
2003010002311452
2003010002311453
2003010002311454
2003010002311455
2003010002311456
2003010002311457
2003010002311458
2003010002311459
2003010002311460
2003010002311461
2003010002311462
2003010002311463
2003010002311464
2003010002311465
2003010002311466
2003010002311467
2003010002311468
2003010002311469
2003010002311470
2003010002311471
2003010002311472
2003010002311473
2003010002311474
2003010002311475
2003010002311476
2003010002311477
2003010002311478
2003010002311479
2003010002311480
2003010002311481
2003010002311482
2003010002311483
2003010002311484
2003010002311485
2003010002311486
2003010002311487
2003010002311488
2003010002311489
2003010002311490
2003010002311491
2003010002311492
2003010002311493
2003010002311494
2003010002311495
2003010002311496
2003010002311497
2003010002311498
2003010002311499
2003010002311500
2003010002311501
2003010002311502
2003010002311503
2003010002311504
2003010002311505
2003010002311506
2003010002311507
2003010002311508
2003010002311509
2003010002311510
2003010002311511
2003010002311512
2003010002311513
2003010002311514
2003010002311515
2003010002311516
2003010002311517
2003010002311518
2003010002311519
2003010002311520
2003010002311521
2003010002311522
2003010002311523
2003010002311524
2003010002311525
2003010002311526
2003010002311527
2003010002311528
2003010002311529
2003010002311530
2003010002311531
2003010002311532
2003010002311533
2003010002311534
2003010002311535
2003010002311536
2003010002311537
2003010002311538
2003010002311539
2003010002311540
2003010002311541
2003010002311542
2003010002311543
2003010002311544
2003010002311545
2003010002311546
2003010002311547
2003010002311548
2003010002311549
2003010002311550
2003010002311551
2003010002311552
2003010002311553
2003010002311554
2003010002311555
2003010002311556
2003010002311557
2003010002311558
2003010002311559
2003010002311560
2003010002311561
2003010002311562
2003010002311563
2003010002311564
2003010002311565
2003010002311566
2003010002311567
2003010002311568
2003010002311569
2003010002311570
2003010002311571
2003010002311572
2003010002311573
2003010002311574
2003010002311575
2003010002311576
2003010002311577
2003010002311578
2003010002311579
2003010002311580
2003010002311581
2003010002311582
2003010002311583
2003010002311584
2003010002311585
2003010002311586
2003010002311587
2003010002311588
2003010002311589
2003010002311590
2003010002311591
2003010002311592
2003010002311593
2003010002311594
2003010002311595
2003010002311596
2003010002311597
2003010002311598
2003010002311599
2003010002311600
2003010002311601
2003010002311602
2003010002311603
2003010002311604
2003010002311605
2003010002311606
2003010002311607
2003010002311608
2003010002311609
2003010002311610
2003010002311611
2003010002311612
2003010002311613
2003010002311614
2003010002311615
2003010002311616
2003010002311617
2003010002311618
2003010002311619
2003010002311620
2003010002311621
2003010002311622
2003010002311623
2003010002311624
2003010002311625
2003010002311626
2003010002311627
2003010002311628
2003010002311629
2003010002311630
2003010002311631
2003010002311632
2003010002311633
2003010002311634
2003010002311635
2003010002311636
2003010002311637
2003010002311638
2003010002311639
2003010002311640
2003010002311641
2003010002311642
2003010002311643
2003010002311644
2003010002311645
2003010002311646
2003010002311647
2003010002311648
2003010002311649
2003010002311650
2003010002311651
2003010002311652
2003010002311653
2003010002311654
2003010002311655
2003010002311656
2003010002311657
2003010002311658
2003010002311659
2003010002311660
2003010002311661
2003010002311662
2003010002311663
2003010002311664
2003010002311665
2003010002311666
2003010002311667
2003010002311668
2003010002311669
2003010002311670
2003010002311671
2003010002311672
2003010002311673
2003010002311674
2003010002311675
2003010002311676
2003010002311677
2003010002311678
2003010002311679
2003010002311680
2003010002311681
2003010002311682
2003010002311683
2003010002311684
2003010002311685
2003010002311686
2003010002311687
2003010002311688
2003010002311689
2003010002311690
2003010002311691
2003010002311692
2003010002311693
2003010002311694
2003010002311695
2003010002311696
2003010002311697
2003010002311698
2003010002311699
2003010002311700
2003010002311701
2003010002311702
2003010002311703
2003010002311704
2003010002311705
2003010002311706
2003010002311707
2003010002311708
2003010002311709
2003010002311710
2003010002311711
2003010002311712
2003010002311713
2003010002311714
2003010002311715
2003010002311716
2003010002311717
2003010002311718
2003010002311719
2003010002311720
2003010002311721
2003010002311722
2003010002311723
2003010002311724
2003010002311725
2003010002311726
2003010002311727
2003010002311728
2003010002311729
2003010002311730
2003010002311731
2003010002311732
2003010002311733
2003010002311734
2003010002311735
2003010002311736
2003010002311737
2003010002311738
2003010002311739
2003010002311740
2003010002311741
2003010002311742
2003010002311743
2003010002311744
2003010002311745
2003010002311746
2003010002311747
2003010002311748
2003010002311749
2003010002311750
2003010002311751
2003010002311752
2003010002311753
2003010002311754
2003010002311755
2003010002311756
2003010002311757
2003010002311758
2003010002311759
2003010002311760
2003010002311761
2003010002311762
2003010002311763
2003010002311764
2003010002311765
2003010002311766
2003010002311767
2003010002311768
2003010002311769
2003010002311770
2003010002311771
2003010002311772
2003010002311773
2003010002311774
2003010002311775
2003010002311776
2003010002311777
2003010002311778
2003010002311779
2003010002311780
2003010002311781
2003010002311782
2003010002311783
2003010002311784
2003010002311785
2003010002311786
2003010002311787
2003010002311788
2003010002311789
2003010002311790
2003010002311791
2003010002311792
2003010002311793
2003010002311794
2003010002311795
2003010002311796
2003010002311797
2003010002311798
2003010002311799
2003010002311800
2003010002311801
2003010002311802
2003010002311803
2003010002311804
2003010002311805
2003010002311806
2003010002311807
2003010002311808
2003010002311809
2003010002311810
2003010002311811
2003010002311812
2003010002311813
2003010002311814
2003010002311815
2003010002311816
2003010002311817
2003010002311818
2003010002311819
2003010002311820
2003010002311821
2003010002311822
2003010002311823
2003010002311824
2003010002311825
2003010002311826
2003010002311827
2003010002311828
2003010002311829
2003010002311830
2003010002311831
2003010002311832
2003010002311833
2003010002311834
2003010002311835
2003010002311836
2003010002311837
2003010002311838
2003010002311839
2003010002311840
2003010002311841
2003010002311842
2003010002311843
2003010002311844
2003010002311845
2003010002311846
2003010002311847
2003010002311848
2003010002311849
2003010002311850
2003010002311851
2003010002311852
2003010002311853
2003010002311854
2003010002311855
2003010002311856
2003010002311857
2003010002311858
2003010002311859
2003010002311860
2003010002311861
2003010002311862
2003010002311863
2003010002311864
2003010002311865
2003010002311866
2003010002311867
2003010002311868
2003010002311869
2003010002311870
2003010002311871
2003010002311872
2003010002311873
2003010002311874
2003010002311875
2003010002311876
2003010002311877
2003010002311878
2003010002311879
2003010002311880
2003010002311881
2003010002311882
2003010002311883
2003010002311884
2003010002311885
2003010002311886
2003010002311887
2003010002311888
2003010002311889
2003010002311890
2003010002311891
2003010002311892
2003010002311893
2003010002311894
2003010002311895
2003010002311896
2003010002311897
2003010002311898
2003010002311899
2003010002311900
2003010002311901
2003010002311902
2003010002311903
2003010002311904
2003010002311905
2003010002311906
2003010002311907
2003010002311908
2003010002311909
2003010002311910
2003010002311911
2003010002311912
2003010002311913
2003010002311914
2003010002311915
2003010002311916
2003010002311917
2003010002311918
2003010002311919
2003010002311920
2003010002311921
2003010002311922
2003010002311923
2003010002311924
2003010002311925
2003010002311926
2003010002311927
2003010002311928
2003010002311929
2003010002311930
2003010002311931
2003010002311932
2003010002311933
2003010002311934
2003010002311935
2003010002311936
2003010002311937
2003010002311938
2003010002311939
2003010002311940
2003010002311941
2003010002311942
2003010002311943
2003010002311944
2003010002311945
2003010002311946
2003010002311947
2003010002311948
2003010002311949
2003010002311950
2003010002311951
2003010002311952
2003010002311953
2003010002311954
2003010002311955
2003010002311956
2003010002311957
2003010002311958
2003010002311959
2003010002311960
2003010002311961
2003010002311962
2003010002311963
2003010002311964
2003010002311965
2003010002311966
2003010002311967
2003010002311968
2003010002311969
2003010002311970
2003010002311971
2003010002311972
2003010002311973
2003010002311974
2003010002311975
2003010002311976
2003010002311977
2003010002311978
2003010002311979
2003010002311980
2003010002311981
2003010002311982
2003010002311983
2003010002311984
2003010002311985
2003010002311986
2003010002311987
2003010002311988
2003010002311989
2003010002311990
2003010002311991
2003010002311992
2003010002311993
2003010002311994
2003010002311995
2003010002311996
2003010002311997
2003010002311998
2003010002311999
2003010002312000
2003010002312001
2003010002312002
2003010002312003
2003010002312004
2003010002312005
2003010002312006
2003010002312007
2003010002312008
2003010002312009
2003010002312010
2003010002312011
2003010002312012
2003010002312013
2003010002312014
2003010002312015
2003010002312016
2003010002312017
2003010002312018
2003010002312019
2003010002312020
2003010002312021
2003010002312022
2003010002312023
2003010002312024
2003010002312025
2003010002312026
2003010002312027
2003010002312028
2003010002312029
2003010002312030
2003010002312031
2003010002312032