862304026502230
862304026502248
862304026502255
862304026502263
862304026502271
862304026502289
862304026502297
862304026502305
862304026502313
862304026502321
862304026502339
862304026502347
862304026502354
862304026502362
862304026502370
862304026502388
862304026502396
862304026502404
862304026502412
862304026502420
862304026502438
862304026502446
862304026502453
862304026502461
862304026502479
862304026502487
862304026502495
862304026502503
862304026502511
862304026502529
862304026502537
862304026502545
862304026502552
862304026502560
862304026502578
862304026502586
862304026502594
862304026502602
862304026502610
862304026502628
862304026502636
862304026502644
862304026502651
862304026502669
862304026502677
862304026502685
862304026502693
862304026502701
862304026502719
862304026502727
862304026502735
862304026502743
862304026502750
862304026502768
862304026502776
862304026502784
862304026502792
862304026502800
862304026502818
862304026502826
862304026502834
862304026502842
862304026502859
862304026502867
862304026502875
862304026502883
862304026502891
862304026502909
862304026502917
862304026502925
862304026502933
862304026502941
862304026502958
862304026502966
862304026502974
862304026502982
862304026502990
862304026503006
862304026503014
862304026503022
862304026503030
862304026503048
862304026503055
862304026503063
862304026503071
862304026503089
862304026503097
862304026503105
862304026503113
862304026503121
862304026503139
862304026503147
862304026503154
862304026503162
862304026503170
862304026503188
862304026503196
862304026503204
862304026503212
862304026503220
862304026503238
862304026503246
862304026503253
862304026503261
862304026503279
862304026503287
862304026503295
862304026503303
862304026503311
862304026503329
862304026503337
862304026503345
862304026503352
862304026503360
862304026503378
862304026503386
862304026503394
862304026503402
862304026503410
862304026503428
862304026503436
862304026503444
862304026503451
862304026503469
862304026503477
862304026503485
862304026503493
862304026503501
862304026503519
862304026503527
862304026503535
862304026503543
862304026503550
862304026503568
862304026503576
862304026503584
862304026503592
862304026503600
862304026503618
862304026503626
862304026503634
862304026503642
862304026503659
862304026503667
862304026503675
862304026503683
862304026503691
862304026503709
862304026503717
862304026503725
862304026503733
862304026503741
862304026503758
862304026503766
862304026503774
862304026503782
862304026503790
862304026503808
862304026503816
862304026503824
862304026503832
862304026503840
862304026503857
862304026503865
862304026503873
862304026503881
862304026503899
862304026503907
862304026503915
862304026503923
862304026503931
862304026503949
862304026503956
862304026503964
862304026503972
862304026503980
862304026503998
862304026504004
862304026504012
862304026504020
862304026504038
862304026504046
862304026504053
862304026504061
862304026504079
862304026504087
862304026504095
862304026504103
862304026504111
862304026504129
862304026504137
862304026504145
862304026504152
862304026504160
862304026504178
862304026504186
862304026504194
862304026504202
862304026504210
862304026504228
862304026504236
862304026504244
862304026504251
862304026504269
862304026504277
862304026504285
862304026504293
862304026504301
862304026504319
862304026504327
862304026504335
862304026504343
862304026504350
862304026504368
862304026504376
862304026504384
862304026504392
862304026504400
862304026504418
862304026504426
862304026504434
862304026504442
862304026504459
862304026504467
862304026504475
862304026504483
862304026504491
862304026504509
862304026504517
862304026504525
862304026504533
862304026504541
862304026504558
862304026504566
862304026504574
862304026504582
862304026504590
862304026504608
862304026504616
862304026504624
862304026504632
862304026504640
862304026504657
862304026504665
862304026504673
862304026504681
862304026504699
862304026504707
862304026504715
862304026504723
862304026504731
862304026504749
862304026504756
862304026504764
862304026504772
862304026504780
862304026504798
862304026504806
862304026504814
862304026504822
862304026504830
862304026504848
862304026504855
862304026504863
862304026504871
862304026504889
862304026504897
862304026504905
862304026504913
862304026504921
862304026504939
862304026504947
862304026504954
862304026504962
862304026504970
862304026504988
862304026504996
862304026505001
862304026505019
862304026505027
862304026505035
862304026505043
862304026505050
862304026505068
862304026505076
862304026505084
862304026505092
862304026505100
862304026505118
862304026505126
862304026505134
862304026505142
862304026505159
862304026505167
862304026505175
862304026505183
862304026505191
862304026505209
862304026505217
862304026505225
862304026505233
862304026505241
862304026505258
862304026505266
862304026505274
862304026505282
862304026505290
862304026505308
862304026505316
862304026505324
862304026505332
862304026505340
862304026505357
862304026505365
862304026505373
862304026505381
862304026505399
862304026505407
862304026505415
862304026505423
862304026505431
862304026505449
862304026505456
862304026505464
862304026505472
862304026505480
862304026505498
862304026505506
862304026505514
862304026505522
862304026505530
862304026505548
862304026505555
862304026505563
862304026505571
862304026505589
862304026505597
862304026505605
862304026505613
862304026505621
862304026505639
862304026505647
862304026505654
862304026505662
862304026505670
862304026505688
862304026505696
862304026505704
862304026505712
862304026505720
862304026505738
862304026505746
862304026505753
862304026505761
862304026505779
862304026505787
862304026505795
862304026505803
862304026505811
862304026505829
862304026505837
862304026505845
862304026505852
862304026505860
862304026505878
862304026505886
862304026505894
862304026505902
862304026505910
862304026505928
862304026505936
862304026505944
862304026505951
862304026505969
862304026505977
862304026505985
862304026505993
862304026506009
862304026506017
862304026506025
862304026506033
862304026506041
862304026506058
862304026506066
862304026506074
862304026506082
862304026506090
862304026506108
862304026506116
862304026506124
862304026506132
862304026506140
862304026506157
862304026506165
862304026506173
862304026506181
862304026506199
862304026506207
862304026506215
862304026506223
862304026506231
862304026506249
862304026506256
862304026506264
862304026506272
862304026506280
862304026506298
862304026506306
862304026506314
862304026506322
862304026506330
862304026506348
862304026506355
862304026506363
862304026506371
862304026506389
862304026506397
862304026506405
862304026506413
862304026506421
862304026506439
862304026506447
862304026506454
862304026506462
862304026506470
862304026506488
862304026506496
862304026506504
862304026506512
862304026506520
862304026506538
862304026506546
862304026506553
862304026506561
862304026506579
862304026506587
862304026506595
862304026506603
862304026506611
862304026506629
862304026506637
862304026506645
862304026506652
862304026506660
862304026506678
862304026506686
862304026506694
862304026506702
862304026506710
862304026506728
862304026506736
862304026506744
862304026506751
862304026506769
862304026506777
862304026506785
862304026506793
862304026506801
862304026506819
862304026506827
862304026506835
862304026506843
862304026506850
862304026506868
862304026506876
862304026506884
862304026506892
862304026506900
862304026506918
862304026506926
862304026506934
862304026506942
862304026506959
862304026506967
862304026506975
862304026506983
862304026506991
862304026507007
862304026507015
862304026507023
862304026507031
862304026507049
862304026507056
862304026507064
862304026507072
862304026507080
862304026507098
862304026507106
862304026507114
862304026507122
862304026507130
862304026507148
862304026507155
862304026507163
862304026507171
862304026507189
862304026507197
862304026507205
862304026507213
862304026507221
862304026507239
862304026507247
862304026507254
862304026507262
862304026507270
862304026507288
862304026507296
862304026507304
862304026507312
862304026507320
862304026507338
862304026507346
862304026507353
862304026507361
862304026507379
862304026507387
862304026507395
862304026507403
862304026507411
862304026507429
862304026507437
862304026507445
862304026507452
862304026507460
862304026507478
862304026507486
862304026507494
862304026507502
862304026507510
862304026507528
862304026507536
862304026507544
862304026507551
862304026507569
862304026507577
862304026507585
862304026507593
862304026507601
862304026507619
862304026507627
862304026507635
862304026507643
862304026507650
862304026507668
862304026507676
862304026507684
862304026507692
862304026507700
862304026507718
862304026507726
862304026507734
862304026507742
862304026507759
862304026507767
862304026507775
862304026507783
862304026507791
862304026507809
862304026507817
862304026507825
862304026507833
862304026507841
862304026507858
862304026507866
862304026507874
862304026507882
862304026507890
862304026507908
862304026507916
862304026507924
862304026507932
862304026507940
862304026507957
862304026507965
862304026507973
862304026507981
862304026507999
862304026508005
862304026508013
862304026508021
862304026508039
862304026508047
862304026508054
862304026508062
862304026508070
862304026508088
862304026508096
862304026508104
862304026508112
862304026508120
862304026508138
862304026508146
862304026508153
862304026508161
862304026508179
862304026508187
862304026508195
862304026508203
862304026508211
862304026508229
862304026508237
862304026508245
862304026508252
862304026508260
862304026508278
862304026508286
862304026508294
862304026508302
862304026508310
862304026508328
862304026508336
862304026508344
862304026508351
862304026508369
862304026508377
862304026508385
862304026508393
862304026508401
862304026508419
862304026508427
862304026508435
862304026508443
862304026508450
862304026508468
862304026508476
862304026508484
862304026508492
862304026508500
862304026508518
862304026508526
862304026508534
862304026508542
862304026508559
862304026508567
862304026508575
862304026508583
862304026508591
862304026508609
862304026508617
862304026508625
862304026508633
862304026508641
862304026508658
862304026508666
862304026508674
862304026508682
862304026508690
862304026508708
862304026508716
862304026508724
862304026508732
862304026508740
862304026508757
862304026508765
862304026508773
862304026508781
862304026508799
862304026508807
862304026508815
862304026508823
862304026508831
862304026508849
862304026508856
862304026508864
862304026508872
862304026508880
862304026508898
862304026508906
862304026508914
862304026508922
862304026508930
862304026508948
862304026508955
862304026508963
862304026508971
862304026508989
862304026508997
862304026509003
862304026509011
862304026509029
862304026509037
862304026509045
862304026509052
862304026509060
862304026509078
862304026509086
862304026509094
862304026509102
862304026509110
862304026509128
862304026509136
862304026509144
862304026509151
862304026509169
862304026509177
862304026509185
862304026509193
862304026509201
862304026509219
862304026509227
862304026509235
862304026509243
862304026509250
862304026509268
862304026509276
862304026509284
862304026509292
862304026509300
862304026509318
862304026509326
862304026509334
862304026509342
862304026509359
862304026509367
862304026509375
862304026509383
862304026509391
862304026509409
862304026509417
862304026509425
862304026509433
862304026509441
862304026509458
862304026509466
862304026509474
862304026509482
862304026509490
862304026509508
862304026509516
862304026509524
862304026509532
862304026509540
862304026509557
862304026509565
862304026509573
862304026509581
862304026509599
862304026509607
862304026509615
862304026509623
862304026509631
862304026509649
862304026509656
862304026509664
862304026509672
862304026509680
862304026509698
862304026509706
862304026509714
862304026509722
862304026509730
862304026509748
862304026509755
862304026509763
862304026509771
862304026509789
862304026509797
862304026509805
862304026509813
862304026509821
862304026509839
862304026509847
862304026509854
862304026509862
862304026509870
862304026509888
862304026509896
862304026509904
862304026509912
862304026509920
862304026509938
862304026509946
862304026509953
862304026509961
862304026509979
862304026509987
862304026509995
862304026510001
862304026510019
862304026510027
862304026510035
862304026510043
862304026510050
862304026510068
862304026510076
862304026510084
862304026510092
862304026510100
862304026510118
862304026510126
862304026510134
862304026510142
862304026510159
862304026510167
862304026510175
862304026510183
862304026510191
862304026510209
862304026510217
862304026510225
862304026510233
862304026510241
862304026510258
862304026510266
862304026510274
862304026510282
862304026510290
862304026510308
862304026510316
862304026510324
862304026510332
862304026510340
862304026510357
862304026510365
862304026510373
862304026510381
862304026510399
862304026510407
862304026510415
862304026510423
862304026510431
862304026510449
862304026510456
862304026510464
862304026510472
862304026510480
862304026510498
862304026510506
862304026510514
862304026510522
862304026510530
862304026510548
862304026510555
862304026510563
862304026510571
862304026510589
862304026510597
862304026510605
862304026510613
862304026510621
862304026510639
862304026510647
862304026510654
862304026510662
862304026510670
862304026510688
862304026510696
862304026510704
862304026510712
862304026510720
862304026510738
862304026510746
862304026510753
862304026510761
862304026510779
862304026510787
862304026510795
862304026510803
862304026510811
862304026510829
862304026510837
862304026510845
862304026510852
862304026510860
862304026510878
862304026510886
862304026510894
862304026510902
862304026510910
862304026510928
862304026510936
862304026510944
862304026510951
862304026510969
862304026510977
862304026510985
862304026510993
862304026511009
862304026511017
862304026511025
862304026511033
862304026511041
862304026511058
862304026511066
862304026511074
862304026511082
862304026511090
862304026511108
862304026511116
862304026511124
862304026511132
862304026511140
862304026511157
862304026511165
862304026511173
862304026511181
862304026511199
862304026511207
862304026511215
862304026511223
862304026511231
862304026511249
862304026511256
862304026511264
862304026511272
862304026511280
862304026511298
862304026511306
862304026511314
862304026511322
862304026511330
862304026511348
862304026511355
862304026511363
862304026511371
862304026511389
862304026511397
862304026511405
862304026511413
862304026511421
862304026511439
862304026511447
862304026511454
862304026511462
862304026511470
862304026511488
862304026511496
862304026511504
862304026511512
862304026511520
862304026511538
862304026511546
862304026511553
862304026511561
862304026511579
862304026511587
862304026511595
862304026511603
862304026511611
862304026511629
862304026511637
862304026511645
862304026511652
862304026511660
862304026511678
862304026511686
862304026511694
862304026511702
862304026511710
862304026511728
862304026511736
862304026511744
862304026511751
862304026511769
862304026511777
862304026511785
862304026511793
862304026511801
862304026511819
862304026511827
862304026511835
862304026511843
862304026511850
862304026511868
862304026511876
862304026511884
862304026511892
862304026511900
862304026511918
862304026511926
862304026511934
862304026511942
862304026511959
862304026511967
862304026511975
862304026511983
862304026511991
862304026512007
862304026512015
862304026512023
862304026512031
862304026512049
862304026512056
862304026512064
862304026512072
862304026512080
862304026512098
862304026512106
862304026512114
862304026512122
862304026512130
862304026512148
862304026512155
862304026512163
862304026512171
862304026512189
862304026512197
862304026512205
862304026512213
862304026512221
862304026512239
862304026512247
862304026512254
862304026512262
862304026512270
862304026512288
862304026512296
862304026512304
862304026512312
862304026512320
862304026512338
862304026512346
862304026512353
862304026512361
862304026512379
862304026512387
862304026512395
862304026512403
862304026512411
862304026512429
862304026512437
862304026512445
862304026512452
862304026512460
862304026512478
862304026512486
862304026512494
862304026512502
862304026512510
862304026512528
862304026512536
862304026512544
862304026512551
862304026512569
862304026512577
862304026512585
862304026512593
862304026512601
862304026512619
862304026512627
862304026512635
862304026512643
862304026512650
862304026512668
862304026512676
862304026512684
862304026512692
862304026512700
862304026512718
862304026512726
862304026512734
862304026512742
862304026512759
862304026512767
862304026512775
862304026512783
862304026512791
862304026512809
862304026512817
862304026512825
862304026512833
862304026512841
862304026512858
862304026512866
862304026512874
862304026512882
862304026512890
862304026512908
862304026512916
862304026512924
862304026512932
862304026512940
862304026512957
862304026512965
862304026512973
862304026512981
862304026512999
862304026513005
862304026513013
862304026513021
862304026513039
862304026513047
862304026513054
862304026513062
862304026513070
862304026513088
862304026513096
862304026513104
862304026513112
862304026513120
862304026513138
862304026513146
862304026513153
862304026513161
862304026513179
862304026513187
862304026513195
862304026513203
862304026513211
862304026513229
862304026513237
862304026513245
862304026513252
862304026513260
862304026513278
862304026513286
862304026513294
862304026513302
862304026513310
862304026513328
862304026513336
862304026513344
862304026513351
862304026513369
862304026513377
862304026513385
862304026513393
862304026513401
862304026513419
862304026513427
862304026513435
862304026513443
862304026513450
862304026513468
862304026513476
862304026513484
862304026513492
862304026513500
862304026513518
862304026513526
862304026513534
862304026513542
862304026513559
862304026513567
862304026513575
862304026513583
862304026513591
862304026513609
862304026513617
862304026513625
862304026513633
862304026513641
862304026513658
862304026513666
862304026513674
862304026513682
862304026513690
862304026513708
862304026513716
862304026513724
862304026513732
862304026513740
862304026513757
862304026513765
862304026513773
862304026513781
862304026513799
862304026513807
862304026513815
862304026513823
862304026513831
862304026513849
862304026513856
862304026513864
862304026513872
862304026513880
862304026513898
862304026513906
862304026513914
862304026513922
862304026513930
862304026513948
862304026513955
862304026513963
862304026513971
862304026513989
862304026513997
862304026514003
862304026514011
862304026514029
862304026514037
862304026514045
862304026514052
862304026514060
862304026514078
862304026514086
862304026514094
862304026514102
862304026514110
862304026514128
862304026514136
862304026514144
862304026514151
862304026514169
862304026514177
862304026514185
862304026514193
862304026514201
862304026514219
862304026514227
862304026514235
862304026514243
862304026514250
862304026514268
862304026514276
862304026514284
862304026514292
862304026514300
862304026514318
862304026514326
862304026514334
862304026514342
862304026514359
862304026514367
862304026514375
862304026514383
862304026514391
862304026514409
862304026514417
862304026514425
862304026514433
862304026514441
862304026514458
862304026514466
862304026514474
862304026514482
862304026514490
862304026514508
862304026514516
862304026514524
862304026514532
862304026514540
862304026514557
862304026514565
862304026514573
862304026514581
862304026514599
862304026514607
862304026514615
862304026514623
862304026514631
862304026514649
862304026514656
862304026514664
862304026514672
862304026514680
862304026514698
862304026514706
862304026514714
862304026514722
862304026514730
862304026514748
862304026514755
862304026514763
862304026514771
862304026514789
862304026514797
862304026514805
862304026514813
862304026514821
862304026514839
862304026514847
862304026514854
862304026514862
862304026514870
862304026514888
862304026514896
862304026514904
862304026514912
862304026514920
862304026514938
862304026514946
862304026514953
862304026514961
862304026514979
862304026514987
862304026514995
862304026515000
862304026515018
862304026515026
862304026515034
862304026515042
862304026515059
862304026515067
862304026515075
862304026515083
862304026515091
862304026515109
862304026515117
862304026515125
862304026515133
862304026515141
862304026515158
862304026515166
862304026515174
862304026515182
862304026515190
862304026515208
862304026515216
862304026515224
862304026515232
862304026515240
862304026515257
862304026515265
862304026515273
862304026515281
862304026515299
862304026515307
862304026515315
862304026515323
862304026515331
862304026515349
862304026515356
862304026515364
862304026515372
862304026515380
862304026515398
862304026515406
862304026515414
862304026515422
862304026515430
862304026515448
862304026515455
862304026515463
862304026515471
862304026515489
862304026515497
862304026515505
862304026515513
862304026515521
862304026515539
862304026515547
862304026515554
862304026515562
862304026515570
862304026515588
862304026515596
862304026515604
862304026515612
862304026515620
862304026515638
862304026515646
862304026515653
862304026515661
862304026515679
862304026515687
862304026515695
862304026515703
862304026515711
862304026515729
862304026515737
862304026515745
862304026515752
862304026515760
862304026515778
862304026515786
862304026515794
862304026515802
862304026515810
862304026515828
862304026515836
862304026515844
862304026515851
862304026515869
862304026515877
862304026515885
862304026515893
862304026515901
862304026515919
862304026515927
862304026515935
862304026515943
862304026515950
862304026515968
862304026515976
862304026515984
862304026515992
862304026516008
862304026516016
862304026516024
862304026516032
862304026516040
862304026516057
862304026516065
862304026516073
862304026516081
862304026516099
862304026516107
862304026516115
862304026516123
862304026516131
862304026516149
862304026516156
862304026516164
862304026516172
862304026516180
862304026516198
862304026516206
862304026516214
862304026516222
862304026516230
862304026516248
862304026516255
862304026516263
862304026516271
862304026516289
862304026516297
862304026516305
862304026516313
862304026516321
862304026516339
862304026516347
862304026516354
862304026516362
862304026516370
862304026516388
862304026516396
862304026516404
862304026516412
862304026516420
862304026516438
862304026516446
862304026516453
862304026516461
862304026516479
862304026516487
862304026516495
862304026516503
862304026516511
862304026516529
862304026516537
862304026516545
862304026516552
862304026516560
862304026516578
862304026516586
862304026516594
862304026516602
862304026516610
862304026516628
862304026516636
862304026516644
862304026516651
862304026516669
862304026516677
862304026516685
862304026516693
862304026516701
862304026516719
862304026516727
862304026516735
862304026516743
862304026516750
862304026516768
862304026516776
862304026516784
862304026516792
862304026516800
862304026516818
862304026516826
862304026516834
862304026516842
862304026516859
862304026516867
862304026516875
862304026516883
862304026516891
862304026516909
862304026516917
862304026516925
862304026516933
862304026516941
862304026516958
862304026516966
862304026516974
862304026516982
862304026516990
862304026517006
862304026517014
862304026517022
862304026517030
862304026517048
862304026517055
862304026517063
862304026517071
862304026517089
862304026517097
862304026517105
862304026517113
862304026517121
862304026517139
862304026517147
862304026517154
862304026517162
862304026517170
862304026517188
862304026517196
862304026517204
862304026517212
862304026517220
862304026517238
862304026517246
862304026517253
862304026517261
862304026517279
862304026517287
862304026517295
862304026517303
862304026517311
862304026517329
862304026517337
862304026517345
862304026517352
862304026517360
862304026517378
862304026517386
862304026517394
862304026517402
862304026517410
862304026517428
862304026517436
862304026517444
862304026517451
862304026517469
862304026517477
862304026517485
862304026517493
862304026517501
862304026517519
862304026517527
862304026517535
862304026517543
862304026517550
862304026517568
862304026517576
862304026517584
862304026517592
862304026517600
862304026517618
862304026517626
862304026517634
862304026517642
862304026517659
862304026517667
862304026517675
862304026517683
862304026517691
862304026517709
862304026517717
862304026517725
862304026517733
862304026517741
862304026517758
862304026517766
862304026517774
862304026517782
862304026517790
862304026517808
862304026517816
862304026517824
862304026517832
862304026517840
862304026517857
862304026517865
862304026517873
862304026517881
862304026517899
862304026517907
862304026517915
862304026517923
862304026517931
862304026517949
862304026517956
862304026517964
862304026517972
862304026517980
862304026517998
862304026518004
862304026518012
862304026518020
862304026518038
862304026518046
862304026518053
862304026518061
862304026518079
862304026518087
862304026518095
862304026518103
862304026518111
862304026518129
862304026518137
862304026518145
862304026518152
862304026518160
862304026518178
862304026518186
862304026518194
862304026518202
862304026518210
862304026518228
862304026518236
862304026518244
862304026518251
862304026518269
862304026518277
862304026518285
862304026518293
862304026518301
862304026518319
862304026518327
862304026518335
862304026518343
862304026518350
862304026518368
862304026518376
862304026518384
862304026518392
862304026518400
862304026518418
862304026518426
862304026518434
862304026518442
862304026518459
862304026518467
862304026518475
862304026518483
862304026518491
862304026518509
862304026518517
862304026518525
862304026518533
862304026518541
862304026518558
862304026518566
862304026518574
862304026518582
862304026518590
862304026518608
862304026518616
862304026518624
862304026518632
862304026518640
862304026518657
862304026518665
862304026518673
862304026518681
862304026518699
862304026518707
862304026518715
862304026518723
862304026518731
862304026518749
862304026518756
862304026518764
862304026518772
862304026518780
862304026518798
862304026518806
862304026518814
862304026518822
862304026518830
862304026518848
862304026518855
862304026518863
862304026518871
862304026518889
862304026518897
862304026518905
862304026518913
862304026518921
862304026518939
862304026518947
862304026518954
862304026518962
862304026518970
862304026518988
862304026518996
862304026519002
862304026519010
862304026519028
862304026519036
862304026519044
862304026519051
862304026519069
862304026519077
862304026519085
862304026519093
862304026519101
862304026519119
862304026519127
862304026519135
862304026519143
862304026519150
862304026519168
862304026519176
862304026519184
862304026519192
862304026519200
862304026519218
862304026519226
862304026519234
862304026519242
862304026519259
862304026519267
862304026519275
862304026519283
862304026519291
862304026519309
862304026519317
862304026519325
862304026519333
862304026519341
862304026519358
862304026519366
862304026519374
862304026519382
862304026519390
862304026519408
862304026519416
862304026519424
862304026519432
862304026519440
862304026519457
862304026519465
862304026519473
862304026519481
862304026519499
862304026519507
862304026519515
862304026519523
862304026519531
862304026519549
862304026519556
862304026519564
862304026519572
862304026519580
862304026519598
862304026519606
862304026519614
862304026519622
862304026519630
862304026519648
862304026519655
862304026519663
862304026519671
862304026519689
862304026519697
862304026519705
862304026519713
862304026519721
862304026519739
862304026519747
862304026519754
862304026519762
862304026519770
862304026519788
862304026519796
862304026519804
862304026519812
862304026519820
862304026519838
862304026519846
862304026519853
862304026519861
862304026519879
862304026519887
862304026519895
862304026519903
862304026519911
862304026519929
862304026519937
862304026519945
862304026519952
862304026519960
862304026519978
862304026519986
862304026519994
862304026520000
862304026520018
862304026520026
862304026520034
862304026520042
862304026520059
862304026520067
862304026520075
862304026520083
862304026520091
862304026520109
862304026520117
862304026520125
862304026520133
862304026520141
862304026520158
862304026520166
862304026520174
862304026520182
862304026520190
862304026520208
862304026520216
862304026520224
862304026520232
862304026520240
862304026520257
862304026520265
862304026520273
862304026520281
862304026520299
862304026520307
862304026520315
862304026520323
862304026520331
862304026520349
862304026520356
862304026520364
862304026520372
862304026520380
862304026520398
862304026520406
862304026520414
862304026520422
862304026520430
862304026520448
862304026520455
862304026520463
862304026520471
862304026520489
862304026520497
862304026520505
862304026520513
862304026520521
862304026520539
862304026520547
862304026520554
862304026520562
862304026520570
862304026520588
862304026520596
862304026520604
862304026520612
862304026520620
862304026520638
862304026520646
862304026520653
862304026520661
862304026520679
862304026520687
862304026520695
862304026520703
862304026520711
862304026520729
862304026520737
862304026520745
862304026520752
862304026520760
862304026520778
862304026520786
862304026520794
862304026520802
862304026520810
862304026520828
862304026520836
862304026520844
862304026520851
862304026520869
862304026520877
862304026520885
862304026520893
862304026520901
862304026520919
862304026520927
862304026520935
862304026520943
862304026520950
862304026520968
862304026520976
862304026520984
862304026520992
862304026521008
862304026521016
862304026521024
862304026521032
862304026521040
862304026521057
862304026521065
862304026521073
862304026521081
862304026521099
862304026521107
862304026521115
862304026521123
862304026521131
862304026521149
862304026521156
862304026521164
862304026521172
862304026521180
862304026521198
862304026521206
862304026521214
862304026521222
862304026521230
862304026521248
862304026521255
862304026521263
862304026521271
862304026521289
862304026521297
862304026521305
862304026521313
862304026521321
862304026521339
862304026521347
862304026521354
862304026521362
862304026521370
862304026521388
862304026521396
862304026521404
862304026521412
862304026521420
862304026521438
862304026521446
862304026521453
862304026521461
862304026521479
862304026521487
862304026521495
862304026521503
862304026521511
862304026521529
862304026521537
862304026521545
862304026521552
862304026521560
862304026521578
862304026521586
862304026521594
862304026521602
862304026521610
862304026521628
862304026521636
862304026521644
862304026521651
862304026521669
862304026521677
862304026521685
862304026521693
862304026521701
862304026521719
862304026521727
862304026521735
862304026521743
862304026521750
862304026521768
862304026521776
862304026521784
862304026521792
862304026521800
862304026521818
862304026521826
862304026521834
862304026521842
862304026521859
862304026521867
862304026521875
862304026521883
862304026521891
862304026521909
862304026521917
862304026521925
862304026521933
862304026521941
862304026521958
862304026521966
862304026521974
862304026521982
862304026521990
862304026522006
862304026522014
862304026522022
862304026522030
862304026522048
862304026522055
862304026522063
862304026522071
862304026522089
862304026522097
862304026522105
862304026522113
862304026522121
862304026522139
862304026522147
862304026522154
862304026522162
862304026522170
862304026522188
862304026522196
862304026522204
862304026522212
862304026522220
862304026522238
862304026522246
862304026522253
862304026522261
862304026522279
862304026522287
862304026522295
862304026522303
862304026522311
862304026522329
862304026522337
862304026522345
862304026522352
862304026522360
862304026522378
862304026522386
862304026522394
862304026522402
862304026522410
862304026522428
862304026522436
862304026522444
862304026522451
862304026522469
862304026522477
862304026522485
862304026522493
862304026522501
862304026522519
862304026522527
862304026522535
862304026522543
862304026522550
862304026522568
862304026522576
862304026522584
862304026522592
862304026522600
862304026522618
862304026522626
862304026522634
862304026522642
862304026522659
862304026522667
862304026522675
862304026522683
862304026522691
862304026522709
862304026522717
862304026522725
862304026522733
862304026522741
862304026522758
862304026522766
862304026522774
862304026522782
862304026522790
862304026522808
862304026522816
862304026522824
862304026522832
862304026522840
862304026522857
862304026522865
862304026522873
862304026522881
862304026522899
862304026522907
862304026522915
862304026522923
862304026522931
862304026522949
862304026522956
862304026522964
862304026522972
862304026522980
862304026522998
862304026523004
862304026523012
862304026523020
862304026523038
862304026523046
862304026523053
862304026523061
862304026523079
862304026523087
862304026523095
862304026523103
862304026523111
862304026523129
862304026523137
862304026523145
862304026523152
862304026523160
862304026523178
862304026523186
862304026523194
862304026523202
862304026523210
862304026523228
862304026523236
862304026523244
862304026523251
862304026523269
862304026523277
862304026523285
862304026523293
862304026523301
862304026523319
862304026523327
862304026523335
862304026523343
862304026523350
862304026523368
862304026523376
862304026523384
862304026523392
862304026523400
862304026523418
862304026523426
862304026523434
862304026523442
862304026523459
862304026523467
862304026523475
862304026523483
862304026523491
862304026523509
862304026523517
862304026523525
862304026523533
862304026523541
862304026523558
862304026523566
862304026523574
862304026523582
862304026523590
862304026523608
862304026523616
862304026523624
862304026523632
862304026523640
862304026523657
862304026523665
862304026523673
862304026523681
862304026523699
862304026523707
862304026523715
862304026523723
862304026523731
862304026523749
862304026523756
862304026523764
862304026523772
862304026523780
862304026523798
862304026523806
862304026523814
862304026523822
862304026523830
862304026523848
862304026523855
862304026523863
862304026523871
862304026523889
862304026523897
862304026523905
862304026523913
862304026523921
862304026523939
862304026523947
862304026523954
862304026523962
862304026523970
862304026523988
862304026523996
862304026524002
862304026524010
862304026524028
862304026524036
862304026524044
862304026524051
862304026524069
862304026524077
862304026524085
862304026524093
862304026524101
862304026524119
862304026524127
862304026524135
862304026524143
862304026524150
862304026524168
862304026524176
862304026524184
862304026524192
862304026524200
862304026524218
862304026524226
862304026524234
862304026524242
862304026524259
862304026524267
862304026524275
862304026524283
862304026524291
862304026524309
862304026524317
862304026524325
862304026524333
862304026524341
862304026524358
862304026524366
862304026524374
862304026524382
862304026524390
862304026524408
862304026524416
862304026524424
862304026524432
862304026524440
862304026524457
862304026524465
862304026524473
862304026524481
862304026524499
862304026524507
862304026524515
862304026524523
862304026524531
862304026524549
862304026524556
862304026524564
862304026524572
862304026524580
862304026524598
862304026524606
862304026524614
862304026524622
862304026524630
862304026524648
862304026524655
862304026524663
862304026524671
862304026524689
862304026524697
862304026524705
862304026524713
862304026524721
862304026524739
862304026524747
862304026524754
862304026524762
862304026524770
862304026524788
862304026524796
862304026524804
862304026524812
862304026524820
862304026524838
862304026524846
862304026524853
862304026524861
862304026524879
862304026524887
862304026524895
862304026524903
862304026524911
862304026524929
862304026524937
862304026524945
862304026524952
862304026524960
862304026524978
862304026524986
862304026524994
862304026525009
862304026525017
862304026525025
862304026525033
862304026525041
862304026525058
862304026525066
862304026525074
862304026525082
862304026525090
862304026525108
862304026525116
862304026525124
862304026525132
862304026525140
862304026525157
862304026525165
862304026525173
862304026525181
862304026525199
862304026525207
862304026525215
862304026525223
862304026525231
862304026525249
862304026525256
862304026525264
862304026525272
862304026525280
862304026525298
862304026525306
862304026525314
862304026525322
862304026525330
862304026525348
862304026525355
862304026525363
862304026525371
862304026525389
862304026525397
862304026525405
862304026525413
862304026525421
862304026525439
862304026525447
862304026525454
862304026525462
862304026525470
862304026525488
862304026525496
862304026525504
862304026525512
862304026525520
862304026525538
862304026525546
862304026525553
862304026525561
862304026525579
862304026525587
862304026525595
862304026525603
862304026525611
862304026525629
862304026525637
862304026525645
862304026525652
862304026525660
862304026525678
862304026525686
862304026525694
862304026525702
862304026525710
862304026525728
862304026525736
862304026525744
862304026525751
862304026525769
862304026525777
862304026525785
862304026525793
862304026525801
862304026525819
862304026525827
862304026525835
862304026525843
862304026525850
862304026525868
862304026525876
862304026525884
862304026525892
862304026525900
862304026525918
862304026525926
862304026525934
862304026525942
862304026525959
862304026525967
862304026525975
862304026525983
862304026525991
862304026526007
862304026526015
862304026526023
862304026526031
862304026526049
862304026526056
862304026526064
862304026526072
862304026526080
862304026526098
862304026526106
862304026526114
862304026526122
862304026526130
862304026526148
862304026526155
862304026526163
862304026526171
862304026526189
862304026526197
862304026526205
862304026526213
862304026526221
862304026526239
862304026526247
862304026526254
862304026526262
862304026526270
862304026526288
862304026526296
862304026526304
862304026526312
862304026526320
862304026526338
862304026526346
862304026526353
862304026526361
862304026526379
862304026526387
862304026526395
862304026526403
862304026526411
862304026526429
862304026526437
862304026526445
862304026526452
862304026526460
862304026526478
862304026526486
862304026526494
862304026526502
862304026526510
862304026526528
862304026526536
862304026526544
862304026526551
862304026526569
862304026526577
862304026526585
862304026526593
862304026526601
862304026526619
862304026526627
862304026526635
862304026526643
862304026526650
862304026526668
862304026526676
862304026526684
862304026526692
862304026526700
862304026526718
862304026526726
862304026526734
862304026526742
862304026526759
862304026526767
862304026526775
862304026526783
862304026526791
862304026526809
862304026526817
862304026526825
862304026526833
862304026526841
862304026526858
862304026526866
862304026526874
862304026526882
862304026526890
862304026526908
862304026526916
862304026526924
862304026526932
862304026526940
862304026526957
862304026526965
862304026526973
862304026526981
862304026526999
862304026527005
862304026527013
862304026527021
862304026527039
862304026527047
862304026527054
862304026527062
862304026527070
862304026527088
862304026527096
862304026527104
862304026527112
862304026527120
862304026527138
862304026527146
862304026527153
862304026527161
862304026527179
862304026527187
862304026527195
862304026527203
862304026527211
862304026527229
862304026527237
862304026527245
862304026527252
862304026527260
862304026527278
862304026527286
862304026527294
862304026527302
862304026527310
862304026527328
862304026527336
862304026527344
862304026527351
862304026527369
862304026527377
862304026527385
862304026527393
862304026527401
862304026527419
862304026527427
862304026527435
862304026527443
862304026527450
862304026527468
862304026527476
862304026527484
862304026527492
862304026527500
862304026527518
862304026527526
862304026527534
862304026527542
862304026527559
862304026527567
862304026527575
862304026527583
862304026527591
862304026527609
862304026527617
862304026527625
862304026527633
862304026527641
862304026527658
862304026527666
862304026527674
862304026527682
862304026527690
862304026527708
862304026527716
862304026527724
862304026527732
862304026527740
862304026527757
862304026527765
862304026527773
862304026527781
862304026527799
862304026527807
862304026527815
862304026527823
862304026527831
862304026527849
862304026527856
862304026527864
862304026527872
862304026527880
862304026527898
862304026527906
862304026527914
862304026527922
862304026527930
862304026527948
862304026527955
862304026527963
862304026527971
862304026527989
862304026527997
862304026528003
862304026528011
862304026528029
862304026528037
862304026528045
862304026528052
862304026528060
862304026528078
862304026528086
862304026528094
862304026528102
862304026528110
862304026528128
862304026528136
862304026528144
862304026528151
862304026528169
862304026528177
862304026528185
862304026528193
862304026528201
862304026528219
862304026528227
862304026528235
862304026528243
862304026528250
862304026528268
862304026528276
862304026528284
862304026528292
862304026528300
862304026528318
862304026528326
862304026528334
862304026528342
862304026528359
862304026528367
862304026528375
862304026528383
862304026528391
862304026528409
862304026528417
862304026528425
862304026528433
862304026528441
862304026528458
862304026528466
862304026528474
862304026528482
862304026528490
862304026528508
862304026528516
862304026528524
862304026528532
862304026528540
862304026528557
862304026528565
862304026528573
862304026528581
862304026528599
862304026528607
862304026528615
862304026528623
862304026528631
862304026528649
862304026528656
862304026528664
862304026528672
862304026528680
862304026528698
862304026528706
862304026528714
862304026528722
862304026528730
862304026528748
862304026528755
862304026528763
862304026528771
862304026528789
862304026528797
862304026528805
862304026528813
862304026528821
862304026528839
862304026528847
862304026528854
862304026528862
862304026528870
862304026528888
862304026528896
862304026528904
862304026528912
862304026528920
862304026528938
862304026528946
862304026528953
862304026528961
862304026528979
862304026528987
862304026528995
862304026529001
862304026529019
862304026529027
862304026529035
862304026529043
862304026529050
862304026529068
862304026529076
862304026529084
862304026529092
862304026529100
862304026529118
862304026529126
862304026529134
862304026529142
862304026529159
862304026529167
862304026529175
862304026529183
862304026529191
862304026529209
862304026529217
862304026529225
862304026529233
862304026529241
862304026529258
862304026529266
862304026529274
862304026529282
862304026529290
862304026529308
862304026529316
862304026529324
862304026529332
862304026529340
862304026529357
862304026529365
862304026529373
862304026529381
862304026529399
862304026529407
862304026529415
862304026529423
862304026529431
862304026529449
862304026529456
862304026529464
862304026529472
862304026529480
862304026529498
862304026529506
862304026529514
862304026529522
862304026529530
862304026529548
862304026529555
862304026529563
862304026529571
862304026529589
862304026529597
862304026529605
862304026529613
862304026529621
862304026529639
862304026529647
862304026529654
862304026529662
862304026529670
862304026529688
862304026529696
862304026529704
862304026529712
862304026529720
862304026529738
862304026529746
862304026529753
862304026529761
862304026529779
862304026529787
862304026529795
862304026529803
862304026529811
862304026529829
862304026529837
862304026529845
862304026529852
862304026529860
862304026529878
862304026529886
862304026529894
862304026529902
862304026529910
862304026529928
862304026529936
862304026529944
862304026529951
862304026529969
862304026529977
862304026529985
862304026529993
862304026530009
862304026530017
862304026530025
862304026530033
862304026530041
862304026530058
862304026530066
862304026530074
862304026530082
862304026530090
862304026530108
862304026530116
862304026530124
862304026530132
862304026530140
862304026530157
862304026530165
862304026530173
862304026530181
862304026530199
862304026530207
862304026530215
862304026530223
862304026530231
862304026530249
862304026530256
862304026530264
862304026530272
862304026530280
862304026530298
862304026530306
862304026530314
862304026530322
862304026530330
862304026530348
862304026530355
862304026530363
862304026530371
862304026530389
862304026530397
862304026530405
862304026530413
862304026530421
862304026530439
862304026530447
862304026530454
862304026530462
862304026530470
862304026530488
862304026530496
862304026530504
862304026530512
862304026530520
862304026530538
862304026530546
862304026530553
862304026530561
862304026530579
862304026530587
862304026530595
862304026530603
862304026530611
862304026530629
862304026530637
862304026530645
862304026530652
862304026530660
862304026530678
862304026530686
862304026530694
862304026530702
862304026530710
862304026530728
862304026530736
862304026530744
862304026530751
862304026530769
862304026530777
862304026530785
862304026530793
862304026530801
862304026530819
862304026530827
862304026530835
862304026530843
862304026530850
862304026530868
862304026530876
862304026530884
862304026530892
862304026530900
862304026530918
862304026530926
862304026530934
862304026530942
862304026530959
862304026530967
862304026530975
862304026530983
862304026530991
862304026531007
862304026531015
862304026531023
862304026531031
862304026531049
862304026531056
862304026531064
862304026531072
862304026531080
862304026531098
862304026531106
862304026531114
862304026531122
862304026531130
862304026531148
862304026531155
862304026531163
862304026531171
862304026531189
862304026531197
862304026531205
862304026531213
862304026531221
862304026531239
862304026531247
862304026531254
862304026531262
862304026531270
862304026531288
862304026531296
862304026531304
862304026531312
862304026531320
862304026531338
862304026531346
862304026531353
862304026531361
862304026531379
862304026531387
862304026531395
862304026531403
862304026531411
862304026531429
862304026531437
862304026531445
862304026531452
862304026531460
862304026531478
862304026531486
862304026531494
862304026531502
862304026531510
862304026531528
862304026531536
862304026531544
862304026531551
862304026531569
862304026531577
862304026531585
862304026531593
862304026531601
862304026531619
862304026531627
862304026531635
862304026531643
862304026531650
862304026531668
862304026531676
862304026531684
862304026531692
862304026531700
862304026531718
862304026531726
862304026531734
862304026531742
862304026531759
862304026531767
862304026531775
862304026531783
862304026531791
862304026531809
862304026531817
862304026531825
862304026531833
862304026531841
862304026531858
862304026531866
862304026531874
862304026531882
862304026531890
862304026531908
862304026531916
862304026531924
862304026531932
862304026531940
862304026531957
862304026531965
862304026531973
862304026531981
862304026531999
862304026532005
862304026532013
862304026532021
862304026532039
862304026532047
862304026532054
862304026532062
862304026532070
862304026532088
862304026532096
862304026532104
862304026532112
862304026532120
862304026532138
862304026532146
862304026532153
862304026532161
862304026532179
862304026532187
862304026532195
862304026532203
862304026532211
862304026532229
862304026532237
862304026532245
862304026532252
862304026532260
862304026532278
862304026532286
862304026532294
862304026532302
862304026532310
862304026532328
862304026532336
862304026532344
862304026532351
862304026532369
862304026532377
862304026532385
862304026532393
862304026532401
862304026532419
862304026532427
862304026532435
862304026532443
862304026532450
862304026532468
862304026532476
862304026532484
862304026532492
862304026532500
862304026532518
862304026532526
862304026532534
862304026532542
862304026532559
862304026532567
862304026532575
862304026532583
862304026532591
862304026532609
862304026532617
862304026532625
862304026532633
862304026532641
862304026532658
862304026532666
862304026532674
862304026532682
862304026532690
862304026532708
862304026532716
862304026532724
862304026532732
862304026532740
862304026532757
862304026532765
862304026532773
862304026532781
862304026532799
862304026532807
862304026532815
862304026532823
862304026532831
862304026532849
862304026532856
862304026532864
862304026532872
862304026532880
862304026532898
862304026532906
862304026532914
862304026532922
862304026532930
862304026532948
862304026532955
862304026532963
862304026532971
862304026532989
862304026532997
862304026533003
862304026533011
862304026533029
862304026533037
862304026533045
862304026533052
862304026533060
862304026533078
862304026533086
862304026533094
862304026533102
862304026533110
862304026533128
862304026533136
862304026533144
862304026533151
862304026533169
862304026533177
862304026533185
862304026533193
862304026533201
862304026533219
862304026533227
862304026533235
862304026533243
862304026533250
862304026533268
862304026533276
862304026533284
862304026533292
862304026533300
862304026533318
862304026533326
862304026533334
862304026533342
862304026533359
862304026533367
862304026533375
862304026533383
862304026533391
862304026533409
862304026533417
862304026533425
862304026533433
862304026533441
862304026533458
862304026533466
862304026533474
862304026533482
862304026533490
862304026533508
862304026533516
862304026533524
862304026533532
862304026533540
862304026533557
862304026533565
862304026533573
862304026533581
862304026533599
862304026533607
862304026533615
862304026533623
862304026533631
862304026533649
862304026533656
862304026533664
862304026533672
862304026533680
862304026533698
862304026533706
862304026533714
862304026533722
862304026533730
862304026533748
862304026533755
862304026533763
862304026533771
862304026533789
862304026533797
862304026533805
862304026533813
862304026533821
862304026533839
862304026533847
862304026533854
862304026533862
862304026533870
862304026533888
862304026533896
862304026533904
862304026533912
862304026533920
862304026533938
862304026533946
862304026533953
862304026533961
862304026533979
862304026533987
862304026533995
862304026534001
862304026534019
862304026534027
862304026534035
862304026534043
862304026534050
862304026534068
862304026534076
862304026534084
862304026534092
862304026534100
862304026534118
862304026534126
862304026534134
862304026534142
862304026534159
862304026534167
862304026534175
862304026534183
862304026534191
862304026534209
862304026534217
862304026534225
862304026534233
862304026534241
862304026534258
862304026534266
862304026534274
862304026534282
862304026534290
862304026534308
862304026534316
862304026534324
862304026534332
862304026534340
862304026534357
862304026534365
862304026534373
862304026534381
862304026534399
862304026534407
862304026534415
862304026534423
862304026534431
862304026534449
862304026534456
862304026534464
862304026534472
862304026534480
862304026534498
862304026534506
862304026534514
862304026534522
862304026534530
862304026534548
862304026534555
862304026534563
862304026534571
862304026534589
862304026534597
862304026534605
862304026534613
862304026534621
862304026534639
862304026534647
862304026534654
862304026534662
862304026534670
862304026534688
862304026534696
862304026534704
862304026534712
862304026534720
862304026534738
862304026534746
862304026534753
862304026534761
862304026534779
862304026534787
862304026534795
862304026534803
862304026534811
862304026534829
862304026534837
862304026534845
862304026534852
862304026534860
862304026534878
862304026534886
862304026534894
862304026534902
862304026534910
862304026534928
862304026534936
862304026534944
862304026534951
862304026534969
862304026534977
862304026534985
862304026534993
862304026535008
862304026535016
862304026535024
862304026535032
862304026535040
862304026535057
862304026535065
862304026535073
862304026535081
862304026535099
862304026535107
862304026535115
862304026535123
862304026535131
862304026535149
862304026535156
862304026535164
862304026535172
862304026535180
862304026535198
862304026535206
862304026535214
862304026535222
862304026535230
862304026535248
862304026535255
862304026535263
862304026535271
862304026535289
862304026535297
862304026535305
862304026535313
862304026535321
862304026535339
862304026535347
862304026535354
862304026535362
862304026535370
862304026535388
862304026535396
862304026535404
862304026535412
862304026535420
862304026535438
862304026535446
862304026535453
862304026535461
862304026535479
862304026535487
862304026535495
862304026535503
862304026535511
862304026535529
862304026535537
862304026535545
862304026535552
862304026535560
862304026535578
862304026535586
862304026535594
862304026535602
862304026535610
862304026535628
862304026535636
862304026535644
862304026535651
862304026535669
862304026535677
862304026535685
862304026535693
862304026535701
862304026535719
862304026535727
862304026535735
862304026535743
862304026535750
862304026535768
862304026535776
862304026535784
862304026535792
862304026535800
862304026535818
862304026535826
862304026535834
862304026535842
862304026535859
862304026535867
862304026535875
862304026535883
862304026535891
862304026535909
862304026535917
862304026535925
862304026535933
862304026535941
862304026535958
862304026535966
862304026535974
862304026535982
862304026535990
862304026536006
862304026536014
862304026536022
862304026536030
862304026536048
862304026536055
862304026536063
862304026536071
862304026536089
862304026536097
862304026536105
862304026536113
862304026536121
862304026536139
862304026536147
862304026536154
862304026536162
862304026536170
862304026536188
862304026536196
862304026536204
862304026536212
862304026536220
862304026536238
862304026536246
862304026536253
862304026536261
862304026536279
862304026536287
862304026536295
862304026536303
862304026536311
862304026536329
862304026536337
862304026536345
862304026536352
862304026536360
862304026536378
862304026536386
862304026536394
862304026536402
862304026536410
862304026536428
862304026536436
862304026536444
862304026536451
862304026536469
862304026536477
862304026536485
862304026536493
862304026536501
862304026536519
862304026536527
862304026536535
862304026536543
862304026536550
862304026536568
862304026536576
862304026536584
862304026536592
862304026536600
862304026536618
862304026536626
862304026536634
862304026536642
862304026536659
862304026536667
862304026536675
862304026536683
862304026536691
862304026536709
862304026536717
862304026536725
862304026536733
862304026536741
862304026536758
862304026536766
862304026536774
862304026536782
862304026536790
862304026536808
862304026536816
862304026536824
862304026536832
862304026536840
862304026536857
862304026536865
862304026536873
862304026536881
862304026536899
862304026536907
862304026536915
862304026536923
862304026536931
862304026536949
862304026536956
862304026536964
862304026536972
862304026536980
862304026536998
862304026537004
862304026537012
862304026537020
862304026537038
862304026537046
862304026537053
862304026537061
862304026537079
862304026537087
862304026537095
862304026537103
862304026537111
862304026537129
862304026537137
862304026537145
862304026537152
862304026537160
862304026537178
862304026537186
862304026537194
862304026537202
862304026537210
862304026537228
862304026537236
862304026537244
862304026537251
862304026537269
862304026537277
862304026537285
862304026537293
862304026537301
862304026537319
862304026537327
862304026537335
862304026537343
862304026537350
862304026537368
862304026537376
862304026537384
862304026537392
862304026537400
862304026537418
862304026537426
862304026537434
862304026537442
862304026537459
862304026537467
862304026537475
862304026537483
862304026537491
862304026537509
862304026537517
862304026537525
862304026537533
862304026537541
862304026537558
862304026537566
862304026537574
862304026537582
862304026537590
862304026537608
862304026537616
862304026537624
862304026537632
862304026537640
862304026537657
862304026537665
862304026537673
862304026537681
862304026537699
862304026537707
862304026537715
862304026537723
862304026537731
862304026537749
862304026537756
862304026537764
862304026537772
862304026537780
862304026537798
862304026537806
862304026537814
862304026537822
862304026537830
862304026537848
862304026537855
862304026537863
862304026537871
862304026537889
862304026537897
862304026537905
862304026537913
862304026537921
862304026537939
862304026537947
862304026537954
862304026537962
862304026537970
862304026537988
862304026537996
862304026538002
862304026538010
862304026538028
862304026538036
862304026538044
862304026538051
862304026538069
862304026538077
862304026538085
862304026538093
862304026538101
862304026538119
862304026538127
862304026538135
862304026538143
862304026538150
862304026538168
862304026538176
862304026538184
862304026538192
862304026538200
862304026538218
862304026538226
862304026538234
862304026538242
862304026538259
862304026538267
862304026538275
862304026538283
862304026538291
862304026538309
862304026538317
862304026538325
862304026538333
862304026538341
862304026538358
862304026538366
862304026538374
862304026538382
862304026538390
862304026538408
862304026538416
862304026538424
862304026538432
862304026538440
862304026538457
862304026538465
862304026538473
862304026538481
862304026538499
862304026538507
862304026538515
862304026538523
862304026538531
862304026538549
862304026538556
862304026538564
862304026538572
862304026538580
862304026538598
862304026538606
862304026538614
862304026538622
862304026538630
862304026538648
862304026538655
862304026538663
862304026538671
862304026538689
862304026538697
862304026538705
862304026538713
862304026538721
862304026538739
862304026538747
862304026538754
862304026538762
862304026538770
862304026538788
862304026538796
862304026538804
862304026538812
862304026538820
862304026538838
862304026538846
862304026538853
862304026538861
862304026538879
862304026538887
862304026538895
862304026538903
862304026538911
862304026538929
862304026538937
862304026538945
862304026538952
862304026538960
862304026538978
862304026538986
862304026538994
862304026539000
862304026539018
862304026539026
862304026539034
862304026539042
862304026539059
862304026539067
862304026539075
862304026539083
862304026539091
862304026539109
862304026539117
862304026539125
862304026539133
862304026539141
862304026539158
862304026539166
862304026539174
862304026539182
862304026539190
862304026539208
862304026539216
862304026539224
862304026539232
862304026539240
862304026539257
862304026539265
862304026539273
862304026539281
862304026539299
862304026539307
862304026539315
862304026539323
862304026539331
862304026539349
862304026539356
862304026539364
862304026539372
862304026539380
862304026539398
862304026539406
862304026539414
862304026539422
862304026539430
862304026539448
862304026539455
862304026539463
862304026539471
862304026539489
862304026539497
862304026539505
862304026539513
862304026539521
862304026539539
862304026539547
862304026539554
862304026539562
862304026539570
862304026539588
862304026539596
862304026539604
862304026539612
862304026539620
862304026539638
862304026539646
862304026539653
862304026539661
862304026539679
862304026539687
862304026539695
862304026539703
862304026539711
862304026539729
862304026539737
862304026539745
862304026539752
862304026539760
862304026539778
862304026539786
862304026539794
862304026539802
862304026539810
862304026539828
862304026539836
862304026539844
862304026539851
862304026539869
862304026539877
862304026539885
862304026539893
862304026539901
862304026539919
862304026539927
862304026539935
862304026539943
862304026539950
862304026539968
862304026539976
862304026539984
862304026539992
862304026540008
862304026540016
862304026540024
862304026540032
862304026540040
862304026540057
862304026540065
862304026540073
862304026540081
862304026540099
862304026540107
862304026540115
862304026540123
862304026540131
862304026540149
862304026540156
862304026540164
862304026540172
862304026540180
862304026540198
862304026540206
862304026540214
862304026540222
862304026540230
862304026540248
862304026540255
862304026540263
862304026540271
862304026540289
862304026540297
862304026540305
862304026540313
862304026540321
862304026540339
862304026540347
862304026540354
862304026540362
862304026540370
862304026540388
862304026540396
862304026540404
862304026540412
862304026540420
862304026540438
862304026540446
862304026540453
862304026540461
862304026540479
862304026540487
862304026540495
862304026540503
862304026540511
862304026540529
862304026540537
862304026540545
862304026540552
862304026540560
862304026540578
862304026540586
862304026540594
862304026540602
862304026540610
862304026540628
862304026540636
862304026540644
862304026540651
862304026540669
862304026540677
862304026540685
862304026540693
862304026540701
862304026540719
862304026540727
862304026540735
862304026540743
862304026540750
862304026540768
862304026540776
862304026540784
862304026540792
862304026540800
862304026540818
862304026540826
862304026540834
862304026540842
862304026540859
862304026540867
862304026540875
862304026540883
862304026540891
862304026540909
862304026540917
862304026540925
862304026540933
862304026540941
862304026540958
862304026540966
862304026540974
862304026540982
862304026540990
862304026541006
862304026541014
862304026541022
862304026541030
862304026541048
862304026541055
862304026541063
862304026541071
862304026541089
862304026541097
862304026541105
862304026541113
862304026541121
862304026541139
862304026541147
862304026541154
862304026541162
862304026541170
862304026541188
862304026541196
862304026541204
862304026541212
862304026541220
862304026541238
862304026541246
862304026541253
862304026541261
862304026541279
862304026541287
862304026541295
862304026541303
862304026541311
862304026541329
862304026541337
862304026541345
862304026541352
862304026541360
862304026541378
862304026541386
862304026541394
862304026541402
862304026541410
862304026541428
862304026541436
862304026541444
862304026541451
862304026541469
862304026541477
862304026541485
862304026541493
862304026541501
862304026541519
862304026541527
862304026541535
862304026541543
862304026541550
862304026541568
862304026541576
862304026541584
862304026541592
862304026541600
862304026541618
862304026541626
862304026541634
862304026541642
862304026541659
862304026541667
862304026541675
862304026541683
862304026541691
862304026541709
862304026541717
862304026541725
862304026541733
862304026541741
862304026541758
862304026541766
862304026541774
862304026541782
862304026541790
862304026541808
862304026541816
862304026541824
862304026541832
862304026541840
862304026541857
862304026541865
862304026541873
862304026541881
862304026541899
862304026541907
862304026541915
862304026541923
862304026541931
862304026541949
862304026541956
862304026541964
862304026541972
862304026541980
862304026541998
862304026542004
862304026542012
862304026542020
862304026542038
862304026542046
862304026542053
862304026542061
862304026542079
862304026542087
862304026542095
862304026542103
862304026542111
862304026542129
862304026542137
862304026542145
862304026542152
862304026542160
862304026542178
862304026542186
862304026542194
862304026542202
862304026542210
862304026542228
862304026542236
862304026542244
862304026542251
862304026542269
862304026542277
862304026542285
862304026542293
862304026542301
862304026542319
862304026542327
862304026542335
862304026542343
862304026542350
862304026542368
862304026542376
862304026542384
862304026542392
862304026542400
862304026542418
862304026542426
862304026542434
862304026542442
862304026542459
862304026542467
862304026542475
862304026542483
862304026542491
862304026542509
862304026542517
862304026542525
862304026542533
862304026542541
862304026542558
862304026542566
862304026542574
862304026542582
862304026542590
862304026542608
862304026542616
862304026542624
862304026542632
862304026542640
862304026542657
862304026542665
862304026542673
862304026542681
862304026542699
862304026542707
862304026542715
862304026542723
862304026542731
862304026542749
862304026542756
862304026542764
862304026542772
862304026542780
862304026542798
862304026542806
862304026542814
862304026542822
862304026542830
862304026542848
862304026542855
862304026542863
862304026542871
862304026542889
862304026542897
862304026542905
862304026542913
862304026542921
862304026542939
862304026542947
862304026542954
862304026542962
862304026542970
862304026542988
862304026542996
862304026543002
862304026543010
862304026543028
862304026543036
862304026543044
862304026543051
862304026543069
862304026543077
862304026543085
862304026543093
862304026543101
862304026543119
862304026543127
862304026543135
862304026543143
862304026543150
862304026543168
862304026543176
862304026543184
862304026543192
862304026543200
862304026543218
862304026543226
862304026543234
862304026543242
862304026543259
862304026543267
862304026543275
862304026543283
862304026543291
862304026543309
862304026543317
862304026543325
862304026543333
862304026543341
862304026543358
862304026543366
862304026543374
862304026543382
862304026543390
862304026543408
862304026543416
862304026543424
862304026543432
862304026543440
862304026543457
862304026543465
862304026543473
862304026543481
862304026543499
862304026543507
862304026543515
862304026543523
862304026543531
862304026543549
862304026543556
862304026543564
862304026543572
862304026543580
862304026543598
862304026543606
862304026543614
862304026543622
862304026543630
862304026543648
862304026543655
862304026543663
862304026543671
862304026543689
862304026543697
862304026543705
862304026543713
862304026543721
862304026543739
862304026543747
862304026543754
862304026543762
862304026543770
862304026543788
862304026543796
862304026543804
862304026543812
862304026543820
862304026543838
862304026543846
862304026543853
862304026543861
862304026543879
862304026543887
862304026543895
862304026543903
862304026543911
862304026543929
862304026543937
862304026543945
862304026543952
862304026543960
862304026543978
862304026543986
862304026543994
862304026544000
862304026544018
862304026544026
862304026544034
862304026544042
862304026544059
862304026544067
862304026544075
862304026544083
862304026544091
862304026544109
862304026544117
862304026544125
862304026544133
862304026544141
862304026544158
862304026544166
862304026544174
862304026544182
862304026544190
862304026544208
862304026544216
862304026544224
862304026544232
862304026544240
862304026544257
862304026544265
862304026544273
862304026544281
862304026544299
862304026544307
862304026544315
862304026544323
862304026544331
862304026544349
862304026544356
862304026544364
862304026544372
862304026544380
862304026544398
862304026544406
862304026544414
862304026544422
862304026544430
862304026544448
862304026544455
862304026544463
862304026544471
862304026544489
862304026544497
862304026544505
862304026544513
862304026544521
862304026544539
862304026544547
862304026544554
862304026544562
862304026544570
862304026544588
862304026544596
862304026544604
862304026544612
862304026544620
862304026544638
862304026544646
862304026544653
862304026544661
862304026544679
862304026544687
862304026544695
862304026544703
862304026544711
862304026544729
862304026544737
862304026544745
862304026544752
862304026544760
862304026544778
862304026544786
862304026544794
862304026544802
862304026544810
862304026544828
862304026544836
862304026544844
862304026544851
862304026544869
862304026544877
862304026544885
862304026544893
862304026544901
862304026544919
862304026544927
862304026544935
862304026544943
862304026544950
862304026544968
862304026544976
862304026544984
862304026544992
862304026545007
862304026545015
862304026545023
862304026545031
862304026545049
862304026545056
862304026545064
862304026545072
862304026545080
862304026545098
862304026545106
862304026545114
862304026545122
862304026545130
862304026545148
862304026545155
862304026545163
862304026545171
862304026545189
862304026545197
862304026545205
862304026545213
862304026545221
862304026545239
862304026545247
862304026545254
862304026545262
862304026545270
862304026545288
862304026545296
862304026545304
862304026545312
862304026545320
862304026545338
862304026545346
862304026545353
862304026545361
862304026545379
862304026545387
862304026545395
862304026545403
862304026545411
862304026545429
862304026545437
862304026545445
862304026545452
862304026545460
862304026545478
862304026545486
862304026545494
862304026545502
862304026545510
862304026545528
862304026545536
862304026545544
862304026545551
862304026545569
862304026545577
862304026545585
862304026545593
862304026545601
862304026545619
862304026545627
862304026545635
862304026545643
862304026545650
862304026545668
862304026545676
862304026545684
862304026545692
862304026545700
862304026545718
862304026545726
862304026545734
862304026545742
862304026545759
862304026545767
862304026545775
862304026545783
862304026545791
862304026545809
862304026545817
862304026545825
862304026545833
862304026545841
862304026545858
862304026545866
862304026545874
862304026545882
862304026545890
862304026545908
862304026545916
862304026545924
862304026545932
862304026545940
862304026545957
862304026545965
862304026545973
862304026545981
862304026545999
862304026546005
862304026546013
862304026546021
862304026546039
862304026546047
862304026546054
862304026546062
862304026546070
862304026546088
862304026546096
862304026546104
862304026546112
862304026546120
862304026546138
862304026546146
862304026546153
862304026546161
862304026546179
862304026546187
862304026546195
862304026546203
862304026546211
862304026546229
862304026546237
862304026546245
862304026546252
862304026546260
862304026546278
862304026546286
862304026546294
862304026546302
862304026546310
862304026546328
862304026546336
862304026546344
862304026546351
862304026546369
862304026546377
862304026546385
862304026546393
862304026546401
862304026546419
862304026546427
862304026546435
862304026546443
862304026546450
862304026546468
862304026546476
862304026546484
862304026546492
862304026546500
862304026546518
862304026546526
862304026546534
862304026546542
862304026546559
862304026546567
862304026546575
862304026546583
862304026546591
862304026546609
862304026546617
862304026546625
862304026546633
862304026546641
862304026546658
862304026546666
862304026546674
862304026546682
862304026546690
862304026546708
862304026546716
862304026546724
862304026546732
862304026546740
862304026546757
862304026546765
862304026546773
862304026546781
862304026546799
862304026546807
862304026546815
862304026546823
862304026546831
862304026546849
862304026546856
862304026546864
862304026546872
862304026546880
862304026546898
862304026546906
862304026546914
862304026546922
862304026546930
862304026546948
862304026546955
862304026546963
862304026546971
862304026546989
862304026546997
862304026547003
862304026547011
862304026547029
862304026547037
862304026547045
862304026547052
862304026547060
862304026547078
862304026547086
862304026547094
862304026547102
862304026547110
862304026547128
862304026547136
862304026547144
862304026547151
862304026547169
862304026547177
862304026547185
862304026547193
862304026547201
862304026547219
862304026547227
862304026547235
862304026547243
862304026547250
862304026547268
862304026547276
862304026547284
862304026547292
862304026547300
862304026547318
862304026547326
862304026547334
862304026547342
862304026547359
862304026547367
862304026547375
862304026547383
862304026547391
862304026547409
862304026547417
862304026547425
862304026547433
862304026547441
862304026547458
862304026547466
862304026547474
862304026547482
862304026547490
862304026547508
862304026547516
862304026547524
862304026547532
862304026547540
862304026547557
862304026547565
862304026547573
862304026547581
862304026547599
862304026547607
862304026547615
862304026547623
862304026547631
862304026547649
862304026547656
862304026547664
862304026547672
862304026547680
862304026547698
862304026547706
862304026547714
862304026547722
862304026547730
862304026547748
862304026547755
862304026547763
862304026547771
862304026547789
862304026547797
862304026547805
862304026547813
862304026547821
862304026547839
862304026547847
862304026547854
862304026547862
862304026547870
862304026547888
862304026547896
862304026547904
862304026547912
862304026547920
862304026547938
862304026547946
862304026547953
862304026547961
862304026547979
862304026547987
862304026547995
862304026548001
862304026548019
862304026548027
862304026548035
862304026548043
862304026548050
862304026548068
862304026548076
862304026548084
862304026548092
862304026548100
862304026548118
862304026548126
862304026548134
862304026548142
862304026548159
862304026548167
862304026548175
862304026548183
862304026548191
862304026548209
862304026548217
862304026548225
862304026548233
862304026548241
862304026548258
862304026548266
862304026548274
862304026548282
862304026548290
862304026548308
862304026548316
862304026548324
862304026548332
862304026548340
862304026548357
862304026548365
862304026548373
862304026548381
862304026548399
862304026548407
862304026548415
862304026548423
862304026548431
862304026548449
862304026548456
862304026548464
862304026548472
862304026548480
862304026548498
862304026548506
862304026548514
862304026548522
862304026548530
862304026548548
862304026548555
862304026548563
862304026548571
862304026548589
862304026548597
862304026548605
862304026548613
862304026548621
862304026548639
862304026548647
862304026548654
862304026548662
862304026548670
862304026548688
862304026548696
862304026548704
862304026548712
862304026548720
862304026548738
862304026548746
862304026548753
862304026548761
862304026548779
862304026548787
862304026548795
862304026548803
862304026548811
862304026548829
862304026548837
862304026548845
862304026548852
862304026548860
862304026548878
862304026548886
862304026548894
862304026548902
862304026548910
862304026548928
862304026548936
862304026548944
862304026548951
862304026548969
862304026548977
862304026548985
862304026548993
862304026549009
862304026549017
862304026549025
862304026549033
862304026549041
862304026549058
862304026549066
862304026549074
862304026549082
862304026549090
862304026549108
862304026549116
862304026549124
862304026549132
862304026549140
862304026549157
862304026549165
862304026549173
862304026549181
862304026549199
862304026549207
862304026549215
862304026549223
862304026549231
862304026549249
862304026549256
862304026549264
862304026549272
862304026549280
862304026549298
862304026549306
862304026549314
862304026549322
862304026549330
862304026549348
862304026549355
862304026549363
862304026549371
862304026549389
862304026549397
862304026549405
862304026549413
862304026549421
862304026549439
862304026549447
862304026549454
862304026549462
862304026549470
862304026549488
862304026549496
862304026549504
862304026549512
862304026549520
862304026549538
862304026549546
862304026549553
862304026549561
862304026549579
862304026549587
862304026549595
862304026549603
862304026549611
862304026549629
862304026549637
862304026549645
862304026549652
862304026549660
862304026549678
862304026549686
862304026549694
862304026549702
862304026549710
862304026549728
862304026549736
862304026549744
862304026549751
862304026549769
862304026549777
862304026549785
862304026549793
862304026549801
862304026549819
862304026549827
862304026549835
862304026549843
862304026549850
862304026549868
862304026549876
862304026549884
862304026549892
862304026549900
862304026549918
862304026549926
862304026549934
862304026549942
862304026549959
862304026549967
862304026549975
862304026549983
862304026549991
862304026550007
862304026550015
862304026550023
862304026550031
862304026550049
862304026550056
862304026550064
862304026550072
862304026550080
862304026550098
862304026550106
862304026550114
862304026550122
862304026550130
862304026550148
862304026550155
862304026550163
862304026550171
862304026550189
862304026550197
862304026550205
862304026550213
862304026550221
862304026550239
862304026550247
862304026550254
862304026550262
862304026550270
862304026550288
862304026550296
862304026550304
862304026550312
862304026550320
862304026550338
862304026550346
862304026550353
862304026550361
862304026550379
862304026550387
862304026550395
862304026550403
862304026550411
862304026550429
862304026550437
862304026550445
862304026550452
862304026550460
862304026550478
862304026550486
862304026550494
862304026550502
862304026550510
862304026550528
862304026550536
862304026550544
862304026550551
862304026550569
862304026550577
862304026550585
862304026550593
862304026550601
862304026550619
862304026550627
862304026550635
862304026550643
862304026550650
862304026550668
862304026550676
862304026550684
862304026550692
862304026550700
862304026550718
862304026550726
862304026550734
862304026550742
862304026550759
862304026550767
862304026550775
862304026550783
862304026550791
862304026550809
862304026550817
862304026550825
862304026550833
862304026550841
862304026550858
862304026550866
862304026550874
862304026550882
862304026550890
862304026550908
862304026550916
862304026550924
862304026550932
862304026550940
862304026550957
862304026550965
862304026550973
862304026550981
862304026550999
862304026551005
862304026551013
862304026551021
862304026551039
862304026551047
862304026551054
862304026551062
862304026551070
862304026551088
862304026551096
862304026551104
862304026551112
862304026551120
862304026551138
862304026551146
862304026551153
862304026551161
862304026551179
862304026551187
862304026551195
862304026551203
862304026551211
862304026551229
862304026551237
862304026551245
862304026551252
862304026551260
862304026551278
862304026551286
862304026551294
862304026551302
862304026551310
862304026551328
862304026551336
862304026551344
862304026551351
862304026551369
862304026551377
862304026551385
862304026551393
862304026551401
862304026551419
862304026551427
862304026551435
862304026551443
862304026551450
862304026551468
862304026551476
862304026551484
862304026551492
862304026551500
862304026551518
862304026551526
862304026551534
862304026551542
862304026551559
862304026551567
862304026551575
862304026551583
862304026551591
862304026551609
862304026551617
862304026551625
862304026551633
862304026551641
862304026551658
862304026551666
862304026551674
862304026551682
862304026551690
862304026551708
862304026551716
862304026551724
862304026551732
862304026551740
862304026551757
862304026551765
862304026551773
862304026551781
862304026551799
862304026551807
862304026551815
862304026551823
862304026551831
862304026551849
862304026551856
862304026551864
862304026551872
862304026551880
862304026551898
862304026551906
862304026551914
862304026551922
862304026551930
862304026551948
862304026551955
862304026551963
862304026551971
862304026551989
862304026551997
862304026552003
862304026552011
862304026552029
862304026552037
862304026552045
862304026552052
862304026552060
862304026552078
862304026552086
862304026552094
862304026552102
862304026552110
862304026552128
862304026552136
862304026552144
862304026552151
862304026552169
862304026552177
862304026552185
862304026552193
862304026552201
862304026552219
862304026552227