2003010002312033
2003010002312034
2003010002312035
2003010002312036
2003010002312037
2003010002312038
2003010002312039
2003010002312040
2003010002312041
2003010002312042
2003010002312043
2003010002312044
2003010002312045
2003010002312046
2003010002312047
2003010002312048
2003010002312049
2003010002312050
2003010002312051
2003010002312052
2003010002312053
2003010002312054
2003010002312055
2003010002312056
2003010002312057
2003010002312058
2003010002312059
2003010002312060
2003010002312061
2003010002312062
2003010002312063
2003010002312064
2003010002312065
2003010002312066
2003010002312067
2003010002312068
2003010002312069
2003010002312070
2003010002312071
2003010002312072
2003010002312073
2003010002312074
2003010002312075
2003010002312076
2003010002312077
2003010002312078
2003010002312079
2003010002312080
2003010002312081
2003010002312082
2003010002312083
2003010002312084
2003010002312085
2003010002312086
2003010002312087
2003010002312088
2003010002312089
2003010002312090
2003010002312091
2003010002312092
2003010002312093
2003010002312094
2003010002312095
2003010002312096
2003010002312097
2003010002312098
2003010002312099
2003010002312100
2003010002312101
2003010002312102
2003010002312103
2003010002312104
2003010002312105
2003010002312106
2003010002312107
2003010002312108
2003010002312109
2003010002312110
2003010002312111
2003010002312112
2003010002312113
2003010002312114
2003010002312115
2003010002312116
2003010002312117
2003010002312118
2003010002312119
2003010002312120
2003010002312121
2003010002312122
2003010002312123
2003010002312124
2003010002312125
2003010002312126
2003010002312127
2003010002312128
2003010002312129
2003010002312130
2003010002312131
2003010002312132
2003010002312133
2003010002312134
2003010002312135
2003010002312136
2003010002312137
2003010002312138
2003010002312139
2003010002312140
2003010002312141
2003010002312142
2003010002312143
2003010002312144
2003010002312145
2003010002312146
2003010002312147
2003010002312148
2003010002312149
2003010002312150
2003010002312151
2003010002312152
2003010002312153
2003010002312154
2003010002312155
2003010002312156
2003010002312157
2003010002312158
2003010002312159
2003010002312160
2003010002312161
2003010002312162
2003010002312163
2003010002312164
2003010002312165
2003010002312166
2003010002312167
2003010002312168
2003010002312169
2003010002312170
2003010002312171
2003010002312172
2003010002312173
2003010002312174
2003010002312175
2003010002312176
2003010002312177
2003010002312178
2003010002312179
2003010002312180
2003010002312181
2003010002312182
2003010002312183
2003010002312184
2003010002312185
2003010002312186
2003010002312187
2003010002312188
2003010002312189
2003010002312190
2003010002312191
2003010002312192
2003010002312193
2003010002312194
2003010002312195
2003010002312196
2003010002312197
2003010002312198
2003010002312199
2003010002312200
2003010002312201
2003010002312202
2003010002312203
2003010002312204
2003010002312205
2003010002312206
2003010002312207
2003010002312208
2003010002312209
2003010002312210
2003010002312211
2003010002312212
2003010002312213
2003010002312214
2003010002312215
2003010002312216
2003010002312217
2003010002312218
2003010002312219
2003010002312220
2003010002312221
2003010002312222
2003010002312223
2003010002312224
2003010002312225
2003010002312226
2003010002312227
2003010002312228
2003010002312229
2003010002312230
2003010002312231
2003010002312232
2003010002312233
2003010002312234
2003010002312235
2003010002312236
2003010002312237
2003010002312238
2003010002312239
2003010002312240
2003010002312241
2003010002312242
2003010002312243
2003010002312244
2003010002312245
2003010002312246
2003010002312247
2003010002312248
2003010002312249
2003010002312250
2003010002312251
2003010002312252
2003010002312253
2003010002312254
2003010002312255
2003010002312256
2003010002312257
2003010002312258
2003010002312259
2003010002312260
2003010002312261
2003010002312262
2003010002312263
2003010002312264
2003010002312265
2003010002312266
2003010002312267
2003010002312268
2003010002312269
2003010002312270
2003010002312271
2003010002312272
2003010002312273
2003010002312274
2003010002312275
2003010002312276
2003010002312277
2003010002312278
2003010002312279
2003010002312280
2003010002312281
2003010002312282
2003010002312283
2003010002312284
2003010002312285
2003010002312286
2003010002312287
2003010002312288
2003010002312289
2003010002312290
2003010002312291
2003010002312292
2003010002312293
2003010002312294
2003010002312295
2003010002312296
2003010002312297
2003010002312298
2003010002312299
2003010002312300
2003010002312301
2003010002312302
2003010002312303
2003010002312304
2003010002312305
2003010002312306
2003010002312307
2003010002312308
2003010002312309
2003010002312310
2003010002312311
2003010002312312
2003010002312313
2003010002312314
2003010002312315
2003010002312316
2003010002312317
2003010002312318
2003010002312319
2003010002312320
2003010002312321
2003010002312322
2003010002312323
2003010002312324
2003010002312325
2003010002312326
2003010002312327
2003010002312328
2003010002312329
2003010002312330
2003010002312331
2003010002312332
2003010002312333
2003010002312334
2003010002312335
2003010002312336
2003010002312337
2003010002312338
2003010002312339
2003010002312340
2003010002312341
2003010002312342
2003010002312343
2003010002312344
2003010002312345
2003010002312346
2003010002312347
2003010002312348
2003010002312349
2003010002312350
2003010002312351
2003010002312352
2003010002312353
2003010002312354
2003010002312355
2003010002312356
2003010002312357
2003010002312358
2003010002312359
2003010002312360
2003010002312361
2003010002312362
2003010002312363
2003010002312364
2003010002312365
2003010002312366
2003010002312367
2003010002312368
2003010002312369
2003010002312370
2003010002312371
2003010002312372
2003010002312373
2003010002312374
2003010002312375
2003010002312376
2003010002312377
2003010002312378
2003010002312379
2003010002312380
2003010002312381
2003010002312382
2003010002312383
2003010002312384
2003010002312385
2003010002312386
2003010002312387
2003010002312388
2003010002312389
2003010002312390
2003010002312391
2003010002312392
2003010002312393
2003010002312394
2003010002312395
2003010002312396
2003010002312397
2003010002312398
2003010002312399
2003010002312400
2003010002312401
2003010002312402
2003010002312403
2003010002312404
2003010002312405
2003010002312406
2003010002312407
2003010002312408
2003010002312409
2003010002312410
2003010002312411
2003010002312412
2003010002312413
2003010002312414
2003010002312415
2003010002312416
2003010002312417
2003010002312418
2003010002312419
2003010002312420
2003010002312421
2003010002312422
2003010002312423
2003010002312424
2003010002312425
2003010002312426
2003010002312427
2003010002312428
2003010002312429
2003010002312430
2003010002312431
2003010002312432
2003010002312433
2003010002312434
2003010002312435
2003010002312436
2003010002312437
2003010002312438
2003010002312439
2003010002312440
2003010002312441
2003010002312442
2003010002312443
2003010002312444
2003010002312445
2003010002312446
2003010002312447
2003010002312448
2003010002312449
2003010002312450
2003010002312451
2003010002312452
2003010002312453
2003010002312454
2003010002312455
2003010002312456
2003010002312457
2003010002312458
2003010002312459
2003010002312460
2003010002312461
2003010002312462
2003010002312463
2003010002312464
2003010002312465
2003010002312466
2003010002312467
2003010002312468
2003010002312469
2003010002312470
2003010002312471
2003010002312472
2003010002312473
2003010002312474
2003010002312475
2003010002312476
2003010002312477
2003010002312478
2003010002312479
2003010002312480
2003010002312481
2003010002312482
2003010002312483
2003010002312484
2003010002312485
2003010002312486
2003010002312487
2003010002312488
2003010002312489
2003010002312490
2003010002312491
2003010002312492
2003010002312493
2003010002312494
2003010002312495
2003010002312496
2003010002312497
2003010002312498
2003010002312499
2003010002312500
2003010002312501
2003010002312502
2003010002312503
2003010002312504
2003010002312505
2003010002312506
2003010002312507
2003010002312508
2003010002312509
2003010002312510
2003010002312511
2003010002312512
2003010002312513
2003010002312514
2003010002312515
2003010002312516
2003010002312517
2003010002312518
2003010002312519
2003010002312520
2003010002312521
2003010002312522
2003010002312523
2003010002312524
2003010002312525
2003010002312526
2003010002312527
2003010002312528
2003010002312529
2003010002312530
2003010002312531
2003010002312532
2003010002312533
2003010002312534
2003010002312535
2003010002312536
2003010002312537
2003010002312538
2003010002312539
2003010002312540
2003010002312541
2003010002312542
2003010002312543
2003010002312544
2003010002312545
2003010002312546
2003010002312547
2003010002312548
2003010002312549
2003010002312550
2003010002312551
2003010002312552
2003010002312553
2003010002312554
2003010002312555
2003010002312556
2003010002312557
2003010002312558
2003010002312559
2003010002312560
2003010002312561
2003010002312562
2003010002312563
2003010002312564
2003010002312565
2003010002312566
2003010002312567
2003010002312568
2003010002312569
2003010002312570
2003010002312571
2003010002312572
2003010002312573
2003010002312574
2003010002312575
2003010002312576
2003010002312577
2003010002312578
2003010002312579
2003010002312580
2003010002312581
2003010002312582
2003010002312583
2003010002312584
2003010002312585
2003010002312586
2003010002312587
2003010002312588
2003010002312589
2003010002312590
2003010002312591
2003010002312592
2003010002312593
2003010002312594
2003010002312595
2003010002312596
2003010002312597
2003010002312598
2003010002312599
2003010002312600
2003010002312601
2003010002312602
2003010002312603
2003010002312604
2003010002312605
2003010002312606
2003010002312607
2003010002312608
2003010002312609
2003010002312610
2003010002312611
2003010002312612
2003010002312613
2003010002312614
2003010002312615
2003010002312616
2003010002312617
2003010002312618
2003010002312619
2003010002312620
2003010002312621
2003010002312622
2003010002312623
2003010002312624
2003010002312625
2003010002312626
2003010002312627
2003010002312628
2003010002312629
2003010002312630
2003010002312631
2003010002312632
2003010002312633
2003010002312634
2003010002312635
2003010002312636
2003010002312637
2003010002312638
2003010002312639
2003010002312640
2003010002312641
2003010002312642
2003010002312643
2003010002312644
2003010002312645
2003010002312646
2003010002312647
2003010002312648
2003010002312649
2003010002312650
2003010002312651
2003010002312652
2003010002312653
2003010002312654
2003010002312655
2003010002312656
2003010002312657
2003010002312658
2003010002312659
2003010002312660
2003010002312661
2003010002312662
2003010002312663
2003010002312664
2003010002312665
2003010002312666
2003010002312667
2003010002312668
2003010002312669
2003010002312670
2003010002312671
2003010002312672
2003010002312673
2003010002312674
2003010002312675
2003010002312676
2003010002312677
2003010002312678
2003010002312679
2003010002312680
2003010002312681
2003010002312682
2003010002312683
2003010002312684
2003010002312685
2003010002312686
2003010002312687
2003010002312688
2003010002312689
2003010002312690
2003010002312691
2003010002312692
2003010002312693
2003010002312694
2003010002312695
2003010002312696
2003010002312697
2003010002312698
2003010002312699
2003010002312700
2003010002312701
2003010002312702
2003010002312703
2003010002312704
2003010002312705
2003010002312706
2003010002312707
2003010002312708
2003010002312709
2003010002312710
2003010002312711
2003010002312712
2003010002312713
2003010002312714
2003010002312715
2003010002312716
2003010002312717
2003010002312718
2003010002312719
2003010002312720
2003010002312721
2003010002312722
2003010002312723
2003010002312724
2003010002312725
2003010002312726
2003010002312727
2003010002312728
2003010002312729
2003010002312730
2003010002312731
2003010002312732
2003010002312733
2003010002312734
2003010002312735
2003010002312736
2003010002312737
2003010002312738
2003010002312739
2003010002312740
2003010002312741
2003010002312742
2003010002312743
2003010002312744
2003010002312745
2003010002312746
2003010002312747
2003010002312748
2003010002312749
2003010002312750
2003010002312751
2003010002312752
2003010002312753
2003010002312754
2003010002312755
2003010002312756
2003010002312757
2003010002312758
2003010002312759
2003010002312760
2003010002312761
2003010002312762
2003010002312763
2003010002312764
2003010002312765
2003010002312766
2003010002312767
2003010002312768
2003010002312769
2003010002312770
2003010002312771
2003010002312772
2003010002312773
2003010002312774
2003010002312775
2003010002312776
2003010002312777
2003010002312778
2003010002312779
2003010002312780
2003010002312781
2003010002312782
2003010002312783
2003010002312784
2003010002312785
2003010002312786
2003010002312787
2003010002312788
2003010002312789
2003010002312790
2003010002312791
2003010002312792
2003010002312793
2003010002312794
2003010002312795
2003010002312796
2003010002312797
2003010002312798
2003010002312799
2003010002312800
2003010002312801
2003010002312802
2003010002312803
2003010002312804
2003010002312805
2003010002312806
2003010002312807
2003010002312808
2003010002312809
2003010002312810
2003010002312811
2003010002312812
2003010002312813
2003010002312814
2003010002312815
2003010002312816
2003010002312817
2003010002312818
2003010002312819
2003010002312820
2003010002312821
2003010002312822
2003010002312823
2003010002312824
2003010002312825
2003010002312826
2003010002312827
2003010002312828
2003010002312829
2003010002312830
2003010002312831
2003010002312832
2003010002312833
2003010002312834
2003010002312835
2003010002312836
2003010002312837
2003010002312838
2003010002312839
2003010002312840
2003010002312841
2003010002312842
2003010002312843
2003010002312844
2003010002312845
2003010002312846
2003010002312847
2003010002312848
2003010002312849
2003010002312850
2003010002312851
2003010002312852
2003010002312853
2003010002312854
2003010002312855
2003010002312856
2003010002312857
2003010002312858
2003010002312859
2003010002312860
2003010002312861
2003010002312862
2003010002312863
2003010002312864
2003010002312865
2003010002312866
2003010002312867
2003010002312868
2003010002312869
2003010002312870
2003010002312871
2003010002312872
2003010002312873
2003010002312874
2003010002312875
2003010002312876
2003010002312877
2003010002312878
2003010002312879
2003010002312880
2003010002312881
2003010002312882
2003010002312883
2003010002312884
2003010002312885
2003010002312886
2003010002312887
2003010002312888
2003010002312889
2003010002312890
2003010002312891
2003010002312892
2003010002312893
2003010002312894
2003010002312895
2003010002312896
2003010002312897
2003010002312898
2003010002312899
2003010002312900
2003010002312901
2003010002312902
2003010002312903
2003010002312904
2003010002312905
2003010002312906
2003010002312907
2003010002312908
2003010002312909
2003010002312910
2003010002312911
2003010002312912
2003010002312913
2003010002312914
2003010002312915
2003010002312916
2003010002312917
2003010002312918
2003010002312919
2003010002312920
2003010002312921
2003010002312922
2003010002312923
2003010002312924
2003010002312925
2003010002312926
2003010002312927
2003010002312928
2003010002312929
2003010002312930
2003010002312931
2003010002312932
2003010002312933
2003010002312934
2003010002312935
2003010002312936
2003010002312937
2003010002312938
2003010002312939
2003010002312940
2003010002312941
2003010002312942
2003010002312943
2003010002312944
2003010002312945
2003010002312946
2003010002312947
2003010002312948
2003010002312949
2003010002312950
2003010002312951
2003010002312952
2003010002312953
2003010002312954
2003010002312955
2003010002312956
2003010002312957
2003010002312958
2003010002312959
2003010002312960
2003010002312961
2003010002312962
2003010002312963
2003010002312964
2003010002312965
2003010002312966
2003010002312967
2003010002312968
2003010002312969
2003010002312970
2003010002312971
2003010002312972
2003010002312973
2003010002312974
2003010002312975
2003010002312976
2003010002312977
2003010002312978
2003010002312979
2003010002312980
2003010002312981
2003010002312982
2003010002312983
2003010002312984
2003010002312985
2003010002312986
2003010002312987
2003010002312988
2003010002312989
2003010002312990
2003010002312991
2003010002312992
2003010002312993
2003010002312994
2003010002312995
2003010002312996
2003010002312997
2003010002312998
2003010002312999
2003010002313000
2003010002313001
2003010002313002
2003010002313003
2003010002313004
2003010002313005
2003010002313006
2003010002313007
2003010002313008
2003010002313009
2003010002313010
2003010002313011
2003010002313012
2003010002313013
2003010002313014
2003010002313015
2003010002313016
2003010002313017
2003010002313018
2003010002313019
2003010002313020
2003010002313021
2003010002313022
2003010002313023
2003010002313024
2003010002313025
2003010002313026
2003010002313027
2003010002313028
2003010002313029
2003010002313030
2003010002313031
2003010002313032
2003010002313033
2003010002313034
2003010002313035
2003010002313036
2003010002313037
2003010002313038
2003010002313039
2003010002313040
2003010002313041
2003010002313042
2003010002313043
2003010002313044
2003010002313045
2003010002313046
2003010002313047
2003010002313048
2003010002313049
2003010002313050
2003010002313051
2003010002313052
2003010002313053
2003010002313054
2003010002313055
2003010002313056
2003010002313057
2003010002313058
2003010002313059
2003010002313060
2003010002313061
2003010002313062
2003010002313063
2003010002313064
2003010002313065
2003010002313066
2003010002313067
2003010002313068
2003010002313069
2003010002313070
2003010002313071
2003010002313072
2003010002313073
2003010002313074
2003010002313075
2003010002313076
2003010002313077
2003010002313078
2003010002313079
2003010002313080
2003010002313081
2003010002313082
2003010002313083
2003010002313084
2003010002313085
2003010002313086
2003010002313087
2003010002313088
2003010002313089
2003010002313090
2003010002313091
2003010002313092
2003010002313093
2003010002313094
2003010002313095
2003010002313096
2003010002313097
2003010002313098
2003010002313099
2003010002313100
2003010002313101
2003010002313102
2003010002313103
2003010002313104
2003010002313105
2003010002313106
2003010002313107
2003010002313108
2003010002313109
2003010002313110
2003010002313111
2003010002313112
2003010002313113
2003010002313114
2003010002313115
2003010002313116
2003010002313117
2003010002313118
2003010002313119
2003010002313120
2003010002313121
2003010002313122
2003010002313123
2003010002313124
2003010002313125
2003010002313126
2003010002313127
2003010002313128
2003010002313129
2003010002313130
2003010002313131
2003010002313132
2003010002313133
2003010002313134
2003010002313135
2003010002313136
2003010002313137
2003010002313138
2003010002313139
2003010002313140
2003010002313141
2003010002313142
2003010002313143
2003010002313144
2003010002313145
2003010002313146
2003010002313147
2003010002313148
2003010002313149
2003010002313150
2003010002313151
2003010002313152
2003010002313153
2003010002313154
2003010002313155
2003010002313156
2003010002313157
2003010002313158
2003010002313159
2003010002313160
2003010002313161
2003010002313162
2003010002313163
2003010002313164
2003010002313165
2003010002313166
2003010002313167
2003010002313168
2003010002313169
2003010002313170
2003010002313171
2003010002313172
2003010002313173
2003010002313174
2003010002313175
2003010002313176
2003010002313177
2003010002313178
2003010002313179
2003010002313180
2003010002313181
2003010002313182
2003010002313183
2003010002313184
2003010002313185
2003010002313186
2003010002313187
2003010002313188
2003010002313189
2003010002313190
2003010002313191
2003010002313192
2003010002313193
2003010002313194
2003010002313195
2003010002313196
2003010002313197
2003010002313198
2003010002313199
2003010002313200
2003010002313201
2003010002313202
2003010002313203
2003010002313204
2003010002313205
2003010002313206
2003010002313207
2003010002313208
2003010002313209
2003010002313210
2003010002313211
2003010002313212
2003010002313213
2003010002313214
2003010002313215
2003010002313216
2003010002313217
2003010002313218
2003010002313219
2003010002313220
2003010002313221
2003010002313222
2003010002313223
2003010002313224
2003010002313225
2003010002313226
2003010002313227
2003010002313228
2003010002313229
2003010002313230
2003010002313231
2003010002313232
2003010002313233
2003010002313234
2003010002313235
2003010002313236
2003010002313237
2003010002313238
2003010002313239
2003010002313240
2003010002313241
2003010002313242
2003010002313243
2003010002313244
2003010002313245
2003010002313246
2003010002313247
2003010002313248
2003010002313249
2003010002313250
2003010002313251
2003010002313252
2003010002313253
2003010002313254
2003010002313255
2003010002313256
2003010002313257
2003010002313258
2003010002313259
2003010002313260
2003010002313261
2003010002313262
2003010002313263
2003010002313264
2003010002313265
2003010002313266
2003010002313267
2003010002313268
2003010002313269
2003010002313270
2003010002313271
2003010002313272
2003010002313273
2003010002313274
2003010002313275
2003010002313276
2003010002313277
2003010002313278
2003010002313279
2003010002313280
2003010002313281
2003010002313282
2003010002313283
2003010002313284
2003010002313285
2003010002313286
2003010002313287
2003010002313288
2003010002313289
2003010002313290
2003010002313291
2003010002313292
2003010002313293
2003010002313294
2003010002313295
2003010002313296
2003010002313297
2003010002313298
2003010002313299
2003010002313300
2003010002313301
2003010002313302
2003010002313303
2003010002313304
2003010002313305
2003010002313306
2003010002313307
2003010002313308
2003010002313309
2003010002313310
2003010002313311
2003010002313312
2003010002313313
2003010002313314
2003010002313315
2003010002313316
2003010002313317
2003010002313318
2003010002313319
2003010002313320
2003010002313321
2003010002313322
2003010002313323
2003010002313324
2003010002313325
2003010002313326
2003010002313327
2003010002313328
2003010002313329
2003010002313330
2003010002313331
2003010002313332
2003010002313333
2003010002313334
2003010002313335
2003010002313336
2003010002313337
2003010002313338
2003010002313339
2003010002313340
2003010002313341
2003010002313342
2003010002313343
2003010002313344
2003010002313345
2003010002313346
2003010002313347
2003010002313348
2003010002313349
2003010002313350
2003010002313351
2003010002313352
2003010002313353
2003010002313354
2003010002313355
2003010002313356
2003010002313357
2003010002313358
2003010002313359
2003010002313360
2003010002313361
2003010002313362
2003010002313363
2003010002313364
2003010002313365
2003010002313366
2003010002313367
2003010002313368
2003010002313369
2003010002313370
2003010002313371
2003010002313372
2003010002313373
2003010002313374
2003010002313375
2003010002313376
2003010002313377
2003010002313378
2003010002313379
2003010002313380
2003010002313381
2003010002313382
2003010002313383
2003010002313384
2003010002313385
2003010002313386
2003010002313387
2003010002313388
2003010002313389
2003010002313390
2003010002313391
2003010002313392
2003010002313393
2003010002313394
2003010002313395
2003010002313396
2003010002313397
2003010002313398
2003010002313399
2003010002313400
2003010002313401
2003010002313402
2003010002313403
2003010002313404
2003010002313405
2003010002313406
2003010002313407
2003010002313408
2003010002313409
2003010002313410
2003010002313411
2003010002313412
2003010002313413
2003010002313414
2003010002313415
2003010002313416
2003010002313417
2003010002313418
2003010002313419
2003010002313420
2003010002313421
2003010002313422
2003010002313423
2003010002313424
2003010002313425
2003010002313426
2003010002313427
2003010002313428
2003010002313429
2003010002313430
2003010002313431
2003010002313432
2003010002313433
2003010002313434
2003010002313435
2003010002313436
2003010002313437
2003010002313438
2003010002313439
2003010002313440
2003010002313441
2003010002313442
2003010002313443
2003010002313444
2003010002313445
2003010002313446
2003010002313447
2003010002313448
2003010002313449
2003010002313450
2003010002313451
2003010002313452
2003010002313453
2003010002313454
2003010002313455
2003010002313456
2003010002313457
2003010002313458
2003010002313459
2003010002313460
2003010002313461
2003010002313462
2003010002313463
2003010002313464
2003010002313465
2003010002313466
2003010002313467
2003010002313468
2003010002313469
2003010002313470
2003010002313471
2003010002313472
2003010002313473
2003010002313474
2003010002313475
2003010002313476
2003010002313477
2003010002313478
2003010002313479
2003010002313480
2003010002313481
2003010002313482
2003010002313483
2003010002313484
2003010002313485
2003010002313486
2003010002313487
2003010002313488
2003010002313489
2003010002313490
2003010002313491
2003010002313492
2003010002313493
2003010002313494
2003010002313495
2003010002313496
2003010002313497
2003010002313498
2003010002313499
2003010002313500
2003010002313501
2003010002313502
2003010002313503
2003010002313504
2003010002313505
2003010002313506
2003010002313507
2003010002313508
2003010002313509
2003010002313510
2003010002313511
2003010002313512
2003010002313513
2003010002313514
2003010002313515
2003010002313516
2003010002313517
2003010002313518
2003010002313519
2003010002313520
2003010002313521
2003010002313522
2003010002313523
2003010002313524
2003010002313525
2003010002313526
2003010002313527
2003010002313528
2003010002313529
2003010002313530
2003010002313531
2003010002313532
2003010002313533
2003010002313534
2003010002313535
2003010002313536
2003010002313537
2003010002313538
2003010002313539
2003010002313540
2003010002313541
2003010002313542
2003010002313543
2003010002313544
2003010002313545
2003010002313546
2003010002313547
2003010002313548
2003010002313549
2003010002313550
2003010002313551
2003010002313552
2003010002313553
2003010002313554
2003010002313555
2003010002313556
2003010002313557
2003010002313558
2003010002313559
2003010002313560
2003010002313561
2003010002313562
2003010002313563
2003010002313564
2003010002313565
2003010002313566
2003010002313567
2003010002313568
2003010002313569
2003010002313570
2003010002313571
2003010002313572
2003010002313573
2003010002313574
2003010002313575
2003010002313576
2003010002313577
2003010002313578
2003010002313579
2003010002313580
2003010002313581
2003010002313582
2003010002313583
2003010002313584
2003010002313585
2003010002313586
2003010002313587
2003010002313588
2003010002313589
2003010002313590
2003010002313591
2003010002313592
2003010002313593
2003010002313594
2003010002313595
2003010002313596
2003010002313597
2003010002313598
2003010002313599
2003010002313600
2003010002313601
2003010002313602
2003010002313603
2003010002313604
2003010002313605
2003010002313606
2003010002313607
2003010002313608
2003010002313609
2003010002313610
2003010002313611
2003010002313612
2003010002313613
2003010002313614
2003010002313615
2003010002313616
2003010002313617
2003010002313618
2003010002313619
2003010002313620
2003010002313621
2003010002313622
2003010002313623
2003010002313624
2003010002313625
2003010002313626
2003010002313627
2003010002313628
2003010002313629
2003010002313630
2003010002313631
2003010002313632
2003010002313633
2003010002313634
2003010002313635
2003010002313636
2003010002313637
2003010002313638
2003010002313639
2003010002313640
2003010002313641
2003010002313642
2003010002313643
2003010002313644
2003010002313645
2003010002313646
2003010002313647
2003010002313648
2003010002313649
2003010002313650
2003010002313651
2003010002313652
2003010002313653
2003010002313654
2003010002313655
2003010002313656
2003010002313657
2003010002313658
2003010002313659
2003010002313660
2003010002313661
2003010002313662
2003010002313663
2003010002313664
2003010002313665
2003010002313666
2003010002313667
2003010002313668
2003010002313669
2003010002313670
2003010002313671
2003010002313672
2003010002313673
2003010002313674
2003010002313675
2003010002313676
2003010002313677
2003010002313678
2003010002313679
2003010002313680
2003010002313681
2003010002313682
2003010002313683
2003010002313684
2003010002313685
2003010002313686
2003010002313687
2003010002313688
2003010002313689
2003010002313690
2003010002313691
2003010002313692
2003010002313693
2003010002313694
2003010002313695
2003010002313696
2003010002313697
2003010002313698
2003010002313699
2003010002313700
2003010002313701
2003010002313702
2003010002313703
2003010002313704
2003010002313705
2003010002313706
2003010002313707
2003010002313708
2003010002313709
2003010002313710
2003010002313711
2003010002313712
2003010002313713
2003010002313714
2003010002313715
2003010002313716
2003010002313717
2003010002313718
2003010002313719
2003010002313720
2003010002313721
2003010002313722
2003010002313723
2003010002313724
2003010002313725
2003010002313726
2003010002313727
2003010002313728
2003010002313729
2003010002313730
2003010002313731
2003010002313732
2003010002313733
2003010002313734
2003010002313735
2003010002313736
2003010002313737
2003010002313738
2003010002313739
2003010002313740
2003010002313741
2003010002313742
2003010002313743
2003010002313744
2003010002313745
2003010002313746
2003010002313747
2003010002313748
2003010002313749
2003010002313750
2003010002313751
2003010002313752
2003010002313753
2003010002313754
2003010002313755
2003010002313756
2003010002313757
2003010002313758
2003010002313759
2003010002313760
2003010002313761
2003010002313762
2003010002313763
2003010002313764
2003010002313765
2003010002313766
2003010002313767
2003010002313768
2003010002313769
2003010002313770
2003010002313771
2003010002313772
2003010002313773
2003010002313774
2003010002313775
2003010002313776
2003010002313777
2003010002313778
2003010002313779
2003010002313780
2003010002313781
2003010002313782
2003010002313783
2003010002313784
2003010002313785
2003010002313786
2003010002313787
2003010002313788
2003010002313789
2003010002313790
2003010002313791
2003010002313792
2003010002313793
2003010002313794
2003010002313795
2003010002313796
2003010002313797
2003010002313798
2003010002313799
2003010002313800
2003010002313801
2003010002313802
2003010002313803
2003010002313804
2003010002313805
2003010002313806
2003010002313807
2003010002313808
2003010002313809
2003010002313810
2003010002313811
2003010002313812
2003010002313813
2003010002313814
2003010002313815
2003010002313816
2003010002313817
2003010002313818
2003010002313819
2003010002313820
2003010002313821
2003010002313822
2003010002313823
2003010002313824
2003010002313825
2003010002313826
2003010002313827
2003010002313828
2003010002313829
2003010002313830
2003010002313831
2003010002313832
2003010002313833
2003010002313834
2003010002313835
2003010002313836
2003010002313837
2003010002313838
2003010002313839
2003010002313840
2003010002313841
2003010002313842
2003010002313843
2003010002313844
2003010002313845
2003010002313846
2003010002313847
2003010002313848
2003010002313849
2003010002313850
2003010002313851
2003010002313852
2003010002313853
2003010002313854
2003010002313855
2003010002313856
2003010002313857
2003010002313858
2003010002313859
2003010002313860
2003010002313861
2003010002313862
2003010002313863
2003010002313864
2003010002313865
2003010002313866
2003010002313867
2003010002313868
2003010002313869
2003010002313870
2003010002313871
2003010002313872
2003010002313873
2003010002313874
2003010002313875
2003010002313876
2003010002313877
2003010002313878
2003010002313879
2003010002313880
2003010002313881
2003010002313882
2003010002313883
2003010002313884
2003010002313885
2003010002313886
2003010002313887
2003010002313888
2003010002313889
2003010002313890
2003010002313891
2003010002313892
2003010002313893
2003010002313894
2003010002313895
2003010002313896
2003010002313897
2003010002313898
2003010002313899
2003010002313900
2003010002313901
2003010002313902
2003010002313903
2003010002313904
2003010002313905
2003010002313906
2003010002313907
2003010002313908
2003010002313909
2003010002313910
2003010002313911
2003010002313912
2003010002313913
2003010002313914
2003010002313915
2003010002313916
2003010002313917
2003010002313918
2003010002313919
2003010002313920
2003010002313921
2003010002313922
2003010002313923
2003010002313924
2003010002313925
2003010002313926
2003010002313927
2003010002313928
2003010002313929
2003010002313930
2003010002313931
2003010002313932
2003010002313933
2003010002313934
2003010002313935
2003010002313936
2003010002313937
2003010002313938
2003010002313939
2003010002313940
2003010002313941
2003010002313942
2003010002313943
2003010002313944
2003010002313945
2003010002313946
2003010002313947
2003010002313948
2003010002313949
2003010002313950
2003010002313951
2003010002313952
2003010002313953
2003010002313954
2003010002313955
2003010002313956
2003010002313957
2003010002313958
2003010002313959
2003010002313960
2003010002313961
2003010002313962
2003010002313963
2003010002313964
2003010002313965
2003010002313966
2003010002313967
2003010002313968
2003010002313969
2003010002313970
2003010002313971
2003010002313972
2003010002313973
2003010002313974
2003010002313975
2003010002313976
2003010002313977
2003010002313978
2003010002313979
2003010002313980
2003010002313981
2003010002313982
2003010002313983
2003010002313984
2003010002313985
2003010002313986
2003010002313987
2003010002313988
2003010002313989
2003010002313990
2003010002313991
2003010002313992
2003010002313993
2003010002313994
2003010002313995
2003010002313996
2003010002313997
2003010002313998
2003010002313999
2003010002314000
2003010002314001
2003010002314002
2003010002314003
2003010002314004
2003010002314005
2003010002314006
2003010002314007
2003010002314008
2003010002314009
2003010002314010
2003010002314011
2003010002314012
2003010002314013
2003010002314014
2003010002314015
2003010002314016
2003010002314017
2003010002314018
2003010002314019
2003010002314020
2003010002314021
2003010002314022
2003010002314023
2003010002314024
2003010002314025
2003010002314026
2003010002314027
2003010002314028
2003010002314029
2003010002314030
2003010002314031
2003010002314032
2003010002314033
2003010002314034
2003010002314035
2003010002314036
2003010002314037
2003010002314038
2003010002314039
2003010002314040
2003010002314041
2003010002314042
2003010002314043
2003010002314044
2003010002314045
2003010002314046
2003010002314047
2003010002314048
2003010002314049
2003010002314050
2003010002314051
2003010002314052
2003010002314053
2003010002314054
2003010002314055
2003010002314056
2003010002314057
2003010002314058
2003010002314059
2003010002314060
2003010002314061
2003010002314062
2003010002314063
2003010002314064
2003010002314065
2003010002314066
2003010002314067
2003010002314068
2003010002314069
2003010002314070
2003010002314071
2003010002314072
2003010002314073
2003010002314074
2003010002314075
2003010002314076
2003010002314077
2003010002314078
2003010002314079
2003010002314080
2003010002314081
2003010002314082
2003010002314083
2003010002314084
2003010002314085
2003010002314086
2003010002314087
2003010002314088
2003010002314089
2003010002314090
2003010002314091
2003010002314092
2003010002314093
2003010002314094
2003010002314095
2003010002314096
2003010002314097
2003010002314098
2003010002314099
2003010002314100
2003010002314101
2003010002314102
2003010002314103
2003010002314104
2003010002314105
2003010002314106
2003010002314107
2003010002314108
2003010002314109
2003010002314110
2003010002314111
2003010002314112
2003010002314113
2003010002314114
2003010002314115
2003010002314116
2003010002314117
2003010002314118
2003010002314119
2003010002314120
2003010002314121
2003010002314122
2003010002314123
2003010002314124
2003010002314125
2003010002314126
2003010002314127
2003010002314128
2003010002314129
2003010002314130
2003010002314131
2003010002314132
2003010002314133
2003010002314134
2003010002314135
2003010002314136
2003010002314137
2003010002314138
2003010002314139
2003010002314140
2003010002314141
2003010002314142
2003010002314143
2003010002314144
2003010002314145
2003010002314146
2003010002314147
2003010002314148
2003010002314149
2003010002314150
2003010002314151
2003010002314152
2003010002314153
2003010002314154
2003010002314155
2003010002314156
2003010002314157
2003010002314158
2003010002314159
2003010002314160
2003010002314161
2003010002314162
2003010002314163
2003010002314164
2003010002314165
2003010002314166
2003010002314167
2003010002314168
2003010002314169
2003010002314170
2003010002314171
2003010002314172
2003010002314173
2003010002314174
2003010002314175
2003010002314176
2003010002314177
2003010002314178
2003010002314179
2003010002314180
2003010002314181
2003010002314182
2003010002314183
2003010002314184
2003010002314185
2003010002314186
2003010002314187
2003010002314188
2003010002314189
2003010002314190
2003010002314191
2003010002314192
2003010002314193
2003010002314194
2003010002314195
2003010002314196
2003010002314197
2003010002314198
2003010002314199
2003010002314200
2003010002314201
2003010002314202
2003010002314203
2003010002314204
2003010002314205
2003010002314206
2003010002314207
2003010002314208
2003010002314209
2003010002314210
2003010002314211
2003010002314212
2003010002314213
2003010002314214
2003010002314215
2003010002314216
2003010002314217
2003010002314218
2003010002314219
2003010002314220
2003010002314221
2003010002314222
2003010002314223
2003010002314224
2003010002314225
2003010002314226
2003010002314227
2003010002314228
2003010002314229
2003010002314230
2003010002314231
2003010002314232
2003010002314233
2003010002314234
2003010002314235
2003010002314236
2003010002314237
2003010002314238
2003010002314239
2003010002314240
2003010002314241
2003010002314242
2003010002314243
2003010002314244
2003010002314245
2003010002314246
2003010002314247
2003010002314248
2003010002314249
2003010002314250
2003010002314251
2003010002314252
2003010002314253
2003010002314254
2003010002314255
2003010002314256
2003010002314257
2003010002314258
2003010002314259
2003010002314260
2003010002314261
2003010002314262
2003010002314263
2003010002314264
2003010002314265
2003010002314266
2003010002314267
2003010002314268
2003010002314269
2003010002314270
2003010002314271
2003010002314272
2003010002314273
2003010002314274
2003010002314275
2003010002314276
2003010002314277
2003010002314278
2003010002314279
2003010002314280
2003010002314281
2003010002314282
2003010002314283
2003010002314284
2003010002314285
2003010002314286
2003010002314287
2003010002314288
2003010002314289
2003010002314290
2003010002314291
2003010002314292
2003010002314293
2003010002314294
2003010002314295
2003010002314296
2003010002314297
2003010002314298
2003010002314299
2003010002314300
2003010002314301
2003010002314302
2003010002314303
2003010002314304
2003010002314305
2003010002314306
2003010002314307
2003010002314308
2003010002314309
2003010002314310
2003010002314311
2003010002314312
2003010002314313
2003010002314314
2003010002314315
2003010002314316
2003010002314317
2003010002314318
2003010002314319
2003010002314320
2003010002314321
2003010002314322
2003010002314323
2003010002314324
2003010002314325
2003010002314326
2003010002314327
2003010002314328
2003010002314329
2003010002314330
2003010002314331
2003010002314332
2003010002314333
2003010002314334
2003010002314335
2003010002314336
2003010002314337
2003010002314338
2003010002314339
2003010002314340
2003010002314341
2003010002314342
2003010002314343
2003010002314344
2003010002314345
2003010002314346
2003010002314347
2003010002314348
2003010002314349
2003010002314350
2003010002314351
2003010002314352
2003010002314353
2003010002314354
2003010002314355
2003010002314356
2003010002314357
2003010002314358
2003010002314359
2003010002314360
2003010002314361
2003010002314362
2003010002314363
2003010002314364
2003010002314365
2003010002314366
2003010002314367
2003010002314368
2003010002314369
2003010002314370
2003010002314371
2003010002314372
2003010002314373
2003010002314374
2003010002314375
2003010002314376
2003010002314377
2003010002314378
2003010002314379
2003010002314380
2003010002314381
2003010002314382
2003010002314383
2003010002314384
2003010002314385
2003010002314386
2003010002314387
2003010002314388
2003010002314389
2003010002314390
2003010002314391
2003010002314392
2003010002314393
2003010002314394
2003010002314395
2003010002314396
2003010002314397
2003010002314398
2003010002314399
2003010002314400
2003010002314401
2003010002314402
2003010002314403
2003010002314404
2003010002314405
2003010002314406
2003010002314407
2003010002314408
2003010002314409
2003010002314410
2003010002314411
2003010002314412
2003010002314413
2003010002314414
2003010002314415
2003010002314416
2003010002314417
2003010002314418
2003010002314419
2003010002314420
2003010002314421
2003010002314422
2003010002314423
2003010002314424
2003010002314425
2003010002314426
2003010002314427
2003010002314428
2003010002314429
2003010002314430
2003010002314431
2003010002314432
2003010002314433
2003010002314434
2003010002314435
2003010002314436
2003010002314437
2003010002314438
2003010002314439
2003010002314440
2003010002314441
2003010002314442
2003010002314443
2003010002314444
2003010002314445
2003010002314446
2003010002314447
2003010002314448
2003010002314449
2003010002314450
2003010002314451
2003010002314452
2003010002314453
2003010002314454
2003010002314455
2003010002314456
2003010002314457
2003010002314458
2003010002314459
2003010002314460
2003010002314461
2003010002314462
2003010002314463
2003010002314464
2003010002314465
2003010002314466
2003010002314467
2003010002314468
2003010002314469
2003010002314470
2003010002314471
2003010002314472
2003010002314473
2003010002314474
2003010002314475
2003010002314476
2003010002314477
2003010002314478
2003010002314479
2003010002314480
2003010002314481
2003010002314482
2003010002314483
2003010002314484
2003010002314485
2003010002314486
2003010002314487
2003010002314488
2003010002314489
2003010002314490
2003010002314491
2003010002314492
2003010002314493
2003010002314494
2003010002314495
2003010002314496
2003010002314497
2003010002314498
2003010002314499
2003010002314500
2003010002314501
2003010002314502
2003010002314503
2003010002314504
2003010002314505
2003010002314506
2003010002314507
2003010002314508
2003010002314509
2003010002314510
2003010002314511
2003010002314512
2003010002314513
2003010002314514
2003010002314515
2003010002314516
2003010002314517
2003010002314518
2003010002314519
2003010002314520
2003010002314521
2003010002314522
2003010002314523
2003010002314524
2003010002314525
2003010002314526
2003010002314527
2003010002314528
2003010002314529
2003010002314530
2003010002314531
2003010002314532
2003010002314533
2003010002314534
2003010002314535
2003010002314536
2003010002314537
2003010002314538
2003010002314539
2003010002314540
2003010002314541
2003010002314542
2003010002314543
2003010002314544
2003010002314545
2003010002314546
2003010002314547
2003010002314548
2003010002314549
2003010002314550
2003010002314551
2003010002314552
2003010002314553
2003010002314554
2003010002314555
2003010002314556
2003010002314557
2003010002314558
2003010002314559
2003010002314560
2003010002314561
2003010002314562
2003010002314563
2003010002314564
2003010002314565
2003010002314566
2003010002314567
2003010002314568
2003010002314569
2003010002314570
2003010002314571
2003010002314572
2003010002314573
2003010002314574
2003010002314575
2003010002314576
2003010002314577
2003010002314578
2003010002314579
2003010002314580
2003010002314581
2003010002314582
2003010002314583
2003010002314584
2003010002314585
2003010002314586
2003010002314587
2003010002314588
2003010002314589
2003010002314590
2003010002314591
2003010002314592
2003010002314593
2003010002314594
2003010002314595
2003010002314596
2003010002314597
2003010002314598
2003010002314599
2003010002314600
2003010002314601
2003010002314602
2003010002314603
2003010002314604
2003010002314605
2003010002314606
2003010002314607
2003010002314608
2003010002314609
2003010002314610
2003010002314611
2003010002314612
2003010002314613
2003010002314614
2003010002314615
2003010002314616
2003010002314617
2003010002314618
2003010002314619
2003010002314620
2003010002314621
2003010002314622
2003010002314623
2003010002314624
2003010002314625
2003010002314626
2003010002314627
2003010002314628
2003010002314629
2003010002314630
2003010002314631
2003010002314632
2003010002314633
2003010002314634
2003010002314635
2003010002314636
2003010002314637
2003010002314638
2003010002314639
2003010002314640
2003010002314641
2003010002314642
2003010002314643
2003010002314644
2003010002314645
2003010002314646
2003010002314647
2003010002314648
2003010002314649
2003010002314650
2003010002314651
2003010002314652
2003010002314653
2003010002314654
2003010002314655
2003010002314656
2003010002314657
2003010002314658
2003010002314659
2003010002314660
2003010002314661
2003010002314662
2003010002314663
2003010002314664
2003010002314665
2003010002314666
2003010002314667
2003010002314668
2003010002314669
2003010002314670
2003010002314671
2003010002314672
2003010002314673
2003010002314674
2003010002314675
2003010002314676
2003010002314677
2003010002314678
2003010002314679
2003010002314680
2003010002314681
2003010002314682
2003010002314683
2003010002314684
2003010002314685
2003010002314686
2003010002314687
2003010002314688
2003010002314689
2003010002314690
2003010002314691
2003010002314692
2003010002314693
2003010002314694
2003010002314695
2003010002314696
2003010002314697
2003010002314698
2003010002314699
2003010002314700
2003010002314701
2003010002314702
2003010002314703
2003010002314704
2003010002314705
2003010002314706
2003010002314707
2003010002314708
2003010002314709
2003010002314710
2003010002314711
2003010002314712
2003010002314713
2003010002314714
2003010002314715
2003010002314716
2003010002314717
2003010002314718
2003010002314719
2003010002314720
2003010002314721
2003010002314722
2003010002314723
2003010002314724
2003010002314725
2003010002314726
2003010002314727
2003010002314728
2003010002314729
2003010002314730
2003010002314731
2003010002314732
2003010002314733
2003010002314734
2003010002314735
2003010002314736
2003010002314737
2003010002314738
2003010002314739
2003010002314740
2003010002314741
2003010002314742
2003010002314743
2003010002314744
2003010002314745
2003010002314746
2003010002314747
2003010002314748
2003010002314749
2003010002314750
2003010002314751
2003010002314752
2003010002314753
2003010002314754
2003010002314755
2003010002314756
2003010002314757
2003010002314758
2003010002314759
2003010002314760
2003010002314761
2003010002314762
2003010002314763
2003010002314764
2003010002314765
2003010002314766
2003010002314767
2003010002314768
2003010002314769
2003010002314770
2003010002314771
2003010002314772
2003010002314773
2003010002314774
2003010002314775
2003010002314776
2003010002314777
2003010002314778
2003010002314779
2003010002314780
2003010002314781
2003010002314782
2003010002314783
2003010002314784
2003010002314785
2003010002314786
2003010002314787
2003010002314788
2003010002314789
2003010002314790
2003010002314791
2003010002314792
2003010002314793
2003010002314794
2003010002314795
2003010002314796
2003010002314797
2003010002314798
2003010002314799
2003010002314800
2003010002314801
2003010002314802
2003010002314803
2003010002314804
2003010002314805
2003010002314806
2003010002314807
2003010002314808
2003010002314809
2003010002314810
2003010002314811
2003010002314812
2003010002314813
2003010002314814
2003010002314815
2003010002314816
2003010002314817
2003010002314818
2003010002314819
2003010002314820
2003010002314821
2003010002314822
2003010002314823
2003010002314824
2003010002314825
2003010002314826
2003010002314827
2003010002314828
2003010002314829
2003010002314830
2003010002314831
2003010002314832
2003010002314833
2003010002314834
2003010002314835
2003010002314836
2003010002314837
2003010002314838
2003010002314839
2003010002314840
2003010002314841
2003010002314842
2003010002314843
2003010002314844
2003010002314845
2003010002314846
2003010002314847
2003010002314848
2003010002314849
2003010002314850
2003010002314851
2003010002314852
2003010002314853
2003010002314854
2003010002314855
2003010002314856
2003010002314857
2003010002314858
2003010002314859
2003010002314860
2003010002314861
2003010002314862
2003010002314863
2003010002314864
2003010002314865
2003010002314866
2003010002314867
2003010002314868
2003010002314869
2003010002314870
2003010002314871
2003010002314872
2003010002314873
2003010002314874
2003010002314875
2003010002314876
2003010002314877
2003010002314878
2003010002314879
2003010002314880
2003010002314881
2003010002314882
2003010002314883
2003010002314884
2003010002314885
2003010002314886
2003010002314887
2003010002314888
2003010002314889
2003010002314890
2003010002314891
2003010002314892
2003010002314893
2003010002314894
2003010002314895
2003010002314896
2003010002314897
2003010002314898
2003010002314899
2003010002314900
2003010002314901
2003010002314902
2003010002314903
2003010002314904
2003010002314905
2003010002314906
2003010002314907
2003010002314908
2003010002314909
2003010002314910
2003010002314911
2003010002314912
2003010002314913
2003010002314914
2003010002314915
2003010002314916
2003010002314917
2003010002314918
2003010002314919
2003010002314920
2003010002314921
2003010002314922
2003010002314923
2003010002314924
2003010002314925
2003010002314926
2003010002314927
2003010002314928
2003010002314929
2003010002314930
2003010002314931
2003010002314932
2003010002314933
2003010002314934
2003010002314935
2003010002314936
2003010002314937
2003010002314938
2003010002314939
2003010002314940
2003010002314941
2003010002314942
2003010002314943
2003010002314944
2003010002314945
2003010002314946
2003010002314947
2003010002314948
2003010002314949
2003010002314950
2003010002314951
2003010002314952
2003010002314953
2003010002314954
2003010002314955
2003010002314956
2003010002314957
2003010002314958
2003010002314959
2003010002314960
2003010002314961
2003010002314962
2003010002314963
2003010002314964
2003010002314965
2003010002314966
2003010002314967
2003010002314968
2003010002314969
2003010002314970
2003010002314971
2003010002314972
2003010002314973
2003010002314974
2003010002314975
2003010002314976
2003010002314977
2003010002314978
2003010002314979
2003010002314980
2003010002314981
2003010002314982
2003010002314983
2003010002314984
2003010002314985
2003010002314986
2003010002314987
2003010002314988
2003010002314989
2003010002314990
2003010002314991
2003010002314992
2003010002314993
2003010002314994
2003010002314995
2003010002314996
2003010002314997
2003010002314998
2003010002314999
2003010002315000
2003010002315001
2003010002315002
2003010002315003
2003010002315004
2003010002315005
2003010002315006
2003010002315007
2003010002315008
2003010002315009
2003010002315010
2003010002315011
2003010002315012
2003010002315013
2003010002315014
2003010002315015
2003010002315016
2003010002315017
2003010002315018
2003010002315019
2003010002315020
2003010002315021
2003010002315022
2003010002315023
2003010002315024
2003010002315025
2003010002315026
2003010002315027
2003010002315028
2003010002315029
2003010002315030
2003010002315031
2003010002315032
2003010002315033
2003010002315034
2003010002315035
2003010002315036
2003010002315037
2003010002315038
2003010002315039
2003010002315040
2003010002315041
2003010002315042
2003010002315043
2003010002315044
2003010002315045
2003010002315046
2003010002315047
2003010002315048
2003010002315049
2003010002315050
2003010002315051
2003010002315052
2003010002315053
2003010002315054
2003010002315055
2003010002315056
2003010002315057
2003010002315058
2003010002315059
2003010002315060
2003010002315061
2003010002315062
2003010002315063
2003010002315064
2003010002315065
2003010002315066
2003010002315067
2003010002315068
2003010002315069
2003010002315070
2003010002315071
2003010002315072
2003010002315073
2003010002315074
2003010002315075
2003010002315076
2003010002315077
2003010002315078
2003010002315079
2003010002315080
2003010002315081
2003010002315082
2003010002315083
2003010002315084
2003010002315085
2003010002315086
2003010002315087
2003010002315088
2003010002315089
2003010002315090
2003010002315091
2003010002315092
2003010002315093
2003010002315094
2003010002315095
2003010002315096
2003010002315097
2003010002315098
2003010002315099
2003010002315100
2003010002315101
2003010002315102
2003010002315103
2003010002315104
2003010002315105
2003010002315106
2003010002315107
2003010002315108
2003010002315109
2003010002315110
2003010002315111
2003010002315112
2003010002315113
2003010002315114
2003010002315115
2003010002315116
2003010002315117
2003010002315118
2003010002315119
2003010002315120
2003010002315121
2003010002315122
2003010002315123
2003010002315124
2003010002315125
2003010002315126
2003010002315127
2003010002315128
2003010002315129
2003010002315130
2003010002315131
2003010002315132
2003010002315133
2003010002315134
2003010002315135
2003010002315136
2003010002315137
2003010002315138
2003010002315139
2003010002315140
2003010002315141
2003010002315142
2003010002315143
2003010002315144
2003010002315145
2003010002315146
2003010002315147
2003010002315148
2003010002315149
2003010002315150
2003010002315151
2003010002315152
2003010002315153
2003010002315154
2003010002315155
2003010002315156
2003010002315157
2003010002315158
2003010002315159
2003010002315160
2003010002315161
2003010002315162
2003010002315163
2003010002315164
2003010002315165
2003010002315166
2003010002315167
2003010002315168
2003010002315169
2003010002315170
2003010002315171
2003010002315172
2003010002315173
2003010002315174
2003010002315175
2003010002315176
2003010002315177
2003010002315178
2003010002315179
2003010002315180
2003010002315181
2003010002315182
2003010002315183
2003010002315184
2003010002315185
2003010002315186
2003010002315187
2003010002315188
2003010002315189
2003010002315190
2003010002315191
2003010002315192
2003010002315193
2003010002315194
2003010002315195
2003010002315196
2003010002315197
2003010002315198
2003010002315199
2003010002315200
2003010002315201
2003010002315202
2003010002315203
2003010002315204
2003010002315205
2003010002315206
2003010002315207
2003010002315208
2003010002315209
2003010002315210
2003010002315211
2003010002315212
2003010002315213
2003010002315214
2003010002315215
2003010002315216
2003010002315217
2003010002315218
2003010002315219
2003010002315220
2003010002315221
2003010002315222
2003010002315223
2003010002315224
2003010002315225
2003010002315226
2003010002315227
2003010002315228
2003010002315229
2003010002315230
2003010002315231
2003010002315232
2003010002315233
2003010002315234
2003010002315235
2003010002315236
2003010002315237
2003010002315238
2003010002315239
2003010002315240
2003010002315241
2003010002315242
2003010002315243
2003010002315244
2003010002315245
2003010002315246
2003010002315247
2003010002315248
2003010002315249
2003010002315250
2003010002315251
2003010002315252
2003010002315253
2003010002315254
2003010002315255
2003010002315256
2003010002315257
2003010002315258
2003010002315259
2003010002315260
2003010002315261
2003010002315262
2003010002315263
2003010002315264
2003010002315265
2003010002315266
2003010002315267
2003010002315268
2003010002315269
2003010002315270
2003010002315271
2003010002315272
2003010002315273
2003010002315274
2003010002315275
2003010002315276
2003010002315277
2003010002315278
2003010002315279
2003010002315280
2003010002315281
2003010002315282
2003010002315283
2003010002315284
2003010002315285
2003010002315286
2003010002315287
2003010002315288
2003010002315289
2003010002315290
2003010002315291
2003010002315292
2003010002315293
2003010002315294
2003010002315295
2003010002315296
2003010002315297
2003010002315298
2003010002315299
2003010002315300
2003010002315301
2003010002315302
2003010002315303
2003010002315304
2003010002315305
2003010002315306
2003010002315307
2003010002315308
2003010002315309
2003010002315310
2003010002315311
2003010002315312
2003010002315313
2003010002315314
2003010002315315
2003010002315316
2003010002315317
2003010002315318
2003010002315319
2003010002315320
2003010002315321
2003010002315322
2003010002315323
2003010002315324
2003010002315325
2003010002315326
2003010002315327
2003010002315328
2003010002315329
2003010002315330
2003010002315331
2003010002315332
2003010002315333
2003010002315334
2003010002315335
2003010002315336
2003010002315337
2003010002315338
2003010002315339
2003010002315340
2003010002315341
2003010002315342
2003010002315343
2003010002315344
2003010002315345
2003010002315346
2003010002315347
2003010002315348
2003010002315349
2003010002315350
2003010002315351
2003010002315352
2003010002315353
2003010002315354
2003010002315355
2003010002315356
2003010002315357
2003010002315358
2003010002315359
2003010002315360
2003010002315361
2003010002315362
2003010002315363
2003010002315364
2003010002315365
2003010002315366
2003010002315367
2003010002315368
2003010002315369
2003010002315370
2003010002315371
2003010002315372
2003010002315373
2003010002315374
2003010002315375
2003010002315376
2003010002315377
2003010002315378
2003010002315379
2003010002315380
2003010002315381
2003010002315382
2003010002315383
2003010002315384
2003010002315385
2003010002315386
2003010002315387
2003010002315388
2003010002315389
2003010002315390
2003010002315391
2003010002315392
2003010002315393
2003010002315394
2003010002315395
2003010002315396
2003010002315397
2003010002315398
2003010002315399
2003010002315400
2003010002315401
2003010002315402
2003010002315403
2003010002315404
2003010002315405
2003010002315406
2003010002315407
2003010002315408
2003010002315409
2003010002315410
2003010002315411
2003010002315412
2003010002315413
2003010002315414
2003010002315415
2003010002315416
2003010002315417
2003010002315418
2003010002315419
2003010002315420
2003010002315421
2003010002315422
2003010002315423
2003010002315424
2003010002315425
2003010002315426
2003010002315427
2003010002315428
2003010002315429
2003010002315430
2003010002315431
2003010002315432
2003010002315433
2003010002315434
2003010002315435
2003010002315436
2003010002315437
2003010002315438
2003010002315439
2003010002315440
2003010002315441
2003010002315442
2003010002315443
2003010002315444
2003010002315445
2003010002315446
2003010002315447
2003010002315448
2003010002315449
2003010002315450
2003010002315451
2003010002315452
2003010002315453
2003010002315454
2003010002315455
2003010002315456
2003010002315457
2003010002315458
2003010002315459
2003010002315460
2003010002315461
2003010002315462
2003010002315463
2003010002315464
2003010002315465
2003010002315466
2003010002315467
2003010002315468
2003010002315469
2003010002315470
2003010002315471
2003010002315472
2003010002315473
2003010002315474
2003010002315475
2003010002315476
2003010002315477
2003010002315478
2003010002315479
2003010002315480
2003010002315481
2003010002315482
2003010002315483
2003010002315484
2003010002315485
2003010002315486
2003010002315487
2003010002315488
2003010002315489
2003010002315490
2003010002315491
2003010002315492
2003010002315493
2003010002315494
2003010002315495
2003010002315496
2003010002315497
2003010002315498
2003010002315499
2003010002315500
2003010002315501
2003010002315502
2003010002315503
2003010002315504
2003010002315505
2003010002315506
2003010002315507
2003010002315508
2003010002315509
2003010002315510
2003010002315511
2003010002315512
2003010002315513
2003010002315514
2003010002315515
2003010002315516
2003010002315517
2003010002315518
2003010002315519
2003010002315520
2003010002315521
2003010002315522
2003010002315523
2003010002315524
2003010002315525
2003010002315526
2003010002315527
2003010002315528
2003010002315529
2003010002315530
2003010002315531
2003010002315532
2003010002315533
2003010002315534
2003010002315535
2003010002315536
2003010002315537
2003010002315538
2003010002315539
2003010002315540
2003010002315541
2003010002315542
2003010002315543
2003010002315544
2003010002315545
2003010002315546
2003010002315547
2003010002315548
2003010002315549
2003010002315550
2003010002315551
2003010002315552
2003010002315553
2003010002315554
2003010002315555
2003010002315556
2003010002315557
2003010002315558
2003010002315559
2003010002315560
2003010002315561
2003010002315562
2003010002315563
2003010002315564
2003010002315565
2003010002315566
2003010002315567
2003010002315568
2003010002315569
2003010002315570
2003010002315571
2003010002315572
2003010002315573
2003010002315574
2003010002315575
2003010002315576
2003010002315577
2003010002315578
2003010002315579
2003010002315580
2003010002315581
2003010002315582
2003010002315583
2003010002315584
2003010002315585
2003010002315586
2003010002315587
2003010002315588
2003010002315589
2003010002315590
2003010002315591
2003010002315592
2003010002315593
2003010002315594
2003010002315595
2003010002315596
2003010002315597
2003010002315598
2003010002315599
2003010002315600
2003010002315601
2003010002315602
2003010002315603
2003010002315604
2003010002315605
2003010002315606
2003010002315607
2003010002315608
2003010002315609
2003010002315610
2003010002315611
2003010002315612
2003010002315613
2003010002315614
2003010002315615
2003010002315616
2003010002315617
2003010002315618
2003010002315619
2003010002315620
2003010002315621
2003010002315622
2003010002315623
2003010002315624
2003010002315625
2003010002315626
2003010002315627
2003010002315628
2003010002315629
2003010002315630
2003010002315631
2003010002315632
2003010002315633
2003010002315634
2003010002315635
2003010002315636
2003010002315637
2003010002315638
2003010002315639
2003010002315640
2003010002315641
2003010002315642
2003010002315643
2003010002315644
2003010002315645
2003010002315646
2003010002315647
2003010002315648
2003010002315649
2003010002315650
2003010002315651
2003010002315652
2003010002315653
2003010002315654
2003010002315655
2003010002315656
2003010002315657
2003010002315658
2003010002315659
2003010002315660
2003010002315661
2003010002315662
2003010002315663
2003010002315664
2003010002315665
2003010002315666
2003010002315667
2003010002315668
2003010002315669
2003010002315670
2003010002315671
2003010002315672
2003010002315673
2003010002315674
2003010002315675
2003010002315676
2003010002315677
2003010002315678
2003010002315679
2003010002315680
2003010002315681
2003010002315682
2003010002315683
2003010002315684
2003010002315685
2003010002315686
2003010002315687
2003010002315688
2003010002315689
2003010002315690
2003010002315691
2003010002315692
2003010002315693
2003010002315694
2003010002315695
2003010002315696
2003010002315697
2003010002315698
2003010002315699
2003010002315700
2003010002315701
2003010002315702
2003010002315703
2003010002315704
2003010002315705
2003010002315706
2003010002315707
2003010002315708
2003010002315709
2003010002315710
2003010002315711
2003010002315712
2003010002315713
2003010002315714
2003010002315715
2003010002315716
2003010002315717
2003010002315718
2003010002315719
2003010002315720
2003010002315721
2003010002315722
2003010002315723
2003010002315724
2003010002315725
2003010002315726
2003010002315727
2003010002315728
2003010002315729
2003010002315730
2003010002315731
2003010002315732
2003010002315733
2003010002315734
2003010002315735
2003010002315736
2003010002315737
2003010002315738
2003010002315739
2003010002315740
2003010002315741
2003010002315742
2003010002315743
2003010002315744
2003010002315745
2003010002315746
2003010002315747
2003010002315748
2003010002315749
2003010002315750
2003010002315751
2003010002315752
2003010002315753
2003010002315754
2003010002315755
2003010002315756
2003010002315757
2003010002315758
2003010002315759
2003010002315760
2003010002315761
2003010002315762
2003010002315763
2003010002315764
2003010002315765
2003010002315766
2003010002315767
2003010002315768
2003010002315769
2003010002315770
2003010002315771
2003010002315772
2003010002315773
2003010002315774
2003010002315775
2003010002315776
2003010002315777
2003010002315778
2003010002315779
2003010002315780
2003010002315781
2003010002315782
2003010002315783
2003010002315784
2003010002315785
2003010002315786
2003010002315787
2003010002315788
2003010002315789
2003010002315790
2003010002315791
2003010002315792
2003010002315793
2003010002315794
2003010002315795
2003010002315796
2003010002315797
2003010002315798
2003010002315799
2003010002315800
2003010002315801
2003010002315802
2003010002315803
2003010002315804
2003010002315805
2003010002315806
2003010002315807
2003010002315808
2003010002315809
2003010002315810
2003010002315811
2003010002315812
2003010002315813
2003010002315814
2003010002315815
2003010002315816
2003010002315817
2003010002315818
2003010002315819
2003010002315820
2003010002315821
2003010002315822
2003010002315823
2003010002315824
2003010002315825
2003010002315826
2003010002315827
2003010002315828
2003010002315829
2003010002315830
2003010002315831
2003010002315832
2003010002315833
2003010002315834
2003010002315835
2003010002315836
2003010002315837
2003010002315838
2003010002315839
2003010002315840
2003010002315841
2003010002315842
2003010002315843
2003010002315844
2003010002315845
2003010002315846
2003010002315847
2003010002315848
2003010002315849
2003010002315850
2003010002315851
2003010002315852
2003010002315853
2003010002315854
2003010002315855
2003010002315856
2003010002315857
2003010002315858
2003010002315859
2003010002315860
2003010002315861
2003010002315862
2003010002315863
2003010002315864
2003010002315865
2003010002315866
2003010002315867
2003010002315868
2003010002315869
2003010002315870
2003010002315871
2003010002315872
2003010002315873
2003010002315874
2003010002315875
2003010002315876
2003010002315877
2003010002315878
2003010002315879
2003010002315880
2003010002315881
2003010002315882
2003010002315883
2003010002315884
2003010002315885
2003010002315886
2003010002315887
2003010002315888
2003010002315889
2003010002315890
2003010002315891
2003010002315892
2003010002315893
2003010002315894
2003010002315895
2003010002315896
2003010002315897
2003010002315898
2003010002315899
2003010002315900
2003010002315901
2003010002315902
2003010002315903
2003010002315904
2003010002315905
2003010002315906
2003010002315907
2003010002315908
2003010002315909
2003010002315910
2003010002315911
2003010002315912
2003010002315913
2003010002315914
2003010002315915
2003010002315916
2003010002315917
2003010002315918
2003010002315919
2003010002315920
2003010002315921
2003010002315922
2003010002315923
2003010002315924
2003010002315925
2003010002315926
2003010002315927
2003010002315928
2003010002315929
2003010002315930
2003010002315931
2003010002315932
2003010002315933
2003010002315934
2003010002315935
2003010002315936
2003010002315937
2003010002315938
2003010002315939
2003010002315940
2003010002315941
2003010002315942
2003010002315943
2003010002315944
2003010002315945
2003010002315946
2003010002315947
2003010002315948
2003010002315949
2003010002315950
2003010002315951
2003010002315952
2003010002315953
2003010002315954
2003010002315955
2003010002315956
2003010002315957
2003010002315958
2003010002315959
2003010002315960
2003010002315961
2003010002315962
2003010002315963
2003010002315964
2003010002315965
2003010002315966
2003010002315967
2003010002315968
2003010002315969
2003010002315970
2003010002315971
2003010002315972
2003010002315973
2003010002315974
2003010002315975
2003010002315976
2003010002315977
2003010002315978
2003010002315979
2003010002315980
2003010002315981
2003010002315982
2003010002315983
2003010002315984
2003010002315985
2003010002315986
2003010002315987
2003010002315988
2003010002315989
2003010002315990
2003010002315991
2003010002315992
2003010002315993
2003010002315994
2003010002315995
2003010002315996
2003010002315997
2003010002315998
2003010002315999
2003010002316000
2003010002316001
2003010002316002
2003010002316003
2003010002316004
2003010002316005
2003010002316006
2003010002316007
2003010002316008
2003010002316009
2003010002316010
2003010002316011
2003010002316012
2003010002316013
2003010002316014
2003010002316015
2003010002316016
2003010002316017
2003010002316018
2003010002316019
2003010002316020
2003010002316021
2003010002316022
2003010002316023
2003010002316024
2003010002316025
2003010002316026
2003010002316027
2003010002316028
2003010002316029
2003010002316030
2003010002316031
2003010002316032
2003010002316033
2003010002316034
2003010002316035
2003010002316036
2003010002316037
2003010002316038
2003010002316039
2003010002316040
2003010002316041
2003010002316042
2003010002316043
2003010002316044
2003010002316045
2003010002316046
2003010002316047
2003010002316048
2003010002316049
2003010002316050
2003010002316051
2003010002316052
2003010002316053
2003010002316054
2003010002316055
2003010002316056
2003010002316057
2003010002316058
2003010002316059
2003010002316060
2003010002316061
2003010002316062
2003010002316063
2003010002316064
2003010002316065
2003010002316066
2003010002316067
2003010002316068
2003010002316069
2003010002316070
2003010002316071
2003010002316072
2003010002316073
2003010002316074
2003010002316075
2003010002316076
2003010002316077
2003010002316078
2003010002316079
2003010002316080
2003010002316081
2003010002316082
2003010002316083
2003010002316084
2003010002316085
2003010002316086
2003010002316087
2003010002316088
2003010002316089
2003010002316090
2003010002316091
2003010002316092
2003010002316093
2003010002316094
2003010002316095
2003010002316096
2003010002316097
2003010002316098
2003010002316099
2003010002316100
2003010002316101
2003010002316102
2003010002316103
2003010002316104
2003010002316105
2003010002316106
2003010002316107
2003010002316108
2003010002316109
2003010002316110
2003010002316111
2003010002316112
2003010002316113
2003010002316114
2003010002316115
2003010002316116
2003010002316117
2003010002316118
2003010002316119
2003010002316120
2003010002316121
2003010002316122
2003010002316123
2003010002316124
2003010002316125
2003010002316126
2003010002316127
2003010002316128
2003010002316129
2003010002316130
2003010002316131
2003010002316132
2003010002316133
2003010002316134
2003010002316135
2003010002316136
2003010002316137
2003010002316138
2003010002316139
2003010002316140
2003010002316141
2003010002316142
2003010002316143
2003010002316144
2003010002316145
2003010002316146
2003010002316147
2003010002316148
2003010002316149
2003010002316150
2003010002316151
2003010002316152
2003010002316153
2003010002316154
2003010002316155
2003010002316156
2003010002316157
2003010002316158
2003010002316159
2003010002316160
2003010002316161
2003010002316162
2003010002316163
2003010002316164
2003010002316165
2003010002316166
2003010002316167
2003010002316168
2003010002316169
2003010002316170
2003010002316171
2003010002316172
2003010002316173
2003010002316174
2003010002316175
2003010002316176
2003010002316177
2003010002316178
2003010002316179
2003010002316180
2003010002316181
2003010002316182
2003010002316183
2003010002316184
2003010002316185
2003010002316186
2003010002316187
2003010002316188
2003010002316189
2003010002316190
2003010002316191
2003010002316192
2003010002316193
2003010002316194
2003010002316195
2003010002316196
2003010002316197
2003010002316198
2003010002316199
2003010002316200
2003010002316201
2003010002316202
2003010002316203
2003010002316204
2003010002316205
2003010002316206
2003010002316207
2003010002316208
2003010002316209
2003010002316210
2003010002316211
2003010002316212
2003010002316213
2003010002316214
2003010002316215
2003010002316216
2003010002316217
2003010002316218
2003010002316219
2003010002316220
2003010002316221
2003010002316222
2003010002316223
2003010002316224
2003010002316225
2003010002316226
2003010002316227
2003010002316228
2003010002316229
2003010002316230
2003010002316231
2003010002316232
2003010002316233
2003010002316234
2003010002316235
2003010002316236
2003010002316237
2003010002316238
2003010002316239
2003010002316240
2003010002316241
2003010002316242
2003010002316243
2003010002316244
2003010002316245
2003010002316246
2003010002316247
2003010002316248
2003010002316249
2003010002316250
2003010002316251
2003010002316252
2003010002316253
2003010002316254
2003010002316255
2003010002316256
2003010002316257
2003010002316258
2003010002316259
2003010002316260
2003010002316261
2003010002316262
2003010002316263
2003010002316264
2003010002316265
2003010002316266
2003010002316267
2003010002316268
2003010002316269
2003010002316270
2003010002316271
2003010002316272
2003010002316273
2003010002316274
2003010002316275
2003010002316276
2003010002316277
2003010002316278
2003010002316279
2003010002316280
2003010002316281
2003010002316282
2003010002316283
2003010002316284
2003010002316285
2003010002316286
2003010002316287
2003010002316288
2003010002316289
2003010002316290
2003010002316291
2003010002316292
2003010002316293
2003010002316294
2003010002316295
2003010002316296
2003010002316297
2003010002316298
2003010002316299
2003010002316300
2003010002316301
2003010002316302
2003010002316303
2003010002316304
2003010002316305
2003010002316306
2003010002316307
2003010002316308
2003010002316309
2003010002316310
2003010002316311
2003010002316312
2003010002316313
2003010002316314
2003010002316315
2003010002316316
2003010002316317
2003010002316318
2003010002316319
2003010002316320
2003010002316321
2003010002316322
2003010002316323
2003010002316324
2003010002316325
2003010002316326
2003010002316327
2003010002316328
2003010002316329
2003010002316330
2003010002316331
2003010002316332
2003010002316333
2003010002316334
2003010002316335
2003010002316336
2003010002316337
2003010002316338
2003010002316339
2003010002316340
2003010002316341
2003010002316342
2003010002316343
2003010002316344
2003010002316345
2003010002316346
2003010002316347
2003010002316348
2003010002316349
2003010002316350
2003010002316351
2003010002316352
2003010002316353
2003010002316354
2003010002316355
2003010002316356
2003010002316357
2003010002316358
2003010002316359
2003010002316360
2003010002316361
2003010002316362
2003010002316363
2003010002316364
2003010002316365
2003010002316366
2003010002316367
2003010002316368
2003010002316369
2003010002316370
2003010002316371
2003010002316372
2003010002316373
2003010002316374
2003010002316375
2003010002316376
2003010002316377
2003010002316378
2003010002316379
2003010002316380
2003010002316381
2003010002316382
2003010002316383
2003010002316384
2003010002316385
2003010002316386
2003010002316387
2003010002316388
2003010002316389
2003010002316390
2003010002316391
2003010002316392
2003010002316393
2003010002316394
2003010002316395
2003010002316396
2003010002316397
2003010002316398
2003010002316399
2003010002316400
2003010002316401
2003010002316402
2003010002316403
2003010002316404
2003010002316405
2003010002316406
2003010002316407
2003010002316408
2003010002316409
2003010002316410
2003010002316411
2003010002316412
2003010002316413
2003010002316414
2003010002316415
2003010002316416
2003010002316417
2003010002316418
2003010002316419
2003010002316420
2003010002316421
2003010002316422
2003010002316423
2003010002316424
2003010002316425
2003010002316426
2003010002316427
2003010002316428
2003010002316429
2003010002316430
2003010002316431
2003010002316432
2003010002316433
2003010002316434
2003010002316435
2003010002316436
2003010002316437
2003010002316438
2003010002316439
2003010002316440
2003010002316441
2003010002316442
2003010002316443
2003010002316444
2003010002316445
2003010002316446
2003010002316447
2003010002316448
2003010002316449
2003010002316450
2003010002316451
2003010002316452
2003010002316453
2003010002316454
2003010002316455
2003010002316456
2003010002316457
2003010002316458
2003010002316459
2003010002316460
2003010002316461
2003010002316462
2003010002316463
2003010002316464
2003010002316465
2003010002316466
2003010002316467
2003010002316468
2003010002316469
2003010002316470
2003010002316471
2003010002316472
2003010002316473
2003010002316474
2003010002316475
2003010002316476
2003010002316477
2003010002316478
2003010002316479
2003010002316480
2003010002316481
2003010002316482
2003010002316483
2003010002316484
2003010002316485
2003010002316486
2003010002316487
2003010002316488
2003010002316489
2003010002316490
2003010002316491
2003010002316492
2003010002316493
2003010002316494
2003010002316495
2003010002316496
2003010002316497
2003010002316498
2003010002316499
2003010002316500
2003010002316501
2003010002316502
2003010002316503
2003010002316504
2003010002316505
2003010002316506
2003010002316507
2003010002316508
2003010002316509
2003010002316510
2003010002316511
2003010002316512
2003010002316513
2003010002316514
2003010002316515
2003010002316516
2003010002316517
2003010002316518
2003010002316519
2003010002316520
2003010002316521
2003010002316522
2003010002316523
2003010002316524
2003010002316525
2003010002316526
2003010002316527
2003010002316528
2003010002316529
2003010002316530
2003010002316531
2003010002316532
2003010002316533
2003010002316534
2003010002316535
2003010002316536
2003010002316537
2003010002316538
2003010002316539
2003010002316540
2003010002316541
2003010002316542
2003010002316543
2003010002316544
2003010002316545
2003010002316546
2003010002316547
2003010002316548
2003010002316549
2003010002316550
2003010002316551
2003010002316552
2003010002316553
2003010002316554
2003010002316555
2003010002316556
2003010002316557
2003010002316558
2003010002316559
2003010002316560
2003010002316561
2003010002316562
2003010002316563
2003010002316564
2003010002316565
2003010002316566
2003010002316567
2003010002316568
2003010002316569
2003010002316570
2003010002316571
2003010002316572
2003010002316573
2003010002316574
2003010002316575
2003010002316576
2003010002316577
2003010002316578
2003010002316579
2003010002316580
2003010002316581
2003010002316582
2003010002316583
2003010002316584
2003010002316585
2003010002316586
2003010002316587
2003010002316588
2003010002316589
2003010002316590
2003010002316591
2003010002316592
2003010002316593
2003010002316594
2003010002316595
2003010002316596
2003010002316597
2003010002316598
2003010002316599
2003010002316600
2003010002316601
2003010002316602
2003010002316603
2003010002316604
2003010002316605
2003010002316606
2003010002316607
2003010002316608
2003010002316609
2003010002316610
2003010002316611
2003010002316612
2003010002316613
2003010002316614
2003010002316615
2003010002316616
2003010002316617
2003010002316618
2003010002316619
2003010002316620
2003010002316621
2003010002316622
2003010002316623
2003010002316624
2003010002316625
2003010002316626
2003010002316627
2003010002316628
2003010002316629
2003010002316630
2003010002316631
2003010002316632
2003010002316633
2003010002316634
2003010002316635
2003010002316636
2003010002316637
2003010002316638
2003010002316639
2003010002316640
2003010002316641
2003010002316642
2003010002316643
2003010002316644
2003010002316645
2003010002316646
2003010002316647
2003010002316648
2003010002316649
2003010002316650
2003010002316651
2003010002316652
2003010002316653
2003010002316654
2003010002316655
2003010002316656
2003010002316657
2003010002316658
2003010002316659
2003010002316660
2003010002316661
2003010002316662
2003010002316663
2003010002316664
2003010002316665
2003010002316666
2003010002316667
2003010002316668
2003010002316669
2003010002316670
2003010002316671
2003010002316672
2003010002316673
2003010002316674
2003010002316675
2003010002316676
2003010002316677
2003010002316678
2003010002316679
2003010002316680
2003010002316681
2003010002316682
2003010002316683
2003010002316684
2003010002316685
2003010002316686
2003010002316687
2003010002316688
2003010002316689
2003010002316690
2003010002316691
2003010002316692
2003010002316693
2003010002316694
2003010002316695
2003010002316696
2003010002316697
2003010002316698
2003010002316699
2003010002316700
2003010002316701
2003010002316702
2003010002316703
2003010002316704
2003010002316705
2003010002316706
2003010002316707
2003010002316708
2003010002316709
2003010002316710
2003010002316711
2003010002316712
2003010002316713
2003010002316714
2003010002316715
2003010002316716
2003010002316717
2003010002316718
2003010002316719
2003010002316720
2003010002316721
2003010002316722
2003010002316723
2003010002316724
2003010002316725
2003010002316726
2003010002316727
2003010002316728
2003010002316729
2003010002316730
2003010002316731
2003010002316732
2003010002316733
2003010002316734
2003010002316735
2003010002316736
2003010002316737
2003010002316738
2003010002316739
2003010002316740
2003010002316741
2003010002316742
2003010002316743
2003010002316744
2003010002316745
2003010002316746
2003010002316747
2003010002316748
2003010002316749
2003010002316750
2003010002316751
2003010002316752
2003010002316753
2003010002316754
2003010002316755
2003010002316756
2003010002316757
2003010002316758
2003010002316759
2003010002316760
2003010002316761
2003010002316762
2003010002316763
2003010002316764
2003010002316765
2003010002316766
2003010002316767
2003010002316768
2003010002316769
2003010002316770
2003010002316771
2003010002316772
2003010002316773
2003010002316774
2003010002316775
2003010002316776
2003010002316777
2003010002316778
2003010002316779
2003010002316780
2003010002316781
2003010002316782
2003010002316783
2003010002316784
2003010002316785
2003010002316786
2003010002316787
2003010002316788
2003010002316789
2003010002316790
2003010002316791
2003010002316792
2003010002316793
2003010002316794
2003010002316795
2003010002316796
2003010002316797
2003010002316798
2003010002316799
2003010002316800
2003010002316801
2003010002316802
2003010002316803
2003010002316804
2003010002316805
2003010002316806
2003010002316807
2003010002316808
2003010002316809
2003010002316810
2003010002316811
2003010002316812
2003010002316813
2003010002316814
2003010002316815
2003010002316816
2003010002316817
2003010002316818
2003010002316819
2003010002316820
2003010002316821
2003010002316822
2003010002316823
2003010002316824
2003010002316825
2003010002316826
2003010002316827
2003010002316828
2003010002316829
2003010002316830
2003010002316831
2003010002316832
2003010002316833
2003010002316834
2003010002316835
2003010002316836
2003010002316837
2003010002316838
2003010002316839
2003010002316840
2003010002316841
2003010002316842
2003010002316843
2003010002316844
2003010002316845
2003010002316846
2003010002316847
2003010002316848
2003010002316849
2003010002316850
2003010002316851
2003010002316852
2003010002316853
2003010002316854
2003010002316855
2003010002316856
2003010002316857
2003010002316858
2003010002316859
2003010002316860
2003010002316861
2003010002316862
2003010002316863
2003010002316864
2003010002316865
2003010002316866
2003010002316867
2003010002316868
2003010002316869
2003010002316870
2003010002316871
2003010002316872
2003010002316873
2003010002316874
2003010002316875
2003010002316876
2003010002316877
2003010002316878
2003010002316879
2003010002316880
2003010002316881
2003010002316882
2003010002316883
2003010002316884
2003010002316885
2003010002316886
2003010002316887
2003010002316888
2003010002316889
2003010002316890
2003010002316891
2003010002316892
2003010002316893
2003010002316894
2003010002316895
2003010002316896
2003010002316897
2003010002316898
2003010002316899
2003010002316900
2003010002316901
2003010002316902
2003010002316903
2003010002316904
2003010002316905
2003010002316906
2003010002316907
2003010002316908
2003010002316909
2003010002316910
2003010002316911
2003010002316912
2003010002316913
2003010002316914
2003010002316915
2003010002316916
2003010002316917
2003010002316918
2003010002316919
2003010002316920
2003010002316921
2003010002316922
2003010002316923
2003010002316924
2003010002316925
2003010002316926
2003010002316927
2003010002316928
2003010002316929
2003010002316930
2003010002316931
2003010002316932
2003010002316933
2003010002316934
2003010002316935
2003010002316936
2003010002316937
2003010002316938
2003010002316939
2003010002316940
2003010002316941
2003010002316942
2003010002316943
2003010002316944
2003010002316945
2003010002316946
2003010002316947
2003010002316948
2003010002316949
2003010002316950
2003010002316951
2003010002316952
2003010002316953
2003010002316954
2003010002316955
2003010002316956
2003010002316957
2003010002316958
2003010002316959
2003010002316960
2003010002316961
2003010002316962
2003010002316963
2003010002316964
2003010002316965
2003010002316966
2003010002316967
2003010002316968
2003010002316969
2003010002316970
2003010002316971
2003010002316972
2003010002316973
2003010002316974
2003010002316975
2003010002316976
2003010002316977
2003010002316978
2003010002316979
2003010002316980
2003010002316981
2003010002316982
2003010002316983
2003010002316984
2003010002316985
2003010002316986
2003010002316987
2003010002316988
2003010002316989
2003010002316990
2003010002316991
2003010002316992
2003010002316993
2003010002316994
2003010002316995
2003010002316996
2003010002316997
2003010002316998
2003010002316999
2003010002317000
2003010002317001
2003010002317002
2003010002317003
2003010002317004
2003010002317005
2003010002317006
2003010002317007
2003010002317008
2003010002317009
2003010002317010
2003010002317011
2003010002317012
2003010002317013
2003010002317014
2003010002317015
2003010002317016
2003010002317017
2003010002317018
2003010002317019
2003010002317020
2003010002317021
2003010002317022
2003010002317023
2003010002317024
2003010002317025
2003010002317026
2003010002317027
2003010002317028
2003010002317029
2003010002317030
2003010002317031
2003010002317032