2003010002347033
2003010002347034
2003010002347035
2003010002347036
2003010002347037
2003010002347038
2003010002347039
2003010002347040
2003010002347041
2003010002347042
2003010002347043
2003010002347044
2003010002347045
2003010002347046
2003010002347047
2003010002347048
2003010002347049
2003010002347050
2003010002347051
2003010002347052
2003010002347053
2003010002347054
2003010002347055
2003010002347056
2003010002347057
2003010002347058
2003010002347059
2003010002347060
2003010002347061
2003010002347062
2003010002347063
2003010002347064
2003010002347065
2003010002347066
2003010002347067
2003010002347068
2003010002347069
2003010002347070
2003010002347071
2003010002347072
2003010002347073
2003010002347074
2003010002347075
2003010002347076
2003010002347077
2003010002347078
2003010002347079
2003010002347080
2003010002347081
2003010002347082
2003010002347083
2003010002347084
2003010002347085
2003010002347086
2003010002347087
2003010002347088
2003010002347089
2003010002347090
2003010002347091
2003010002347092
2003010002347093
2003010002347094
2003010002347095
2003010002347096
2003010002347097
2003010002347098
2003010002347099
2003010002347100
2003010002347101
2003010002347102
2003010002347103
2003010002347104
2003010002347105
2003010002347106
2003010002347107
2003010002347108
2003010002347109
2003010002347110
2003010002347111
2003010002347112
2003010002347113
2003010002347114
2003010002347115
2003010002347116
2003010002347117
2003010002347118
2003010002347119
2003010002347120
2003010002347121
2003010002347122
2003010002347123
2003010002347124
2003010002347125
2003010002347126
2003010002347127
2003010002347128
2003010002347129
2003010002347130
2003010002347131
2003010002347132
2003010002347133
2003010002347134
2003010002347135
2003010002347136
2003010002347137
2003010002347138
2003010002347139
2003010002347140
2003010002347141
2003010002347142
2003010002347143
2003010002347144
2003010002347145
2003010002347146
2003010002347147
2003010002347148
2003010002347149
2003010002347150
2003010002347151
2003010002347152
2003010002347153
2003010002347154
2003010002347155
2003010002347156
2003010002347157
2003010002347158
2003010002347159
2003010002347160
2003010002347161
2003010002347162
2003010002347163
2003010002347164
2003010002347165
2003010002347166
2003010002347167
2003010002347168
2003010002347169
2003010002347170
2003010002347171
2003010002347172
2003010002347173
2003010002347174
2003010002347175
2003010002347176
2003010002347177
2003010002347178
2003010002347179
2003010002347180
2003010002347181
2003010002347182
2003010002347183
2003010002347184
2003010002347185
2003010002347186
2003010002347187
2003010002347188
2003010002347189
2003010002347190
2003010002347191
2003010002347192
2003010002347193
2003010002347194
2003010002347195
2003010002347196
2003010002347197
2003010002347198
2003010002347199
2003010002347200
2003010002347201
2003010002347202
2003010002347203
2003010002347204
2003010002347205
2003010002347206
2003010002347207
2003010002347208
2003010002347209
2003010002347210
2003010002347211
2003010002347212
2003010002347213
2003010002347214
2003010002347215
2003010002347216
2003010002347217
2003010002347218
2003010002347219
2003010002347220
2003010002347221
2003010002347222
2003010002347223
2003010002347224
2003010002347225
2003010002347226
2003010002347227
2003010002347228
2003010002347229
2003010002347230
2003010002347231
2003010002347232
2003010002347233
2003010002347234
2003010002347235
2003010002347236
2003010002347237
2003010002347238
2003010002347239
2003010002347240
2003010002347241
2003010002347242
2003010002347243
2003010002347244
2003010002347245
2003010002347246
2003010002347247
2003010002347248
2003010002347249
2003010002347250
2003010002347251
2003010002347252
2003010002347253
2003010002347254
2003010002347255
2003010002347256
2003010002347257
2003010002347258
2003010002347259
2003010002347260
2003010002347261
2003010002347262
2003010002347263
2003010002347264
2003010002347265
2003010002347266
2003010002347267
2003010002347268
2003010002347269
2003010002347270
2003010002347271
2003010002347272
2003010002347273
2003010002347274
2003010002347275
2003010002347276
2003010002347277
2003010002347278
2003010002347279
2003010002347280
2003010002347281
2003010002347282
2003010002347283
2003010002347284
2003010002347285
2003010002347286
2003010002347287
2003010002347288
2003010002347289
2003010002347290
2003010002347291
2003010002347292
2003010002347293
2003010002347294
2003010002347295
2003010002347296
2003010002347297
2003010002347298
2003010002347299
2003010002347300
2003010002347301
2003010002347302
2003010002347303
2003010002347304
2003010002347305
2003010002347306
2003010002347307
2003010002347308
2003010002347309
2003010002347310
2003010002347311
2003010002347312
2003010002347313
2003010002347314
2003010002347315
2003010002347316
2003010002347317
2003010002347318
2003010002347319
2003010002347320
2003010002347321
2003010002347322
2003010002347323
2003010002347324
2003010002347325
2003010002347326
2003010002347327
2003010002347328
2003010002347329
2003010002347330
2003010002347331
2003010002347332
2003010002347333
2003010002347334
2003010002347335
2003010002347336
2003010002347337
2003010002347338
2003010002347339
2003010002347340
2003010002347341
2003010002347342
2003010002347343
2003010002347344
2003010002347345
2003010002347346
2003010002347347
2003010002347348
2003010002347349
2003010002347350
2003010002347351
2003010002347352
2003010002347353
2003010002347354
2003010002347355
2003010002347356
2003010002347357
2003010002347358
2003010002347359
2003010002347360
2003010002347361
2003010002347362
2003010002347363
2003010002347364
2003010002347365
2003010002347366
2003010002347367
2003010002347368
2003010002347369
2003010002347370
2003010002347371
2003010002347372
2003010002347373
2003010002347374
2003010002347375
2003010002347376
2003010002347377
2003010002347378
2003010002347379
2003010002347380
2003010002347381
2003010002347382
2003010002347383
2003010002347384
2003010002347385
2003010002347386
2003010002347387
2003010002347388
2003010002347389
2003010002347390
2003010002347391
2003010002347392
2003010002347393
2003010002347394
2003010002347395
2003010002347396
2003010002347397
2003010002347398
2003010002347399
2003010002347400
2003010002347401
2003010002347402
2003010002347403
2003010002347404
2003010002347405
2003010002347406
2003010002347407
2003010002347408
2003010002347409
2003010002347410
2003010002347411
2003010002347412
2003010002347413
2003010002347414
2003010002347415
2003010002347416
2003010002347417
2003010002347418
2003010002347419
2003010002347420
2003010002347421
2003010002347422
2003010002347423
2003010002347424
2003010002347425
2003010002347426
2003010002347427
2003010002347428
2003010002347429
2003010002347430
2003010002347431
2003010002347432
2003010002347433
2003010002347434
2003010002347435
2003010002347436
2003010002347437
2003010002347438
2003010002347439
2003010002347440
2003010002347441
2003010002347442
2003010002347443
2003010002347444
2003010002347445
2003010002347446
2003010002347447
2003010002347448
2003010002347449
2003010002347450
2003010002347451
2003010002347452
2003010002347453
2003010002347454
2003010002347455
2003010002347456
2003010002347457
2003010002347458
2003010002347459
2003010002347460
2003010002347461
2003010002347462
2003010002347463
2003010002347464
2003010002347465
2003010002347466
2003010002347467
2003010002347468
2003010002347469
2003010002347470
2003010002347471
2003010002347472
2003010002347473
2003010002347474
2003010002347475
2003010002347476
2003010002347477
2003010002347478
2003010002347479
2003010002347480
2003010002347481
2003010002347482
2003010002347483
2003010002347484
2003010002347485
2003010002347486
2003010002347487
2003010002347488
2003010002347489
2003010002347490
2003010002347491
2003010002347492
2003010002347493
2003010002347494
2003010002347495
2003010002347496
2003010002347497
2003010002347498
2003010002347499
2003010002347500
2003010002347501
2003010002347502
2003010002347503
2003010002347504
2003010002347505
2003010002347506
2003010002347507
2003010002347508
2003010002347509
2003010002347510
2003010002347511
2003010002347512
2003010002347513
2003010002347514
2003010002347515
2003010002347516
2003010002347517
2003010002347518
2003010002347519
2003010002347520
2003010002347521
2003010002347522
2003010002347523
2003010002347524
2003010002347525
2003010002347526
2003010002347527
2003010002347528
2003010002347529
2003010002347530
2003010002347531
2003010002347532
2003010002347533
2003010002347534
2003010002347535
2003010002347536
2003010002347537
2003010002347538
2003010002347539
2003010002347540
2003010002347541
2003010002347542
2003010002347543
2003010002347544
2003010002347545
2003010002347546
2003010002347547
2003010002347548
2003010002347549
2003010002347550
2003010002347551
2003010002347552
2003010002347553
2003010002347554
2003010002347555
2003010002347556
2003010002347557
2003010002347558
2003010002347559
2003010002347560
2003010002347561
2003010002347562
2003010002347563
2003010002347564
2003010002347565
2003010002347566
2003010002347567
2003010002347568
2003010002347569
2003010002347570
2003010002347571
2003010002347572
2003010002347573
2003010002347574
2003010002347575
2003010002347576
2003010002347577
2003010002347578
2003010002347579
2003010002347580
2003010002347581
2003010002347582
2003010002347583
2003010002347584
2003010002347585
2003010002347586
2003010002347587
2003010002347588
2003010002347589
2003010002347590
2003010002347591
2003010002347592
2003010002347593
2003010002347594
2003010002347595
2003010002347596
2003010002347597
2003010002347598
2003010002347599
2003010002347600
2003010002347601
2003010002347602
2003010002347603
2003010002347604
2003010002347605
2003010002347606
2003010002347607
2003010002347608
2003010002347609
2003010002347610
2003010002347611
2003010002347612
2003010002347613
2003010002347614
2003010002347615
2003010002347616
2003010002347617
2003010002347618
2003010002347619
2003010002347620
2003010002347621
2003010002347622
2003010002347623
2003010002347624
2003010002347625
2003010002347626
2003010002347627
2003010002347628
2003010002347629
2003010002347630
2003010002347631
2003010002347632
2003010002347633
2003010002347634
2003010002347635
2003010002347636
2003010002347637
2003010002347638
2003010002347639
2003010002347640
2003010002347641
2003010002347642
2003010002347643
2003010002347644
2003010002347645
2003010002347646
2003010002347647
2003010002347648
2003010002347649
2003010002347650
2003010002347651
2003010002347652
2003010002347653
2003010002347654
2003010002347655
2003010002347656
2003010002347657
2003010002347658
2003010002347659
2003010002347660
2003010002347661
2003010002347662
2003010002347663
2003010002347664
2003010002347665
2003010002347666
2003010002347667
2003010002347668
2003010002347669
2003010002347670
2003010002347671
2003010002347672
2003010002347673
2003010002347674
2003010002347675
2003010002347676
2003010002347677
2003010002347678
2003010002347679
2003010002347680
2003010002347681
2003010002347682
2003010002347683
2003010002347684
2003010002347685
2003010002347686
2003010002347687
2003010002347688
2003010002347689
2003010002347690
2003010002347691
2003010002347692
2003010002347693
2003010002347694
2003010002347695
2003010002347696
2003010002347697
2003010002347698
2003010002347699
2003010002347700
2003010002347701
2003010002347702
2003010002347703
2003010002347704
2003010002347705
2003010002347706
2003010002347707
2003010002347708
2003010002347709
2003010002347710
2003010002347711
2003010002347712
2003010002347713
2003010002347714
2003010002347715
2003010002347716
2003010002347717
2003010002347718
2003010002347719
2003010002347720
2003010002347721
2003010002347722
2003010002347723
2003010002347724
2003010002347725
2003010002347726
2003010002347727
2003010002347728
2003010002347729
2003010002347730
2003010002347731
2003010002347732
2003010002347733
2003010002347734
2003010002347735
2003010002347736
2003010002347737
2003010002347738
2003010002347739
2003010002347740
2003010002347741
2003010002347742
2003010002347743
2003010002347744
2003010002347745
2003010002347746
2003010002347747
2003010002347748
2003010002347749
2003010002347750
2003010002347751
2003010002347752
2003010002347753
2003010002347754
2003010002347755
2003010002347756
2003010002347757
2003010002347758
2003010002347759
2003010002347760
2003010002347761
2003010002347762
2003010002347763
2003010002347764
2003010002347765
2003010002347766
2003010002347767
2003010002347768
2003010002347769
2003010002347770
2003010002347771
2003010002347772
2003010002347773
2003010002347774
2003010002347775
2003010002347776
2003010002347777
2003010002347778
2003010002347779
2003010002347780
2003010002347781
2003010002347782
2003010002347783
2003010002347784
2003010002347785
2003010002347786
2003010002347787
2003010002347788
2003010002347789
2003010002347790
2003010002347791
2003010002347792
2003010002347793
2003010002347794
2003010002347795
2003010002347796
2003010002347797
2003010002347798
2003010002347799
2003010002347800
2003010002347801
2003010002347802
2003010002347803
2003010002347804
2003010002347805
2003010002347806
2003010002347807
2003010002347808
2003010002347809
2003010002347810
2003010002347811
2003010002347812
2003010002347813
2003010002347814
2003010002347815
2003010002347816
2003010002347817
2003010002347818
2003010002347819
2003010002347820
2003010002347821
2003010002347822
2003010002347823
2003010002347824
2003010002347825
2003010002347826
2003010002347827
2003010002347828
2003010002347829
2003010002347830
2003010002347831
2003010002347832
2003010002347833
2003010002347834
2003010002347835
2003010002347836
2003010002347837
2003010002347838
2003010002347839
2003010002347840
2003010002347841
2003010002347842
2003010002347843
2003010002347844
2003010002347845
2003010002347846
2003010002347847
2003010002347848
2003010002347849
2003010002347850
2003010002347851
2003010002347852
2003010002347853
2003010002347854
2003010002347855
2003010002347856
2003010002347857
2003010002347858
2003010002347859
2003010002347860
2003010002347861
2003010002347862
2003010002347863
2003010002347864
2003010002347865
2003010002347866
2003010002347867
2003010002347868
2003010002347869
2003010002347870
2003010002347871
2003010002347872
2003010002347873
2003010002347874
2003010002347875
2003010002347876
2003010002347877
2003010002347878
2003010002347879
2003010002347880
2003010002347881
2003010002347882
2003010002347883
2003010002347884
2003010002347885
2003010002347886
2003010002347887
2003010002347888
2003010002347889
2003010002347890
2003010002347891
2003010002347892
2003010002347893
2003010002347894
2003010002347895
2003010002347896
2003010002347897
2003010002347898
2003010002347899
2003010002347900
2003010002347901
2003010002347902
2003010002347903
2003010002347904
2003010002347905
2003010002347906
2003010002347907
2003010002347908
2003010002347909
2003010002347910
2003010002347911
2003010002347912
2003010002347913
2003010002347914
2003010002347915
2003010002347916
2003010002347917
2003010002347918
2003010002347919
2003010002347920
2003010002347921
2003010002347922
2003010002347923
2003010002347924
2003010002347925
2003010002347926
2003010002347927
2003010002347928
2003010002347929
2003010002347930
2003010002347931
2003010002347932
2003010002347933
2003010002347934
2003010002347935
2003010002347936
2003010002347937
2003010002347938
2003010002347939
2003010002347940
2003010002347941
2003010002347942
2003010002347943
2003010002347944
2003010002347945
2003010002347946
2003010002347947
2003010002347948
2003010002347949
2003010002347950
2003010002347951
2003010002347952
2003010002347953
2003010002347954
2003010002347955
2003010002347956
2003010002347957
2003010002347958
2003010002347959
2003010002347960
2003010002347961
2003010002347962
2003010002347963
2003010002347964
2003010002347965
2003010002347966
2003010002347967
2003010002347968
2003010002347969
2003010002347970
2003010002347971
2003010002347972
2003010002347973
2003010002347974
2003010002347975
2003010002347976
2003010002347977
2003010002347978
2003010002347979
2003010002347980
2003010002347981
2003010002347982
2003010002347983
2003010002347984
2003010002347985
2003010002347986
2003010002347987
2003010002347988
2003010002347989
2003010002347990
2003010002347991
2003010002347992
2003010002347993
2003010002347994
2003010002347995
2003010002347996
2003010002347997
2003010002347998
2003010002347999
2003010002348000
2003010002348001
2003010002348002
2003010002348003
2003010002348004
2003010002348005
2003010002348006
2003010002348007
2003010002348008
2003010002348009
2003010002348010
2003010002348011
2003010002348012
2003010002348013
2003010002348014
2003010002348015
2003010002348016
2003010002348017
2003010002348018
2003010002348019
2003010002348020
2003010002348021
2003010002348022
2003010002348023
2003010002348024
2003010002348025
2003010002348026
2003010002348027
2003010002348028
2003010002348029
2003010002348030
2003010002348031
2003010002348032
2003010002348033
2003010002348034
2003010002348035
2003010002348036
2003010002348037
2003010002348038
2003010002348039
2003010002348040
2003010002348041
2003010002348042
2003010002348043
2003010002348044
2003010002348045
2003010002348046
2003010002348047
2003010002348048
2003010002348049
2003010002348050
2003010002348051
2003010002348052
2003010002348053
2003010002348054
2003010002348055
2003010002348056
2003010002348057
2003010002348058
2003010002348059
2003010002348060
2003010002348061
2003010002348062
2003010002348063
2003010002348064
2003010002348065
2003010002348066
2003010002348067
2003010002348068
2003010002348069
2003010002348070
2003010002348071
2003010002348072
2003010002348073
2003010002348074
2003010002348075
2003010002348076
2003010002348077
2003010002348078
2003010002348079
2003010002348080
2003010002348081
2003010002348082
2003010002348083
2003010002348084
2003010002348085
2003010002348086
2003010002348087
2003010002348088
2003010002348089
2003010002348090
2003010002348091
2003010002348092
2003010002348093
2003010002348094
2003010002348095
2003010002348096
2003010002348097
2003010002348098
2003010002348099
2003010002348100
2003010002348101
2003010002348102
2003010002348103
2003010002348104
2003010002348105
2003010002348106
2003010002348107
2003010002348108
2003010002348109
2003010002348110
2003010002348111
2003010002348112
2003010002348113
2003010002348114
2003010002348115
2003010002348116
2003010002348117
2003010002348118
2003010002348119
2003010002348120
2003010002348121
2003010002348122
2003010002348123
2003010002348124
2003010002348125
2003010002348126
2003010002348127
2003010002348128
2003010002348129
2003010002348130
2003010002348131
2003010002348132
2003010002348133
2003010002348134
2003010002348135
2003010002348136
2003010002348137
2003010002348138
2003010002348139
2003010002348140
2003010002348141
2003010002348142
2003010002348143
2003010002348144
2003010002348145
2003010002348146
2003010002348147
2003010002348148
2003010002348149
2003010002348150
2003010002348151
2003010002348152
2003010002348153
2003010002348154
2003010002348155
2003010002348156
2003010002348157
2003010002348158
2003010002348159
2003010002348160
2003010002348161
2003010002348162
2003010002348163
2003010002348164
2003010002348165
2003010002348166
2003010002348167
2003010002348168
2003010002348169
2003010002348170
2003010002348171
2003010002348172
2003010002348173
2003010002348174
2003010002348175
2003010002348176
2003010002348177
2003010002348178
2003010002348179
2003010002348180
2003010002348181
2003010002348182
2003010002348183
2003010002348184
2003010002348185
2003010002348186
2003010002348187
2003010002348188
2003010002348189
2003010002348190
2003010002348191
2003010002348192
2003010002348193
2003010002348194
2003010002348195
2003010002348196
2003010002348197
2003010002348198
2003010002348199
2003010002348200
2003010002348201
2003010002348202
2003010002348203
2003010002348204
2003010002348205
2003010002348206
2003010002348207
2003010002348208
2003010002348209
2003010002348210
2003010002348211
2003010002348212
2003010002348213
2003010002348214
2003010002348215
2003010002348216
2003010002348217
2003010002348218
2003010002348219
2003010002348220
2003010002348221
2003010002348222
2003010002348223
2003010002348224
2003010002348225
2003010002348226
2003010002348227
2003010002348228
2003010002348229
2003010002348230
2003010002348231
2003010002348232
2003010002348233
2003010002348234
2003010002348235
2003010002348236
2003010002348237
2003010002348238
2003010002348239
2003010002348240
2003010002348241
2003010002348242
2003010002348243
2003010002348244
2003010002348245
2003010002348246
2003010002348247
2003010002348248
2003010002348249
2003010002348250
2003010002348251
2003010002348252
2003010002348253
2003010002348254
2003010002348255
2003010002348256
2003010002348257
2003010002348258
2003010002348259
2003010002348260
2003010002348261
2003010002348262
2003010002348263
2003010002348264
2003010002348265
2003010002348266
2003010002348267
2003010002348268
2003010002348269
2003010002348270
2003010002348271
2003010002348272
2003010002348273
2003010002348274
2003010002348275
2003010002348276
2003010002348277
2003010002348278
2003010002348279
2003010002348280
2003010002348281
2003010002348282
2003010002348283
2003010002348284
2003010002348285
2003010002348286
2003010002348287
2003010002348288
2003010002348289
2003010002348290
2003010002348291
2003010002348292
2003010002348293
2003010002348294
2003010002348295
2003010002348296
2003010002348297
2003010002348298
2003010002348299
2003010002348300
2003010002348301
2003010002348302
2003010002348303
2003010002348304
2003010002348305
2003010002348306
2003010002348307
2003010002348308
2003010002348309
2003010002348310
2003010002348311
2003010002348312
2003010002348313
2003010002348314
2003010002348315
2003010002348316
2003010002348317
2003010002348318
2003010002348319
2003010002348320
2003010002348321
2003010002348322
2003010002348323
2003010002348324
2003010002348325
2003010002348326
2003010002348327
2003010002348328
2003010002348329
2003010002348330
2003010002348331
2003010002348332
2003010002348333
2003010002348334
2003010002348335
2003010002348336
2003010002348337
2003010002348338
2003010002348339
2003010002348340
2003010002348341
2003010002348342
2003010002348343
2003010002348344
2003010002348345
2003010002348346
2003010002348347
2003010002348348
2003010002348349
2003010002348350
2003010002348351
2003010002348352
2003010002348353
2003010002348354
2003010002348355
2003010002348356
2003010002348357
2003010002348358
2003010002348359
2003010002348360
2003010002348361
2003010002348362
2003010002348363
2003010002348364
2003010002348365
2003010002348366
2003010002348367
2003010002348368
2003010002348369
2003010002348370
2003010002348371
2003010002348372
2003010002348373
2003010002348374
2003010002348375
2003010002348376
2003010002348377
2003010002348378
2003010002348379
2003010002348380
2003010002348381
2003010002348382
2003010002348383
2003010002348384
2003010002348385
2003010002348386
2003010002348387
2003010002348388
2003010002348389
2003010002348390
2003010002348391
2003010002348392
2003010002348393
2003010002348394
2003010002348395
2003010002348396
2003010002348397
2003010002348398
2003010002348399
2003010002348400
2003010002348401
2003010002348402
2003010002348403
2003010002348404
2003010002348405
2003010002348406
2003010002348407
2003010002348408
2003010002348409
2003010002348410
2003010002348411
2003010002348412
2003010002348413
2003010002348414
2003010002348415
2003010002348416
2003010002348417
2003010002348418
2003010002348419
2003010002348420
2003010002348421
2003010002348422
2003010002348423
2003010002348424
2003010002348425
2003010002348426
2003010002348427
2003010002348428
2003010002348429
2003010002348430
2003010002348431
2003010002348432
2003010002348433
2003010002348434
2003010002348435
2003010002348436
2003010002348437
2003010002348438
2003010002348439
2003010002348440
2003010002348441
2003010002348442
2003010002348443
2003010002348444
2003010002348445
2003010002348446
2003010002348447
2003010002348448
2003010002348449
2003010002348450
2003010002348451
2003010002348452
2003010002348453
2003010002348454
2003010002348455
2003010002348456
2003010002348457
2003010002348458
2003010002348459
2003010002348460
2003010002348461
2003010002348462
2003010002348463
2003010002348464
2003010002348465
2003010002348466
2003010002348467
2003010002348468
2003010002348469
2003010002348470
2003010002348471
2003010002348472
2003010002348473
2003010002348474
2003010002348475
2003010002348476
2003010002348477
2003010002348478
2003010002348479
2003010002348480
2003010002348481
2003010002348482
2003010002348483
2003010002348484
2003010002348485
2003010002348486
2003010002348487
2003010002348488
2003010002348489
2003010002348490
2003010002348491
2003010002348492
2003010002348493
2003010002348494
2003010002348495
2003010002348496
2003010002348497
2003010002348498
2003010002348499
2003010002348500
2003010002348501
2003010002348502
2003010002348503
2003010002348504
2003010002348505
2003010002348506
2003010002348507
2003010002348508
2003010002348509
2003010002348510
2003010002348511
2003010002348512
2003010002348513
2003010002348514
2003010002348515
2003010002348516
2003010002348517
2003010002348518
2003010002348519
2003010002348520
2003010002348521
2003010002348522
2003010002348523
2003010002348524
2003010002348525
2003010002348526
2003010002348527
2003010002348528
2003010002348529
2003010002348530
2003010002348531
2003010002348532
2003010002348533
2003010002348534
2003010002348535
2003010002348536
2003010002348537
2003010002348538
2003010002348539
2003010002348540
2003010002348541
2003010002348542
2003010002348543
2003010002348544
2003010002348545
2003010002348546
2003010002348547
2003010002348548
2003010002348549
2003010002348550
2003010002348551
2003010002348552
2003010002348553
2003010002348554
2003010002348555
2003010002348556
2003010002348557
2003010002348558
2003010002348559
2003010002348560
2003010002348561
2003010002348562
2003010002348563
2003010002348564
2003010002348565
2003010002348566
2003010002348567
2003010002348568
2003010002348569
2003010002348570
2003010002348571
2003010002348572
2003010002348573
2003010002348574
2003010002348575
2003010002348576
2003010002348577
2003010002348578
2003010002348579
2003010002348580
2003010002348581
2003010002348582
2003010002348583
2003010002348584
2003010002348585
2003010002348586
2003010002348587
2003010002348588
2003010002348589
2003010002348590
2003010002348591
2003010002348592
2003010002348593
2003010002348594
2003010002348595
2003010002348596
2003010002348597
2003010002348598
2003010002348599
2003010002348600
2003010002348601
2003010002348602
2003010002348603
2003010002348604
2003010002348605
2003010002348606
2003010002348607
2003010002348608
2003010002348609
2003010002348610
2003010002348611
2003010002348612
2003010002348613
2003010002348614
2003010002348615
2003010002348616
2003010002348617
2003010002348618
2003010002348619
2003010002348620
2003010002348621
2003010002348622
2003010002348623
2003010002348624
2003010002348625
2003010002348626
2003010002348627
2003010002348628
2003010002348629
2003010002348630
2003010002348631
2003010002348632
2003010002348633
2003010002348634
2003010002348635
2003010002348636
2003010002348637
2003010002348638
2003010002348639
2003010002348640
2003010002348641
2003010002348642
2003010002348643
2003010002348644
2003010002348645
2003010002348646
2003010002348647
2003010002348648
2003010002348649
2003010002348650
2003010002348651
2003010002348652
2003010002348653
2003010002348654
2003010002348655
2003010002348656
2003010002348657
2003010002348658
2003010002348659
2003010002348660
2003010002348661
2003010002348662
2003010002348663
2003010002348664
2003010002348665
2003010002348666
2003010002348667
2003010002348668
2003010002348669
2003010002348670
2003010002348671
2003010002348672
2003010002348673
2003010002348674
2003010002348675
2003010002348676
2003010002348677
2003010002348678
2003010002348679
2003010002348680
2003010002348681
2003010002348682
2003010002348683
2003010002348684
2003010002348685
2003010002348686
2003010002348687
2003010002348688
2003010002348689
2003010002348690
2003010002348691
2003010002348692
2003010002348693
2003010002348694
2003010002348695
2003010002348696
2003010002348697
2003010002348698
2003010002348699
2003010002348700
2003010002348701
2003010002348702
2003010002348703
2003010002348704
2003010002348705
2003010002348706
2003010002348707
2003010002348708
2003010002348709
2003010002348710
2003010002348711
2003010002348712
2003010002348713
2003010002348714
2003010002348715
2003010002348716
2003010002348717
2003010002348718
2003010002348719
2003010002348720
2003010002348721
2003010002348722
2003010002348723
2003010002348724
2003010002348725
2003010002348726
2003010002348727
2003010002348728
2003010002348729
2003010002348730
2003010002348731
2003010002348732
2003010002348733
2003010002348734
2003010002348735
2003010002348736
2003010002348737
2003010002348738
2003010002348739
2003010002348740
2003010002348741
2003010002348742
2003010002348743
2003010002348744
2003010002348745
2003010002348746
2003010002348747
2003010002348748
2003010002348749
2003010002348750
2003010002348751
2003010002348752
2003010002348753
2003010002348754
2003010002348755
2003010002348756
2003010002348757
2003010002348758
2003010002348759
2003010002348760
2003010002348761
2003010002348762
2003010002348763
2003010002348764
2003010002348765
2003010002348766
2003010002348767
2003010002348768
2003010002348769
2003010002348770
2003010002348771
2003010002348772
2003010002348773
2003010002348774
2003010002348775
2003010002348776
2003010002348777
2003010002348778
2003010002348779
2003010002348780
2003010002348781
2003010002348782
2003010002348783
2003010002348784
2003010002348785
2003010002348786
2003010002348787
2003010002348788
2003010002348789
2003010002348790
2003010002348791
2003010002348792
2003010002348793
2003010002348794
2003010002348795
2003010002348796
2003010002348797
2003010002348798
2003010002348799
2003010002348800
2003010002348801
2003010002348802
2003010002348803
2003010002348804
2003010002348805
2003010002348806
2003010002348807
2003010002348808
2003010002348809
2003010002348810
2003010002348811
2003010002348812
2003010002348813
2003010002348814
2003010002348815
2003010002348816
2003010002348817
2003010002348818
2003010002348819
2003010002348820
2003010002348821
2003010002348822
2003010002348823
2003010002348824
2003010002348825
2003010002348826
2003010002348827
2003010002348828
2003010002348829
2003010002348830
2003010002348831
2003010002348832
2003010002348833
2003010002348834
2003010002348835
2003010002348836
2003010002348837
2003010002348838
2003010002348839
2003010002348840
2003010002348841
2003010002348842
2003010002348843
2003010002348844
2003010002348845
2003010002348846
2003010002348847
2003010002348848
2003010002348849
2003010002348850
2003010002348851
2003010002348852
2003010002348853
2003010002348854
2003010002348855
2003010002348856
2003010002348857
2003010002348858
2003010002348859
2003010002348860
2003010002348861
2003010002348862
2003010002348863
2003010002348864
2003010002348865
2003010002348866
2003010002348867
2003010002348868
2003010002348869
2003010002348870
2003010002348871
2003010002348872
2003010002348873
2003010002348874
2003010002348875
2003010002348876
2003010002348877
2003010002348878
2003010002348879
2003010002348880
2003010002348881
2003010002348882
2003010002348883
2003010002348884
2003010002348885
2003010002348886
2003010002348887
2003010002348888
2003010002348889
2003010002348890
2003010002348891
2003010002348892
2003010002348893
2003010002348894
2003010002348895
2003010002348896
2003010002348897
2003010002348898
2003010002348899
2003010002348900
2003010002348901
2003010002348902
2003010002348903
2003010002348904
2003010002348905
2003010002348906
2003010002348907
2003010002348908
2003010002348909
2003010002348910
2003010002348911
2003010002348912
2003010002348913
2003010002348914
2003010002348915
2003010002348916
2003010002348917
2003010002348918
2003010002348919
2003010002348920
2003010002348921
2003010002348922
2003010002348923
2003010002348924
2003010002348925
2003010002348926
2003010002348927
2003010002348928
2003010002348929
2003010002348930
2003010002348931
2003010002348932
2003010002348933
2003010002348934
2003010002348935
2003010002348936
2003010002348937
2003010002348938
2003010002348939
2003010002348940
2003010002348941
2003010002348942
2003010002348943
2003010002348944
2003010002348945
2003010002348946
2003010002348947
2003010002348948
2003010002348949
2003010002348950
2003010002348951
2003010002348952
2003010002348953
2003010002348954
2003010002348955
2003010002348956
2003010002348957
2003010002348958
2003010002348959
2003010002348960
2003010002348961
2003010002348962
2003010002348963
2003010002348964
2003010002348965
2003010002348966
2003010002348967
2003010002348968
2003010002348969
2003010002348970
2003010002348971
2003010002348972
2003010002348973
2003010002348974
2003010002348975
2003010002348976
2003010002348977
2003010002348978
2003010002348979
2003010002348980
2003010002348981
2003010002348982
2003010002348983
2003010002348984
2003010002348985
2003010002348986
2003010002348987
2003010002348988
2003010002348989
2003010002348990
2003010002348991
2003010002348992
2003010002348993
2003010002348994
2003010002348995
2003010002348996
2003010002348997
2003010002348998
2003010002348999
2003010002349000
2003010002349001
2003010002349002
2003010002349003
2003010002349004
2003010002349005
2003010002349006
2003010002349007
2003010002349008
2003010002349009
2003010002349010
2003010002349011
2003010002349012
2003010002349013
2003010002349014
2003010002349015
2003010002349016
2003010002349017
2003010002349018
2003010002349019
2003010002349020
2003010002349021
2003010002349022
2003010002349023
2003010002349024
2003010002349025
2003010002349026
2003010002349027
2003010002349028
2003010002349029
2003010002349030
2003010002349031
2003010002349032
2003010002349033
2003010002349034
2003010002349035
2003010002349036
2003010002349037
2003010002349038
2003010002349039
2003010002349040
2003010002349041
2003010002349042
2003010002349043
2003010002349044
2003010002349045
2003010002349046
2003010002349047
2003010002349048
2003010002349049
2003010002349050
2003010002349051
2003010002349052
2003010002349053
2003010002349054
2003010002349055
2003010002349056
2003010002349057
2003010002349058
2003010002349059
2003010002349060
2003010002349061
2003010002349062
2003010002349063
2003010002349064
2003010002349065
2003010002349066
2003010002349067
2003010002349068
2003010002349069
2003010002349070
2003010002349071
2003010002349072
2003010002349073
2003010002349074
2003010002349075
2003010002349076
2003010002349077
2003010002349078
2003010002349079
2003010002349080
2003010002349081
2003010002349082
2003010002349083
2003010002349084
2003010002349085
2003010002349086
2003010002349087
2003010002349088
2003010002349089
2003010002349090
2003010002349091
2003010002349092
2003010002349093
2003010002349094
2003010002349095
2003010002349096
2003010002349097
2003010002349098
2003010002349099
2003010002349100
2003010002349101
2003010002349102
2003010002349103
2003010002349104
2003010002349105
2003010002349106
2003010002349107
2003010002349108
2003010002349109
2003010002349110
2003010002349111
2003010002349112
2003010002349113
2003010002349114
2003010002349115
2003010002349116
2003010002349117
2003010002349118
2003010002349119
2003010002349120
2003010002349121
2003010002349122
2003010002349123
2003010002349124
2003010002349125
2003010002349126
2003010002349127
2003010002349128
2003010002349129
2003010002349130
2003010002349131
2003010002349132
2003010002349133
2003010002349134
2003010002349135
2003010002349136
2003010002349137
2003010002349138
2003010002349139
2003010002349140
2003010002349141
2003010002349142
2003010002349143
2003010002349144
2003010002349145
2003010002349146
2003010002349147
2003010002349148
2003010002349149
2003010002349150
2003010002349151
2003010002349152
2003010002349153
2003010002349154
2003010002349155
2003010002349156
2003010002349157
2003010002349158
2003010002349159
2003010002349160
2003010002349161
2003010002349162
2003010002349163
2003010002349164
2003010002349165
2003010002349166
2003010002349167
2003010002349168
2003010002349169
2003010002349170
2003010002349171
2003010002349172
2003010002349173
2003010002349174
2003010002349175
2003010002349176
2003010002349177
2003010002349178
2003010002349179
2003010002349180
2003010002349181
2003010002349182
2003010002349183
2003010002349184
2003010002349185
2003010002349186
2003010002349187
2003010002349188
2003010002349189
2003010002349190
2003010002349191
2003010002349192
2003010002349193
2003010002349194
2003010002349195
2003010002349196
2003010002349197
2003010002349198
2003010002349199
2003010002349200
2003010002349201
2003010002349202
2003010002349203
2003010002349204
2003010002349205
2003010002349206
2003010002349207
2003010002349208
2003010002349209
2003010002349210
2003010002349211
2003010002349212
2003010002349213
2003010002349214
2003010002349215
2003010002349216
2003010002349217
2003010002349218
2003010002349219
2003010002349220
2003010002349221
2003010002349222
2003010002349223
2003010002349224
2003010002349225
2003010002349226
2003010002349227
2003010002349228
2003010002349229
2003010002349230
2003010002349231
2003010002349232
2003010002349233
2003010002349234
2003010002349235
2003010002349236
2003010002349237
2003010002349238
2003010002349239
2003010002349240
2003010002349241
2003010002349242
2003010002349243
2003010002349244
2003010002349245
2003010002349246
2003010002349247
2003010002349248
2003010002349249
2003010002349250
2003010002349251
2003010002349252
2003010002349253
2003010002349254
2003010002349255
2003010002349256
2003010002349257
2003010002349258
2003010002349259
2003010002349260
2003010002349261
2003010002349262
2003010002349263
2003010002349264
2003010002349265
2003010002349266
2003010002349267
2003010002349268
2003010002349269
2003010002349270
2003010002349271
2003010002349272
2003010002349273
2003010002349274
2003010002349275
2003010002349276
2003010002349277
2003010002349278
2003010002349279
2003010002349280
2003010002349281
2003010002349282
2003010002349283
2003010002349284
2003010002349285
2003010002349286
2003010002349287
2003010002349288
2003010002349289
2003010002349290
2003010002349291
2003010002349292
2003010002349293
2003010002349294
2003010002349295
2003010002349296
2003010002349297
2003010002349298
2003010002349299
2003010002349300
2003010002349301
2003010002349302
2003010002349303
2003010002349304
2003010002349305
2003010002349306
2003010002349307
2003010002349308
2003010002349309
2003010002349310
2003010002349311
2003010002349312
2003010002349313
2003010002349314
2003010002349315
2003010002349316
2003010002349317
2003010002349318
2003010002349319
2003010002349320
2003010002349321
2003010002349322
2003010002349323
2003010002349324
2003010002349325
2003010002349326
2003010002349327
2003010002349328
2003010002349329
2003010002349330
2003010002349331
2003010002349332
2003010002349333
2003010002349334
2003010002349335
2003010002349336
2003010002349337
2003010002349338
2003010002349339
2003010002349340
2003010002349341
2003010002349342
2003010002349343
2003010002349344
2003010002349345
2003010002349346
2003010002349347
2003010002349348
2003010002349349
2003010002349350
2003010002349351
2003010002349352
2003010002349353
2003010002349354
2003010002349355
2003010002349356
2003010002349357
2003010002349358
2003010002349359
2003010002349360
2003010002349361
2003010002349362
2003010002349363
2003010002349364
2003010002349365
2003010002349366
2003010002349367
2003010002349368
2003010002349369
2003010002349370
2003010002349371
2003010002349372
2003010002349373
2003010002349374
2003010002349375
2003010002349376
2003010002349377
2003010002349378
2003010002349379
2003010002349380
2003010002349381
2003010002349382
2003010002349383
2003010002349384
2003010002349385
2003010002349386
2003010002349387
2003010002349388
2003010002349389
2003010002349390
2003010002349391
2003010002349392
2003010002349393
2003010002349394
2003010002349395
2003010002349396
2003010002349397
2003010002349398
2003010002349399
2003010002349400
2003010002349401
2003010002349402
2003010002349403
2003010002349404
2003010002349405
2003010002349406
2003010002349407
2003010002349408
2003010002349409
2003010002349410
2003010002349411
2003010002349412
2003010002349413
2003010002349414
2003010002349415
2003010002349416
2003010002349417
2003010002349418
2003010002349419
2003010002349420
2003010002349421
2003010002349422
2003010002349423
2003010002349424
2003010002349425
2003010002349426
2003010002349427
2003010002349428
2003010002349429
2003010002349430
2003010002349431
2003010002349432
2003010002349433
2003010002349434
2003010002349435
2003010002349436
2003010002349437
2003010002349438
2003010002349439
2003010002349440
2003010002349441
2003010002349442
2003010002349443
2003010002349444
2003010002349445
2003010002349446
2003010002349447
2003010002349448
2003010002349449
2003010002349450
2003010002349451
2003010002349452
2003010002349453
2003010002349454
2003010002349455
2003010002349456
2003010002349457
2003010002349458
2003010002349459
2003010002349460
2003010002349461
2003010002349462
2003010002349463
2003010002349464
2003010002349465
2003010002349466
2003010002349467
2003010002349468
2003010002349469
2003010002349470
2003010002349471
2003010002349472
2003010002349473
2003010002349474
2003010002349475
2003010002349476
2003010002349477
2003010002349478
2003010002349479
2003010002349480
2003010002349481
2003010002349482
2003010002349483
2003010002349484
2003010002349485
2003010002349486
2003010002349487
2003010002349488
2003010002349489
2003010002349490
2003010002349491
2003010002349492
2003010002349493
2003010002349494
2003010002349495
2003010002349496
2003010002349497
2003010002349498
2003010002349499
2003010002349500
2003010002349501
2003010002349502
2003010002349503
2003010002349504
2003010002349505
2003010002349506
2003010002349507
2003010002349508
2003010002349509
2003010002349510
2003010002349511
2003010002349512
2003010002349513
2003010002349514
2003010002349515
2003010002349516
2003010002349517
2003010002349518
2003010002349519
2003010002349520
2003010002349521
2003010002349522
2003010002349523
2003010002349524
2003010002349525
2003010002349526
2003010002349527
2003010002349528
2003010002349529
2003010002349530
2003010002349531
2003010002349532
2003010002349533
2003010002349534
2003010002349535
2003010002349536
2003010002349537
2003010002349538
2003010002349539
2003010002349540
2003010002349541
2003010002349542
2003010002349543
2003010002349544
2003010002349545
2003010002349546
2003010002349547
2003010002349548
2003010002349549
2003010002349550
2003010002349551
2003010002349552
2003010002349553
2003010002349554
2003010002349555
2003010002349556
2003010002349557
2003010002349558
2003010002349559
2003010002349560
2003010002349561
2003010002349562
2003010002349563
2003010002349564
2003010002349565
2003010002349566
2003010002349567
2003010002349568
2003010002349569
2003010002349570
2003010002349571
2003010002349572
2003010002349573
2003010002349574
2003010002349575
2003010002349576
2003010002349577
2003010002349578
2003010002349579
2003010002349580
2003010002349581
2003010002349582
2003010002349583
2003010002349584
2003010002349585
2003010002349586
2003010002349587
2003010002349588
2003010002349589
2003010002349590
2003010002349591
2003010002349592
2003010002349593
2003010002349594
2003010002349595
2003010002349596
2003010002349597
2003010002349598
2003010002349599
2003010002349600
2003010002349601
2003010002349602
2003010002349603
2003010002349604
2003010002349605
2003010002349606
2003010002349607
2003010002349608
2003010002349609
2003010002349610
2003010002349611
2003010002349612
2003010002349613
2003010002349614
2003010002349615
2003010002349616
2003010002349617
2003010002349618
2003010002349619
2003010002349620
2003010002349621
2003010002349622
2003010002349623
2003010002349624
2003010002349625
2003010002349626
2003010002349627
2003010002349628
2003010002349629
2003010002349630
2003010002349631
2003010002349632
2003010002349633
2003010002349634
2003010002349635
2003010002349636
2003010002349637
2003010002349638
2003010002349639
2003010002349640
2003010002349641
2003010002349642
2003010002349643
2003010002349644
2003010002349645
2003010002349646
2003010002349647
2003010002349648
2003010002349649
2003010002349650
2003010002349651
2003010002349652
2003010002349653
2003010002349654
2003010002349655
2003010002349656
2003010002349657
2003010002349658
2003010002349659
2003010002349660
2003010002349661
2003010002349662
2003010002349663
2003010002349664
2003010002349665
2003010002349666
2003010002349667
2003010002349668
2003010002349669
2003010002349670
2003010002349671
2003010002349672
2003010002349673
2003010002349674
2003010002349675
2003010002349676
2003010002349677
2003010002349678
2003010002349679
2003010002349680
2003010002349681
2003010002349682
2003010002349683
2003010002349684
2003010002349685
2003010002349686
2003010002349687
2003010002349688
2003010002349689
2003010002349690
2003010002349691
2003010002349692
2003010002349693
2003010002349694
2003010002349695
2003010002349696
2003010002349697
2003010002349698
2003010002349699
2003010002349700
2003010002349701
2003010002349702
2003010002349703
2003010002349704
2003010002349705
2003010002349706
2003010002349707
2003010002349708
2003010002349709
2003010002349710
2003010002349711
2003010002349712
2003010002349713
2003010002349714
2003010002349715
2003010002349716
2003010002349717
2003010002349718
2003010002349719
2003010002349720
2003010002349721
2003010002349722
2003010002349723
2003010002349724
2003010002349725
2003010002349726
2003010002349727
2003010002349728
2003010002349729
2003010002349730
2003010002349731
2003010002349732
2003010002349733
2003010002349734
2003010002349735
2003010002349736
2003010002349737
2003010002349738
2003010002349739
2003010002349740
2003010002349741
2003010002349742
2003010002349743
2003010002349744
2003010002349745
2003010002349746
2003010002349747
2003010002349748
2003010002349749
2003010002349750
2003010002349751
2003010002349752
2003010002349753
2003010002349754
2003010002349755
2003010002349756
2003010002349757
2003010002349758
2003010002349759
2003010002349760
2003010002349761
2003010002349762
2003010002349763
2003010002349764
2003010002349765
2003010002349766
2003010002349767
2003010002349768
2003010002349769
2003010002349770
2003010002349771
2003010002349772
2003010002349773
2003010002349774
2003010002349775
2003010002349776
2003010002349777
2003010002349778
2003010002349779
2003010002349780
2003010002349781
2003010002349782
2003010002349783
2003010002349784
2003010002349785
2003010002349786
2003010002349787
2003010002349788
2003010002349789
2003010002349790
2003010002349791
2003010002349792
2003010002349793
2003010002349794
2003010002349795
2003010002349796
2003010002349797
2003010002349798
2003010002349799
2003010002349800
2003010002349801
2003010002349802
2003010002349803
2003010002349804
2003010002349805
2003010002349806
2003010002349807
2003010002349808
2003010002349809
2003010002349810
2003010002349811
2003010002349812
2003010002349813
2003010002349814
2003010002349815
2003010002349816
2003010002349817
2003010002349818
2003010002349819
2003010002349820
2003010002349821
2003010002349822
2003010002349823
2003010002349824
2003010002349825
2003010002349826
2003010002349827
2003010002349828
2003010002349829
2003010002349830
2003010002349831
2003010002349832
2003010002349833
2003010002349834
2003010002349835
2003010002349836
2003010002349837
2003010002349838
2003010002349839
2003010002349840
2003010002349841
2003010002349842
2003010002349843
2003010002349844
2003010002349845
2003010002349846
2003010002349847
2003010002349848
2003010002349849
2003010002349850
2003010002349851
2003010002349852
2003010002349853
2003010002349854
2003010002349855
2003010002349856
2003010002349857
2003010002349858
2003010002349859
2003010002349860
2003010002349861
2003010002349862
2003010002349863
2003010002349864
2003010002349865
2003010002349866
2003010002349867
2003010002349868
2003010002349869
2003010002349870
2003010002349871
2003010002349872
2003010002349873
2003010002349874
2003010002349875
2003010002349876
2003010002349877
2003010002349878
2003010002349879
2003010002349880
2003010002349881
2003010002349882
2003010002349883
2003010002349884
2003010002349885
2003010002349886
2003010002349887
2003010002349888
2003010002349889
2003010002349890
2003010002349891
2003010002349892
2003010002349893
2003010002349894
2003010002349895
2003010002349896
2003010002349897
2003010002349898
2003010002349899
2003010002349900
2003010002349901
2003010002349902
2003010002349903
2003010002349904
2003010002349905
2003010002349906
2003010002349907
2003010002349908
2003010002349909
2003010002349910
2003010002349911
2003010002349912
2003010002349913
2003010002349914
2003010002349915
2003010002349916
2003010002349917
2003010002349918
2003010002349919
2003010002349920
2003010002349921
2003010002349922
2003010002349923
2003010002349924
2003010002349925
2003010002349926
2003010002349927
2003010002349928
2003010002349929
2003010002349930
2003010002349931
2003010002349932
2003010002349933
2003010002349934
2003010002349935
2003010002349936
2003010002349937
2003010002349938
2003010002349939
2003010002349940
2003010002349941
2003010002349942
2003010002349943
2003010002349944
2003010002349945
2003010002349946
2003010002349947
2003010002349948
2003010002349949
2003010002349950
2003010002349951
2003010002349952
2003010002349953
2003010002349954
2003010002349955
2003010002349956
2003010002349957
2003010002349958
2003010002349959
2003010002349960
2003010002349961
2003010002349962
2003010002349963
2003010002349964
2003010002349965
2003010002349966
2003010002349967
2003010002349968
2003010002349969
2003010002349970
2003010002349971
2003010002349972
2003010002349973
2003010002349974
2003010002349975
2003010002349976
2003010002349977
2003010002349978
2003010002349979
2003010002349980
2003010002349981
2003010002349982
2003010002349983
2003010002349984
2003010002349985
2003010002349986
2003010002349987
2003010002349988
2003010002349989
2003010002349990
2003010002349991
2003010002349992
2003010002349993
2003010002349994
2003010002349995
2003010002349996
2003010002349997
2003010002349998
2003010002349999
2003010002350000
2003010002350001
2003010002350002
2003010002350003
2003010002350004
2003010002350005
2003010002350006
2003010002350007
2003010002350008
2003010002350009
2003010002350010
2003010002350011
2003010002350012
2003010002350013
2003010002350014
2003010002350015
2003010002350016
2003010002350017
2003010002350018
2003010002350019
2003010002350020
2003010002350021
2003010002350022
2003010002350023
2003010002350024
2003010002350025
2003010002350026
2003010002350027
2003010002350028
2003010002350029
2003010002350030
2003010002350031
2003010002350032
2003010002350033
2003010002350034
2003010002350035
2003010002350036
2003010002350037
2003010002350038
2003010002350039
2003010002350040
2003010002350041
2003010002350042
2003010002350043
2003010002350044
2003010002350045
2003010002350046
2003010002350047
2003010002350048
2003010002350049
2003010002350050
2003010002350051
2003010002350052
2003010002350053
2003010002350054
2003010002350055
2003010002350056
2003010002350057
2003010002350058
2003010002350059
2003010002350060
2003010002350061
2003010002350062
2003010002350063
2003010002350064
2003010002350065
2003010002350066
2003010002350067
2003010002350068
2003010002350069
2003010002350070
2003010002350071
2003010002350072
2003010002350073
2003010002350074
2003010002350075
2003010002350076
2003010002350077
2003010002350078
2003010002350079
2003010002350080
2003010002350081
2003010002350082
2003010002350083
2003010002350084
2003010002350085
2003010002350086
2003010002350087
2003010002350088
2003010002350089
2003010002350090
2003010002350091
2003010002350092
2003010002350093
2003010002350094
2003010002350095
2003010002350096
2003010002350097
2003010002350098
2003010002350099
2003010002350100
2003010002350101
2003010002350102
2003010002350103
2003010002350104
2003010002350105
2003010002350106
2003010002350107
2003010002350108
2003010002350109
2003010002350110
2003010002350111
2003010002350112
2003010002350113
2003010002350114
2003010002350115
2003010002350116
2003010002350117
2003010002350118
2003010002350119
2003010002350120
2003010002350121
2003010002350122
2003010002350123
2003010002350124
2003010002350125
2003010002350126
2003010002350127
2003010002350128
2003010002350129
2003010002350130
2003010002350131
2003010002350132
2003010002350133
2003010002350134
2003010002350135
2003010002350136
2003010002350137
2003010002350138
2003010002350139
2003010002350140
2003010002350141
2003010002350142
2003010002350143
2003010002350144
2003010002350145
2003010002350146
2003010002350147
2003010002350148
2003010002350149
2003010002350150
2003010002350151
2003010002350152
2003010002350153
2003010002350154
2003010002350155
2003010002350156
2003010002350157
2003010002350158
2003010002350159
2003010002350160
2003010002350161
2003010002350162
2003010002350163
2003010002350164
2003010002350165
2003010002350166
2003010002350167
2003010002350168
2003010002350169
2003010002350170
2003010002350171
2003010002350172
2003010002350173
2003010002350174
2003010002350175
2003010002350176
2003010002350177
2003010002350178
2003010002350179
2003010002350180
2003010002350181
2003010002350182
2003010002350183
2003010002350184
2003010002350185
2003010002350186
2003010002350187
2003010002350188
2003010002350189
2003010002350190
2003010002350191
2003010002350192
2003010002350193
2003010002350194
2003010002350195
2003010002350196
2003010002350197
2003010002350198
2003010002350199
2003010002350200
2003010002350201
2003010002350202
2003010002350203
2003010002350204
2003010002350205
2003010002350206
2003010002350207
2003010002350208
2003010002350209
2003010002350210
2003010002350211
2003010002350212
2003010002350213
2003010002350214
2003010002350215
2003010002350216
2003010002350217
2003010002350218
2003010002350219
2003010002350220
2003010002350221
2003010002350222
2003010002350223
2003010002350224
2003010002350225
2003010002350226
2003010002350227
2003010002350228
2003010002350229
2003010002350230
2003010002350231
2003010002350232
2003010002350233
2003010002350234
2003010002350235
2003010002350236
2003010002350237
2003010002350238
2003010002350239
2003010002350240
2003010002350241
2003010002350242
2003010002350243
2003010002350244
2003010002350245
2003010002350246
2003010002350247
2003010002350248
2003010002350249
2003010002350250
2003010002350251
2003010002350252
2003010002350253
2003010002350254
2003010002350255
2003010002350256
2003010002350257
2003010002350258
2003010002350259
2003010002350260
2003010002350261
2003010002350262
2003010002350263
2003010002350264
2003010002350265
2003010002350266
2003010002350267
2003010002350268
2003010002350269
2003010002350270
2003010002350271
2003010002350272
2003010002350273
2003010002350274
2003010002350275
2003010002350276
2003010002350277
2003010002350278
2003010002350279
2003010002350280
2003010002350281
2003010002350282
2003010002350283
2003010002350284
2003010002350285
2003010002350286
2003010002350287
2003010002350288
2003010002350289
2003010002350290
2003010002350291
2003010002350292
2003010002350293
2003010002350294
2003010002350295
2003010002350296
2003010002350297
2003010002350298
2003010002350299
2003010002350300
2003010002350301
2003010002350302
2003010002350303
2003010002350304
2003010002350305
2003010002350306
2003010002350307
2003010002350308
2003010002350309
2003010002350310
2003010002350311
2003010002350312
2003010002350313
2003010002350314
2003010002350315
2003010002350316
2003010002350317
2003010002350318
2003010002350319
2003010002350320
2003010002350321
2003010002350322
2003010002350323
2003010002350324
2003010002350325
2003010002350326
2003010002350327
2003010002350328
2003010002350329
2003010002350330
2003010002350331
2003010002350332
2003010002350333
2003010002350334
2003010002350335
2003010002350336
2003010002350337
2003010002350338
2003010002350339
2003010002350340
2003010002350341
2003010002350342
2003010002350343
2003010002350344
2003010002350345
2003010002350346
2003010002350347
2003010002350348
2003010002350349
2003010002350350
2003010002350351
2003010002350352
2003010002350353
2003010002350354
2003010002350355
2003010002350356
2003010002350357
2003010002350358
2003010002350359
2003010002350360
2003010002350361
2003010002350362
2003010002350363
2003010002350364
2003010002350365
2003010002350366
2003010002350367
2003010002350368
2003010002350369
2003010002350370
2003010002350371
2003010002350372
2003010002350373
2003010002350374
2003010002350375
2003010002350376
2003010002350377
2003010002350378
2003010002350379
2003010002350380
2003010002350381
2003010002350382
2003010002350383
2003010002350384
2003010002350385
2003010002350386
2003010002350387
2003010002350388
2003010002350389
2003010002350390
2003010002350391
2003010002350392
2003010002350393
2003010002350394
2003010002350395
2003010002350396
2003010002350397
2003010002350398
2003010002350399
2003010002350400
2003010002350401
2003010002350402
2003010002350403
2003010002350404
2003010002350405
2003010002350406
2003010002350407
2003010002350408
2003010002350409
2003010002350410
2003010002350411
2003010002350412
2003010002350413
2003010002350414
2003010002350415
2003010002350416
2003010002350417
2003010002350418
2003010002350419
2003010002350420
2003010002350421
2003010002350422
2003010002350423
2003010002350424
2003010002350425
2003010002350426
2003010002350427
2003010002350428
2003010002350429
2003010002350430
2003010002350431
2003010002350432
2003010002350433
2003010002350434
2003010002350435
2003010002350436
2003010002350437
2003010002350438
2003010002350439
2003010002350440
2003010002350441
2003010002350442
2003010002350443
2003010002350444
2003010002350445
2003010002350446
2003010002350447
2003010002350448
2003010002350449
2003010002350450
2003010002350451
2003010002350452
2003010002350453
2003010002350454
2003010002350455
2003010002350456
2003010002350457
2003010002350458
2003010002350459
2003010002350460
2003010002350461
2003010002350462
2003010002350463
2003010002350464
2003010002350465
2003010002350466
2003010002350467
2003010002350468
2003010002350469
2003010002350470
2003010002350471
2003010002350472
2003010002350473
2003010002350474
2003010002350475
2003010002350476
2003010002350477
2003010002350478
2003010002350479
2003010002350480
2003010002350481
2003010002350482
2003010002350483
2003010002350484
2003010002350485
2003010002350486
2003010002350487
2003010002350488
2003010002350489
2003010002350490
2003010002350491
2003010002350492
2003010002350493
2003010002350494
2003010002350495
2003010002350496
2003010002350497
2003010002350498
2003010002350499
2003010002350500
2003010002350501
2003010002350502
2003010002350503
2003010002350504
2003010002350505
2003010002350506
2003010002350507
2003010002350508
2003010002350509
2003010002350510
2003010002350511
2003010002350512
2003010002350513
2003010002350514
2003010002350515
2003010002350516
2003010002350517
2003010002350518
2003010002350519
2003010002350520
2003010002350521
2003010002350522
2003010002350523
2003010002350524
2003010002350525
2003010002350526
2003010002350527
2003010002350528
2003010002350529
2003010002350530
2003010002350531
2003010002350532
2003010002350533
2003010002350534
2003010002350535
2003010002350536
2003010002350537
2003010002350538
2003010002350539
2003010002350540
2003010002350541
2003010002350542
2003010002350543
2003010002350544
2003010002350545
2003010002350546
2003010002350547
2003010002350548
2003010002350549
2003010002350550
2003010002350551
2003010002350552
2003010002350553
2003010002350554
2003010002350555
2003010002350556
2003010002350557
2003010002350558
2003010002350559
2003010002350560
2003010002350561
2003010002350562
2003010002350563
2003010002350564
2003010002350565
2003010002350566
2003010002350567
2003010002350568
2003010002350569
2003010002350570
2003010002350571
2003010002350572
2003010002350573
2003010002350574
2003010002350575
2003010002350576
2003010002350577
2003010002350578
2003010002350579
2003010002350580
2003010002350581
2003010002350582
2003010002350583
2003010002350584
2003010002350585
2003010002350586
2003010002350587
2003010002350588
2003010002350589
2003010002350590
2003010002350591
2003010002350592
2003010002350593
2003010002350594
2003010002350595
2003010002350596
2003010002350597
2003010002350598
2003010002350599
2003010002350600
2003010002350601
2003010002350602
2003010002350603
2003010002350604
2003010002350605
2003010002350606
2003010002350607
2003010002350608
2003010002350609
2003010002350610
2003010002350611
2003010002350612
2003010002350613
2003010002350614
2003010002350615
2003010002350616
2003010002350617
2003010002350618
2003010002350619
2003010002350620
2003010002350621
2003010002350622
2003010002350623
2003010002350624
2003010002350625
2003010002350626
2003010002350627
2003010002350628
2003010002350629
2003010002350630
2003010002350631
2003010002350632
2003010002350633
2003010002350634
2003010002350635
2003010002350636
2003010002350637
2003010002350638
2003010002350639
2003010002350640
2003010002350641
2003010002350642
2003010002350643
2003010002350644
2003010002350645
2003010002350646
2003010002350647
2003010002350648
2003010002350649
2003010002350650
2003010002350651
2003010002350652
2003010002350653
2003010002350654
2003010002350655
2003010002350656
2003010002350657
2003010002350658
2003010002350659
2003010002350660
2003010002350661
2003010002350662
2003010002350663
2003010002350664
2003010002350665
2003010002350666
2003010002350667
2003010002350668
2003010002350669
2003010002350670
2003010002350671
2003010002350672
2003010002350673
2003010002350674
2003010002350675
2003010002350676
2003010002350677
2003010002350678
2003010002350679
2003010002350680
2003010002350681
2003010002350682
2003010002350683
2003010002350684
2003010002350685
2003010002350686
2003010002350687
2003010002350688
2003010002350689
2003010002350690
2003010002350691
2003010002350692
2003010002350693
2003010002350694
2003010002350695
2003010002350696
2003010002350697
2003010002350698
2003010002350699
2003010002350700
2003010002350701
2003010002350702
2003010002350703
2003010002350704
2003010002350705
2003010002350706
2003010002350707
2003010002350708
2003010002350709
2003010002350710
2003010002350711
2003010002350712
2003010002350713
2003010002350714
2003010002350715
2003010002350716
2003010002350717
2003010002350718
2003010002350719
2003010002350720
2003010002350721
2003010002350722
2003010002350723
2003010002350724
2003010002350725
2003010002350726
2003010002350727
2003010002350728
2003010002350729
2003010002350730
2003010002350731
2003010002350732
2003010002350733
2003010002350734
2003010002350735
2003010002350736
2003010002350737
2003010002350738
2003010002350739
2003010002350740
2003010002350741
2003010002350742
2003010002350743
2003010002350744
2003010002350745
2003010002350746
2003010002350747
2003010002350748
2003010002350749
2003010002350750
2003010002350751
2003010002350752
2003010002350753
2003010002350754
2003010002350755
2003010002350756
2003010002350757
2003010002350758
2003010002350759
2003010002350760
2003010002350761
2003010002350762
2003010002350763
2003010002350764
2003010002350765
2003010002350766
2003010002350767
2003010002350768
2003010002350769
2003010002350770
2003010002350771
2003010002350772
2003010002350773
2003010002350774
2003010002350775
2003010002350776
2003010002350777
2003010002350778
2003010002350779
2003010002350780
2003010002350781
2003010002350782
2003010002350783
2003010002350784
2003010002350785
2003010002350786
2003010002350787
2003010002350788
2003010002350789
2003010002350790
2003010002350791
2003010002350792
2003010002350793
2003010002350794
2003010002350795
2003010002350796
2003010002350797
2003010002350798
2003010002350799
2003010002350800
2003010002350801
2003010002350802
2003010002350803
2003010002350804
2003010002350805
2003010002350806
2003010002350807
2003010002350808
2003010002350809
2003010002350810
2003010002350811
2003010002350812
2003010002350813
2003010002350814
2003010002350815
2003010002350816
2003010002350817
2003010002350818
2003010002350819
2003010002350820
2003010002350821
2003010002350822
2003010002350823
2003010002350824
2003010002350825
2003010002350826
2003010002350827
2003010002350828
2003010002350829
2003010002350830
2003010002350831
2003010002350832
2003010002350833
2003010002350834
2003010002350835
2003010002350836
2003010002350837
2003010002350838
2003010002350839
2003010002350840
2003010002350841
2003010002350842
2003010002350843
2003010002350844
2003010002350845
2003010002350846
2003010002350847
2003010002350848
2003010002350849
2003010002350850
2003010002350851
2003010002350852
2003010002350853
2003010002350854
2003010002350855
2003010002350856
2003010002350857
2003010002350858
2003010002350859
2003010002350860
2003010002350861
2003010002350862
2003010002350863
2003010002350864
2003010002350865
2003010002350866
2003010002350867
2003010002350868
2003010002350869
2003010002350870
2003010002350871
2003010002350872
2003010002350873
2003010002350874
2003010002350875
2003010002350876
2003010002350877
2003010002350878
2003010002350879
2003010002350880
2003010002350881
2003010002350882
2003010002350883
2003010002350884
2003010002350885
2003010002350886
2003010002350887
2003010002350888
2003010002350889
2003010002350890
2003010002350891
2003010002350892
2003010002350893
2003010002350894
2003010002350895
2003010002350896
2003010002350897
2003010002350898
2003010002350899
2003010002350900
2003010002350901
2003010002350902
2003010002350903
2003010002350904
2003010002350905
2003010002350906
2003010002350907
2003010002350908
2003010002350909
2003010002350910
2003010002350911
2003010002350912
2003010002350913
2003010002350914
2003010002350915
2003010002350916
2003010002350917
2003010002350918
2003010002350919
2003010002350920
2003010002350921
2003010002350922
2003010002350923
2003010002350924
2003010002350925
2003010002350926
2003010002350927
2003010002350928
2003010002350929
2003010002350930
2003010002350931
2003010002350932
2003010002350933
2003010002350934
2003010002350935
2003010002350936
2003010002350937
2003010002350938
2003010002350939
2003010002350940
2003010002350941
2003010002350942
2003010002350943
2003010002350944
2003010002350945
2003010002350946
2003010002350947
2003010002350948
2003010002350949
2003010002350950
2003010002350951
2003010002350952
2003010002350953
2003010002350954
2003010002350955
2003010002350956
2003010002350957
2003010002350958
2003010002350959
2003010002350960
2003010002350961
2003010002350962
2003010002350963
2003010002350964
2003010002350965
2003010002350966
2003010002350967
2003010002350968
2003010002350969
2003010002350970
2003010002350971
2003010002350972
2003010002350973
2003010002350974
2003010002350975
2003010002350976
2003010002350977
2003010002350978
2003010002350979
2003010002350980
2003010002350981
2003010002350982
2003010002350983
2003010002350984
2003010002350985
2003010002350986
2003010002350987
2003010002350988
2003010002350989
2003010002350990
2003010002350991
2003010002350992
2003010002350993
2003010002350994
2003010002350995
2003010002350996
2003010002350997
2003010002350998
2003010002350999
2003010002351000
2003010002351001
2003010002351002
2003010002351003
2003010002351004
2003010002351005
2003010002351006
2003010002351007
2003010002351008
2003010002351009
2003010002351010
2003010002351011
2003010002351012
2003010002351013
2003010002351014
2003010002351015
2003010002351016
2003010002351017
2003010002351018
2003010002351019
2003010002351020
2003010002351021
2003010002351022
2003010002351023
2003010002351024
2003010002351025
2003010002351026
2003010002351027
2003010002351028
2003010002351029
2003010002351030
2003010002351031
2003010002351032
2003010002351033
2003010002351034
2003010002351035
2003010002351036
2003010002351037
2003010002351038
2003010002351039
2003010002351040
2003010002351041
2003010002351042
2003010002351043
2003010002351044
2003010002351045
2003010002351046
2003010002351047
2003010002351048
2003010002351049
2003010002351050
2003010002351051
2003010002351052
2003010002351053
2003010002351054
2003010002351055
2003010002351056
2003010002351057
2003010002351058
2003010002351059
2003010002351060
2003010002351061
2003010002351062
2003010002351063
2003010002351064
2003010002351065
2003010002351066
2003010002351067
2003010002351068
2003010002351069
2003010002351070
2003010002351071
2003010002351072
2003010002351073
2003010002351074
2003010002351075
2003010002351076
2003010002351077
2003010002351078
2003010002351079
2003010002351080
2003010002351081
2003010002351082
2003010002351083
2003010002351084
2003010002351085
2003010002351086
2003010002351087
2003010002351088
2003010002351089
2003010002351090
2003010002351091
2003010002351092
2003010002351093
2003010002351094
2003010002351095
2003010002351096
2003010002351097
2003010002351098
2003010002351099
2003010002351100
2003010002351101
2003010002351102
2003010002351103
2003010002351104
2003010002351105
2003010002351106
2003010002351107
2003010002351108
2003010002351109
2003010002351110
2003010002351111
2003010002351112
2003010002351113
2003010002351114
2003010002351115
2003010002351116
2003010002351117
2003010002351118
2003010002351119
2003010002351120
2003010002351121
2003010002351122
2003010002351123
2003010002351124
2003010002351125
2003010002351126
2003010002351127
2003010002351128
2003010002351129
2003010002351130
2003010002351131
2003010002351132
2003010002351133
2003010002351134
2003010002351135
2003010002351136
2003010002351137
2003010002351138
2003010002351139
2003010002351140
2003010002351141
2003010002351142
2003010002351143
2003010002351144
2003010002351145
2003010002351146
2003010002351147
2003010002351148
2003010002351149
2003010002351150
2003010002351151
2003010002351152
2003010002351153
2003010002351154
2003010002351155
2003010002351156
2003010002351157
2003010002351158
2003010002351159
2003010002351160
2003010002351161
2003010002351162
2003010002351163
2003010002351164
2003010002351165
2003010002351166
2003010002351167
2003010002351168
2003010002351169
2003010002351170
2003010002351171
2003010002351172
2003010002351173
2003010002351174
2003010002351175
2003010002351176
2003010002351177
2003010002351178
2003010002351179
2003010002351180
2003010002351181
2003010002351182
2003010002351183
2003010002351184
2003010002351185
2003010002351186
2003010002351187
2003010002351188
2003010002351189
2003010002351190
2003010002351191
2003010002351192
2003010002351193
2003010002351194
2003010002351195
2003010002351196
2003010002351197
2003010002351198
2003010002351199
2003010002351200
2003010002351201
2003010002351202
2003010002351203
2003010002351204
2003010002351205
2003010002351206
2003010002351207
2003010002351208
2003010002351209
2003010002351210
2003010002351211
2003010002351212
2003010002351213
2003010002351214
2003010002351215
2003010002351216
2003010002351217
2003010002351218
2003010002351219
2003010002351220
2003010002351221
2003010002351222
2003010002351223
2003010002351224
2003010002351225
2003010002351226
2003010002351227
2003010002351228
2003010002351229
2003010002351230
2003010002351231
2003010002351232
2003010002351233
2003010002351234
2003010002351235
2003010002351236
2003010002351237
2003010002351238
2003010002351239
2003010002351240
2003010002351241
2003010002351242
2003010002351243
2003010002351244
2003010002351245
2003010002351246
2003010002351247
2003010002351248
2003010002351249
2003010002351250
2003010002351251
2003010002351252
2003010002351253
2003010002351254
2003010002351255
2003010002351256
2003010002351257
2003010002351258
2003010002351259
2003010002351260
2003010002351261
2003010002351262
2003010002351263
2003010002351264
2003010002351265
2003010002351266
2003010002351267
2003010002351268
2003010002351269
2003010002351270
2003010002351271
2003010002351272
2003010002351273
2003010002351274
2003010002351275
2003010002351276
2003010002351277
2003010002351278
2003010002351279
2003010002351280
2003010002351281
2003010002351282
2003010002351283
2003010002351284
2003010002351285
2003010002351286
2003010002351287
2003010002351288
2003010002351289
2003010002351290
2003010002351291
2003010002351292
2003010002351293
2003010002351294
2003010002351295
2003010002351296
2003010002351297
2003010002351298
2003010002351299
2003010002351300
2003010002351301
2003010002351302
2003010002351303
2003010002351304
2003010002351305
2003010002351306
2003010002351307
2003010002351308
2003010002351309
2003010002351310
2003010002351311
2003010002351312
2003010002351313
2003010002351314
2003010002351315
2003010002351316
2003010002351317
2003010002351318
2003010002351319
2003010002351320
2003010002351321
2003010002351322
2003010002351323
2003010002351324
2003010002351325
2003010002351326
2003010002351327
2003010002351328
2003010002351329
2003010002351330
2003010002351331
2003010002351332
2003010002351333
2003010002351334
2003010002351335
2003010002351336
2003010002351337
2003010002351338
2003010002351339
2003010002351340
2003010002351341
2003010002351342
2003010002351343
2003010002351344
2003010002351345
2003010002351346
2003010002351347
2003010002351348
2003010002351349
2003010002351350
2003010002351351
2003010002351352
2003010002351353
2003010002351354
2003010002351355
2003010002351356
2003010002351357
2003010002351358
2003010002351359
2003010002351360
2003010002351361
2003010002351362
2003010002351363
2003010002351364
2003010002351365
2003010002351366
2003010002351367
2003010002351368
2003010002351369
2003010002351370
2003010002351371
2003010002351372
2003010002351373
2003010002351374
2003010002351375
2003010002351376
2003010002351377
2003010002351378
2003010002351379
2003010002351380
2003010002351381
2003010002351382
2003010002351383
2003010002351384
2003010002351385
2003010002351386
2003010002351387
2003010002351388
2003010002351389
2003010002351390
2003010002351391
2003010002351392
2003010002351393
2003010002351394
2003010002351395
2003010002351396
2003010002351397
2003010002351398
2003010002351399
2003010002351400
2003010002351401
2003010002351402
2003010002351403
2003010002351404
2003010002351405
2003010002351406
2003010002351407
2003010002351408
2003010002351409
2003010002351410
2003010002351411
2003010002351412
2003010002351413
2003010002351414
2003010002351415
2003010002351416
2003010002351417
2003010002351418
2003010002351419
2003010002351420
2003010002351421
2003010002351422
2003010002351423
2003010002351424
2003010002351425
2003010002351426
2003010002351427
2003010002351428
2003010002351429
2003010002351430
2003010002351431
2003010002351432
2003010002351433
2003010002351434
2003010002351435
2003010002351436
2003010002351437
2003010002351438
2003010002351439
2003010002351440
2003010002351441
2003010002351442
2003010002351443
2003010002351444
2003010002351445
2003010002351446
2003010002351447
2003010002351448
2003010002351449
2003010002351450
2003010002351451
2003010002351452
2003010002351453
2003010002351454
2003010002351455
2003010002351456
2003010002351457
2003010002351458
2003010002351459
2003010002351460
2003010002351461
2003010002351462
2003010002351463
2003010002351464
2003010002351465
2003010002351466
2003010002351467
2003010002351468
2003010002351469
2003010002351470
2003010002351471
2003010002351472
2003010002351473
2003010002351474
2003010002351475
2003010002351476
2003010002351477
2003010002351478
2003010002351479
2003010002351480
2003010002351481
2003010002351482
2003010002351483
2003010002351484
2003010002351485
2003010002351486
2003010002351487
2003010002351488
2003010002351489
2003010002351490
2003010002351491
2003010002351492
2003010002351493
2003010002351494
2003010002351495
2003010002351496
2003010002351497
2003010002351498
2003010002351499
2003010002351500
2003010002351501
2003010002351502
2003010002351503
2003010002351504
2003010002351505
2003010002351506
2003010002351507
2003010002351508
2003010002351509
2003010002351510
2003010002351511
2003010002351512
2003010002351513
2003010002351514
2003010002351515
2003010002351516
2003010002351517
2003010002351518
2003010002351519
2003010002351520
2003010002351521
2003010002351522
2003010002351523
2003010002351524
2003010002351525
2003010002351526
2003010002351527
2003010002351528
2003010002351529
2003010002351530
2003010002351531
2003010002351532
2003010002351533
2003010002351534
2003010002351535
2003010002351536
2003010002351537
2003010002351538
2003010002351539
2003010002351540
2003010002351541
2003010002351542
2003010002351543
2003010002351544
2003010002351545
2003010002351546
2003010002351547
2003010002351548
2003010002351549
2003010002351550
2003010002351551
2003010002351552
2003010002351553
2003010002351554
2003010002351555
2003010002351556
2003010002351557
2003010002351558
2003010002351559
2003010002351560
2003010002351561
2003010002351562
2003010002351563
2003010002351564
2003010002351565
2003010002351566
2003010002351567
2003010002351568
2003010002351569
2003010002351570
2003010002351571
2003010002351572
2003010002351573
2003010002351574
2003010002351575
2003010002351576
2003010002351577
2003010002351578
2003010002351579
2003010002351580
2003010002351581
2003010002351582
2003010002351583
2003010002351584
2003010002351585
2003010002351586
2003010002351587
2003010002351588
2003010002351589
2003010002351590
2003010002351591
2003010002351592
2003010002351593
2003010002351594
2003010002351595
2003010002351596
2003010002351597
2003010002351598
2003010002351599
2003010002351600
2003010002351601
2003010002351602
2003010002351603
2003010002351604
2003010002351605
2003010002351606
2003010002351607
2003010002351608
2003010002351609
2003010002351610
2003010002351611
2003010002351612
2003010002351613
2003010002351614
2003010002351615
2003010002351616
2003010002351617
2003010002351618
2003010002351619
2003010002351620
2003010002351621
2003010002351622
2003010002351623
2003010002351624
2003010002351625
2003010002351626
2003010002351627
2003010002351628
2003010002351629
2003010002351630
2003010002351631
2003010002351632
2003010002351633
2003010002351634
2003010002351635
2003010002351636
2003010002351637
2003010002351638
2003010002351639
2003010002351640
2003010002351641
2003010002351642
2003010002351643
2003010002351644
2003010002351645
2003010002351646
2003010002351647
2003010002351648
2003010002351649
2003010002351650
2003010002351651
2003010002351652
2003010002351653
2003010002351654
2003010002351655
2003010002351656
2003010002351657
2003010002351658
2003010002351659
2003010002351660
2003010002351661
2003010002351662
2003010002351663
2003010002351664
2003010002351665
2003010002351666
2003010002351667
2003010002351668
2003010002351669
2003010002351670
2003010002351671
2003010002351672
2003010002351673
2003010002351674
2003010002351675
2003010002351676
2003010002351677
2003010002351678
2003010002351679
2003010002351680
2003010002351681
2003010002351682
2003010002351683
2003010002351684
2003010002351685
2003010002351686
2003010002351687
2003010002351688
2003010002351689
2003010002351690
2003010002351691
2003010002351692
2003010002351693
2003010002351694
2003010002351695
2003010002351696
2003010002351697
2003010002351698
2003010002351699
2003010002351700
2003010002351701
2003010002351702
2003010002351703
2003010002351704
2003010002351705
2003010002351706
2003010002351707
2003010002351708
2003010002351709
2003010002351710
2003010002351711
2003010002351712
2003010002351713
2003010002351714
2003010002351715
2003010002351716
2003010002351717
2003010002351718
2003010002351719
2003010002351720
2003010002351721
2003010002351722
2003010002351723
2003010002351724
2003010002351725
2003010002351726
2003010002351727
2003010002351728
2003010002351729
2003010002351730
2003010002351731
2003010002351732
2003010002351733
2003010002351734
2003010002351735
2003010002351736
2003010002351737
2003010002351738
2003010002351739
2003010002351740
2003010002351741
2003010002351742
2003010002351743
2003010002351744
2003010002351745
2003010002351746
2003010002351747
2003010002351748
2003010002351749
2003010002351750
2003010002351751
2003010002351752
2003010002351753
2003010002351754
2003010002351755
2003010002351756
2003010002351757
2003010002351758
2003010002351759
2003010002351760
2003010002351761
2003010002351762
2003010002351763
2003010002351764
2003010002351765
2003010002351766
2003010002351767
2003010002351768
2003010002351769
2003010002351770
2003010002351771
2003010002351772
2003010002351773
2003010002351774
2003010002351775
2003010002351776
2003010002351777
2003010002351778
2003010002351779
2003010002351780
2003010002351781
2003010002351782
2003010002351783
2003010002351784
2003010002351785
2003010002351786
2003010002351787
2003010002351788
2003010002351789
2003010002351790
2003010002351791
2003010002351792
2003010002351793
2003010002351794
2003010002351795
2003010002351796
2003010002351797
2003010002351798
2003010002351799
2003010002351800
2003010002351801
2003010002351802
2003010002351803
2003010002351804
2003010002351805
2003010002351806
2003010002351807
2003010002351808
2003010002351809
2003010002351810
2003010002351811
2003010002351812
2003010002351813
2003010002351814
2003010002351815
2003010002351816
2003010002351817
2003010002351818
2003010002351819
2003010002351820
2003010002351821
2003010002351822
2003010002351823
2003010002351824
2003010002351825
2003010002351826
2003010002351827
2003010002351828
2003010002351829
2003010002351830
2003010002351831
2003010002351832
2003010002351833
2003010002351834
2003010002351835
2003010002351836
2003010002351837
2003010002351838
2003010002351839
2003010002351840
2003010002351841
2003010002351842
2003010002351843
2003010002351844
2003010002351845
2003010002351846
2003010002351847
2003010002351848
2003010002351849
2003010002351850
2003010002351851
2003010002351852
2003010002351853
2003010002351854
2003010002351855
2003010002351856
2003010002351857
2003010002351858
2003010002351859
2003010002351860
2003010002351861
2003010002351862
2003010002351863
2003010002351864
2003010002351865
2003010002351866
2003010002351867
2003010002351868
2003010002351869
2003010002351870
2003010002351871
2003010002351872
2003010002351873
2003010002351874
2003010002351875
2003010002351876
2003010002351877
2003010002351878
2003010002351879
2003010002351880
2003010002351881
2003010002351882
2003010002351883
2003010002351884
2003010002351885
2003010002351886
2003010002351887
2003010002351888
2003010002351889
2003010002351890
2003010002351891
2003010002351892
2003010002351893
2003010002351894
2003010002351895
2003010002351896
2003010002351897
2003010002351898
2003010002351899
2003010002351900
2003010002351901
2003010002351902
2003010002351903
2003010002351904
2003010002351905
2003010002351906
2003010002351907
2003010002351908
2003010002351909
2003010002351910
2003010002351911
2003010002351912
2003010002351913
2003010002351914
2003010002351915
2003010002351916
2003010002351917
2003010002351918
2003010002351919
2003010002351920
2003010002351921
2003010002351922
2003010002351923
2003010002351924
2003010002351925
2003010002351926
2003010002351927
2003010002351928
2003010002351929
2003010002351930
2003010002351931
2003010002351932
2003010002351933
2003010002351934
2003010002351935
2003010002351936
2003010002351937
2003010002351938
2003010002351939
2003010002351940
2003010002351941
2003010002351942
2003010002351943
2003010002351944
2003010002351945
2003010002351946
2003010002351947
2003010002351948
2003010002351949
2003010002351950
2003010002351951
2003010002351952
2003010002351953
2003010002351954
2003010002351955
2003010002351956
2003010002351957
2003010002351958
2003010002351959
2003010002351960
2003010002351961
2003010002351962
2003010002351963
2003010002351964
2003010002351965
2003010002351966
2003010002351967
2003010002351968
2003010002351969
2003010002351970
2003010002351971
2003010002351972
2003010002351973
2003010002351974
2003010002351975
2003010002351976
2003010002351977
2003010002351978
2003010002351979
2003010002351980
2003010002351981
2003010002351982
2003010002351983
2003010002351984
2003010002351985
2003010002351986
2003010002351987
2003010002351988
2003010002351989
2003010002351990
2003010002351991
2003010002351992
2003010002351993
2003010002351994
2003010002351995
2003010002351996
2003010002351997
2003010002351998
2003010002351999
2003010002352000
2003010002352001
2003010002352002
2003010002352003
2003010002352004
2003010002352005
2003010002352006
2003010002352007
2003010002352008
2003010002352009
2003010002352010
2003010002352011
2003010002352012
2003010002352013
2003010002352014
2003010002352015
2003010002352016
2003010002352017
2003010002352018
2003010002352019
2003010002352020
2003010002352021
2003010002352022
2003010002352023
2003010002352024
2003010002352025
2003010002352026
2003010002352027
2003010002352028
2003010002352029
2003010002352030
2003010002352031
2003010002352032