868120176181326
868120176181334
868120176181342
868120176181359
868120176181367
868120176181375
868120176181383
868120176181391
868120176181409
868120176181417
868120176181425
868120176181433
868120176181441
868120176181458
868120176181466
868120176181474
868120176181482
868120176181490
868120176181508
868120176181516
868120176181524
868120176181532
868120176181540
868120176181557
868120176181565
868120176181573
868120176181581
868120176181599
868120176181607
868120176181615
868120176181623
868120176181631
868120176181649
868120176181656
868120176181664
868120176181672
868120176181680
868120176181698
868120176181706
868120176181714
868120176181722
868120176181730
868120176181748
868120176181755
868120176181763
868120176181771
868120176181789
868120176181797
868120176181805
868120176181813
868120176181821
868120176181839
868120176181847
868120176181854
868120176181862
868120176181870
868120176181888
868120176181896
868120176181904
868120176181912
868120176181920
868120176181938
868120176181946
868120176181953
868120176181961
868120176181979
868120176181987
868120176181995
868120176182001
868120176182019
868120176182027
868120176182035
868120176182043
868120176182050
868120176182068
868120176182076
868120176182084
868120176182092
868120176182100
868120176182118
868120176182126
868120176182134
868120176182142
868120176182159
868120176182167
868120176182175
868120176182183
868120176182191
868120176182209
868120176182217
868120176182225
868120176182233
868120176182241
868120176182258
868120176182266
868120176182274
868120176182282
868120176182290
868120176182308
868120176182316
868120176182324
868120176182332
868120176182340
868120176182357
868120176182365
868120176182373
868120176182381
868120176182399
868120176182407
868120176182415
868120176182423
868120176182431
868120176182449
868120176182456
868120176182464
868120176182472
868120176182480
868120176182498
868120176182506
868120176182514
868120176182522
868120176182530
868120176182548
868120176182555
868120176182563
868120176182571
868120176182589
868120176182597
868120176182605
868120176182613
868120176182621
868120176182639
868120176182647
868120176182654
868120176182662
868120176182670
868120176182688
868120176182696
868120176182704
868120176182712
868120176182720
868120176182738
868120176182746
868120176182753
868120176182761
868120176182779
868120176182787
868120176182795
868120176182803
868120176182811
868120176182829
868120176182837
868120176182845
868120176182852
868120176182860
868120176182878
868120176182886
868120176182894
868120176182902
868120176182910
868120176182928
868120176182936
868120176182944
868120176182951
868120176182969
868120176182977
868120176182985
868120176182993
868120176183009
868120176183017
868120176183025
868120176183033
868120176183041
868120176183058
868120176183066
868120176183074
868120176183082
868120176183090
868120176183108
868120176183116
868120176183124
868120176183132
868120176183140
868120176183157
868120176183165
868120176183173
868120176183181
868120176183199
868120176183207
868120176183215
868120176183223
868120176183231
868120176183249
868120176183256
868120176183264
868120176183272
868120176183280
868120176183298
868120176183306
868120176183314
868120176183322
868120176183330
868120176183348
868120176183355
868120176183363
868120176183371
868120176183389
868120176183397
868120176183405
868120176183413
868120176183421
868120176183439
868120176183447
868120176183454
868120176183462
868120176183470
868120176183488
868120176183496
868120176183504
868120176183512
868120176183520
868120176183538
868120176183546
868120176183553
868120176183561
868120176183579
868120176183587
868120176183595
868120176183603
868120176183611
868120176183629
868120176183637
868120176183645
868120176183652
868120176183660
868120176183678
868120176183686
868120176183694
868120176183702
868120176183710
868120176183728
868120176183736
868120176183744
868120176183751
868120176183769
868120176183777
868120176183785
868120176183793
868120176183801
868120176183819
868120176183827
868120176183835
868120176183843
868120176183850
868120176183868
868120176183876
868120176183884
868120176183892
868120176183900
868120176183918
868120176183926
868120176183934
868120176183942
868120176183959
868120176183967
868120176183975
868120176183983
868120176183991
868120176184007
868120176184015
868120176184023
868120176184031
868120176184049
868120176184056
868120176184064
868120176184072
868120176184080
868120176184098
868120176184106
868120176184114
868120176184122
868120176184130
868120176184148
868120176184155
868120176184163
868120176184171
868120176184189
868120176184197
868120176184205
868120176184213
868120176184221
868120176184239
868120176184247
868120176184254
868120176184262
868120176184270
868120176184288
868120176184296
868120176184304
868120176184312
868120176184320
868120176184338
868120176184346
868120176184353
868120176184361
868120176184379
868120176184387
868120176184395
868120176184403
868120176184411
868120176184429
868120176184437
868120176184445
868120176184452
868120176184460
868120176184478
868120176184486
868120176184494
868120176184502
868120176184510
868120176184528
868120176184536
868120176184544
868120176184551
868120176184569
868120176184577
868120176184585
868120176184593
868120176184601
868120176184619
868120176184627
868120176184635
868120176184643
868120176184650
868120176184668
868120176184676
868120176184684
868120176184692
868120176184700
868120176184718
868120176184726
868120176184734
868120176184742
868120176184759
868120176184767
868120176184775
868120176184783
868120176184791
868120176184809
868120176184817
868120176184825
868120176184833
868120176184841
868120176184858
868120176184866
868120176184874
868120176184882
868120176184890
868120176184908
868120176184916
868120176184924
868120176184932
868120176184940
868120176184957
868120176184965
868120176184973
868120176184981
868120176184999
868120176185004
868120176185012
868120176185020
868120176185038
868120176185046
868120176185053
868120176185061
868120176185079
868120176185087
868120176185095
868120176185103
868120176185111
868120176185129
868120176185137
868120176185145
868120176185152
868120176185160
868120176185178
868120176185186
868120176185194
868120176185202
868120176185210
868120176185228
868120176185236
868120176185244
868120176185251
868120176185269
868120176185277
868120176185285
868120176185293
868120176185301
868120176185319
868120176185327
868120176185335
868120176185343
868120176185350
868120176185368
868120176185376
868120176185384
868120176185392
868120176185400
868120176185418
868120176185426
868120176185434
868120176185442
868120176185459
868120176185467
868120176185475
868120176185483
868120176185491
868120176185509
868120176185517
868120176185525
868120176185533
868120176185541
868120176185558
868120176185566
868120176185574
868120176185582
868120176185590
868120176185608
868120176185616
868120176185624
868120176185632
868120176185640
868120176185657
868120176185665
868120176185673
868120176185681
868120176185699
868120176185707
868120176185715
868120176185723
868120176185731
868120176185749
868120176185756
868120176185764
868120176185772
868120176185780
868120176185798
868120176185806
868120176185814
868120176185822
868120176185830
868120176185848
868120176185855
868120176185863
868120176185871
868120176185889
868120176185897
868120176185905
868120176185913
868120176185921
868120176185939
868120176185947
868120176185954
868120176185962
868120176185970
868120176185988
868120176185996
868120176186002
868120176186010
868120176186028
868120176186036
868120176186044
868120176186051
868120176186069
868120176186077
868120176186085
868120176186093
868120176186101
868120176186119
868120176186127
868120176186135
868120176186143
868120176186150
868120176186168
868120176186176
868120176186184
868120176186192
868120176186200
868120176186218
868120176186226
868120176186234
868120176186242
868120176186259
868120176186267
868120176186275
868120176186283
868120176186291
868120176186309
868120176186317
868120176186325
868120176186333
868120176186341
868120176186358
868120176186366
868120176186374
868120176186382
868120176186390
868120176186408
868120176186416
868120176186424
868120176186432
868120176186440
868120176186457
868120176186465
868120176186473
868120176186481
868120176186499
868120176186507
868120176186515
868120176186523
868120176186531
868120176186549
868120176186556
868120176186564
868120176186572
868120176186580
868120176186598
868120176186606
868120176186614
868120176186622
868120176186630
868120176186648
868120176186655
868120176186663
868120176186671
868120176186689
868120176186697
868120176186705
868120176186713
868120176186721
868120176186739
868120176186747
868120176186754
868120176186762
868120176186770
868120176186788
868120176186796
868120176186804
868120176186812
868120176186820
868120176186838
868120176186846
868120176186853
868120176186861
868120176186879
868120176186887
868120176186895
868120176186903
868120176186911
868120176186929
868120176186937
868120176186945
868120176186952
868120176186960
868120176186978
868120176186986
868120176186994
868120176187000
868120176187018
868120176187026
868120176187034
868120176187042
868120176187059
868120176187067
868120176187075
868120176187083
868120176187091
868120176187109
868120176187117
868120176187125
868120176187133
868120176187141
868120176187158
868120176187166
868120176187174
868120176187182
868120176187190
868120176187208
868120176187216
868120176187224
868120176187232
868120176187240
868120176187257
868120176187265
868120176187273
868120176187281
868120176187299
868120176187307
868120176187315
868120176187323
868120176187331
868120176187349
868120176187356
868120176187364
868120176187372
868120176187380
868120176187398
868120176187406
868120176187414
868120176187422
868120176187430
868120176187448
868120176187455
868120176187463
868120176187471
868120176187489
868120176187497
868120176187505
868120176187513
868120176187521
868120176187539
868120176187547
868120176187554
868120176187562
868120176187570
868120176187588
868120176187596
868120176187604
868120176187612
868120176187620
868120176187638
868120176187646
868120176187653
868120176187661
868120176187679
868120176187687
868120176187695
868120176187703
868120176187711
868120176187729
868120176187737
868120176187745
868120176187752
868120176187760
868120176187778
868120176187786
868120176187794
868120176187802
868120176187810
868120176187828
868120176187836
868120176187844
868120176187851
868120176187869
868120176187877
868120176187885
868120176187893
868120176187901
868120176187919
868120176187927
868120176187935
868120176187943
868120176187950
868120176187968
868120176187976
868120176187984
868120176187992
868120176188008
868120176188016
868120176188024
868120176188032
868120176188040
868120176188057
868120176188065
868120176188073
868120176188081
868120176188099
868120176188107
868120176188115
868120176188123
868120176188131
868120176188149
868120176188156
868120176188164
868120176188172
868120176188180
868120176188198
868120176188206
868120176188214
868120176188222
868120176188230
868120176188248
868120176188255
868120176188263
868120176188271
868120176188289
868120176188297
868120176188305
868120176188313
868120176188321
868120176188339
868120176188347
868120176188354
868120176188362
868120176188370
868120176188388
868120176188396
868120176188404
868120176188412
868120176188420
868120176188438
868120176188446
868120176188453
868120176188461
868120176188479
868120176188487
868120176188495
868120176188503
868120176188511
868120176188529
868120176188537
868120176188545
868120176188552
868120176188560
868120176188578
868120176188586
868120176188594
868120176188602
868120176188610
868120176188628
868120176188636
868120176188644
868120176188651
868120176188669
868120176188677
868120176188685
868120176188693
868120176188701
868120176188719
868120176188727
868120176188735
868120176188743
868120176188750
868120176188768
868120176188776
868120176188784
868120176188792
868120176188800
868120176188818
868120176188826
868120176188834
868120176188842
868120176188859
868120176188867
868120176188875
868120176188883
868120176188891
868120176188909
868120176188917
868120176188925
868120176188933
868120176188941
868120176188958
868120176188966
868120176188974
868120176188982
868120176188990
868120176189006
868120176189014
868120176189022
868120176189030
868120176189048
868120176189055
868120176189063
868120176189071
868120176189089
868120176189097
868120176189105
868120176189113
868120176189121
868120176189139
868120176189147
868120176189154
868120176189162
868120176189170
868120176189188
868120176189196
868120176189204
868120176189212
868120176189220
868120176189238
868120176189246
868120176189253
868120176189261
868120176189279
868120176189287
868120176189295
868120176189303
868120176189311
868120176189329
868120176189337
868120176189345
868120176189352
868120176189360
868120176189378
868120176189386
868120176189394
868120176189402
868120176189410
868120176189428
868120176189436
868120176189444
868120176189451
868120176189469
868120176189477
868120176189485
868120176189493
868120176189501
868120176189519
868120176189527
868120176189535
868120176189543
868120176189550
868120176189568
868120176189576
868120176189584
868120176189592
868120176189600
868120176189618
868120176189626
868120176189634
868120176189642
868120176189659
868120176189667
868120176189675
868120176189683
868120176189691
868120176189709
868120176189717
868120176189725
868120176189733
868120176189741
868120176189758
868120176189766
868120176189774
868120176189782
868120176189790
868120176189808
868120176189816
868120176189824
868120176189832
868120176189840
868120176189857
868120176189865
868120176189873
868120176189881
868120176189899
868120176189907
868120176189915
868120176189923
868120176189931
868120176189949
868120176189956
868120176189964
868120176189972
868120176189980
868120176189998
868120176190004
868120176190012
868120176190020
868120176190038
868120176190046
868120176190053
868120176190061
868120176190079
868120176190087
868120176190095
868120176190103
868120176190111
868120176190129
868120176190137
868120176190145
868120176190152
868120176190160
868120176190178
868120176190186
868120176190194
868120176190202
868120176190210
868120176190228
868120176190236
868120176190244
868120176190251
868120176190269
868120176190277
868120176190285
868120176190293
868120176190301
868120176190319
868120176190327
868120176190335
868120176190343
868120176190350
868120176190368
868120176190376
868120176190384
868120176190392
868120176190400
868120176190418
868120176190426
868120176190434
868120176190442
868120176190459
868120176190467
868120176190475
868120176190483
868120176190491
868120176190509
868120176190517
868120176190525
868120176190533
868120176190541
868120176190558
868120176190566
868120176190574
868120176190582
868120176190590
868120176190608
868120176190616
868120176190624
868120176190632
868120176190640
868120176190657
868120176190665
868120176190673
868120176190681
868120176190699
868120176190707
868120176190715
868120176190723
868120176190731
868120176190749
868120176190756
868120176190764
868120176190772
868120176190780
868120176190798
868120176190806
868120176190814
868120176190822
868120176190830
868120176190848
868120176190855
868120176190863
868120176190871
868120176190889
868120176190897
868120176190905
868120176190913
868120176190921
868120176190939
868120176190947
868120176190954
868120176190962
868120176190970
868120176190988
868120176190996
868120176191002
868120176191010
868120176191028
868120176191036
868120176191044
868120176191051
868120176191069
868120176191077
868120176191085
868120176191093
868120176191101
868120176191119
868120176191127
868120176191135
868120176191143
868120176191150
868120176191168
868120176191176
868120176191184
868120176191192
868120176191200
868120176191218
868120176191226
868120176191234
868120176191242
868120176191259
868120176191267
868120176191275
868120176191283
868120176191291
868120176191309
868120176191317
