863166010515018
863166010515026
863166010515034
863166010515042
863166010515059
863166010515067
863166010515075
863166010515083
863166010515091
863166010515109
863166010515117
863166010515125
863166010515133
863166010515141
863166010515158
863166010515166
863166010515174
863166010515182
863166010515190
863166010515208
863166010515216
863166010515224
863166010515232
863166010515240
863166010515257
863166010515265
863166010515273
863166010515281
863166010515299
863166010515307
863166010515315
863166010515323
863166010515331
863166010515349
863166010515356
863166010515364
863166010515372
863166010515380
863166010515398
863166010515406
863166010515414
863166010515422
863166010515430
863166010515448
863166010515455
863166010515463
863166010515471
863166010515489
863166010515497
863166010515505
863166010515513
863166010515521
863166010515539
863166010515547
863166010515554
863166010515562
863166010515570
863166010515588
863166010515596
863166010515604
863166010515612
863166010515620
863166010515638
863166010515646
863166010515653
863166010515661
863166010515679
863166010515687
863166010515695
863166010515703
863166010515711
863166010515729
863166010515737
863166010515745
863166010515752
863166010515760
863166010515778
863166010515786
863166010515794
863166010515802
863166010515810
863166010515828
863166010515836
863166010515844
863166010515851
863166010515869
863166010515877
863166010515885
863166010515893
863166010515901
863166010515919
863166010515927
863166010515935
863166010515943
863166010515950
863166010515968
863166010515976
863166010515984
863166010515992
863166010516008
863166010516016
863166010516024
863166010516032
863166010516040
863166010516057
863166010516065
863166010516073
863166010516081
863166010516099
863166010516107
863166010516115
863166010516123
863166010516131
863166010516149
863166010516156
863166010516164
863166010516172
863166010516180
863166010516198
863166010516206
863166010516214
863166010516222
863166010516230
863166010516248
863166010516255
863166010516263
863166010516271
863166010516289
863166010516297
863166010516305
863166010516313
863166010516321
863166010516339
863166010516347
863166010516354
863166010516362
863166010516370
863166010516388
863166010516396
863166010516404
863166010516412
863166010516420
863166010516438
863166010516446
863166010516453
863166010516461
863166010516479
863166010516487
863166010516495
863166010516503
863166010516511
863166010516529
863166010516537
863166010516545
863166010516552
863166010516560
863166010516578
863166010516586
863166010516594
863166010516602
863166010516610
863166010516628
863166010516636
863166010516644
863166010516651
863166010516669
863166010516677
863166010516685
863166010516693
863166010516701
863166010516719
863166010516727
863166010516735
863166010516743
863166010516750
863166010516768
863166010516776
863166010516784
863166010516792
863166010516800
863166010516818
863166010516826
863166010516834
863166010516842
863166010516859
863166010516867
863166010516875
863166010516883
863166010516891
863166010516909
863166010516917
863166010516925
863166010516933
863166010516941
863166010516958
863166010516966
863166010516974
863166010516982
863166010516990
863166010517006
863166010517014
863166010517022
863166010517030
863166010517048
863166010517055
863166010517063
863166010517071
863166010517089
863166010517097
863166010517105
863166010517113
863166010517121
863166010517139
863166010517147
863166010517154
863166010517162
863166010517170
863166010517188
863166010517196
863166010517204
863166010517212
863166010517220
863166010517238
863166010517246
863166010517253
863166010517261
863166010517279
863166010517287
863166010517295
863166010517303
863166010517311
863166010517329
863166010517337
863166010517345
863166010517352
863166010517360
863166010517378
863166010517386
863166010517394
863166010517402
863166010517410
863166010517428
863166010517436
863166010517444
863166010517451
863166010517469
863166010517477
863166010517485
863166010517493
863166010517501
863166010517519
863166010517527
863166010517535
863166010517543
863166010517550
863166010517568
863166010517576
863166010517584
863166010517592
863166010517600
863166010517618
863166010517626
863166010517634
863166010517642
863166010517659
863166010517667
863166010517675
863166010517683
863166010517691
863166010517709
863166010517717
863166010517725
863166010517733
863166010517741
863166010517758
863166010517766
863166010517774
863166010517782
863166010517790
863166010517808
863166010517816
863166010517824
863166010517832
863166010517840
863166010517857
863166010517865
863166010517873
863166010517881
863166010517899
863166010517907
863166010517915
863166010517923
863166010517931
863166010517949
863166010517956
863166010517964
863166010517972
863166010517980
863166010517998
863166010518004
863166010518012
863166010518020
863166010518038
863166010518046
863166010518053
863166010518061
863166010518079
863166010518087
863166010518095
863166010518103
863166010518111
863166010518129
863166010518137
863166010518145
863166010518152
863166010518160
863166010518178
863166010518186
863166010518194
863166010518202
863166010518210
863166010518228
863166010518236
863166010518244
863166010518251
863166010518269
863166010518277
863166010518285
863166010518293
863166010518301
863166010518319
863166010518327
863166010518335
863166010518343
863166010518350
863166010518368
863166010518376
863166010518384
863166010518392
863166010518400
863166010518418
863166010518426
863166010518434
863166010518442
863166010518459
863166010518467
863166010518475
863166010518483
863166010518491
863166010518509
863166010518517
863166010518525
863166010518533
863166010518541
863166010518558
863166010518566
863166010518574
863166010518582
863166010518590
863166010518608
863166010518616
863166010518624
863166010518632
863166010518640
863166010518657
863166010518665
863166010518673
863166010518681
863166010518699
863166010518707
863166010518715
863166010518723
863166010518731
863166010518749
863166010518756
863166010518764
863166010518772
863166010518780
863166010518798
863166010518806
863166010518814
863166010518822
863166010518830
863166010518848
863166010518855
863166010518863
863166010518871
863166010518889
863166010518897
863166010518905
863166010518913
863166010518921
863166010518939
863166010518947
863166010518954
863166010518962
863166010518970
863166010518988
863166010518996
863166010519002
863166010519010
863166010519028
863166010519036
863166010519044
863166010519051
863166010519069
863166010519077
863166010519085
863166010519093
863166010519101
863166010519119
863166010519127
863166010519135
863166010519143
863166010519150
863166010519168
863166010519176
863166010519184
863166010519192
863166010519200
863166010519218
863166010519226
863166010519234
863166010519242
863166010519259
863166010519267
863166010519275
863166010519283
863166010519291
863166010519309
863166010519317
863166010519325
863166010519333
863166010519341
863166010519358
863166010519366
863166010519374
863166010519382
863166010519390
863166010519408
863166010519416
863166010519424
863166010519432
863166010519440
863166010519457
863166010519465
863166010519473
863166010519481
863166010519499
863166010519507
863166010519515
863166010519523
863166010519531
863166010519549
863166010519556
863166010519564
863166010519572
863166010519580
863166010519598
863166010519606
863166010519614
863166010519622
863166010519630
863166010519648
863166010519655
863166010519663
863166010519671
863166010519689
863166010519697
863166010519705
863166010519713
863166010519721
863166010519739
863166010519747
863166010519754
863166010519762
863166010519770
863166010519788
863166010519796
863166010519804
863166010519812
863166010519820
863166010519838
863166010519846
863166010519853
863166010519861
863166010519879
863166010519887
863166010519895
863166010519903
863166010519911
863166010519929
863166010519937
863166010519945
863166010519952
863166010519960
863166010519978
863166010519986
863166010519994
863166010520000
863166010520018
863166010520026
863166010520034
863166010520042
863166010520059
863166010520067
863166010520075
863166010520083
863166010520091
863166010520109
863166010520117
863166010520125
863166010520133
863166010520141
863166010520158
863166010520166
863166010520174
863166010520182
863166010520190
863166010520208
863166010520216
863166010520224
863166010520232
863166010520240
863166010520257
863166010520265
863166010520273
863166010520281
863166010520299
863166010520307
863166010520315
863166010520323
863166010520331
863166010520349
863166010520356
863166010520364
863166010520372
863166010520380
863166010520398
863166010520406
863166010520414
863166010520422
863166010520430
863166010520448
863166010520455
863166010520463
863166010520471
863166010520489
863166010520497
863166010520505
863166010520513
863166010520521
863166010520539
863166010520547
863166010520554
863166010520562
863166010520570
863166010520588
863166010520596
863166010520604
863166010520612
863166010520620
863166010520638
863166010520646
863166010520653
863166010520661
863166010520679
863166010520687
863166010520695
863166010520703
863166010520711
863166010520729
863166010520737
863166010520745
863166010520752
863166010520760
863166010520778
863166010520786
863166010520794
863166010520802
863166010520810
863166010520828
863166010520836
863166010520844
863166010520851
863166010520869
863166010520877
863166010520885
863166010520893
863166010520901
863166010520919
863166010520927
863166010520935
863166010520943
863166010520950
863166010520968
863166010520976
863166010520984
863166010520992
863166010521008
863166010521016
863166010521024
863166010521032
863166010521040
863166010521057
863166010521065
863166010521073
863166010521081
863166010521099
863166010521107
863166010521115
863166010521123
863166010521131
863166010521149
863166010521156
863166010521164
863166010521172
863166010521180
863166010521198
863166010521206
863166010521214
863166010521222
863166010521230
863166010521248
863166010521255
863166010521263
863166010521271
863166010521289
863166010521297
863166010521305
863166010521313
863166010521321
863166010521339
863166010521347
863166010521354
863166010521362
863166010521370
863166010521388
863166010521396
863166010521404
863166010521412
863166010521420
863166010521438
863166010521446
863166010521453
863166010521461
863166010521479
863166010521487
863166010521495
863166010521503
863166010521511
863166010521529
863166010521537
863166010521545
863166010521552
863166010521560
863166010521578
863166010521586
863166010521594
863166010521602
863166010521610
863166010521628
863166010521636
863166010521644
863166010521651
863166010521669
863166010521677
863166010521685
863166010521693
863166010521701
863166010521719
863166010521727
863166010521735
863166010521743
863166010521750
863166010521768
863166010521776
863166010521784
863166010521792
863166010521800
863166010521818
863166010521826
863166010521834
863166010521842
863166010521859
863166010521867
863166010521875
863166010521883
863166010521891
863166010521909
863166010521917
863166010521925
863166010521933
863166010521941
863166010521958
863166010521966
863166010521974
863166010521982
863166010521990
863166010522006
863166010522014
863166010522022
863166010522030
863166010522048
863166010522055
863166010522063
863166010522071
863166010522089
863166010522097
863166010522105
863166010522113
863166010522121
863166010522139
863166010522147
863166010522154
863166010522162
863166010522170
863166010522188
863166010522196
863166010522204
863166010522212
863166010522220
863166010522238
863166010522246
863166010522253
863166010522261
863166010522279
863166010522287
863166010522295
863166010522303
863166010522311
863166010522329
863166010522337
863166010522345
863166010522352
863166010522360
863166010522378
863166010522386
863166010522394
863166010522402
863166010522410
863166010522428
863166010522436
863166010522444
863166010522451
863166010522469
863166010522477
863166010522485
863166010522493
863166010522501
863166010522519
863166010522527
863166010522535
863166010522543
863166010522550
863166010522568
863166010522576
863166010522584
863166010522592
863166010522600
863166010522618
863166010522626
863166010522634
863166010522642
863166010522659
863166010522667
863166010522675
863166010522683
863166010522691
863166010522709
863166010522717
863166010522725
863166010522733
863166010522741
863166010522758
863166010522766
863166010522774
863166010522782
863166010522790
863166010522808
863166010522816
863166010522824
863166010522832
863166010522840
863166010522857
863166010522865
863166010522873
863166010522881
863166010522899
863166010522907
863166010522915
863166010522923
863166010522931
863166010522949
863166010522956
863166010522964
863166010522972
863166010522980
863166010522998
863166010523004
863166010523012
863166010523020
863166010523038
863166010523046
863166010523053
863166010523061
863166010523079
863166010523087
863166010523095
863166010523103
863166010523111
863166010523129
863166010523137
863166010523145
863166010523152
863166010523160
863166010523178
863166010523186
863166010523194
863166010523202
863166010523210
863166010523228
863166010523236
863166010523244
863166010523251
863166010523269
863166010523277
863166010523285
863166010523293
863166010523301
863166010523319
863166010523327
863166010523335
863166010523343
863166010523350
863166010523368
863166010523376
863166010523384
863166010523392
863166010523400
863166010523418
863166010523426
863166010523434
863166010523442
863166010523459
863166010523467
863166010523475
863166010523483
863166010523491
863166010523509
863166010523517
863166010523525
863166010523533
863166010523541
863166010523558
863166010523566
863166010523574
863166010523582
863166010523590
863166010523608
863166010523616
863166010523624
863166010523632
863166010523640
863166010523657
863166010523665
863166010523673
863166010523681
863166010523699
863166010523707
863166010523715
863166010523723
863166010523731
863166010523749
863166010523756
863166010523764
863166010523772
863166010523780
863166010523798
863166010523806
863166010523814
863166010523822
863166010523830
863166010523848
863166010523855
863166010523863
863166010523871
863166010523889
863166010523897
863166010523905
863166010523913
863166010523921
863166010523939
863166010523947
863166010523954
863166010523962
863166010523970
863166010523988
863166010523996
863166010524002
863166010524010
863166010524028
863166010524036
863166010524044
863166010524051
863166010524069
863166010524077
863166010524085
863166010524093
863166010524101
863166010524119
863166010524127
863166010524135
863166010524143
863166010524150
863166010524168
863166010524176
863166010524184
863166010524192
863166010524200
863166010524218
863166010524226
863166010524234
863166010524242
863166010524259
863166010524267
863166010524275
863166010524283
863166010524291
863166010524309
863166010524317
863166010524325
863166010524333
863166010524341
863166010524358
863166010524366
863166010524374
863166010524382
863166010524390
863166010524408
863166010524416
863166010524424
863166010524432
863166010524440
863166010524457
863166010524465
863166010524473
863166010524481
863166010524499
863166010524507
863166010524515
863166010524523
863166010524531
863166010524549
863166010524556
863166010524564
863166010524572
863166010524580
863166010524598
863166010524606
863166010524614
863166010524622
863166010524630
863166010524648
863166010524655
863166010524663
863166010524671
863166010524689
863166010524697
863166010524705
863166010524713
863166010524721
863166010524739
863166010524747
863166010524754
863166010524762
863166010524770
863166010524788
863166010524796
863166010524804
863166010524812
863166010524820
863166010524838
863166010524846
863166010524853
863166010524861
863166010524879
863166010524887
863166010524895
863166010524903
863166010524911
863166010524929
863166010524937
863166010524945
863166010524952
863166010524960
863166010524978
863166010524986
863166010524994
863166010525009
863166010525017
863166010525025
863166010525033
863166010525041
863166010525058
863166010525066
863166010525074
863166010525082
863166010525090
863166010525108
863166010525116
863166010525124
863166010525132
863166010525140
863166010525157
863166010525165
863166010525173
863166010525181
863166010525199
863166010525207
863166010525215
863166010525223
863166010525231
863166010525249
863166010525256
863166010525264
863166010525272
863166010525280
863166010525298
863166010525306
863166010525314
863166010525322
863166010525330
863166010525348
863166010525355
863166010525363
863166010525371
863166010525389
863166010525397
863166010525405
863166010525413
863166010525421
863166010525439
863166010525447
863166010525454
863166010525462
863166010525470
863166010525488
863166010525496
863166010525504
863166010525512
863166010525520
863166010525538
863166010525546
863166010525553
863166010525561
863166010525579
863166010525587
863166010525595
863166010525603
863166010525611
863166010525629
863166010525637
863166010525645
863166010525652
863166010525660
863166010525678
863166010525686
863166010525694
863166010525702
863166010525710
863166010525728
863166010525736
863166010525744
863166010525751
863166010525769
863166010525777
863166010525785
863166010525793
863166010525801
863166010525819
863166010525827
863166010525835
863166010525843
863166010525850
863166010525868
863166010525876
863166010525884
863166010525892
863166010525900
863166010525918
863166010525926
863166010525934
863166010525942
863166010525959
863166010525967
863166010525975
863166010525983
863166010525991
863166010526007
863166010526015
863166010526023
863166010526031
863166010526049
863166010526056
863166010526064
863166010526072
863166010526080
863166010526098
863166010526106
863166010526114
863166010526122
863166010526130
863166010526148
863166010526155
863166010526163
863166010526171
863166010526189
863166010526197
863166010526205
863166010526213
863166010526221
863166010526239
863166010526247
863166010526254
863166010526262
863166010526270
863166010526288
863166010526296
863166010526304
863166010526312
863166010526320
863166010526338
863166010526346
863166010526353
863166010526361
863166010526379
863166010526387
863166010526395
863166010526403
863166010526411
863166010526429
863166010526437
863166010526445
863166010526452
863166010526460
863166010526478
863166010526486
863166010526494
863166010526502
863166010526510
863166010526528
863166010526536
863166010526544
863166010526551
863166010526569
863166010526577
863166010526585
863166010526593
863166010526601
863166010526619
863166010526627
863166010526635
863166010526643
863166010526650
863166010526668
863166010526676
863166010526684
863166010526692
863166010526700
863166010526718
863166010526726
863166010526734
863166010526742
863166010526759
863166010526767
863166010526775
863166010526783
863166010526791
863166010526809
863166010526817
863166010526825
863166010526833
863166010526841
863166010526858
863166010526866
863166010526874
863166010526882
863166010526890
863166010526908
863166010526916
863166010526924
863166010526932
863166010526940
863166010526957
863166010526965
863166010526973
863166010526981
863166010526999
863166010527005
863166010527013
863166010527021
863166010527039
863166010527047
863166010527054
863166010527062
863166010527070
863166010527088
863166010527096
863166010527104
863166010527112
863166010527120
863166010527138
863166010527146
863166010527153
863166010527161
863166010527179
863166010527187
863166010527195
863166010527203
863166010527211
863166010527229
863166010527237
863166010527245
863166010527252
863166010527260
863166010527278
863166010527286
863166010527294
863166010527302
863166010527310
863166010527328
863166010527336
863166010527344
863166010527351
863166010527369
863166010527377
863166010527385
863166010527393
863166010527401
863166010527419
863166010527427
863166010527435
863166010527443
863166010527450
863166010527468
863166010527476
863166010527484
863166010527492
863166010527500
863166010527518
863166010527526
863166010527534
863166010527542
863166010527559
863166010527567
863166010527575
863166010527583
863166010527591
863166010527609
863166010527617
863166010527625
863166010527633
863166010527641
863166010527658
863166010527666
863166010527674
863166010527682
863166010527690
863166010527708
863166010527716
863166010527724
863166010527732
863166010527740
863166010527757
863166010527765
863166010527773
863166010527781
863166010527799
863166010527807
863166010527815
863166010527823
863166010527831
863166010527849
863166010527856
863166010527864
863166010527872
863166010527880
863166010527898
863166010527906
863166010527914
863166010527922
863166010527930
863166010527948
863166010527955
863166010527963
863166010527971
863166010527989
863166010527997
863166010528003
863166010528011
863166010528029
863166010528037
863166010528045
863166010528052
863166010528060
863166010528078
863166010528086
863166010528094
863166010528102
863166010528110
863166010528128
863166010528136
863166010528144
863166010528151
863166010528169
863166010528177
863166010528185
863166010528193
863166010528201
863166010528219
863166010528227
863166010528235
863166010528243
863166010528250
863166010528268
863166010528276
863166010528284
863166010528292
863166010528300
863166010528318
863166010528326
863166010528334
863166010528342
863166010528359
863166010528367
863166010528375
863166010528383
863166010528391
863166010528409
863166010528417
863166010528425
863166010528433
863166010528441
863166010528458
863166010528466
863166010528474
863166010528482
863166010528490
863166010528508
863166010528516
863166010528524
863166010528532
863166010528540
863166010528557
863166010528565
863166010528573
863166010528581
863166010528599
863166010528607
863166010528615
863166010528623
863166010528631
863166010528649
863166010528656
863166010528664
863166010528672
863166010528680
863166010528698
863166010528706
863166010528714
863166010528722
863166010528730
863166010528748
863166010528755
863166010528763
863166010528771
863166010528789
863166010528797
863166010528805
863166010528813
863166010528821
863166010528839
863166010528847
863166010528854
863166010528862
863166010528870
863166010528888
863166010528896
863166010528904
863166010528912
863166010528920
863166010528938
863166010528946
863166010528953
863166010528961
863166010528979
863166010528987
863166010528995
863166010529001
863166010529019
863166010529027
863166010529035
863166010529043
863166010529050
863166010529068
863166010529076
863166010529084
863166010529092
863166010529100
863166010529118
863166010529126
863166010529134
863166010529142
863166010529159
863166010529167
863166010529175
863166010529183
863166010529191
863166010529209
863166010529217
863166010529225
863166010529233
863166010529241
863166010529258
863166010529266
863166010529274
863166010529282
863166010529290
863166010529308
863166010529316
863166010529324
863166010529332
863166010529340
863166010529357
863166010529365
863166010529373
863166010529381
863166010529399
863166010529407
863166010529415
863166010529423
863166010529431
863166010529449
863166010529456
863166010529464
863166010529472
863166010529480
863166010529498
863166010529506
863166010529514
863166010529522
863166010529530
863166010529548
863166010529555
863166010529563
863166010529571
863166010529589
863166010529597
863166010529605
863166010529613
863166010529621
863166010529639
863166010529647
863166010529654
863166010529662
863166010529670
863166010529688
863166010529696
863166010529704
863166010529712
863166010529720
863166010529738
863166010529746
863166010529753
863166010529761
863166010529779
863166010529787
863166010529795
863166010529803
863166010529811
863166010529829
863166010529837
863166010529845
863166010529852
863166010529860
863166010529878
863166010529886
863166010529894
863166010529902
863166010529910
863166010529928
863166010529936
863166010529944
863166010529951
863166010529969
863166010529977
863166010529985
863166010529993
863166010530009
863166010530017
863166010530025
863166010530033
863166010530041
863166010530058
863166010530066
863166010530074
863166010530082
863166010530090
863166010530108
863166010530116
863166010530124
863166010530132
863166010530140
863166010530157
863166010530165
863166010530173
863166010530181
863166010530199
863166010530207
863166010530215
863166010530223
863166010530231
863166010530249
863166010530256
863166010530264
863166010530272
863166010530280
863166010530298
863166010530306
863166010530314
863166010530322
863166010530330
863166010530348
863166010530355
863166010530363
863166010530371
863166010530389
863166010530397
863166010530405
863166010530413
863166010530421
863166010530439
863166010530447
863166010530454
863166010530462
863166010530470
863166010530488
863166010530496
863166010530504
863166010530512
863166010530520
863166010530538
863166010530546
863166010530553
863166010530561
863166010530579
863166010530587
863166010530595
863166010530603
863166010530611
863166010530629
863166010530637
863166010530645
863166010530652
863166010530660
863166010530678
863166010530686
863166010530694
863166010530702
863166010530710
863166010530728
863166010530736
863166010530744
863166010530751
863166010530769
863166010530777
863166010530785
863166010530793
863166010530801
863166010530819
863166010530827
863166010530835
863166010530843
863166010530850
863166010530868
863166010530876
863166010530884
863166010530892
863166010530900
863166010530918
863166010530926
863166010530934
863166010530942
863166010530959
863166010530967
863166010530975
863166010530983
863166010530991
863166010531007
863166010531015
863166010531023
863166010531031
863166010531049
863166010531056
863166010531064
863166010531072
863166010531080
863166010531098
863166010531106
863166010531114
863166010531122
863166010531130
863166010531148
863166010531155
863166010531163
863166010531171
863166010531189
863166010531197
863166010531205
863166010531213
863166010531221
863166010531239
863166010531247
863166010531254
863166010531262
863166010531270
863166010531288
863166010531296
863166010531304
863166010531312
863166010531320
863166010531338
863166010531346
863166010531353
863166010531361
863166010531379
863166010531387
863166010531395
863166010531403
863166010531411
863166010531429
863166010531437
863166010531445
863166010531452
863166010531460
863166010531478
863166010531486
863166010531494
863166010531502
863166010531510
863166010531528
863166010531536
863166010531544
863166010531551
863166010531569
863166010531577
863166010531585
863166010531593
863166010531601
863166010531619
863166010531627
863166010531635
863166010531643
863166010531650
863166010531668
863166010531676
863166010531684
863166010531692
863166010531700
863166010531718
863166010531726
863166010531734
863166010531742
863166010531759
863166010531767
863166010531775
863166010531783
863166010531791
863166010531809
863166010531817
863166010531825
863166010531833
863166010531841
863166010531858
863166010531866
863166010531874
863166010531882
863166010531890
863166010531908
863166010531916
863166010531924
863166010531932
863166010531940
863166010531957
863166010531965
863166010531973
863166010531981
863166010531999
863166010532005
863166010532013
863166010532021
863166010532039
863166010532047
863166010532054
863166010532062
863166010532070
863166010532088
863166010532096
863166010532104
863166010532112
863166010532120
863166010532138
863166010532146
863166010532153
863166010532161
863166010532179
863166010532187
863166010532195
863166010532203
863166010532211
863166010532229
863166010532237
863166010532245
863166010532252
863166010532260
863166010532278
863166010532286
863166010532294
863166010532302
863166010532310
863166010532328
863166010532336
863166010532344
863166010532351
863166010532369
863166010532377
863166010532385
863166010532393
863166010532401
863166010532419
863166010532427
863166010532435
863166010532443
863166010532450
863166010532468
863166010532476
863166010532484
863166010532492
863166010532500
863166010532518
863166010532526
863166010532534
863166010532542
863166010532559
863166010532567
863166010532575
863166010532583
863166010532591
863166010532609
863166010532617
863166010532625
863166010532633
863166010532641
863166010532658
863166010532666
863166010532674
863166010532682
863166010532690
863166010532708
863166010532716
863166010532724
863166010532732
863166010532740
863166010532757
863166010532765
863166010532773
863166010532781
863166010532799
863166010532807
863166010532815
863166010532823
863166010532831
863166010532849
863166010532856
863166010532864
863166010532872
863166010532880
863166010532898
863166010532906
863166010532914
863166010532922
863166010532930
863166010532948
863166010532955
863166010532963
863166010532971
863166010532989
863166010532997
863166010533003
863166010533011
863166010533029
863166010533037
863166010533045
863166010533052
863166010533060
863166010533078
863166010533086
863166010533094
863166010533102
863166010533110
863166010533128
863166010533136
863166010533144
863166010533151
863166010533169
863166010533177
863166010533185
863166010533193
863166010533201
863166010533219
863166010533227
863166010533235
863166010533243
863166010533250
863166010533268
863166010533276
863166010533284
863166010533292
863166010533300
863166010533318
863166010533326
863166010533334
863166010533342
863166010533359
863166010533367
863166010533375
863166010533383
863166010533391
863166010533409
863166010533417
863166010533425
863166010533433
863166010533441
863166010533458
863166010533466
863166010533474
863166010533482
863166010533490
863166010533508
863166010533516
863166010533524
863166010533532
863166010533540
863166010533557
863166010533565
863166010533573
863166010533581
863166010533599
863166010533607
863166010533615
863166010533623
863166010533631
863166010533649
863166010533656
863166010533664
863166010533672
863166010533680
863166010533698
863166010533706
863166010533714
863166010533722
863166010533730
863166010533748
863166010533755
863166010533763
863166010533771
863166010533789
863166010533797
863166010533805
863166010533813
863166010533821
863166010533839
863166010533847
863166010533854
863166010533862
863166010533870
863166010533888
863166010533896
863166010533904
863166010533912
863166010533920
863166010533938
863166010533946
863166010533953
863166010533961
863166010533979
863166010533987
863166010533995
863166010534001
863166010534019
863166010534027
863166010534035
863166010534043
863166010534050
863166010534068
863166010534076
863166010534084
863166010534092
863166010534100
863166010534118
863166010534126
863166010534134
863166010534142
863166010534159
863166010534167
863166010534175
863166010534183
863166010534191
863166010534209
863166010534217
863166010534225
863166010534233
863166010534241
863166010534258
863166010534266
863166010534274
863166010534282
863166010534290
863166010534308
863166010534316
863166010534324
863166010534332
863166010534340
863166010534357
863166010534365
863166010534373
863166010534381
863166010534399
863166010534407
863166010534415
863166010534423
863166010534431
863166010534449
863166010534456
863166010534464
863166010534472
863166010534480
863166010534498
863166010534506
863166010534514
863166010534522
863166010534530
863166010534548
863166010534555
863166010534563
863166010534571
863166010534589
863166010534597
863166010534605
863166010534613
863166010534621
863166010534639
863166010534647
863166010534654
863166010534662
863166010534670
863166010534688
863166010534696
863166010534704
863166010534712
863166010534720
863166010534738
863166010534746
863166010534753
863166010534761
863166010534779
863166010534787
863166010534795
863166010534803
863166010534811
863166010534829
863166010534837
863166010534845
863166010534852
863166010534860
863166010534878
863166010534886
863166010534894
863166010534902
863166010534910
863166010534928
863166010534936
863166010534944
863166010534951
863166010534969
863166010534977
863166010534985
863166010534993
863166010535008
863166010535016
863166010535024
863166010535032
863166010535040
863166010535057
863166010535065
863166010535073
863166010535081
863166010535099
863166010535107
863166010535115
863166010535123
863166010535131
863166010535149
863166010535156
863166010535164
863166010535172
863166010535180
863166010535198
863166010535206
863166010535214
863166010535222
863166010535230
863166010535248
863166010535255
863166010535263
863166010535271
863166010535289
863166010535297
863166010535305
863166010535313
863166010535321
863166010535339
863166010535347
863166010535354
863166010535362
863166010535370
863166010535388
863166010535396
863166010535404
863166010535412
863166010535420
863166010535438
863166010535446
863166010535453
863166010535461
863166010535479
863166010535487
863166010535495
863166010535503
863166010535511
863166010535529
863166010535537
863166010535545
863166010535552
863166010535560
863166010535578
863166010535586
863166010535594
863166010535602
863166010535610
863166010535628
863166010535636
863166010535644
863166010535651
863166010535669
863166010535677
863166010535685
863166010535693
863166010535701
863166010535719
863166010535727
863166010535735
863166010535743
863166010535750
863166010535768
863166010535776
863166010535784
863166010535792
863166010535800
863166010535818
863166010535826
863166010535834
863166010535842
863166010535859
863166010535867
863166010535875
863166010535883
863166010535891
863166010535909
863166010535917
863166010535925
863166010535933
863166010535941
863166010535958
863166010535966
863166010535974
863166010535982
863166010535990
863166010536006
863166010536014
863166010536022
863166010536030
863166010536048
863166010536055
863166010536063
863166010536071
863166010536089
863166010536097
863166010536105
863166010536113
863166010536121
863166010536139
863166010536147
863166010536154
863166010536162
863166010536170
863166010536188
863166010536196
863166010536204
863166010536212
863166010536220
863166010536238
863166010536246
863166010536253
863166010536261
863166010536279
863166010536287
863166010536295
863166010536303
863166010536311
863166010536329
863166010536337
863166010536345
863166010536352
863166010536360
863166010536378
863166010536386
863166010536394
863166010536402
863166010536410
863166010536428
863166010536436
863166010536444
863166010536451
863166010536469
863166010536477
863166010536485
863166010536493
863166010536501
863166010536519
863166010536527
863166010536535
863166010536543
863166010536550
863166010536568
863166010536576
863166010536584
863166010536592
863166010536600
863166010536618
863166010536626
863166010536634
863166010536642
863166010536659
863166010536667
863166010536675
863166010536683
863166010536691
863166010536709
863166010536717
863166010536725
863166010536733
863166010536741
863166010536758
863166010536766
863166010536774
863166010536782
863166010536790
863166010536808
863166010536816
863166010536824
863166010536832
863166010536840
863166010536857
863166010536865
863166010536873
863166010536881
863166010536899
863166010536907
863166010536915
863166010536923
863166010536931
863166010536949
863166010536956
863166010536964
863166010536972
863166010536980
863166010536998
863166010537004
863166010537012
863166010537020
863166010537038
863166010537046
863166010537053
863166010537061
863166010537079
863166010537087
863166010537095
863166010537103
863166010537111
863166010537129
863166010537137
863166010537145
863166010537152
863166010537160
863166010537178
863166010537186
863166010537194
863166010537202
863166010537210
863166010537228
863166010537236
863166010537244
863166010537251
863166010537269
863166010537277
863166010537285
863166010537293
863166010537301
863166010537319
863166010537327
863166010537335
863166010537343
863166010537350
863166010537368
863166010537376
863166010537384
863166010537392
863166010537400
863166010537418
863166010537426
863166010537434
863166010537442
863166010537459
863166010537467
863166010537475
863166010537483
863166010537491
863166010537509
863166010537517
863166010537525
863166010537533
863166010537541
863166010537558
863166010537566
863166010537574
863166010537582
863166010537590
863166010537608
863166010537616
863166010537624
863166010537632
863166010537640
863166010537657
863166010537665
863166010537673
863166010537681
863166010537699
863166010537707
863166010537715
863166010537723
863166010537731
863166010537749
863166010537756
863166010537764
863166010537772
863166010537780
863166010537798
863166010537806
863166010537814
863166010537822
863166010537830
863166010537848
863166010537855
863166010537863
863166010537871
863166010537889
863166010537897
863166010537905
863166010537913
863166010537921
863166010537939
863166010537947
863166010537954
863166010537962
863166010537970
863166010537988
863166010537996
863166010538002
863166010538010
863166010538028
863166010538036
863166010538044
863166010538051
863166010538069
863166010538077
863166010538085
863166010538093
863166010538101
863166010538119
863166010538127
863166010538135
863166010538143
863166010538150
863166010538168
863166010538176
863166010538184
863166010538192
863166010538200
863166010538218
863166010538226
863166010538234
863166010538242
863166010538259
863166010538267
863166010538275
863166010538283
863166010538291
863166010538309
863166010538317
863166010538325
863166010538333
863166010538341
863166010538358
863166010538366
863166010538374
863166010538382
863166010538390
863166010538408
863166010538416
863166010538424
863166010538432
863166010538440
863166010538457
863166010538465
863166010538473
863166010538481
863166010538499
863166010538507
863166010538515
863166010538523
863166010538531
863166010538549
863166010538556
863166010538564
863166010538572
863166010538580
863166010538598
863166010538606
863166010538614
863166010538622
863166010538630
863166010538648
863166010538655
863166010538663
863166010538671
863166010538689
863166010538697
863166010538705
863166010538713
863166010538721
863166010538739
863166010538747
863166010538754
863166010538762
863166010538770
863166010538788
863166010538796
863166010538804
863166010538812
863166010538820
863166010538838
863166010538846
863166010538853
863166010538861
863166010538879
863166010538887
863166010538895
863166010538903
863166010538911
863166010538929
863166010538937
863166010538945
863166010538952
863166010538960
863166010538978
863166010538986
863166010538994
863166010539000
863166010539018
863166010539026
863166010539034
863166010539042
863166010539059
863166010539067
863166010539075
863166010539083
863166010539091
863166010539109
863166010539117
863166010539125
863166010539133
863166010539141
863166010539158
863166010539166
863166010539174
863166010539182
863166010539190
863166010539208
863166010539216
863166010539224
863166010539232
863166010539240
863166010539257
863166010539265
863166010539273
863166010539281
863166010539299
863166010539307
863166010539315
863166010539323
863166010539331
863166010539349
863166010539356
863166010539364
863166010539372
863166010539380
863166010539398
863166010539406
863166010539414
863166010539422
863166010539430
863166010539448
863166010539455
863166010539463
863166010539471
863166010539489
863166010539497
863166010539505
863166010539513
863166010539521
863166010539539
863166010539547
863166010539554
863166010539562
863166010539570
863166010539588
863166010539596
863166010539604
863166010539612
863166010539620
863166010539638
863166010539646
863166010539653
863166010539661
863166010539679
863166010539687
863166010539695
863166010539703
863166010539711
863166010539729
863166010539737
863166010539745
863166010539752
863166010539760
863166010539778
863166010539786
863166010539794
863166010539802
863166010539810
863166010539828
863166010539836
863166010539844
863166010539851
863166010539869
863166010539877
863166010539885
863166010539893
863166010539901
863166010539919
863166010539927
863166010539935
863166010539943
863166010539950
863166010539968
863166010539976
863166010539984
863166010539992
863166010540008
863166010540016
863166010540024
863166010540032
863166010540040
863166010540057
863166010540065
863166010540073
863166010540081
863166010540099
863166010540107
863166010540115
863166010540123
863166010540131
863166010540149
863166010540156
863166010540164
863166010540172
863166010540180
863166010540198
863166010540206
863166010540214
863166010540222
863166010540230
863166010540248
863166010540255
863166010540263
863166010540271
863166010540289
863166010540297
863166010540305
863166010540313
863166010540321
863166010540339
863166010540347
863166010540354
863166010540362
863166010540370
863166010540388
863166010540396
863166010540404
863166010540412
863166010540420
863166010540438
863166010540446
863166010540453
863166010540461
863166010540479
863166010540487
863166010540495
863166010540503
863166010540511
863166010540529
863166010540537
863166010540545
863166010540552
863166010540560
863166010540578
863166010540586
863166010540594
863166010540602
863166010540610
863166010540628
863166010540636
863166010540644
863166010540651
863166010540669
863166010540677
863166010540685
863166010540693
863166010540701
863166010540719
863166010540727
863166010540735
863166010540743
863166010540750
863166010540768
863166010540776
863166010540784
863166010540792
863166010540800
863166010540818
863166010540826
863166010540834
863166010540842
863166010540859
863166010540867
863166010540875
863166010540883
863166010540891
863166010540909
863166010540917
863166010540925
863166010540933
863166010540941
863166010540958
863166010540966
863166010540974
863166010540982
863166010540990
863166010541006
863166010541014
863166010541022
863166010541030
863166010541048
863166010541055
863166010541063
863166010541071
863166010541089
863166010541097
863166010541105
863166010541113
863166010541121
863166010541139
863166010541147
863166010541154
863166010541162
863166010541170
863166010541188
863166010541196
863166010541204
863166010541212
863166010541220
863166010541238
863166010541246
863166010541253
863166010541261
863166010541279
863166010541287
863166010541295
863166010541303
863166010541311
863166010541329
863166010541337
863166010541345
863166010541352
863166010541360
863166010541378
863166010541386
863166010541394
863166010541402
863166010541410
863166010541428
863166010541436
863166010541444
863166010541451
863166010541469
863166010541477
863166010541485
863166010541493
863166010541501
863166010541519
863166010541527
863166010541535
863166010541543
863166010541550
863166010541568
863166010541576
863166010541584
863166010541592
863166010541600
863166010541618
863166010541626
863166010541634
863166010541642
863166010541659
863166010541667
863166010541675
863166010541683
863166010541691
863166010541709
863166010541717
863166010541725
863166010541733
863166010541741
863166010541758
863166010541766
863166010541774
863166010541782
863166010541790
863166010541808
863166010541816
863166010541824
863166010541832
863166010541840
863166010541857
863166010541865
863166010541873
863166010541881
863166010541899
863166010541907
863166010541915
863166010541923
863166010541931
863166010541949
863166010541956
863166010541964
863166010541972
863166010541980
863166010541998
863166010542004
863166010542012
863166010542020
863166010542038
863166010542046
863166010542053
863166010542061
863166010542079
863166010542087
863166010542095
863166010542103
863166010542111
863166010542129
863166010542137
863166010542145
863166010542152
863166010542160
863166010542178
863166010542186
863166010542194
863166010542202
863166010542210
863166010542228
863166010542236
863166010542244
863166010542251
863166010542269
863166010542277
863166010542285
863166010542293
863166010542301
863166010542319
863166010542327
863166010542335
863166010542343
863166010542350
863166010542368
863166010542376
863166010542384
863166010542392
863166010542400
863166010542418
863166010542426
863166010542434
863166010542442
863166010542459
863166010542467
863166010542475
863166010542483
863166010542491
863166010542509
863166010542517
863166010542525
863166010542533
863166010542541
863166010542558
863166010542566
863166010542574
863166010542582
863166010542590
863166010542608
863166010542616
863166010542624
863166010542632
863166010542640
863166010542657
863166010542665
863166010542673
863166010542681
863166010542699
863166010542707
863166010542715
863166010542723
863166010542731
863166010542749
863166010542756
863166010542764
863166010542772
863166010542780
863166010542798
863166010542806
863166010542814
863166010542822
863166010542830
863166010542848
863166010542855
863166010542863
863166010542871
863166010542889
863166010542897
863166010542905
863166010542913
863166010542921
863166010542939
863166010542947
863166010542954
863166010542962
863166010542970
863166010542988
863166010542996
863166010543002
863166010543010
863166010543028
863166010543036
863166010543044
863166010543051
863166010543069
863166010543077
863166010543085
863166010543093
863166010543101
863166010543119
863166010543127
863166010543135
863166010543143
863166010543150
863166010543168
863166010543176
863166010543184
863166010543192
863166010543200
863166010543218
863166010543226
863166010543234
863166010543242
863166010543259
863166010543267
863166010543275
863166010543283
863166010543291
863166010543309
863166010543317
863166010543325
863166010543333
863166010543341
863166010543358
863166010543366
863166010543374
863166010543382
863166010543390
863166010543408
863166010543416
863166010543424
863166010543432
863166010543440
863166010543457
863166010543465
863166010543473
863166010543481
863166010543499
863166010543507
863166010543515
863166010543523
863166010543531
863166010543549
863166010543556
863166010543564
863166010543572
863166010543580
863166010543598
863166010543606
863166010543614
863166010543622
863166010543630
863166010543648
863166010543655
863166010543663
863166010543671
863166010543689
863166010543697
863166010543705
863166010543713
863166010543721
863166010543739
863166010543747
863166010543754
863166010543762
863166010543770
863166010543788
863166010543796
863166010543804
863166010543812
863166010543820
863166010543838
863166010543846
863166010543853
863166010543861
863166010543879
863166010543887
863166010543895
863166010543903
863166010543911
863166010543929
863166010543937
863166010543945
863166010543952
863166010543960
863166010543978
863166010543986
863166010543994
863166010544000
863166010544018
863166010544026
863166010544034
863166010544042
863166010544059
863166010544067
863166010544075
863166010544083
863166010544091
863166010544109
863166010544117
863166010544125
863166010544133
863166010544141
863166010544158
863166010544166
863166010544174
863166010544182
863166010544190
863166010544208
863166010544216
863166010544224
863166010544232
863166010544240
863166010544257
863166010544265
863166010544273
863166010544281
863166010544299
863166010544307
863166010544315
863166010544323
863166010544331
863166010544349
863166010544356
863166010544364
863166010544372
863166010544380
863166010544398
863166010544406
863166010544414
863166010544422
863166010544430
863166010544448
863166010544455
863166010544463
863166010544471
863166010544489
863166010544497
863166010544505
863166010544513
863166010544521
863166010544539
863166010544547
863166010544554
863166010544562
863166010544570
863166010544588
863166010544596
863166010544604
863166010544612
863166010544620
863166010544638
863166010544646
863166010544653
863166010544661
863166010544679
863166010544687
863166010544695
863166010544703
863166010544711
863166010544729
863166010544737
863166010544745
863166010544752
863166010544760
863166010544778
863166010544786
863166010544794
863166010544802
863166010544810
863166010544828
863166010544836
863166010544844
863166010544851
863166010544869
863166010544877
863166010544885
863166010544893
863166010544901
863166010544919
863166010544927
863166010544935
863166010544943
863166010544950
863166010544968
863166010544976
863166010544984
863166010544992
863166010545007
863166010545015
863166010545023
863166010545031
863166010545049
863166010545056
863166010545064
863166010545072
863166010545080
863166010545098
863166010545106
863166010545114
863166010545122
863166010545130
863166010545148
863166010545155
863166010545163
863166010545171
863166010545189
863166010545197
863166010545205
863166010545213
863166010545221
863166010545239
863166010545247
863166010545254
863166010545262
863166010545270
863166010545288
863166010545296
863166010545304
863166010545312
863166010545320
863166010545338
863166010545346
863166010545353
863166010545361
863166010545379
863166010545387
863166010545395
863166010545403
863166010545411
863166010545429
863166010545437
863166010545445
863166010545452
863166010545460
863166010545478
863166010545486
863166010545494
863166010545502
863166010545510
863166010545528
863166010545536
863166010545544
863166010545551
863166010545569
863166010545577
863166010545585
863166010545593
863166010545601
863166010545619
863166010545627
863166010545635
863166010545643
863166010545650
863166010545668
863166010545676
863166010545684
863166010545692
863166010545700
863166010545718
863166010545726
863166010545734
863166010545742
863166010545759
863166010545767
863166010545775
863166010545783
863166010545791
863166010545809
863166010545817
863166010545825
863166010545833
863166010545841
863166010545858
863166010545866
863166010545874
863166010545882
863166010545890
863166010545908
863166010545916
863166010545924
863166010545932
863166010545940
863166010545957
863166010545965
863166010545973
863166010545981
863166010545999
863166010546005
863166010546013
863166010546021
863166010546039
863166010546047
863166010546054
863166010546062
863166010546070
863166010546088
863166010546096
863166010546104
863166010546112
863166010546120
863166010546138
863166010546146
863166010546153
863166010546161
863166010546179
863166010546187
863166010546195
863166010546203
863166010546211
863166010546229
863166010546237
863166010546245
863166010546252
863166010546260
863166010546278
863166010546286
863166010546294
863166010546302
863166010546310
863166010546328
863166010546336
863166010546344
863166010546351
863166010546369
863166010546377
863166010546385
863166010546393
863166010546401
863166010546419
863166010546427
863166010546435
863166010546443
863166010546450
863166010546468
863166010546476
863166010546484
863166010546492
863166010546500
863166010546518
863166010546526
863166010546534
863166010546542
863166010546559
863166010546567
863166010546575
863166010546583
863166010546591
863166010546609
863166010546617
863166010546625
863166010546633
863166010546641
863166010546658
863166010546666
863166010546674
863166010546682
863166010546690
863166010546708
863166010546716
863166010546724
863166010546732
863166010546740
863166010546757
863166010546765
863166010546773
863166010546781
863166010546799
863166010546807
863166010546815
863166010546823
863166010546831
863166010546849
863166010546856
863166010546864
863166010546872
863166010546880
863166010546898
863166010546906
863166010546914
863166010546922
863166010546930
863166010546948
863166010546955
863166010546963
863166010546971
863166010546989
863166010546997
863166010547003
863166010547011
863166010547029
863166010547037
863166010547045
863166010547052
863166010547060
863166010547078
863166010547086
863166010547094
863166010547102
863166010547110
863166010547128
863166010547136
863166010547144
863166010547151
863166010547169
863166010547177
863166010547185
863166010547193
863166010547201
863166010547219
863166010547227
863166010547235
863166010547243
863166010547250
863166010547268
863166010547276
863166010547284
863166010547292
863166010547300
863166010547318
863166010547326
863166010547334
863166010547342
863166010547359
863166010547367
863166010547375
863166010547383
863166010547391
863166010547409
863166010547417
863166010547425
863166010547433
863166010547441
863166010547458
863166010547466
863166010547474
863166010547482
863166010547490
863166010547508
863166010547516
863166010547524
863166010547532
863166010547540
863166010547557
863166010547565
863166010547573
863166010547581
863166010547599
863166010547607
863166010547615
863166010547623
863166010547631
863166010547649
863166010547656
863166010547664
863166010547672
863166010547680
863166010547698
863166010547706
863166010547714
863166010547722
863166010547730
863166010547748
863166010547755
863166010547763
863166010547771
863166010547789
863166010547797
863166010547805
863166010547813
863166010547821
863166010547839
863166010547847
863166010547854
863166010547862
863166010547870
863166010547888
863166010547896
863166010547904
863166010547912
863166010547920
863166010547938
863166010547946
863166010547953
863166010547961
863166010547979
863166010547987
863166010547995
863166010548001
863166010548019
863166010548027
863166010548035
863166010548043
863166010548050
863166010548068
863166010548076
863166010548084
863166010548092
863166010548100
863166010548118
863166010548126
863166010548134
863166010548142
863166010548159
863166010548167
863166010548175
863166010548183
863166010548191
863166010548209
863166010548217
863166010548225
863166010548233
863166010548241
863166010548258
863166010548266
863166010548274
863166010548282
863166010548290
863166010548308
863166010548316
863166010548324
863166010548332
863166010548340
863166010548357
863166010548365
863166010548373
863166010548381
863166010548399
863166010548407
863166010548415
863166010548423
863166010548431
863166010548449
863166010548456
863166010548464
863166010548472
863166010548480
863166010548498
863166010548506
863166010548514
863166010548522
863166010548530
863166010548548
863166010548555
863166010548563
863166010548571
863166010548589
863166010548597
863166010548605
863166010548613
863166010548621
863166010548639
863166010548647
863166010548654
863166010548662
863166010548670
863166010548688
863166010548696
863166010548704
863166010548712
863166010548720
863166010548738
863166010548746
863166010548753
863166010548761
863166010548779
863166010548787
863166010548795
863166010548803
863166010548811
863166010548829
863166010548837
863166010548845
863166010548852
863166010548860
863166010548878
863166010548886
863166010548894
863166010548902
863166010548910
863166010548928
863166010548936
863166010548944
863166010548951
863166010548969
863166010548977
863166010548985
863166010548993
863166010549009
863166010549017
863166010549025
863166010549033
863166010549041
863166010549058
863166010549066
863166010549074
863166010549082
863166010549090
863166010549108
863166010549116
863166010549124
863166010549132
863166010549140
863166010549157
863166010549165
863166010549173
863166010549181
863166010549199
863166010549207
863166010549215
863166010549223
863166010549231
863166010549249
863166010549256
863166010549264
863166010549272
863166010549280
863166010549298
863166010549306
863166010549314
863166010549322
863166010549330
863166010549348
863166010549355
863166010549363
863166010549371
863166010549389
863166010549397
863166010549405
863166010549413
863166010549421
863166010549439
863166010549447
863166010549454
863166010549462
863166010549470
863166010549488
863166010549496
863166010549504
863166010549512
863166010549520
863166010549538
863166010549546
863166010549553
863166010549561
863166010549579
863166010549587
863166010549595
863166010549603
863166010549611
863166010549629
863166010549637
863166010549645
863166010549652
863166010549660
863166010549678
863166010549686
863166010549694
863166010549702
863166010549710
863166010549728
863166010549736
863166010549744
863166010549751
863166010549769
863166010549777
863166010549785
863166010549793
863166010549801
863166010549819
863166010549827
863166010549835
863166010549843
863166010549850
863166010549868
863166010549876
863166010549884
863166010549892
863166010549900
863166010549918
863166010549926
863166010549934
863166010549942
863166010549959
863166010549967
863166010549975
863166010549983
863166010549991
863166010550007
863166010550015
863166010550023
863166010550031
863166010550049
863166010550056
863166010550064
863166010550072
863166010550080
863166010550098
863166010550106
863166010550114
863166010550122
863166010550130
863166010550148
863166010550155
863166010550163
863166010550171
863166010550189
863166010550197
863166010550205
863166010550213
863166010550221
863166010550239
863166010550247
863166010550254
863166010550262
863166010550270
863166010550288
863166010550296
863166010550304
863166010550312
863166010550320
863166010550338
863166010550346
863166010550353
863166010550361
863166010550379
863166010550387
863166010550395
863166010550403
863166010550411
863166010550429
863166010550437
863166010550445
863166010550452
863166010550460
863166010550478
863166010550486
863166010550494
863166010550502
863166010550510
863166010550528
863166010550536
863166010550544
863166010550551
863166010550569
863166010550577
863166010550585
863166010550593
863166010550601
863166010550619
863166010550627
863166010550635
863166010550643
863166010550650
863166010550668
863166010550676
863166010550684
863166010550692
863166010550700
863166010550718
863166010550726
863166010550734
863166010550742
863166010550759
863166010550767
863166010550775
863166010550783
863166010550791
863166010550809
863166010550817
863166010550825
863166010550833
863166010550841
863166010550858
863166010550866
863166010550874
863166010550882
863166010550890
863166010550908
863166010550916
863166010550924
863166010550932
863166010550940
863166010550957
863166010550965
863166010550973
863166010550981
863166010550999
863166010551005
863166010551013
863166010551021
863166010551039
863166010551047
863166010551054
863166010551062
863166010551070
863166010551088
863166010551096
863166010551104
863166010551112
863166010551120
863166010551138
863166010551146
863166010551153
863166010551161
863166010551179
863166010551187
863166010551195
863166010551203
863166010551211
863166010551229
863166010551237
863166010551245
863166010551252
863166010551260
863166010551278
863166010551286
863166010551294
863166010551302
863166010551310
863166010551328
863166010551336
863166010551344
863166010551351
863166010551369
863166010551377
863166010551385
863166010551393
863166010551401
863166010551419
863166010551427
863166010551435
863166010551443
863166010551450
863166010551468
863166010551476
863166010551484
863166010551492
863166010551500
863166010551518
863166010551526
863166010551534
863166010551542
863166010551559
863166010551567
863166010551575
863166010551583
863166010551591
863166010551609
863166010551617
863166010551625
863166010551633
863166010551641
863166010551658
863166010551666
863166010551674
863166010551682
863166010551690
863166010551708
863166010551716
863166010551724
863166010551732
863166010551740
863166010551757
863166010551765
863166010551773
863166010551781
863166010551799
863166010551807
863166010551815
863166010551823
863166010551831
863166010551849
863166010551856
863166010551864
863166010551872
863166010551880
863166010551898
863166010551906
863166010551914
863166010551922
863166010551930
863166010551948
863166010551955
863166010551963
863166010551971
863166010551989
863166010551997
863166010552003
863166010552011
863166010552029
863166010552037
863166010552045
863166010552052
863166010552060
863166010552078
863166010552086
863166010552094
863166010552102
863166010552110
863166010552128
863166010552136
863166010552144
863166010552151
863166010552169
863166010552177
863166010552185
863166010552193
863166010552201
863166010552219
863166010552227
863166010552235
863166010552243
863166010552250
863166010552268
863166010552276
863166010552284
863166010552292
863166010552300
863166010552318
863166010552326
863166010552334
863166010552342
863166010552359
863166010552367
863166010552375
863166010552383
863166010552391
863166010552409
863166010552417
863166010552425
863166010552433
863166010552441
863166010552458
863166010552466
863166010552474
863166010552482
863166010552490
863166010552508
863166010552516
863166010552524
863166010552532
863166010552540
863166010552557
863166010552565
863166010552573
863166010552581
863166010552599
863166010552607
863166010552615
863166010552623
863166010552631
863166010552649
863166010552656
863166010552664
863166010552672
863166010552680
863166010552698
863166010552706
863166010552714
863166010552722
863166010552730
863166010552748
863166010552755
863166010552763
863166010552771
863166010552789
863166010552797
863166010552805
863166010552813
863166010552821
863166010552839
863166010552847
863166010552854
863166010552862
863166010552870
863166010552888
863166010552896
863166010552904
863166010552912
863166010552920
863166010552938
863166010552946
863166010552953
863166010552961
863166010552979
863166010552987
863166010552995
863166010553001
863166010553019
863166010553027
863166010553035
863166010553043
863166010553050
863166010553068
863166010553076
863166010553084
863166010553092
863166010553100
863166010553118
863166010553126
863166010553134
863166010553142
863166010553159
863166010553167
863166010553175
863166010553183
863166010553191
863166010553209
863166010553217
863166010553225
863166010553233
863166010553241
863166010553258
863166010553266
863166010553274
863166010553282
863166010553290
863166010553308
863166010553316
863166010553324
863166010553332
863166010553340
863166010553357
863166010553365
863166010553373
863166010553381
863166010553399
863166010553407
863166010553415
863166010553423
863166010553431
863166010553449
863166010553456
863166010553464
863166010553472
863166010553480
863166010553498
863166010553506
863166010553514
863166010553522
863166010553530
863166010553548
863166010553555
863166010553563
863166010553571
863166010553589
863166010553597
863166010553605
863166010553613
863166010553621
863166010553639
863166010553647
863166010553654
863166010553662
863166010553670
863166010553688
863166010553696
863166010553704
863166010553712
863166010553720
863166010553738
863166010553746
863166010553753
863166010553761
863166010553779
863166010553787
863166010553795
863166010553803
863166010553811
863166010553829
863166010553837
863166010553845
863166010553852
863166010553860
863166010553878
863166010553886
863166010553894
863166010553902
863166010553910
863166010553928
863166010553936
863166010553944
863166010553951
863166010553969
863166010553977
863166010553985
863166010553993
863166010554009
863166010554017
863166010554025
863166010554033
863166010554041
863166010554058
863166010554066
863166010554074
863166010554082
863166010554090
863166010554108
863166010554116
863166010554124
863166010554132
863166010554140
863166010554157
863166010554165
863166010554173
863166010554181
863166010554199
863166010554207
863166010554215
863166010554223
863166010554231
863166010554249
863166010554256
863166010554264
863166010554272
863166010554280
863166010554298
863166010554306
863166010554314
863166010554322
863166010554330
863166010554348
863166010554355
863166010554363
863166010554371
863166010554389
863166010554397
863166010554405
863166010554413
863166010554421
863166010554439
863166010554447
863166010554454
863166010554462
863166010554470
863166010554488
863166010554496
863166010554504
863166010554512
863166010554520
863166010554538
863166010554546
863166010554553
863166010554561
863166010554579
863166010554587
863166010554595
863166010554603
863166010554611
863166010554629
863166010554637
863166010554645
863166010554652
863166010554660
863166010554678
863166010554686
863166010554694
863166010554702
863166010554710
863166010554728
863166010554736
863166010554744
863166010554751
863166010554769
863166010554777
863166010554785
863166010554793
863166010554801
863166010554819
863166010554827
863166010554835
863166010554843
863166010554850
863166010554868
863166010554876
863166010554884
863166010554892
863166010554900
863166010554918
863166010554926
863166010554934
863166010554942
863166010554959
863166010554967
863166010554975
863166010554983
863166010554991
863166010555006
863166010555014
863166010555022
863166010555030
863166010555048
863166010555055
863166010555063
863166010555071
863166010555089
863166010555097
863166010555105
863166010555113
863166010555121
863166010555139
863166010555147
863166010555154
863166010555162
863166010555170
863166010555188
863166010555196
863166010555204
863166010555212
863166010555220
863166010555238
863166010555246
863166010555253
863166010555261
863166010555279
863166010555287
863166010555295
863166010555303
863166010555311
863166010555329
863166010555337
863166010555345
863166010555352
863166010555360
863166010555378
863166010555386
863166010555394
863166010555402
863166010555410
863166010555428
863166010555436
863166010555444
863166010555451
863166010555469
863166010555477
863166010555485
863166010555493
863166010555501
863166010555519
863166010555527
863166010555535
863166010555543
863166010555550
863166010555568
863166010555576
863166010555584
863166010555592
863166010555600
863166010555618
863166010555626
863166010555634
863166010555642
863166010555659
863166010555667
863166010555675
863166010555683
863166010555691
863166010555709
863166010555717
863166010555725
863166010555733
863166010555741
863166010555758
863166010555766
863166010555774
863166010555782
863166010555790
863166010555808
863166010555816
863166010555824
863166010555832
863166010555840
863166010555857
863166010555865
863166010555873
863166010555881
863166010555899
863166010555907
863166010555915
863166010555923
863166010555931
863166010555949
863166010555956
863166010555964
863166010555972
863166010555980
863166010555998
863166010556004
863166010556012
863166010556020
863166010556038
863166010556046
863166010556053
863166010556061
863166010556079
863166010556087
863166010556095
863166010556103
863166010556111
863166010556129
863166010556137
863166010556145
863166010556152
863166010556160
863166010556178
863166010556186
863166010556194
863166010556202
863166010556210
863166010556228
863166010556236
863166010556244
863166010556251
863166010556269
863166010556277
863166010556285
863166010556293
863166010556301
863166010556319
863166010556327
863166010556335
863166010556343
863166010556350
863166010556368
863166010556376
863166010556384
863166010556392
863166010556400
863166010556418
863166010556426
863166010556434
863166010556442
863166010556459
863166010556467
863166010556475
863166010556483
863166010556491
863166010556509
863166010556517
863166010556525
863166010556533
863166010556541
863166010556558
863166010556566
863166010556574
863166010556582
863166010556590
863166010556608
863166010556616
863166010556624
863166010556632
863166010556640
863166010556657
863166010556665
863166010556673
863166010556681
863166010556699
863166010556707
863166010556715
863166010556723
863166010556731
863166010556749
863166010556756
863166010556764
863166010556772
863166010556780
863166010556798
863166010556806
863166010556814
863166010556822
863166010556830
863166010556848
863166010556855
863166010556863
863166010556871
863166010556889
863166010556897
863166010556905
863166010556913
863166010556921
863166010556939
863166010556947
863166010556954
863166010556962
863166010556970
863166010556988
863166010556996
863166010557002
863166010557010
863166010557028
863166010557036
863166010557044
863166010557051
863166010557069
863166010557077
863166010557085
863166010557093
863166010557101
863166010557119
863166010557127
863166010557135
863166010557143
863166010557150
863166010557168
863166010557176
863166010557184
863166010557192
863166010557200
863166010557218
863166010557226
863166010557234
863166010557242
863166010557259
863166010557267
863166010557275
863166010557283
863166010557291
863166010557309
863166010557317
863166010557325
863166010557333
863166010557341
863166010557358
863166010557366
863166010557374
863166010557382
863166010557390
863166010557408
863166010557416
863166010557424
863166010557432
863166010557440
863166010557457
863166010557465
863166010557473
863166010557481
863166010557499
863166010557507
863166010557515
863166010557523
863166010557531
863166010557549
863166010557556
863166010557564
863166010557572
863166010557580
863166010557598
863166010557606
863166010557614
863166010557622
863166010557630
863166010557648
863166010557655
863166010557663
863166010557671
863166010557689
863166010557697
863166010557705
863166010557713
863166010557721
863166010557739
863166010557747
863166010557754
863166010557762
863166010557770
863166010557788
863166010557796
863166010557804
863166010557812
863166010557820
863166010557838
863166010557846
863166010557853
863166010557861
863166010557879
863166010557887
863166010557895
863166010557903
863166010557911
863166010557929
863166010557937
863166010557945
863166010557952
863166010557960
863166010557978
863166010557986
863166010557994
863166010558000
863166010558018
863166010558026
863166010558034
863166010558042
863166010558059
863166010558067
863166010558075
863166010558083
863166010558091
863166010558109
863166010558117
863166010558125
863166010558133
863166010558141
863166010558158
863166010558166
863166010558174
863166010558182
863166010558190
863166010558208
863166010558216
863166010558224
863166010558232
863166010558240
863166010558257
863166010558265
863166010558273
863166010558281
863166010558299
863166010558307
863166010558315
863166010558323
863166010558331
863166010558349
863166010558356
863166010558364
863166010558372
863166010558380
863166010558398
863166010558406
863166010558414
863166010558422
863166010558430
863166010558448
863166010558455
863166010558463
863166010558471
863166010558489
863166010558497
863166010558505
863166010558513
863166010558521
863166010558539
863166010558547
863166010558554
863166010558562
863166010558570
863166010558588
863166010558596
863166010558604
863166010558612
863166010558620
863166010558638
863166010558646
863166010558653
863166010558661
863166010558679
863166010558687
863166010558695
863166010558703
863166010558711
863166010558729
863166010558737
863166010558745
863166010558752
863166010558760
863166010558778
863166010558786
863166010558794
863166010558802
863166010558810
863166010558828
863166010558836
863166010558844
863166010558851
863166010558869
863166010558877
863166010558885
863166010558893
863166010558901
863166010558919
863166010558927
863166010558935
863166010558943
863166010558950
863166010558968
863166010558976
863166010558984
863166010558992
863166010559008
863166010559016
863166010559024
863166010559032
863166010559040
863166010559057
863166010559065
863166010559073
863166010559081
863166010559099
863166010559107
863166010559115
863166010559123
863166010559131
863166010559149
863166010559156
863166010559164
863166010559172
863166010559180
863166010559198
863166010559206
863166010559214
863166010559222
863166010559230
863166010559248
863166010559255
863166010559263
863166010559271
863166010559289
863166010559297
863166010559305
863166010559313
863166010559321
863166010559339
863166010559347
863166010559354
863166010559362
863166010559370
863166010559388
863166010559396
863166010559404
863166010559412
863166010559420
863166010559438
863166010559446
863166010559453
863166010559461
863166010559479
863166010559487
863166010559495
863166010559503
863166010559511
863166010559529
863166010559537
863166010559545
863166010559552
863166010559560
863166010559578
863166010559586
863166010559594
863166010559602
863166010559610
863166010559628
863166010559636
863166010559644
863166010559651
863166010559669
863166010559677
863166010559685
863166010559693
863166010559701
863166010559719
863166010559727
863166010559735
863166010559743
863166010559750
863166010559768
863166010559776
863166010559784
863166010559792
863166010559800
863166010559818
863166010559826
863166010559834
863166010559842
863166010559859
863166010559867
863166010559875
863166010559883
863166010559891
863166010559909
863166010559917
863166010559925
863166010559933
863166010559941
863166010559958
863166010559966
863166010559974
863166010559982
863166010559990
863166010560006
863166010560014
863166010560022
863166010560030
863166010560048
863166010560055
863166010560063
863166010560071
863166010560089
863166010560097
863166010560105
863166010560113
863166010560121
863166010560139
863166010560147
863166010560154
863166010560162
863166010560170
863166010560188
863166010560196
863166010560204
863166010560212
863166010560220
863166010560238
863166010560246
863166010560253
863166010560261
863166010560279
863166010560287
863166010560295
863166010560303
863166010560311
863166010560329
863166010560337
863166010560345
863166010560352
863166010560360
863166010560378
863166010560386
863166010560394
863166010560402
863166010560410
863166010560428
863166010560436
863166010560444
863166010560451
863166010560469
863166010560477
863166010560485
863166010560493
863166010560501
863166010560519
863166010560527
863166010560535
863166010560543
863166010560550
863166010560568
863166010560576
863166010560584
863166010560592
863166010560600
863166010560618
863166010560626
863166010560634
863166010560642
863166010560659
863166010560667
863166010560675
863166010560683
863166010560691
863166010560709
863166010560717
863166010560725
863166010560733
863166010560741
863166010560758
863166010560766
863166010560774
863166010560782
863166010560790
863166010560808
863166010560816
863166010560824
863166010560832
863166010560840
863166010560857
863166010560865
863166010560873
863166010560881
863166010560899
863166010560907
863166010560915
863166010560923
863166010560931
863166010560949
863166010560956
863166010560964
863166010560972
863166010560980
863166010560998
863166010561004
863166010561012
863166010561020
863166010561038
863166010561046
863166010561053
863166010561061
863166010561079
863166010561087
863166010561095
863166010561103
863166010561111
863166010561129
863166010561137
863166010561145
863166010561152
863166010561160
863166010561178
863166010561186
863166010561194
863166010561202
863166010561210
863166010561228
863166010561236
863166010561244
863166010561251
863166010561269
863166010561277
863166010561285
863166010561293
863166010561301
863166010561319
863166010561327
863166010561335
863166010561343
863166010561350
863166010561368
863166010561376
863166010561384
863166010561392
863166010561400
863166010561418
863166010561426
863166010561434
863166010561442
863166010561459
863166010561467
863166010561475
863166010561483
863166010561491
863166010561509
863166010561517
863166010561525
863166010561533
863166010561541
863166010561558
863166010561566
863166010561574
863166010561582
863166010561590
863166010561608
863166010561616
863166010561624
863166010561632
863166010561640
863166010561657
863166010561665
863166010561673
863166010561681
863166010561699
863166010561707
863166010561715
863166010561723
863166010561731
863166010561749
863166010561756
863166010561764
863166010561772
863166010561780
863166010561798
863166010561806
863166010561814
863166010561822
863166010561830
863166010561848
863166010561855
863166010561863
863166010561871
863166010561889
863166010561897
863166010561905
863166010561913
863166010561921
863166010561939
863166010561947
863166010561954
863166010561962
863166010561970
863166010561988
863166010561996
863166010562002
863166010562010
863166010562028
863166010562036
863166010562044
863166010562051
863166010562069
863166010562077
863166010562085
863166010562093
863166010562101
863166010562119
863166010562127
863166010562135
863166010562143
863166010562150
863166010562168
863166010562176
863166010562184
863166010562192
863166010562200
863166010562218
863166010562226
863166010562234
863166010562242
863166010562259
863166010562267
863166010562275
863166010562283
863166010562291
863166010562309
863166010562317
863166010562325
863166010562333
863166010562341
863166010562358
863166010562366
863166010562374
863166010562382
863166010562390
863166010562408
863166010562416
863166010562424
863166010562432
863166010562440
863166010562457
863166010562465
863166010562473
863166010562481
863166010562499
863166010562507
863166010562515
863166010562523
863166010562531
863166010562549
863166010562556
863166010562564
863166010562572
863166010562580
863166010562598
863166010562606
863166010562614
863166010562622
863166010562630
863166010562648
863166010562655
863166010562663
863166010562671
863166010562689
863166010562697
863166010562705
863166010562713
863166010562721
863166010562739
863166010562747
863166010562754
863166010562762
863166010562770
863166010562788
863166010562796
863166010562804
863166010562812
863166010562820
863166010562838
863166010562846
863166010562853
863166010562861
863166010562879
863166010562887
863166010562895
863166010562903
863166010562911
863166010562929
863166010562937
863166010562945
863166010562952
863166010562960
863166010562978
863166010562986
863166010562994
863166010563000
863166010563018
863166010563026
863166010563034
863166010563042
863166010563059
863166010563067
863166010563075
863166010563083
863166010563091
863166010563109
863166010563117
863166010563125
863166010563133
863166010563141
863166010563158
863166010563166
863166010563174
863166010563182
863166010563190
863166010563208
863166010563216
863166010563224
863166010563232
863166010563240
863166010563257
863166010563265
863166010563273
863166010563281
863166010563299
863166010563307
863166010563315
863166010563323
863166010563331
863166010563349
863166010563356
863166010563364
863166010563372
863166010563380
863166010563398
863166010563406
863166010563414
863166010563422
863166010563430
863166010563448
863166010563455
863166010563463
863166010563471
863166010563489
863166010563497
863166010563505
863166010563513
863166010563521
863166010563539
863166010563547
863166010563554
863166010563562
863166010563570
863166010563588
863166010563596
863166010563604
863166010563612
863166010563620
863166010563638
863166010563646
863166010563653
863166010563661
863166010563679
863166010563687
863166010563695
863166010563703
863166010563711
863166010563729
863166010563737
863166010563745
863166010563752
863166010563760
863166010563778
863166010563786
863166010563794
863166010563802
863166010563810
863166010563828
863166010563836
863166010563844
863166010563851
863166010563869
863166010563877
863166010563885
863166010563893
863166010563901
863166010563919
863166010563927
863166010563935
863166010563943
863166010563950
863166010563968
863166010563976
863166010563984
863166010563992
863166010564008
863166010564016
863166010564024
863166010564032
863166010564040
863166010564057
863166010564065
863166010564073
863166010564081
863166010564099
863166010564107
863166010564115
863166010564123
863166010564131
863166010564149
863166010564156
863166010564164
863166010564172
863166010564180
863166010564198
863166010564206
863166010564214
863166010564222
863166010564230
863166010564248
863166010564255
863166010564263
863166010564271
863166010564289
863166010564297
863166010564305
863166010564313
863166010564321
863166010564339
863166010564347
863166010564354
863166010564362
863166010564370
863166010564388
863166010564396
863166010564404
863166010564412
863166010564420
863166010564438
863166010564446
863166010564453
863166010564461
863166010564479
863166010564487
863166010564495
863166010564503
863166010564511
863166010564529
863166010564537
863166010564545
863166010564552
863166010564560
863166010564578
863166010564586
863166010564594
863166010564602
863166010564610
863166010564628
863166010564636
863166010564644
863166010564651
863166010564669
863166010564677
863166010564685
863166010564693
863166010564701
863166010564719
863166010564727
863166010564735
863166010564743
863166010564750
863166010564768
863166010564776
863166010564784
863166010564792
863166010564800
863166010564818
863166010564826
863166010564834
863166010564842
863166010564859
863166010564867
863166010564875
863166010564883
863166010564891
863166010564909
863166010564917
863166010564925
863166010564933
863166010564941
863166010564958
863166010564966
863166010564974
863166010564982
863166010564990
863166010565005
863166010565013
863166010565021
863166010565039
863166010565047
863166010565054
863166010565062
863166010565070
863166010565088
863166010565096
863166010565104
863166010565112
863166010565120
863166010565138
863166010565146
863166010565153
863166010565161
863166010565179
863166010565187
863166010565195
863166010565203
863166010565211
863166010565229
863166010565237
863166010565245
863166010565252
863166010565260
863166010565278
863166010565286
863166010565294
863166010565302
863166010565310
863166010565328
863166010565336
863166010565344
863166010565351
863166010565369
863166010565377
863166010565385
863166010565393
863166010565401
863166010565419
863166010565427
863166010565435
863166010565443
863166010565450
863166010565468
863166010565476
863166010565484
863166010565492
863166010565500
863166010565518
863166010565526
863166010565534
863166010565542
863166010565559
863166010565567
863166010565575
863166010565583
863166010565591
863166010565609
863166010565617
863166010565625
863166010565633
863166010565641
863166010565658
863166010565666
863166010565674
863166010565682
863166010565690
863166010565708
863166010565716
863166010565724
863166010565732
863166010565740
863166010565757
863166010565765
863166010565773
863166010565781
863166010565799
863166010565807
863166010565815
863166010565823
863166010565831
863166010565849
863166010565856
863166010565864
863166010565872
863166010565880
863166010565898
863166010565906
863166010565914
863166010565922
863166010565930
863166010565948
863166010565955
863166010565963
863166010565971
863166010565989
863166010565997
863166010566003
863166010566011
863166010566029
863166010566037
863166010566045
863166010566052
863166010566060
863166010566078
863166010566086
863166010566094
863166010566102
863166010566110
863166010566128
863166010566136
863166010566144
863166010566151
863166010566169
863166010566177
863166010566185
863166010566193
863166010566201
863166010566219
863166010566227
863166010566235
863166010566243
863166010566250
863166010566268
863166010566276
863166010566284
863166010566292
863166010566300
863166010566318
863166010566326
863166010566334
863166010566342
863166010566359
863166010566367
863166010566375
863166010566383
863166010566391
863166010566409
863166010566417
863166010566425
863166010566433
863166010566441
863166010566458
863166010566466
863166010566474
863166010566482
863166010566490
863166010566508
863166010566516
863166010566524
863166010566532
863166010566540
863166010566557
863166010566565
863166010566573
863166010566581
863166010566599
863166010566607
863166010566615
863166010566623
863166010566631
863166010566649
863166010566656
863166010566664
863166010566672
863166010566680
863166010566698
863166010566706
863166010566714
863166010566722
863166010566730
863166010566748
863166010566755
863166010566763
863166010566771
863166010566789
863166010566797
863166010566805
863166010566813
863166010566821
863166010566839
863166010566847
863166010566854
863166010566862
863166010566870
863166010566888
863166010566896
863166010566904
863166010566912
863166010566920
863166010566938
863166010566946
863166010566953
863166010566961
863166010566979
863166010566987
863166010566995
863166010567001
863166010567019
863166010567027
863166010567035
863166010567043
863166010567050
863166010567068
863166010567076
863166010567084
863166010567092
863166010567100
863166010567118
863166010567126
863166010567134
863166010567142
863166010567159
863166010567167
863166010567175
863166010567183
863166010567191
863166010567209
863166010567217
863166010567225
863166010567233
863166010567241
863166010567258
863166010567266
863166010567274
863166010567282
863166010567290
863166010567308
863166010567316
863166010567324
863166010567332
863166010567340
863166010567357
863166010567365
863166010567373
863166010567381
863166010567399
863166010567407
863166010567415
863166010567423
863166010567431
863166010567449
863166010567456
863166010567464
863166010567472
863166010567480
863166010567498
863166010567506
863166010567514
863166010567522
863166010567530
863166010567548
863166010567555
863166010567563
863166010567571
863166010567589
863166010567597
863166010567605
863166010567613
863166010567621
863166010567639
863166010567647
863166010567654
863166010567662
863166010567670
863166010567688
863166010567696
863166010567704
863166010567712
863166010567720
863166010567738
863166010567746
863166010567753
863166010567761
863166010567779
863166010567787
863166010567795
863166010567803
863166010567811
863166010567829
863166010567837
863166010567845
863166010567852
863166010567860
863166010567878
863166010567886
863166010567894
863166010567902
863166010567910
863166010567928
863166010567936
863166010567944
863166010567951
863166010567969
863166010567977
863166010567985
863166010567993
863166010568009
863166010568017
863166010568025
863166010568033
863166010568041
863166010568058
863166010568066
863166010568074
863166010568082
863166010568090
863166010568108
863166010568116
863166010568124
863166010568132
863166010568140
863166010568157
863166010568165
863166010568173
863166010568181
863166010568199
863166010568207
863166010568215
863166010568223
863166010568231
863166010568249
863166010568256
863166010568264
863166010568272
863166010568280
863166010568298
863166010568306
863166010568314
863166010568322
863166010568330
863166010568348
863166010568355
863166010568363
863166010568371
863166010568389
863166010568397
863166010568405
863166010568413
863166010568421
863166010568439
863166010568447
863166010568454
863166010568462
863166010568470
863166010568488
863166010568496
863166010568504
863166010568512
863166010568520
863166010568538
863166010568546
863166010568553
863166010568561
863166010568579
863166010568587
863166010568595
863166010568603
863166010568611
863166010568629
863166010568637
863166010568645
863166010568652
863166010568660
863166010568678
863166010568686
863166010568694
863166010568702
863166010568710
863166010568728
863166010568736
863166010568744
863166010568751
863166010568769
863166010568777
863166010568785
863166010568793
863166010568801
863166010568819
863166010568827
863166010568835
863166010568843
863166010568850
863166010568868
863166010568876
863166010568884
863166010568892
863166010568900
863166010568918
863166010568926
863166010568934
863166010568942
863166010568959
863166010568967
863166010568975
863166010568983
863166010568991
863166010569007
863166010569015
863166010569023
863166010569031
863166010569049
863166010569056
863166010569064
863166010569072
863166010569080
863166010569098
863166010569106
863166010569114
863166010569122
863166010569130
863166010569148
863166010569155
863166010569163
863166010569171
863166010569189
863166010569197
863166010569205
863166010569213
863166010569221
863166010569239
863166010569247
863166010569254
863166010569262
863166010569270
863166010569288
863166010569296
863166010569304
863166010569312
863166010569320
863166010569338
863166010569346
863166010569353
863166010569361
863166010569379
863166010569387
863166010569395
863166010569403
863166010569411
863166010569429
863166010569437
863166010569445
863166010569452
863166010569460
863166010569478
863166010569486
863166010569494
863166010569502
863166010569510
863166010569528
863166010569536
863166010569544
863166010569551
863166010569569
863166010569577
863166010569585
863166010569593
863166010569601
863166010569619
863166010569627
863166010569635
863166010569643
863166010569650
863166010569668
863166010569676
863166010569684
863166010569692
863166010569700
863166010569718
863166010569726
863166010569734
863166010569742
863166010569759
863166010569767
863166010569775
863166010569783
863166010569791
863166010569809
863166010569817
863166010569825
863166010569833
863166010569841
863166010569858
863166010569866
863166010569874
863166010569882
863166010569890
863166010569908
863166010569916
863166010569924
863166010569932
863166010569940
863166010569957
863166010569965
863166010569973
863166010569981
863166010569999
863166010570005
863166010570013
863166010570021
863166010570039
863166010570047
863166010570054
863166010570062
863166010570070
863166010570088
863166010570096
863166010570104
863166010570112
863166010570120
863166010570138
863166010570146
863166010570153
863166010570161
863166010570179
863166010570187
863166010570195
863166010570203
863166010570211
863166010570229
863166010570237
863166010570245
863166010570252
863166010570260
863166010570278
863166010570286
863166010570294
863166010570302
863166010570310
863166010570328
863166010570336
863166010570344
863166010570351
863166010570369
863166010570377
863166010570385
863166010570393
863166010570401
863166010570419
863166010570427
863166010570435
863166010570443
863166010570450
863166010570468
863166010570476
863166010570484
863166010570492
863166010570500
863166010570518
863166010570526
863166010570534
863166010570542
863166010570559
863166010570567
863166010570575
863166010570583
863166010570591
863166010570609
863166010570617
863166010570625
863166010570633
863166010570641
863166010570658
863166010570666
863166010570674
863166010570682
863166010570690
863166010570708
863166010570716
863166010570724
863166010570732
863166010570740
863166010570757
863166010570765
863166010570773
863166010570781
863166010570799
863166010570807
863166010570815
863166010570823
863166010570831
863166010570849
863166010570856
863166010570864
863166010570872
863166010570880
863166010570898
863166010570906
863166010570914
863166010570922
863166010570930
863166010570948
863166010570955
863166010570963
863166010570971
863166010570989
863166010570997
863166010571003
863166010571011
863166010571029
863166010571037
863166010571045
863166010571052
863166010571060
863166010571078
863166010571086
863166010571094
863166010571102
863166010571110
863166010571128
863166010571136
863166010571144
863166010571151
863166010571169
863166010571177
863166010571185
863166010571193
863166010571201
863166010571219
863166010571227
863166010571235
863166010571243
863166010571250
863166010571268
863166010571276
863166010571284
863166010571292
863166010571300
863166010571318
863166010571326
863166010571334
863166010571342
863166010571359
863166010571367
863166010571375
863166010571383
863166010571391
863166010571409
863166010571417
863166010571425
863166010571433
863166010571441
863166010571458
863166010571466
863166010571474
863166010571482
863166010571490
863166010571508
863166010571516
863166010571524
863166010571532
863166010571540
863166010571557
863166010571565
863166010571573
863166010571581
863166010571599
863166010571607
863166010571615
863166010571623
863166010571631
863166010571649
863166010571656
863166010571664
863166010571672
863166010571680
863166010571698
863166010571706
863166010571714
863166010571722
863166010571730
863166010571748
863166010571755
863166010571763
863166010571771
863166010571789
863166010571797
863166010571805
863166010571813
863166010571821
863166010571839
863166010571847
863166010571854
863166010571862
863166010571870
863166010571888
863166010571896
863166010571904
863166010571912
863166010571920
863166010571938
863166010571946
863166010571953
863166010571961
863166010571979
863166010571987
863166010571995
863166010572001
863166010572019
863166010572027
863166010572035
863166010572043
863166010572050
863166010572068
863166010572076
863166010572084
863166010572092
863166010572100
863166010572118
863166010572126
863166010572134
863166010572142
863166010572159
863166010572167
863166010572175
863166010572183
863166010572191
863166010572209
863166010572217
863166010572225
863166010572233
863166010572241
863166010572258
863166010572266
863166010572274
863166010572282
863166010572290
863166010572308
863166010572316
863166010572324
863166010572332
863166010572340
863166010572357
863166010572365
863166010572373
863166010572381
863166010572399
863166010572407
863166010572415
863166010572423
863166010572431
863166010572449
863166010572456
863166010572464
863166010572472
863166010572480
863166010572498
863166010572506
863166010572514
863166010572522
863166010572530
863166010572548
863166010572555
863166010572563
863166010572571
863166010572589
863166010572597
863166010572605
863166010572613
863166010572621
863166010572639
863166010572647
863166010572654
863166010572662
863166010572670
863166010572688
863166010572696
863166010572704
863166010572712
863166010572720
863166010572738
863166010572746
863166010572753
863166010572761
863166010572779
863166010572787
863166010572795
863166010572803
863166010572811
863166010572829
863166010572837
863166010572845
863166010572852
863166010572860
863166010572878
863166010572886
863166010572894
863166010572902
863166010572910
863166010572928
863166010572936
863166010572944
863166010572951
863166010572969
863166010572977
863166010572985
863166010572993
863166010573009
863166010573017
863166010573025
863166010573033
863166010573041
863166010573058
863166010573066
863166010573074
863166010573082
863166010573090
863166010573108
863166010573116
863166010573124
863166010573132
863166010573140
863166010573157
863166010573165
863166010573173
863166010573181
863166010573199
863166010573207
863166010573215
863166010573223
863166010573231
863166010573249
863166010573256
863166010573264
863166010573272
863166010573280
863166010573298
863166010573306
863166010573314
863166010573322
863166010573330
863166010573348
863166010573355
863166010573363
863166010573371
863166010573389
863166010573397
863166010573405
863166010573413
863166010573421
863166010573439
863166010573447
863166010573454
863166010573462
863166010573470
863166010573488
863166010573496
863166010573504
863166010573512
863166010573520
863166010573538
863166010573546
863166010573553
863166010573561
863166010573579
863166010573587
863166010573595
863166010573603
863166010573611
863166010573629
863166010573637
863166010573645
863166010573652
863166010573660
863166010573678
863166010573686
863166010573694
863166010573702
863166010573710
863166010573728
863166010573736
863166010573744
863166010573751
863166010573769
863166010573777
863166010573785
863166010573793
863166010573801
863166010573819
863166010573827
863166010573835
863166010573843
863166010573850
863166010573868
863166010573876
863166010573884
863166010573892
863166010573900
863166010573918
863166010573926
863166010573934
863166010573942
863166010573959
863166010573967
863166010573975
863166010573983
863166010573991
863166010574007
863166010574015
863166010574023
863166010574031
863166010574049
863166010574056
863166010574064
863166010574072
863166010574080
863166010574098
863166010574106
863166010574114
863166010574122
863166010574130
863166010574148
863166010574155
863166010574163
863166010574171
863166010574189
863166010574197
863166010574205
863166010574213
863166010574221
863166010574239
863166010574247
863166010574254
863166010574262
863166010574270
863166010574288
863166010574296
863166010574304
863166010574312
863166010574320
863166010574338
863166010574346
863166010574353
863166010574361
863166010574379
863166010574387
863166010574395
863166010574403
863166010574411
863166010574429
863166010574437
863166010574445
863166010574452
863166010574460
863166010574478
863166010574486
863166010574494
863166010574502
863166010574510
863166010574528
863166010574536
863166010574544
863166010574551
863166010574569
863166010574577
863166010574585
863166010574593
863166010574601
863166010574619
863166010574627
863166010574635
863166010574643
863166010574650
863166010574668
863166010574676
863166010574684
863166010574692
863166010574700
863166010574718
863166010574726
863166010574734
863166010574742
863166010574759
863166010574767
863166010574775
863166010574783
863166010574791
863166010574809
863166010574817
863166010574825
863166010574833
863166010574841
863166010574858
863166010574866
863166010574874
863166010574882
863166010574890
863166010574908
863166010574916
863166010574924
863166010574932
863166010574940
863166010574957
863166010574965
863166010574973
863166010574981
863166010574999
863166010575004
