868120173459139
868120173459147
868120173459154
868120173459162
868120173459170
868120173459188
868120173459196
868120173459204
868120173459212
868120173459220
868120173459238
868120173459246
868120173459253
868120173459261
868120173459279
868120173459287
868120173459295
868120173459303
868120173459311
868120173459329
868120173459337
868120173459345
868120173459352
868120173459360
868120173459378
868120173459386
868120173459394
868120173459402
868120173459410
868120173459428
868120173459436
868120173459444
868120173459451
868120173459469
868120173459477
868120173459485
868120173459493
868120173459501
868120173459519
868120173459527
868120173459535
868120173459543
868120173459550
868120173459568
868120173459576
868120173459584
868120173459592
868120173459600
868120173459618
868120173459626
868120173459634
868120173459642
868120173459659
868120173459667
868120173459675
868120173459683
868120173459691
868120173459709
868120173459717
868120173459725
868120173459733
868120173459741
868120173459758
868120173459766
868120173459774
868120173459782
868120173459790
868120173459808
868120173459816
868120173459824
868120173459832
868120173459840
868120173459857
868120173459865
868120173459873
868120173459881
868120173459899
868120173459907
868120173459915
868120173459923
868120173459931
868120173459949
868120173459956
868120173459964
868120173459972
868120173459980
868120173459998
868120173460004
868120173460012
868120173460020
868120173460038
868120173460046
868120173460053
868120173460061
868120173460079
868120173460087
868120173460095
868120173460103
868120173460111
868120173460129
868120173460137
868120173460145
868120173460152
868120173460160
868120173460178
868120173460186
868120173460194
868120173460202
868120173460210
868120173460228
868120173460236
868120173460244
868120173460251
868120173460269
868120173460277
868120173460285
868120173460293
868120173460301
868120173460319
868120173460327
868120173460335
868120173460343
868120173460350
868120173460368
868120173460376
868120173460384
868120173460392
868120173460400
868120173460418
868120173460426
868120173460434
868120173460442
868120173460459
868120173460467
868120173460475
868120173460483
868120173460491
868120173460509
868120173460517
868120173460525
868120173460533
868120173460541
868120173460558
868120173460566
868120173460574
868120173460582
868120173460590
868120173460608
868120173460616
868120173460624
868120173460632
868120173460640
868120173460657
868120173460665
868120173460673
868120173460681
868120173460699
868120173460707
868120173460715
868120173460723
868120173460731
868120173460749
868120173460756
868120173460764
868120173460772
868120173460780
868120173460798
868120173460806
868120173460814
868120173460822
868120173460830
868120173460848
868120173460855
868120173460863
868120173460871
868120173460889
868120173460897
868120173460905
868120173460913
868120173460921
868120173460939
868120173460947
868120173460954
868120173460962
868120173460970
868120173460988
868120173460996
868120173461002
868120173461010
868120173461028
868120173461036
868120173461044
868120173461051
868120173461069
868120173461077
868120173461085
868120173461093
868120173461101
868120173461119
868120173461127
868120173461135
868120173461143
868120173461150
868120173461168
868120173461176
868120173461184
868120173461192
868120173461200
868120173461218
868120173461226
868120173461234
868120173461242
868120173461259
868120173461267
868120173461275
868120173461283
868120173461291
868120173461309
868120173461317
868120173461325
868120173461333
868120173461341
868120173461358
868120173461366
868120173461374
868120173461382
868120173461390
868120173461408
868120173461416
868120173461424
868120173461432
868120173461440
868120173461457
868120173461465
868120173461473
868120173461481
868120173461499
868120173461507
868120173461515
868120173461523
868120173461531
868120173461549
868120173461556
868120173461564
868120173461572
868120173461580
868120173461598
868120173461606
868120173461614
868120173461622
868120173461630
868120173461648
868120173461655
868120173461663
868120173461671
868120173461689
868120173461697
868120173461705
868120173461713
868120173461721
868120173461739
868120173461747
868120173461754
868120173461762
868120173461770
868120173461788
868120173461796
868120173461804
868120173461812
868120173461820
868120173461838
868120173461846
868120173461853
868120173461861
868120173461879
868120173461887
868120173461895
868120173461903
868120173461911
868120173461929
868120173461937
868120173461945
868120173461952
868120173461960
868120173461978
868120173461986
868120173461994
868120173462000
868120173462018
868120173462026
868120173462034
868120173462042
868120173462059
868120173462067
868120173462075
868120173462083
868120173462091
868120173462109
868120173462117
868120173462125
868120173462133
868120173462141
868120173462158
868120173462166
868120173462174
868120173462182
868120173462190
868120173462208
868120173462216
868120173462224
868120173462232
868120173462240
868120173462257
868120173462265
868120173462273
868120173462281
868120173462299
868120173462307
868120173462315
868120173462323
868120173462331
868120173462349
868120173462356
868120173462364
868120173462372
868120173462380
868120173462398
868120173462406
868120173462414
868120173462422
868120173462430
868120173462448
868120173462455
868120173462463
868120173462471
868120173462489
868120173462497
868120173462505
868120173462513
868120173462521
868120173462539
868120173462547
868120173462554
868120173462562
868120173462570
868120173462588
868120173462596
868120173462604
868120173462612
868120173462620
868120173462638
868120173462646
868120173462653
868120173462661
868120173462679
868120173462687
868120173462695
868120173462703
868120173462711
868120173462729
868120173462737
868120173462745
868120173462752
868120173462760
868120173462778
868120173462786
868120173462794
868120173462802
868120173462810
868120173462828
868120173462836
868120173462844
868120173462851
868120173462869
868120173462877
868120173462885
868120173462893
868120173462901
868120173462919
868120173462927
868120173462935
868120173462943
868120173462950
868120173462968
868120173462976
868120173462984
868120173462992
868120173463008
868120173463016
868120173463024
868120173463032
868120173463040
868120173463057
868120173463065
868120173463073
868120173463081
868120173463099
868120173463107
868120173463115
868120173463123
868120173463131
868120173463149
868120173463156
868120173463164
868120173463172
868120173463180
868120173463198
868120173463206
868120173463214
868120173463222
868120173463230
868120173463248
868120173463255
868120173463263
868120173463271
868120173463289
868120173463297
868120173463305
868120173463313
868120173463321
868120173463339
868120173463347
868120173463354
868120173463362
868120173463370
868120173463388
868120173463396
868120173463404
868120173463412
868120173463420
868120173463438
868120173463446
868120173463453
868120173463461
868120173463479
868120173463487
868120173463495
868120173463503
868120173463511
868120173463529
868120173463537
868120173463545
868120173463552
868120173463560
868120173463578
868120173463586
868120173463594
868120173463602
868120173463610
868120173463628
868120173463636
868120173463644
868120173463651
868120173463669
868120173463677
868120173463685
868120173463693
868120173463701
868120173463719
868120173463727
868120173463735
868120173463743
868120173463750
868120173463768
868120173463776
868120173463784
868120173463792
868120173463800
868120173463818
868120173463826
868120173463834
868120173463842
868120173463859
868120173463867
868120173463875
868120173463883
868120173463891
868120173463909
868120173463917
868120173463925
868120173463933
868120173463941
868120173463958
868120173463966
868120173463974
868120173463982
868120173463990
868120173464006
868120173464014
868120173464022
868120173464030
868120173464048
868120173464055
868120173464063
868120173464071
868120173464089
868120173464097
868120173464105
868120173464113
868120173464121
868120173464139
868120173464147
868120173464154
868120173464162
868120173464170
868120173464188
868120173464196
868120173464204
868120173464212
868120173464220
868120173464238
868120173464246
868120173464253
868120173464261
868120173464279
868120173464287
868120173464295
868120173464303
868120173464311
868120173464329
868120173464337
868120173464345
868120173464352
868120173464360
868120173464378
868120173464386
868120173464394
868120173464402
868120173464410
868120173464428
868120173464436
868120173464444
868120173464451
868120173464469
868120173464477
868120173464485
868120173464493
868120173464501
868120173464519
868120173464527
868120173464535
868120173464543
868120173464550
868120173464568
868120173464576
868120173464584
868120173464592
868120173464600
868120173464618
868120173464626
868120173464634
868120173464642
868120173464659
868120173464667
868120173464675
868120173464683
868120173464691
868120173464709
868120173464717
868120173464725
868120173464733
868120173464741
868120173464758
868120173464766
868120173464774
868120173464782
868120173464790
868120173464808
868120173464816
868120173464824
868120173464832
868120173464840
868120173464857
868120173464865
868120173464873
868120173464881
868120173464899
868120173464907
868120173464915
868120173464923
868120173464931
868120173464949
868120173464956
868120173464964
868120173464972
868120173464980
868120173464998
868120173465003
868120173465011
868120173465029
868120173465037
868120173465045
868120173465052
868120173465060
868120173465078
868120173465086
868120173465094
868120173465102
868120173465110
868120173465128
868120173465136
868120173465144
868120173465151
868120173465169
868120173465177
868120173465185
868120173465193
868120173465201
868120173465219
868120173465227
868120173465235
868120173465243
868120173465250
868120173465268
868120173465276
868120173465284
868120173465292
868120173465300
868120173465318
868120173465326
868120173465334
868120173465342
868120173465359
868120173465367
868120173465375
868120173465383
868120173465391
868120173465409
868120173465417
868120173465425
868120173465433
868120173465441
868120173465458
868120173465466
868120173465474
868120173465482
868120173465490
868120173465508
868120173465516
868120173465524
868120173465532
868120173465540
868120173465557
868120173465565
868120173465573
868120173465581
868120173465599
868120173465607
868120173465615
868120173465623
868120173465631
868120173465649
868120173465656
868120173465664
868120173465672
868120173465680
868120173465698
868120173465706
868120173465714
868120173465722
868120173465730
868120173465748
868120173465755
868120173465763
868120173465771
868120173465789
868120173465797
868120173465805
868120173465813
868120173465821
868120173465839
868120173465847
868120173465854
868120173465862
868120173465870
868120173465888
868120173465896
868120173465904
868120173465912
868120173465920
868120173465938
868120173465946
868120173465953
868120173465961
868120173465979
868120173465987
868120173465995
868120173466001
868120173466019
868120173466027
868120173466035
868120173466043
868120173466050
868120173466068
868120173466076
868120173466084
868120173466092
868120173466100
868120173466118
868120173466126
868120173466134
868120173466142
868120173466159
868120173466167
868120173466175
868120173466183
868120173466191
868120173466209
868120173466217
868120173466225
868120173466233
868120173466241
868120173466258
868120173466266
868120173466274
868120173466282
868120173466290
868120173466308
868120173466316
868120173466324
868120173466332
868120173466340
868120173466357
868120173466365
868120173466373
868120173466381
868120173466399
868120173466407
868120173466415
868120173466423
868120173466431
868120173466449
868120173466456
868120173466464
868120173466472
868120173466480
868120173466498
868120173466506
868120173466514
868120173466522
868120173466530
868120173466548
868120173466555
868120173466563
868120173466571
868120173466589
868120173466597
868120173466605
868120173466613
868120173466621
868120173466639
868120173466647
868120173466654
868120173466662
868120173466670
868120173466688
868120173466696
868120173466704
868120173466712
868120173466720
868120173466738
868120173466746
868120173466753
868120173466761
868120173466779
868120173466787
868120173466795
868120173466803
868120173466811
868120173466829
868120173466837
868120173466845
868120173466852
868120173466860
868120173466878
868120173466886
868120173466894
868120173466902
868120173466910
868120173466928
868120173466936
868120173466944
868120173466951
868120173466969
868120173466977
868120173466985
868120173466993
868120173467009
868120173467017
868120173467025
868120173467033
868120173467041
868120173467058
868120173467066
868120173467074
868120173467082
868120173467090
868120173467108
868120173467116
868120173467124
868120173467132
868120173467140
868120173467157
868120173467165
868120173467173
868120173467181
868120173467199
868120173467207
868120173467215
868120173467223
868120173467231
868120173467249
868120173467256
868120173467264
868120173467272
868120173467280
868120173467298
868120173467306
868120173467314
868120173467322
868120173467330
868120173467348
868120173467355
868120173467363
868120173467371
868120173467389
868120173467397
868120173467405
868120173467413
868120173467421
868120173467439
868120173467447
868120173467454
868120173467462
868120173467470
868120173467488
868120173467496
868120173467504
868120173467512
868120173467520
868120173467538
868120173467546
868120173467553
868120173467561
868120173467579
868120173467587
868120173467595
868120173467603
868120173467611
868120173467629
868120173467637
868120173467645
868120173467652
868120173467660
868120173467678
868120173467686
868120173467694
868120173467702
868120173467710
868120173467728
868120173467736
868120173467744
868120173467751
868120173467769
868120173467777
868120173467785
868120173467793
868120173467801
868120173467819
868120173467827
868120173467835
868120173467843
868120173467850
868120173467868
868120173467876
868120173467884
868120173467892
868120173467900
868120173467918
868120173467926
868120173467934
868120173467942
868120173467959
868120173467967
868120173467975
868120173467983
868120173467991
868120173468007
868120173468015
868120173468023
868120173468031
868120173468049
868120173468056
868120173468064
868120173468072
868120173468080
868120173468098
868120173468106
868120173468114
868120173468122
868120173468130
868120173468148
868120173468155
868120173468163
868120173468171
868120173468189
868120173468197
868120173468205
868120173468213
868120173468221
868120173468239
868120173468247
868120173468254
868120173468262
868120173468270
868120173468288
868120173468296
868120173468304
868120173468312
868120173468320
868120173468338
868120173468346
868120173468353
868120173468361
868120173468379
868120173468387
868120173468395
868120173468403
868120173468411
868120173468429
868120173468437
868120173468445
868120173468452
868120173468460
868120173468478
868120173468486
868120173468494
868120173468502
868120173468510
868120173468528
868120173468536
868120173468544
868120173468551
868120173468569
868120173468577
868120173468585
868120173468593
868120173468601
868120173468619
868120173468627
868120173468635
868120173468643
868120173468650
868120173468668
868120173468676
868120173468684
868120173468692
868120173468700
868120173468718
868120173468726
868120173468734
868120173468742
868120173468759
868120173468767
868120173468775
868120173468783
868120173468791
868120173468809
868120173468817
868120173468825
868120173468833
868120173468841
868120173468858
868120173468866
868120173468874
868120173468882
868120173468890
868120173468908
868120173468916
868120173468924
868120173468932
868120173468940
868120173468957
868120173468965
868120173468973
868120173468981
868120173468999
868120173469005
868120173469013
868120173469021
868120173469039
868120173469047
868120173469054
868120173469062
868120173469070
868120173469088
868120173469096
868120173469104
868120173469112
868120173469120
