868120168849443
868120168849450
868120168849468
868120168849476
868120168849484
868120168849492
868120168849500
868120168849518
868120168849526
868120168849534
868120168849542
868120168849559
868120168849567
868120168849575
868120168849583
868120168849591
868120168849609
868120168849617
868120168849625
868120168849633
868120168849641
868120168849658
868120168849666
868120168849674
868120168849682
868120168849690
868120168849708
868120168849716
868120168849724
868120168849732
868120168849740
868120168849757
868120168849765
868120168849773
868120168849781
868120168849799
868120168849807
868120168849815
868120168849823
868120168849831
868120168849849
868120168849856
868120168849864
868120168849872
868120168849880
868120168849898
868120168849906
868120168849914
868120168849922
868120168849930
868120168849948
868120168849955
868120168849963
868120168849971
868120168849989
868120168849997
868120168850003
868120168850011
868120168850029
868120168850037
868120168850045
868120168850052
868120168850060
868120168850078
868120168850086
868120168850094
868120168850102
868120168850110
868120168850128
868120168850136
868120168850144
868120168850151
868120168850169
868120168850177
868120168850185
868120168850193
868120168850201
868120168850219
868120168850227
868120168850235
868120168850243
868120168850250
868120168850268
868120168850276
868120168850284
868120168850292
868120168850300
868120168850318
868120168850326
868120168850334
868120168850342
868120168850359
868120168850367
868120168850375
868120168850383
868120168850391
868120168850409
868120168850417
868120168850425
868120168850433
868120168850441
868120168850458
868120168850466
868120168850474
868120168850482
868120168850490
868120168850508
868120168850516
868120168850524
868120168850532
868120168850540
868120168850557
868120168850565
868120168850573
868120168850581
868120168850599
868120168850607
868120168850615
868120168850623
868120168850631
868120168850649
868120168850656
868120168850664
868120168850672
868120168850680
868120168850698
868120168850706
868120168850714
868120168850722
868120168850730
868120168850748
868120168850755
868120168850763
868120168850771
868120168850789
868120168850797
868120168850805
868120168850813
868120168850821
868120168850839
868120168850847
868120168850854
868120168850862
868120168850870
868120168850888
868120168850896
868120168850904
868120168850912
868120168850920
868120168850938
868120168850946
868120168850953
868120168850961
868120168850979
868120168850987
868120168850995
868120168851001
868120168851019
868120168851027
868120168851035
868120168851043
868120168851050
868120168851068
868120168851076
868120168851084
868120168851092
868120168851100
868120168851118
868120168851126
868120168851134
868120168851142
868120168851159
868120168851167
868120168851175
868120168851183
868120168851191
868120168851209
868120168851217
868120168851225
868120168851233
868120168851241
868120168851258
868120168851266
868120168851274
868120168851282
868120168851290
868120168851308
868120168851316
868120168851324
868120168851332
868120168851340
868120168851357
868120168851365
868120168851373
868120168851381
868120168851399
868120168851407
868120168851415
868120168851423
868120168851431
868120168851449
868120168851456
868120168851464
868120168851472
868120168851480
868120168851498
868120168851506
868120168851514
868120168851522
868120168851530
868120168851548
868120168851555
868120168851563
868120168851571
868120168851589
868120168851597
868120168851605
868120168851613
868120168851621
868120168851639
868120168851647
868120168851654
868120168851662
868120168851670
868120168851688
868120168851696
868120168851704
868120168851712
868120168851720
868120168851738
868120168851746
868120168851753
868120168851761
868120168851779
868120168851787
868120168851795
868120168851803
868120168851811
868120168851829
868120168851837
868120168851845
868120168851852
868120168851860
868120168851878
868120168851886
868120168851894
868120168851902
868120168851910
868120168851928
868120168851936
868120168851944
868120168851951
868120168851969
868120168851977
868120168851985
868120168851993
868120168852009
868120168852017
868120168852025
868120168852033
868120168852041
868120168852058
868120168852066
868120168852074
868120168852082
868120168852090
868120168852108
868120168852116
868120168852124
868120168852132
868120168852140
868120168852157
868120168852165
868120168852173
868120168852181
868120168852199
868120168852207
868120168852215
868120168852223
868120168852231
868120168852249
868120168852256
868120168852264
868120168852272
868120168852280
868120168852298
868120168852306
868120168852314
868120168852322
868120168852330
868120168852348
868120168852355
868120168852363
868120168852371
868120168852389
868120168852397
868120168852405
868120168852413
868120168852421
868120168852439
868120168852447
868120168852454
868120168852462
868120168852470
868120168852488
868120168852496
868120168852504
868120168852512
868120168852520
868120168852538
868120168852546
868120168852553
868120168852561
868120168852579
868120168852587
868120168852595
868120168852603
868120168852611
868120168852629
868120168852637
868120168852645
868120168852652
868120168852660
868120168852678
868120168852686
868120168852694
868120168852702
868120168852710
868120168852728
868120168852736
868120168852744
868120168852751
868120168852769
868120168852777
868120168852785
868120168852793
868120168852801
868120168852819
868120168852827
868120168852835
868120168852843
868120168852850
868120168852868
868120168852876
868120168852884
868120168852892
868120168852900
868120168852918
868120168852926
868120168852934
868120168852942
868120168852959
868120168852967
868120168852975
868120168852983
868120168852991
868120168853007
868120168853015
868120168853023
868120168853031
868120168853049
868120168853056
868120168853064
868120168853072
868120168853080
868120168853098
868120168853106
868120168853114
868120168853122
868120168853130
868120168853148
868120168853155
868120168853163
868120168853171
868120168853189
868120168853197
868120168853205
868120168853213
868120168853221
868120168853239
868120168853247
868120168853254
868120168853262
868120168853270
868120168853288
868120168853296
868120168853304
868120168853312
868120168853320
868120168853338
868120168853346
868120168853353
868120168853361
868120168853379
868120168853387
868120168853395
868120168853403
868120168853411
868120168853429
868120168853437
868120168853445
868120168853452
868120168853460
868120168853478
868120168853486
868120168853494
868120168853502
868120168853510
868120168853528
868120168853536
868120168853544
868120168853551
868120168853569
868120168853577
868120168853585
868120168853593
868120168853601
868120168853619
868120168853627
868120168853635
868120168853643
868120168853650
868120168853668
868120168853676
868120168853684
868120168853692
868120168853700
868120168853718
868120168853726
868120168853734
868120168853742
868120168853759
868120168853767
868120168853775
868120168853783
868120168853791
868120168853809
868120168853817
868120168853825
868120168853833
868120168853841
868120168853858
868120168853866
868120168853874
868120168853882
868120168853890
868120168853908
868120168853916
868120168853924
868120168853932
868120168853940
868120168853957
868120168853965
868120168853973
868120168853981
868120168853999
868120168854005
868120168854013
868120168854021
868120168854039
868120168854047
868120168854054
868120168854062
868120168854070
868120168854088
868120168854096
868120168854104
868120168854112
868120168854120
868120168854138
868120168854146
868120168854153
868120168854161
868120168854179
868120168854187
868120168854195
868120168854203
868120168854211
868120168854229
868120168854237
868120168854245
868120168854252
868120168854260
868120168854278
868120168854286
868120168854294
868120168854302
868120168854310
868120168854328
868120168854336
868120168854344
868120168854351
868120168854369
868120168854377
868120168854385
868120168854393
868120168854401
868120168854419
868120168854427
868120168854435
868120168854443
868120168854450
868120168854468
868120168854476
868120168854484
868120168854492
868120168854500
868120168854518
868120168854526
868120168854534
868120168854542
868120168854559
868120168854567
868120168854575
868120168854583
868120168854591
868120168854609
868120168854617
868120168854625
868120168854633
868120168854641
868120168854658
868120168854666
868120168854674
868120168854682
868120168854690
868120168854708
868120168854716
868120168854724
868120168854732
868120168854740
868120168854757
868120168854765
868120168854773
868120168854781
868120168854799
868120168854807
868120168854815
868120168854823
868120168854831
868120168854849
868120168854856
868120168854864
868120168854872
868120168854880
868120168854898
868120168854906
868120168854914
868120168854922
868120168854930
868120168854948
868120168854955
868120168854963
868120168854971
868120168854989
868120168854997
868120168855002
868120168855010
868120168855028
868120168855036
868120168855044
868120168855051
868120168855069
868120168855077
868120168855085
868120168855093
868120168855101
868120168855119
868120168855127
868120168855135
868120168855143
868120168855150
868120168855168
868120168855176
868120168855184
868120168855192
868120168855200
868120168855218
868120168855226
868120168855234
868120168855242
868120168855259
868120168855267
868120168855275
868120168855283
868120168855291
868120168855309
868120168855317
868120168855325
868120168855333
868120168855341
868120168855358
868120168855366
868120168855374
868120168855382
868120168855390
868120168855408
868120168855416
868120168855424
868120168855432
868120168855440
868120168855457
868120168855465
868120168855473
868120168855481
868120168855499
868120168855507
868120168855515
868120168855523
868120168855531
868120168855549
868120168855556
868120168855564
868120168855572
868120168855580
868120168855598
868120168855606
868120168855614
868120168855622
868120168855630
868120168855648
868120168855655
868120168855663
868120168855671
868120168855689
868120168855697
868120168855705
868120168855713
868120168855721
868120168855739
868120168855747
868120168855754
868120168855762
868120168855770
868120168855788
868120168855796
868120168855804
868120168855812
868120168855820
868120168855838
868120168855846
868120168855853
868120168855861
868120168855879
868120168855887
868120168855895
868120168855903
868120168855911
868120168855929
868120168855937
868120168855945
868120168855952
868120168855960
868120168855978
868120168855986
868120168855994
868120168856000
868120168856018
868120168856026
868120168856034
868120168856042
868120168856059
868120168856067
868120168856075
868120168856083
868120168856091
868120168856109
868120168856117
868120168856125
868120168856133
868120168856141
868120168856158
868120168856166
868120168856174
868120168856182
868120168856190
868120168856208
868120168856216
868120168856224
868120168856232
868120168856240
868120168856257
868120168856265
868120168856273
868120168856281
868120168856299
868120168856307
868120168856315
868120168856323
868120168856331
868120168856349
868120168856356
868120168856364
868120168856372
868120168856380
868120168856398
868120168856406
868120168856414
868120168856422
868120168856430
868120168856448
868120168856455
868120168856463
868120168856471
868120168856489
868120168856497
868120168856505
868120168856513
868120168856521
868120168856539
868120168856547
868120168856554
868120168856562
868120168856570
868120168856588
868120168856596
868120168856604
868120168856612
868120168856620
868120168856638
868120168856646
868120168856653
868120168856661
868120168856679
868120168856687
868120168856695
868120168856703
868120168856711
868120168856729
868120168856737
868120168856745
868120168856752
868120168856760
868120168856778
868120168856786
868120168856794
868120168856802
868120168856810
868120168856828
868120168856836
868120168856844
868120168856851
868120168856869
868120168856877
868120168856885
868120168856893
868120168856901
868120168856919
868120168856927
868120168856935
868120168856943
868120168856950
868120168856968
868120168856976
868120168856984
868120168856992
868120168857008
868120168857016
868120168857024
868120168857032
868120168857040
868120168857057
868120168857065
868120168857073
868120168857081
868120168857099
868120168857107
868120168857115
868120168857123
868120168857131
868120168857149
868120168857156
868120168857164
868120168857172
868120168857180
868120168857198
868120168857206
868120168857214
868120168857222
868120168857230
868120168857248
868120168857255
868120168857263
868120168857271
868120168857289
868120168857297
868120168857305
868120168857313
868120168857321
868120168857339
868120168857347
868120168857354
868120168857362
868120168857370
868120168857388
868120168857396
868120168857404
868120168857412
868120168857420
868120168857438
868120168857446
868120168857453
868120168857461
868120168857479
868120168857487
868120168857495
868120168857503
868120168857511
868120168857529
868120168857537
868120168857545
868120168857552
868120168857560
868120168857578
868120168857586
868120168857594
868120168857602
868120168857610
868120168857628
868120168857636
868120168857644
868120168857651
868120168857669
868120168857677
868120168857685
868120168857693
868120168857701
868120168857719
868120168857727
868120168857735
868120168857743
868120168857750
868120168857768
868120168857776
868120168857784
868120168857792
868120168857800
868120168857818
868120168857826
868120168857834
868120168857842
868120168857859
868120168857867
868120168857875
868120168857883
868120168857891
868120168857909
868120168857917
868120168857925
868120168857933
868120168857941
868120168857958
868120168857966
868120168857974
868120168857982
868120168857990
868120168858006
868120168858014
868120168858022
868120168858030
868120168858048
868120168858055
868120168858063
868120168858071
868120168858089
868120168858097
868120168858105
868120168858113
868120168858121
868120168858139
868120168858147
868120168858154
868120168858162
868120168858170
868120168858188
868120168858196
868120168858204
868120168858212
868120168858220
868120168858238
868120168858246
868120168858253
868120168858261
868120168858279
868120168858287
868120168858295
868120168858303
868120168858311
868120168858329
868120168858337
868120168858345
868120168858352
868120168858360
868120168858378
868120168858386
868120168858394
868120168858402
868120168858410
868120168858428
868120168858436
868120168858444
868120168858451
868120168858469
868120168858477
868120168858485
868120168858493
868120168858501
868120168858519
868120168858527
868120168858535
868120168858543
868120168858550
868120168858568
868120168858576
868120168858584
868120168858592
868120168858600
868120168858618
868120168858626
868120168858634
868120168858642
868120168858659
868120168858667
868120168858675
868120168858683
868120168858691
868120168858709
868120168858717
868120168858725
868120168858733
868120168858741
868120168858758
868120168858766
868120168858774
868120168858782
868120168858790
868120168858808
868120168858816
868120168858824
868120168858832
868120168858840
868120168858857
868120168858865
868120168858873
868120168858881
868120168858899
868120168858907
868120168858915
868120168858923
868120168858931
868120168858949
868120168858956
868120168858964
868120168858972
868120168858980
868120168858998
868120168859004
868120168859012
868120168859020
868120168859038
868120168859046
868120168859053
868120168859061
868120168859079
868120168859087
868120168859095
868120168859103
868120168859111
868120168859129
868120168859137
868120168859145
868120168859152
868120168859160
868120168859178
868120168859186
868120168859194
868120168859202
868120168859210
868120168859228
868120168859236
868120168859244
868120168859251
868120168859269
868120168859277
868120168859285
868120168859293
868120168859301
868120168859319
868120168859327
868120168859335
868120168859343
868120168859350
868120168859368
868120168859376
868120168859384
868120168859392
868120168859400
868120168859418
868120168859426
868120168859434
868120168859442
868120168859459
868120168859467
868120168859475
868120168859483
868120168859491
868120168859509
868120168859517
868120168859525
868120168859533
868120168859541
868120168859558
868120168859566
868120168859574
868120168859582
868120168859590
868120168859608
868120168859616
868120168859624
868120168859632
868120168859640
868120168859657
868120168859665
868120168859673
868120168859681
868120168859699
868120168859707
868120168859715
868120168859723
868120168859731
868120168859749
868120168859756
868120168859764
868120168859772
868120168859780
868120168859798
868120168859806
868120168859814
868120168859822
868120168859830
868120168859848
868120168859855
868120168859863
868120168859871
868120168859889
868120168859897
868120168859905
868120168859913
868120168859921
868120168859939
868120168859947
868120168859954
868120168859962
868120168859970
868120168859988
868120168859996
868120168860002
868120168860010
868120168860028
868120168860036
868120168860044
868120168860051
868120168860069
868120168860077
868120168860085
868120168860093
868120168860101
868120168860119
868120168860127
868120168860135
868120168860143
868120168860150
868120168860168
868120168860176
868120168860184
868120168860192
868120168860200
868120168860218
868120168860226
868120168860234
868120168860242
868120168860259
868120168860267
868120168860275
868120168860283
868120168860291
868120168860309
868120168860317
868120168860325
868120168860333
868120168860341
868120168860358
868120168860366
868120168860374
868120168860382
868120168860390
868120168860408
868120168860416
868120168860424
868120168860432
868120168860440
868120168860457
868120168860465
868120168860473
868120168860481
868120168860499
868120168860507
868120168860515
868120168860523
868120168860531
868120168860549
868120168860556
868120168860564
868120168860572
868120168860580
868120168860598
868120168860606
868120168860614
868120168860622
868120168860630
868120168860648
868120168860655
868120168860663
868120168860671
868120168860689
868120168860697
868120168860705
868120168860713
868120168860721
868120168860739
868120168860747
868120168860754
868120168860762
868120168860770
868120168860788
868120168860796
868120168860804
868120168860812
868120168860820
868120168860838
868120168860846
868120168860853
868120168860861
868120168860879
868120168860887
868120168860895
868120168860903
868120168860911
868120168860929
868120168860937
868120168860945
868120168860952
868120168860960
868120168860978
868120168860986
868120168860994
868120168861000
868120168861018
868120168861026
868120168861034
868120168861042
868120168861059
868120168861067
868120168861075
868120168861083
868120168861091
868120168861109
868120168861117
868120168861125
868120168861133
868120168861141
868120168861158
868120168861166
868120168861174
868120168861182
868120168861190
868120168861208
868120168861216
868120168861224
868120168861232
868120168861240
868120168861257
868120168861265
868120168861273
868120168861281
868120168861299
868120168861307
868120168861315
868120168861323
868120168861331
868120168861349
868120168861356
868120168861364
868120168861372
868120168861380
868120168861398
868120168861406
868120168861414
868120168861422
868120168861430
868120168861448
868120168861455
868120168861463
868120168861471
868120168861489
868120168861497
868120168861505
868120168861513
868120168861521
868120168861539
868120168861547
868120168861554
868120168861562
868120168861570
868120168861588
868120168861596
868120168861604
868120168861612
868120168861620
868120168861638
868120168861646
868120168861653
868120168861661
868120168861679
868120168861687
868120168861695
868120168861703
868120168861711
868120168861729
868120168861737
868120168861745
868120168861752
868120168861760
868120168861778
868120168861786
868120168861794
868120168861802
868120168861810
868120168861828
868120168861836
868120168861844
868120168861851
868120168861869
868120168861877
868120168861885
868120168861893
868120168861901
868120168861919
868120168861927
868120168861935
868120168861943
868120168861950
868120168861968
868120168861976
868120168861984
868120168861992
868120168862008
868120168862016
868120168862024
868120168862032
868120168862040
868120168862057
868120168862065
868120168862073
868120168862081
868120168862099
868120168862107
868120168862115
868120168862123
868120168862131
868120168862149
868120168862156
868120168862164
868120168862172
868120168862180
868120168862198
868120168862206
868120168862214
868120168862222
868120168862230
868120168862248
868120168862255
868120168862263
868120168862271
868120168862289
868120168862297
868120168862305
868120168862313
868120168862321
868120168862339
868120168862347
868120168862354
868120168862362
868120168862370
868120168862388
868120168862396
868120168862404
868120168862412
868120168862420
868120168862438
868120168862446
868120168862453
868120168862461
868120168862479
868120168862487
868120168862495
868120168862503
868120168862511
868120168862529
868120168862537
868120168862545
868120168862552
868120168862560
868120168862578
868120168862586
868120168862594
868120168862602
868120168862610
868120168862628
868120168862636
868120168862644
868120168862651
868120168862669
868120168862677
868120168862685
868120168862693
868120168862701
868120168862719
868120168862727
868120168862735
868120168862743
868120168862750
868120168862768
868120168862776
868120168862784
868120168862792
868120168862800
868120168862818
868120168862826
868120168862834
868120168862842
868120168862859
868120168862867
868120168862875
868120168862883
868120168862891
868120168862909
868120168862917
868120168862925
868120168862933
868120168862941
868120168862958
868120168862966
868120168862974
868120168862982
868120168862990
868120168863006
868120168863014
868120168863022
868120168863030
868120168863048
868120168863055
868120168863063
868120168863071
868120168863089
868120168863097
868120168863105
868120168863113
868120168863121
868120168863139
868120168863147
868120168863154
868120168863162
868120168863170
868120168863188
868120168863196
868120168863204
868120168863212
868120168863220
868120168863238
868120168863246
868120168863253
868120168863261
868120168863279
868120168863287
868120168863295
868120168863303
868120168863311
868120168863329
868120168863337
868120168863345
868120168863352
868120168863360
868120168863378
868120168863386
868120168863394
868120168863402
868120168863410
868120168863428
868120168863436
868120168863444
868120168863451
868120168863469
868120168863477
868120168863485
868120168863493
868120168863501
868120168863519
868120168863527
868120168863535
868120168863543
868120168863550
868120168863568
868120168863576
868120168863584
868120168863592
868120168863600
868120168863618
868120168863626
868120168863634
868120168863642
868120168863659
868120168863667
868120168863675
868120168863683
868120168863691
868120168863709
868120168863717
868120168863725
868120168863733
868120168863741
868120168863758
868120168863766
868120168863774
868120168863782
868120168863790
868120168863808
868120168863816
868120168863824
868120168863832
868120168863840
868120168863857
868120168863865
868120168863873
868120168863881
868120168863899
868120168863907
868120168863915
868120168863923
868120168863931
868120168863949
868120168863956
868120168863964
868120168863972
868120168863980
868120168863998
868120168864004
868120168864012
868120168864020
868120168864038
868120168864046
868120168864053
868120168864061
868120168864079
868120168864087
868120168864095
868120168864103
868120168864111
868120168864129
868120168864137
868120168864145
868120168864152
868120168864160
868120168864178
868120168864186
868120168864194
868120168864202
868120168864210
868120168864228
868120168864236
868120168864244
868120168864251
868120168864269
868120168864277
868120168864285
868120168864293
868120168864301
868120168864319
868120168864327
868120168864335
868120168864343
868120168864350
868120168864368
868120168864376
868120168864384
868120168864392
868120168864400
868120168864418
868120168864426
868120168864434