868120169846471
868120169846489
868120169846497
868120169846505
868120169846513
868120169846521
868120169846539
868120169846547
868120169846554
868120169846562
868120169846570
868120169846588
868120169846596
868120169846604
868120169846612
868120169846620
868120169846638
868120169846646
868120169846653
868120169846661
868120169846679
868120169846687
868120169846695
868120169846703
868120169846711
868120169846729
868120169846737
868120169846745
868120169846752
868120169846760
868120169846778
868120169846786
868120169846794
868120169846802
868120169846810
868120169846828
868120169846836
868120169846844
868120169846851
868120169846869
868120169846877
868120169846885
868120169846893
868120169846901
868120169846919
868120169846927
868120169846935
868120169846943
868120169846950
868120169846968
868120169846976
868120169846984
868120169846992
868120169847008
868120169847016
868120169847024
868120169847032
868120169847040
868120169847057
868120169847065
868120169847073
868120169847081
868120169847099
868120169847107
868120169847115
868120169847123
868120169847131
868120169847149
868120169847156
868120169847164
868120169847172
868120169847180
868120169847198
868120169847206
868120169847214
868120169847222
868120169847230
868120169847248
868120169847255
868120169847263
868120169847271
868120169847289
868120169847297
868120169847305
868120169847313
868120169847321
868120169847339
868120169847347
868120169847354
868120169847362
868120169847370
868120169847388
868120169847396
868120169847404
868120169847412
868120169847420
868120169847438
868120169847446
868120169847453
868120169847461
868120169847479
868120169847487
868120169847495
868120169847503
868120169847511
868120169847529
868120169847537
868120169847545
868120169847552
868120169847560
868120169847578
868120169847586
868120169847594
868120169847602
868120169847610
868120169847628
868120169847636
868120169847644
868120169847651
868120169847669
868120169847677
868120169847685
868120169847693
868120169847701
868120169847719
868120169847727
868120169847735
868120169847743
868120169847750
868120169847768
868120169847776
868120169847784
868120169847792
868120169847800
868120169847818
868120169847826
868120169847834
868120169847842
868120169847859
868120169847867
868120169847875
868120169847883
868120169847891
868120169847909
868120169847917
868120169847925
868120169847933
868120169847941
868120169847958
868120169847966
868120169847974
868120169847982
868120169847990
868120169848006
868120169848014
868120169848022
868120169848030
868120169848048
868120169848055
868120169848063
868120169848071
868120169848089
868120169848097
868120169848105
868120169848113
868120169848121
868120169848139
868120169848147
868120169848154
868120169848162
868120169848170
868120169848188
868120169848196
868120169848204
868120169848212
868120169848220
868120169848238
868120169848246
868120169848253
868120169848261
868120169848279
868120169848287
868120169848295
868120169848303
868120169848311
868120169848329
868120169848337
868120169848345
868120169848352
868120169848360
868120169848378
868120169848386
868120169848394
868120169848402
868120169848410
868120169848428
868120169848436
868120169848444
868120169848451
868120169848469
868120169848477
868120169848485
868120169848493
868120169848501
868120169848519
868120169848527
868120169848535
868120169848543
868120169848550
868120169848568
868120169848576
868120169848584
868120169848592
868120169848600
868120169848618
868120169848626
868120169848634
868120169848642
868120169848659
868120169848667
868120169848675
868120169848683
868120169848691
868120169848709
868120169848717
868120169848725
868120169848733
868120169848741
868120169848758
868120169848766
868120169848774
868120169848782
868120169848790
868120169848808
868120169848816
868120169848824
868120169848832
868120169848840
868120169848857
868120169848865
868120169848873
868120169848881
868120169848899
868120169848907
868120169848915
868120169848923
868120169848931
868120169848949
868120169848956
868120169848964
868120169848972
868120169848980
868120169848998
868120169849004
868120169849012
868120169849020
868120169849038
868120169849046
868120169849053
868120169849061
868120169849079
868120169849087
868120169849095
868120169849103
868120169849111
868120169849129
868120169849137
868120169849145
868120169849152
868120169849160
868120169849178
868120169849186
868120169849194
868120169849202
868120169849210
868120169849228
868120169849236
868120169849244
868120169849251
868120169849269
868120169849277
868120169849285
868120169849293
868120169849301
868120169849319
868120169849327
868120169849335
868120169849343
868120169849350
868120169849368
868120169849376
868120169849384
868120169849392
868120169849400
868120169849418
868120169849426
868120169849434
868120169849442
868120169849459
868120169849467
868120169849475
868120169849483
868120169849491
868120169849509
868120169849517
868120169849525
868120169849533
868120169849541
868120169849558
868120169849566
868120169849574
868120169849582
868120169849590
868120169849608
868120169849616
868120169849624
868120169849632
868120169849640
868120169849657
868120169849665
868120169849673
868120169849681
868120169849699
868120169849707
868120169849715
868120169849723
868120169849731
868120169849749
868120169849756
868120169849764
868120169849772
868120169849780
868120169849798
868120169849806
868120169849814
868120169849822
868120169849830
868120169849848
868120169849855
868120169849863
868120169849871
868120169849889
868120169849897
868120169849905
868120169849913
868120169849921
868120169849939
868120169849947
868120169849954
868120169849962
868120169849970
868120169849988
868120169849996
868120169850002
868120169850010
868120169850028
868120169850036
868120169850044
868120169850051
868120169850069
868120169850077
868120169850085
868120169850093
868120169850101
868120169850119
868120169850127
868120169850135
868120169850143
868120169850150
868120169850168
868120169850176
868120169850184
868120169850192
868120169850200
868120169850218
868120169850226
868120169850234
868120169850242
868120169850259
868120169850267
868120169850275
868120169850283
868120169850291
868120169850309
868120169850317
868120169850325
868120169850333
868120169850341
868120169850358
868120169850366
868120169850374
868120169850382
868120169850390
868120169850408
868120169850416
868120169850424
868120169850432
868120169850440
868120169850457
868120169850465
868120169850473
868120169850481
868120169850499
868120169850507
868120169850515
868120169850523
868120169850531
868120169850549
868120169850556
868120169850564
868120169850572
868120169850580
868120169850598
868120169850606
868120169850614
868120169850622
868120169850630
868120169850648
868120169850655
868120169850663
868120169850671
868120169850689
868120169850697
868120169850705
868120169850713
868120169850721
868120169850739
868120169850747
868120169850754
868120169850762
868120169850770
868120169850788
868120169850796
868120169850804
868120169850812
868120169850820
868120169850838
868120169850846
868120169850853
868120169850861
868120169850879
868120169850887
868120169850895
868120169850903
868120169850911
868120169850929
868120169850937
868120169850945
868120169850952
868120169850960
868120169850978
868120169850986
868120169850994
868120169851000
868120169851018
868120169851026
868120169851034
868120169851042
868120169851059
868120169851067
868120169851075
868120169851083
868120169851091
868120169851109
868120169851117
868120169851125
868120169851133
868120169851141
868120169851158
868120169851166
868120169851174
868120169851182
868120169851190
868120169851208
868120169851216
868120169851224
868120169851232
868120169851240
868120169851257
868120169851265
868120169851273
868120169851281
868120169851299
868120169851307
868120169851315
868120169851323
868120169851331
868120169851349
868120169851356
868120169851364
868120169851372
868120169851380
868120169851398
868120169851406
868120169851414
868120169851422
868120169851430
868120169851448
868120169851455
868120169851463
868120169851471
868120169851489
868120169851497
868120169851505
868120169851513
868120169851521
868120169851539
868120169851547
868120169851554
868120169851562
868120169851570
868120169851588
868120169851596
868120169851604
868120169851612
868120169851620
868120169851638
868120169851646
868120169851653
868120169851661
868120169851679
868120169851687
868120169851695
868120169851703
868120169851711
868120169851729
868120169851737
868120169851745
868120169851752
868120169851760
868120169851778
868120169851786
868120169851794
868120169851802
868120169851810
868120169851828
868120169851836
868120169851844
868120169851851
868120169851869
868120169851877
868120169851885
868120169851893
868120169851901
868120169851919
868120169851927
868120169851935
868120169851943
868120169851950
868120169851968
868120169851976
868120169851984
868120169851992
868120169852008
868120169852016
868120169852024
868120169852032
868120169852040
868120169852057
868120169852065
868120169852073
868120169852081
868120169852099
868120169852107
868120169852115
868120169852123
868120169852131
868120169852149
868120169852156
868120169852164
868120169852172
868120169852180
868120169852198
868120169852206
868120169852214
868120169852222
868120169852230
868120169852248
868120169852255
868120169852263
868120169852271
868120169852289
868120169852297
868120169852305
868120169852313
868120169852321
868120169852339
868120169852347
868120169852354
868120169852362
868120169852370
868120169852388
868120169852396
868120169852404
868120169852412
868120169852420
868120169852438
868120169852446
868120169852453
868120169852461
868120169852479
868120169852487
868120169852495
868120169852503
868120169852511
868120169852529
868120169852537
868120169852545
868120169852552
868120169852560
868120169852578
868120169852586
868120169852594
868120169852602
868120169852610
868120169852628
868120169852636
868120169852644
868120169852651
868120169852669
868120169852677
868120169852685
868120169852693
868120169852701
868120169852719
868120169852727
868120169852735
868120169852743
868120169852750
868120169852768
868120169852776
868120169852784
868120169852792
868120169852800
868120169852818
868120169852826
868120169852834
868120169852842
868120169852859
868120169852867
868120169852875
868120169852883
868120169852891
868120169852909
868120169852917
868120169852925
868120169852933
868120169852941
868120169852958
868120169852966
868120169852974
868120169852982
868120169852990
868120169853006
868120169853014
868120169853022
868120169853030
868120169853048
868120169853055
868120169853063
868120169853071
868120169853089
868120169853097
868120169853105
868120169853113
868120169853121
868120169853139
868120169853147
868120169853154
868120169853162
868120169853170
868120169853188
868120169853196
868120169853204
868120169853212
868120169853220
868120169853238
868120169853246
868120169853253
868120169853261
868120169853279
868120169853287
868120169853295
868120169853303
868120169853311
868120169853329
868120169853337
868120169853345
868120169853352
868120169853360
868120169853378
868120169853386
868120169853394
868120169853402
868120169853410
868120169853428
868120169853436
868120169853444
868120169853451
868120169853469
868120169853477
868120169853485
868120169853493
868120169853501
868120169853519
868120169853527
868120169853535
868120169853543
868120169853550
868120169853568
868120169853576
868120169853584
868120169853592
868120169853600
868120169853618
868120169853626
868120169853634
868120169853642
868120169853659
868120169853667
868120169853675
868120169853683
868120169853691
868120169853709
868120169853717
868120169853725
868120169853733
868120169853741
868120169853758
868120169853766
868120169853774
868120169853782
868120169853790
868120169853808
868120169853816
868120169853824
868120169853832
868120169853840
868120169853857
868120169853865
868120169853873
868120169853881
868120169853899
868120169853907
868120169853915
868120169853923
868120169853931
868120169853949
868120169853956
868120169853964
868120169853972
868120169853980
868120169853998
868120169854004
868120169854012
868120169854020
868120169854038
868120169854046
868120169854053
868120169854061
868120169854079
868120169854087
868120169854095
868120169854103
868120169854111
868120169854129
868120169854137
868120169854145
868120169854152
868120169854160
868120169854178
868120169854186
868120169854194
868120169854202
868120169854210
868120169854228
868120169854236
868120169854244
868120169854251
868120169854269
868120169854277
868120169854285
868120169854293
868120169854301
868120169854319
868120169854327
868120169854335
868120169854343
868120169854350
868120169854368
868120169854376
868120169854384
868120169854392
868120169854400
868120169854418
868120169854426
868120169854434
868120169854442
868120169854459
868120169854467
868120169854475
868120169854483
868120169854491
868120169854509
868120169854517
868120169854525
868120169854533
868120169854541
868120169854558
868120169854566
868120169854574
868120169854582
868120169854590
868120169854608
868120169854616
868120169854624
868120169854632
868120169854640
868120169854657
868120169854665
868120169854673
868120169854681
868120169854699
868120169854707
868120169854715
868120169854723
868120169854731
868120169854749
868120169854756
868120169854764
868120169854772
868120169854780
868120169854798
868120169854806
868120169854814
868120169854822
868120169854830
868120169854848
868120169854855
868120169854863
868120169854871
868120169854889
868120169854897
868120169854905
868120169854913
868120169854921
868120169854939
868120169854947
868120169854954
868120169854962
868120169854970
868120169854988
868120169854996
868120169855001
868120169855019
868120169855027
868120169855035
868120169855043
868120169855050
868120169855068
868120169855076
868120169855084
868120169855092
868120169855100
868120169855118
868120169855126
868120169855134
868120169855142
868120169855159
868120169855167
868120169855175
868120169855183
868120169855191
868120169855209
868120169855217
868120169855225
868120169855233
868120169855241
868120169855258
868120169855266
868120169855274
868120169855282
868120169855290
868120169855308
868120169855316
868120169855324
868120169855332
868120169855340
868120169855357
868120169855365
868120169855373
868120169855381
868120169855399
868120169855407
868120169855415
868120169855423
868120169855431
868120169855449
868120169855456
868120169855464
868120169855472
868120169855480
868120169855498
868120169855506
868120169855514
868120169855522
868120169855530
868120169855548
868120169855555
868120169855563
868120169855571
868120169855589
868120169855597
868120169855605
868120169855613
868120169855621
868120169855639
868120169855647
868120169855654
868120169855662
868120169855670
868120169855688
868120169855696
868120169855704
868120169855712
868120169855720
868120169855738
868120169855746
868120169855753
868120169855761
868120169855779
868120169855787
868120169855795
868120169855803
868120169855811
868120169855829
868120169855837
868120169855845
868120169855852
868120169855860
868120169855878
868120169855886
868120169855894
868120169855902
868120169855910
868120169855928
868120169855936
868120169855944
868120169855951
868120169855969
868120169855977
868120169855985
868120169855993
868120169856009
868120169856017
868120169856025
868120169856033
868120169856041
868120169856058
868120169856066
868120169856074
868120169856082
868120169856090
868120169856108
868120169856116
868120169856124
868120169856132
868120169856140
868120169856157
868120169856165
868120169856173
868120169856181
868120169856199
868120169856207
868120169856215
868120169856223
868120169856231
868120169856249
868120169856256
868120169856264
868120169856272
868120169856280
868120169856298
868120169856306
868120169856314
868120169856322
868120169856330
868120169856348
868120169856355
868120169856363
868120169856371
868120169856389
868120169856397
868120169856405
868120169856413
868120169856421
868120169856439
868120169856447
868120169856454
868120169856462
