868120169733844
868120169733851
868120169733869
868120169733877
868120169733885
868120169733893
868120169733901
868120169733919
868120169733927
868120169733935
868120169733943
868120169733950
868120169733968
868120169733976
868120169733984
868120169733992
868120169734008
868120169734016
868120169734024
868120169734032
868120169734040
868120169734057
868120169734065
868120169734073
868120169734081
868120169734099
868120169734107
868120169734115
868120169734123
868120169734131
868120169734149
868120169734156
868120169734164
868120169734172
868120169734180
868120169734198
868120169734206
868120169734214
868120169734222
868120169734230
868120169734248
868120169734255
868120169734263
868120169734271
868120169734289
868120169734297
868120169734305
868120169734313
868120169734321
868120169734339
868120169734347
868120169734354
868120169734362
868120169734370
868120169734388
868120169734396
868120169734404
868120169734412
868120169734420
868120169734438
868120169734446
868120169734453
868120169734461
868120169734479
868120169734487
868120169734495
868120169734503
868120169734511
868120169734529
868120169734537
868120169734545
868120169734552
868120169734560
868120169734578
868120169734586
868120169734594
868120169734602
868120169734610
868120169734628
868120169734636
868120169734644
868120169734651
868120169734669
868120169734677
868120169734685
868120169734693
868120169734701
868120169734719
868120169734727
868120169734735
868120169734743
868120169734750
868120169734768
868120169734776
868120169734784
868120169734792
868120169734800
868120169734818
868120169734826
868120169734834
868120169734842
868120169734859
868120169734867
868120169734875
868120169734883
868120169734891
868120169734909
868120169734917
868120169734925
868120169734933
868120169734941
868120169734958
868120169734966
868120169734974
868120169734982
868120169734990
868120169735005
868120169735013
868120169735021
868120169735039
868120169735047
868120169735054
868120169735062
868120169735070
868120169735088
868120169735096
868120169735104
868120169735112
868120169735120
868120169735138
868120169735146
868120169735153
868120169735161
868120169735179
868120169735187
868120169735195
868120169735203
868120169735211
868120169735229
868120169735237
868120169735245
868120169735252
868120169735260
868120169735278
868120169735286
868120169735294
868120169735302
868120169735310
868120169735328
868120169735336
868120169735344
868120169735351
868120169735369
868120169735377
868120169735385
868120169735393
868120169735401
868120169735419
868120169735427
868120169735435
868120169735443
868120169735450
868120169735468
868120169735476
868120169735484
868120169735492
868120169735500
868120169735518
868120169735526
868120169735534
868120169735542
868120169735559
868120169735567
868120169735575
868120169735583
868120169735591
868120169735609
868120169735617
868120169735625
868120169735633
868120169735641
868120169735658
868120169735666
868120169735674
868120169735682
868120169735690
868120169735708
868120169735716
868120169735724
868120169735732
868120169735740
868120169735757
868120169735765
868120169735773
868120169735781
868120169735799
868120169735807
868120169735815
868120169735823
868120169735831
868120169735849
868120169735856
868120169735864
868120169735872
868120169735880
868120169735898
868120169735906
868120169735914
868120169735922
868120169735930
868120169735948
868120169735955
868120169735963
868120169735971
868120169735989
868120169735997
868120169736003
868120169736011
868120169736029
868120169736037
868120169736045
868120169736052
868120169736060
868120169736078
868120169736086
868120169736094
868120169736102
868120169736110
868120169736128
868120169736136
868120169736144
868120169736151
868120169736169
868120169736177
868120169736185
868120169736193
868120169736201
868120169736219
868120169736227
868120169736235
868120169736243
868120169736250
868120169736268
868120169736276
868120169736284
868120169736292
868120169736300
868120169736318
868120169736326
868120169736334
868120169736342
868120169736359
868120169736367
868120169736375
868120169736383
868120169736391
868120169736409
868120169736417
868120169736425
868120169736433
868120169736441
868120169736458
868120169736466
868120169736474
868120169736482
868120169736490
868120169736508
868120169736516
868120169736524
868120169736532
868120169736540
868120169736557
868120169736565
868120169736573
868120169736581
868120169736599
868120169736607
868120169736615
868120169736623
868120169736631
868120169736649
868120169736656
868120169736664
868120169736672
868120169736680
868120169736698
868120169736706
868120169736714
868120169736722
868120169736730
868120169736748
868120169736755
868120169736763
868120169736771
868120169736789
868120169736797
868120169736805
868120169736813
868120169736821
868120169736839
868120169736847
868120169736854
868120169736862
868120169736870
868120169736888
868120169736896
868120169736904
868120169736912
868120169736920
868120169736938
868120169736946
868120169736953
868120169736961
868120169736979
868120169736987
868120169736995
868120169737001
868120169737019
868120169737027
868120169737035
868120169737043
868120169737050
868120169737068
868120169737076
868120169737084
868120169737092
868120169737100
868120169737118
868120169737126
868120169737134
868120169737142
868120169737159
868120169737167
868120169737175
868120169737183
868120169737191
868120169737209
868120169737217
868120169737225
868120169737233
868120169737241
868120169737258
868120169737266
868120169737274
868120169737282
868120169737290
868120169737308
868120169737316
868120169737324
868120169737332
868120169737340
868120169737357
868120169737365
868120169737373
868120169737381
868120169737399
868120169737407
868120169737415
868120169737423
868120169737431
868120169737449
868120169737456
868120169737464
868120169737472
868120169737480
868120169737498
868120169737506
868120169737514
868120169737522
868120169737530
868120169737548
868120169737555
868120169737563
868120169737571
868120169737589
868120169737597
868120169737605
868120169737613
868120169737621
868120169737639
868120169737647
868120169737654
868120169737662
868120169737670
868120169737688
868120169737696
868120169737704
868120169737712
868120169737720
868120169737738
868120169737746
868120169737753
868120169737761
868120169737779
868120169737787
868120169737795
868120169737803
868120169737811
868120169737829
868120169737837
868120169737845
868120169737852
868120169737860
868120169737878
868120169737886
868120169737894
868120169737902
868120169737910
868120169737928
868120169737936
868120169737944
868120169737951
868120169737969
868120169737977
868120169737985
868120169737993
868120169738009
868120169738017
868120169738025
868120169738033
868120169738041
868120169738058
868120169738066
868120169738074
868120169738082
868120169738090
868120169738108
868120169738116
868120169738124
868120169738132
868120169738140
868120169738157
868120169738165
868120169738173
868120169738181
868120169738199
868120169738207
868120169738215
868120169738223
868120169738231
868120169738249
868120169738256
868120169738264
868120169738272
868120169738280
868120169738298
868120169738306
868120169738314
868120169738322
868120169738330
868120169738348
868120169738355
868120169738363
868120169738371
868120169738389
868120169738397
868120169738405
868120169738413
868120169738421
868120169738439
868120169738447
868120169738454
868120169738462
868120169738470
868120169738488
868120169738496
868120169738504
868120169738512
868120169738520
868120169738538
868120169738546
868120169738553
868120169738561
868120169738579
868120169738587
868120169738595
868120169738603
868120169738611
868120169738629
868120169738637
868120169738645
868120169738652
868120169738660
868120169738678
868120169738686
868120169738694
868120169738702
868120169738710
868120169738728
868120169738736
868120169738744
868120169738751
868120169738769
868120169738777
868120169738785
868120169738793
868120169738801
868120169738819
868120169738827
868120169738835
868120169738843
868120169738850
868120169738868
868120169738876
868120169738884
868120169738892
868120169738900
868120169738918
868120169738926
868120169738934
868120169738942
868120169738959
868120169738967
868120169738975
868120169738983
868120169738991
868120169739007
868120169739015
868120169739023
868120169739031
868120169739049
868120169739056
868120169739064
868120169739072
868120169739080
868120169739098
868120169739106
868120169739114
868120169739122
868120169739130
868120169739148
868120169739155
868120169739163
868120169739171
868120169739189
868120169739197
868120169739205
868120169739213
868120169739221
868120169739239
868120169739247
868120169739254
868120169739262
868120169739270
868120169739288
868120169739296
868120169739304
868120169739312
868120169739320
868120169739338
868120169739346
868120169739353
868120169739361
868120169739379
868120169739387
868120169739395
868120169739403
868120169739411
868120169739429
868120169739437
868120169739445
868120169739452
868120169739460
868120169739478
868120169739486
868120169739494
868120169739502
868120169739510
868120169739528
868120169739536
868120169739544
868120169739551
868120169739569
868120169739577
868120169739585
868120169739593
868120169739601
868120169739619
868120169739627
868120169739635
868120169739643
868120169739650
868120169739668
868120169739676
868120169739684
868120169739692
868120169739700
868120169739718
868120169739726
868120169739734
868120169739742
868120169739759
868120169739767
868120169739775
868120169739783
868120169739791
868120169739809
868120169739817
868120169739825
868120169739833
868120169739841
868120169739858
868120169739866
868120169739874
868120169739882
868120169739890
868120169739908
868120169739916
868120169739924
868120169739932
868120169739940
868120169739957
868120169739965
868120169739973
868120169739981
868120169739999
868120169740005
868120169740013
868120169740021
868120169740039
868120169740047
868120169740054
868120169740062
868120169740070
868120169740088
868120169740096
868120169740104
868120169740112
868120169740120
868120169740138
868120169740146
868120169740153
868120169740161
868120169740179
868120169740187
868120169740195
868120169740203
868120169740211
868120169740229
868120169740237
868120169740245
868120169740252
868120169740260
868120169740278
868120169740286
868120169740294
868120169740302
868120169740310
868120169740328
868120169740336
868120169740344
868120169740351
868120169740369
868120169740377
868120169740385
868120169740393
868120169740401
868120169740419
868120169740427
868120169740435
868120169740443
868120169740450
868120169740468
868120169740476
868120169740484
868120169740492
868120169740500
868120169740518
868120169740526
868120169740534
868120169740542
868120169740559
868120169740567
868120169740575
868120169740583
868120169740591
868120169740609
868120169740617
868120169740625
868120169740633
868120169740641
868120169740658
868120169740666
868120169740674
868120169740682
868120169740690
868120169740708
868120169740716
868120169740724
868120169740732
868120169740740
868120169740757
868120169740765
868120169740773
868120169740781
868120169740799
868120169740807
868120169740815
868120169740823
868120169740831
868120169740849
868120169740856
868120169740864
868120169740872
868120169740880
868120169740898
868120169740906
868120169740914
868120169740922
868120169740930
868120169740948
868120169740955
868120169740963
868120169740971
868120169740989
868120169740997
868120169741003
868120169741011
868120169741029
868120169741037
868120169741045
868120169741052
868120169741060
868120169741078
868120169741086
868120169741094
868120169741102
868120169741110
868120169741128
868120169741136
868120169741144
868120169741151
868120169741169
868120169741177
868120169741185
868120169741193
868120169741201
868120169741219
868120169741227
868120169741235
868120169741243
868120169741250
868120169741268
868120169741276
868120169741284
868120169741292
868120169741300
868120169741318
868120169741326
868120169741334
868120169741342
868120169741359
868120169741367
868120169741375
868120169741383
868120169741391
868120169741409
868120169741417
868120169741425
868120169741433
868120169741441
868120169741458
868120169741466
868120169741474
868120169741482
868120169741490
868120169741508
868120169741516
868120169741524
868120169741532
868120169741540
868120169741557
868120169741565
868120169741573
868120169741581
868120169741599
868120169741607
868120169741615
868120169741623
868120169741631
868120169741649
868120169741656
868120169741664
868120169741672
868120169741680
868120169741698
868120169741706
868120169741714
868120169741722
868120169741730
868120169741748
868120169741755
868120169741763
868120169741771
868120169741789
868120169741797
868120169741805
868120169741813
868120169741821
868120169741839
868120169741847
868120169741854
868120169741862
868120169741870
868120169741888
868120169741896
868120169741904
868120169741912
868120169741920
868120169741938
868120169741946
868120169741953
868120169741961
868120169741979
868120169741987
868120169741995
868120169742001
868120169742019
868120169742027
868120169742035
868120169742043
868120169742050
868120169742068
868120169742076
868120169742084
868120169742092
868120169742100
868120169742118
868120169742126
868120169742134
868120169742142
868120169742159
868120169742167
868120169742175
868120169742183
868120169742191
868120169742209
868120169742217
868120169742225
868120169742233
868120169742241
868120169742258
868120169742266
868120169742274
868120169742282
868120169742290
868120169742308
868120169742316
868120169742324
868120169742332
868120169742340
868120169742357
868120169742365
868120169742373
868120169742381
868120169742399
868120169742407
868120169742415
868120169742423
868120169742431
868120169742449
868120169742456
868120169742464
868120169742472
868120169742480
868120169742498
868120169742506
868120169742514
868120169742522
868120169742530
868120169742548
868120169742555
868120169742563
868120169742571
868120169742589
868120169742597
868120169742605
868120169742613
868120169742621
868120169742639
868120169742647
868120169742654
868120169742662
868120169742670
868120169742688
868120169742696
868120169742704
868120169742712
868120169742720
868120169742738
868120169742746
868120169742753
868120169742761
868120169742779
868120169742787
868120169742795
868120169742803
868120169742811
868120169742829
868120169742837
868120169742845
868120169742852
868120169742860
868120169742878
868120169742886
868120169742894
868120169742902
868120169742910
868120169742928
868120169742936
868120169742944
868120169742951
868120169742969
868120169742977
868120169742985
868120169742993
868120169743009
868120169743017
868120169743025
868120169743033
868120169743041
868120169743058
868120169743066
868120169743074
868120169743082
868120169743090
868120169743108
868120169743116
868120169743124
868120169743132
868120169743140
868120169743157
868120169743165
868120169743173
868120169743181
868120169743199
868120169743207
868120169743215
868120169743223
868120169743231
868120169743249
868120169743256
868120169743264
868120169743272
868120169743280
868120169743298
868120169743306
868120169743314
868120169743322
868120169743330
868120169743348
868120169743355
868120169743363
868120169743371
868120169743389
868120169743397
868120169743405
868120169743413
868120169743421
868120169743439
868120169743447
868120169743454
868120169743462
868120169743470
868120169743488
868120169743496
868120169743504
868120169743512
868120169743520
868120169743538
868120169743546
868120169743553
868120169743561
868120169743579
868120169743587
868120169743595
868120169743603
868120169743611
868120169743629
868120169743637
868120169743645
868120169743652
868120169743660
868120169743678
868120169743686
868120169743694
868120169743702
868120169743710
868120169743728
868120169743736
868120169743744
868120169743751
868120169743769
868120169743777
868120169743785
868120169743793
868120169743801
868120169743819
868120169743827
868120169743835
