868120164896349
868120164896356
868120164896364
868120164896372
868120164896380
868120164896398
868120164896406
868120164896414
868120164896422
868120164896430
868120164896448
868120164896455
868120164896463
868120164896471
868120164896489
868120164896497
868120164896505
868120164896513
868120164896521
868120164896539
868120164896547
868120164896554
868120164896562
868120164896570
868120164896588
868120164896596
868120164896604
868120164896612
868120164896620
868120164896638
868120164896646
868120164896653
868120164896661
868120164896679
868120164896687
868120164896695
868120164896703
868120164896711
868120164896729
868120164896737
868120164896745
868120164896752
868120164896760
868120164896778
868120164896786
868120164896794
868120164896802
868120164896810
868120164896828
868120164896836
868120164896844
868120164896851
868120164896869
868120164896877
868120164896885
868120164896893
868120164896901
868120164896919
868120164896927
868120164896935
868120164896943
868120164896950
868120164896968
868120164896976
868120164896984
868120164896992
868120164897008
868120164897016
868120164897024
868120164897032
868120164897040
868120164897057
868120164897065
868120164897073
868120164897081
868120164897099
868120164897107
868120164897115
868120164897123
868120164897131
868120164897149
868120164897156
868120164897164
868120164897172
868120164897180
868120164897198
868120164897206
868120164897214
868120164897222
868120164897230
868120164897248
868120164897255
868120164897263
868120164897271
868120164897289
868120164897297
868120164897305
868120164897313
868120164897321
868120164897339
868120164897347
868120164897354
868120164897362
868120164897370
868120164897388
868120164897396
868120164897404
868120164897412
868120164897420
868120164897438
868120164897446
868120164897453
868120164897461
868120164897479
868120164897487
868120164897495
868120164897503
868120164897511
868120164897529
868120164897537
868120164897545
868120164897552
868120164897560
868120164897578
868120164897586
868120164897594
868120164897602
868120164897610
868120164897628
868120164897636
868120164897644
868120164897651
868120164897669
868120164897677
868120164897685
868120164897693
868120164897701
868120164897719
868120164897727
868120164897735
868120164897743
868120164897750
868120164897768
868120164897776
868120164897784
868120164897792
868120164897800
868120164897818
868120164897826
868120164897834
868120164897842
868120164897859
868120164897867
868120164897875
868120164897883
868120164897891
868120164897909
868120164897917
868120164897925
868120164897933
868120164897941
868120164897958
868120164897966
868120164897974
868120164897982
868120164897990
868120164898006
868120164898014
868120164898022
868120164898030
868120164898048
868120164898055
868120164898063
868120164898071
868120164898089
868120164898097
868120164898105
868120164898113
868120164898121
868120164898139
868120164898147
868120164898154
868120164898162
868120164898170
868120164898188
868120164898196
868120164898204
868120164898212
868120164898220
868120164898238
868120164898246
868120164898253
868120164898261
868120164898279
868120164898287
868120164898295
868120164898303
868120164898311
868120164898329
868120164898337
868120164898345
868120164898352
868120164898360
868120164898378
868120164898386
868120164898394
868120164898402
868120164898410
868120164898428
868120164898436
868120164898444
868120164898451
868120164898469
868120164898477
868120164898485
868120164898493
868120164898501
868120164898519
868120164898527
868120164898535
868120164898543
868120164898550
868120164898568
868120164898576
868120164898584
868120164898592
868120164898600
868120164898618
868120164898626
868120164898634
868120164898642
868120164898659
868120164898667
868120164898675
868120164898683
868120164898691
868120164898709
868120164898717
868120164898725
868120164898733
868120164898741
868120164898758
868120164898766
868120164898774
868120164898782
868120164898790
868120164898808
868120164898816
868120164898824
868120164898832
868120164898840
868120164898857
868120164898865
868120164898873
868120164898881
868120164898899
868120164898907
868120164898915
868120164898923
868120164898931
868120164898949
868120164898956
868120164898964
868120164898972
868120164898980
868120164898998
868120164899004
868120164899012
868120164899020
868120164899038
868120164899046
868120164899053
868120164899061
868120164899079
868120164899087
868120164899095
868120164899103
868120164899111
868120164899129
868120164899137
868120164899145
868120164899152
868120164899160
868120164899178
868120164899186
868120164899194
868120164899202
868120164899210
868120164899228
868120164899236
868120164899244
868120164899251
868120164899269
868120164899277
868120164899285
868120164899293
868120164899301
868120164899319
868120164899327
868120164899335
868120164899343
868120164899350
868120164899368
868120164899376
868120164899384
868120164899392
868120164899400
868120164899418
868120164899426
868120164899434
868120164899442
868120164899459
868120164899467
868120164899475
868120164899483
868120164899491
868120164899509
868120164899517
868120164899525
868120164899533
868120164899541
868120164899558
868120164899566
868120164899574
868120164899582
868120164899590
868120164899608
868120164899616
868120164899624
868120164899632
868120164899640
868120164899657
868120164899665
868120164899673
868120164899681
868120164899699
868120164899707
868120164899715
868120164899723
868120164899731
868120164899749
868120164899756
868120164899764
868120164899772
868120164899780
868120164899798
868120164899806
868120164899814
868120164899822
868120164899830
868120164899848
868120164899855
868120164899863
868120164899871
868120164899889
868120164899897
868120164899905
868120164899913
868120164899921
868120164899939
868120164899947
868120164899954
868120164899962
868120164899970
868120164899988
868120164899996
868120164900000
868120164900018
868120164900026
868120164900034
868120164900042
868120164900059
868120164900067
868120164900075
868120164900083
868120164900091
868120164900109
868120164900117
868120164900125
868120164900133
868120164900141
868120164900158
868120164900166
868120164900174
868120164900182
868120164900190
868120164900208
868120164900216
868120164900224
868120164900232
868120164900240
868120164900257
868120164900265
868120164900273
868120164900281
868120164900299
868120164900307
868120164900315
868120164900323
868120164900331
868120164900349
868120164900356
868120164900364
868120164900372
868120164900380
868120164900398
868120164900406
868120164900414
868120164900422
868120164900430
868120164900448
868120164900455
868120164900463
868120164900471
868120164900489
868120164900497
868120164900505
868120164900513
868120164900521
868120164900539
868120164900547
868120164900554
868120164900562
868120164900570
868120164900588
868120164900596
868120164900604
868120164900612
868120164900620
868120164900638
868120164900646
868120164900653
868120164900661
868120164900679
868120164900687
868120164900695
868120164900703
868120164900711
868120164900729
868120164900737
868120164900745
868120164900752
868120164900760
868120164900778
868120164900786
868120164900794
868120164900802
868120164900810
868120164900828
868120164900836
868120164900844
868120164900851
868120164900869
868120164900877
868120164900885
868120164900893
868120164900901
868120164900919
868120164900927
868120164900935
868120164900943
868120164900950
868120164900968
868120164900976
868120164900984
868120164900992
868120164901008
868120164901016
868120164901024
868120164901032
868120164901040
868120164901057
868120164901065
868120164901073
868120164901081
868120164901099
868120164901107
868120164901115
868120164901123
868120164901131
868120164901149
868120164901156
868120164901164
868120164901172
868120164901180
868120164901198
868120164901206
868120164901214
868120164901222
868120164901230
868120164901248
868120164901255
868120164901263
868120164901271
868120164901289
868120164901297
868120164901305
868120164901313
868120164901321
868120164901339
868120164901347
868120164901354
868120164901362
868120164901370
868120164901388
868120164901396
868120164901404
868120164901412
868120164901420
868120164901438
868120164901446
868120164901453
868120164901461
868120164901479
868120164901487
868120164901495
868120164901503
868120164901511
868120164901529
868120164901537
868120164901545
868120164901552
868120164901560
868120164901578
868120164901586
868120164901594
868120164901602
868120164901610
868120164901628
868120164901636
868120164901644
868120164901651
868120164901669
868120164901677
868120164901685
868120164901693
868120164901701
868120164901719
868120164901727
868120164901735
868120164901743
868120164901750
868120164901768
868120164901776
868120164901784
868120164901792
868120164901800
868120164901818
868120164901826
868120164901834
868120164901842
868120164901859
868120164901867
868120164901875
868120164901883
868120164901891
868120164901909
868120164901917
868120164901925
868120164901933
868120164901941
868120164901958
868120164901966
868120164901974
868120164901982
868120164901990
868120164902006
868120164902014
868120164902022
868120164902030
868120164902048
868120164902055
868120164902063
868120164902071
868120164902089
868120164902097
868120164902105
868120164902113
868120164902121
868120164902139
868120164902147
868120164902154
868120164902162
868120164902170
868120164902188
868120164902196
868120164902204
868120164902212
868120164902220
868120164902238
868120164902246
868120164902253
868120164902261
868120164902279
868120164902287
868120164902295
868120164902303
868120164902311
868120164902329
868120164902337
868120164902345
868120164902352
868120164902360
868120164902378
868120164902386
868120164902394
868120164902402
868120164902410
868120164902428
868120164902436
868120164902444
868120164902451
868120164902469
868120164902477
868120164902485
868120164902493
868120164902501
868120164902519
868120164902527
868120164902535
868120164902543
868120164902550
868120164902568
868120164902576
868120164902584
868120164902592
868120164902600
868120164902618
868120164902626
868120164902634
868120164902642
868120164902659
868120164902667
868120164902675
868120164902683
868120164902691
868120164902709
868120164902717
868120164902725
868120164902733
868120164902741
868120164902758
868120164902766
868120164902774
868120164902782
868120164902790
868120164902808
868120164902816
868120164902824
868120164902832
868120164902840
868120164902857
868120164902865
868120164902873
868120164902881
868120164902899
868120164902907
868120164902915
868120164902923
868120164902931
868120164902949
868120164902956
868120164902964
868120164902972
868120164902980
868120164902998
868120164903004
868120164903012
868120164903020
868120164903038
868120164903046
868120164903053
868120164903061
868120164903079
868120164903087
868120164903095
868120164903103
868120164903111
868120164903129
868120164903137
868120164903145
868120164903152
868120164903160
868120164903178
868120164903186
868120164903194
868120164903202
868120164903210
868120164903228
868120164903236
868120164903244
868120164903251
868120164903269
868120164903277
868120164903285
868120164903293
868120164903301
868120164903319
868120164903327
868120164903335
868120164903343
868120164903350
868120164903368
868120164903376
868120164903384
868120164903392
868120164903400
868120164903418
868120164903426
868120164903434
868120164903442
868120164903459
868120164903467
868120164903475
868120164903483
868120164903491
868120164903509
868120164903517
868120164903525
868120164903533
868120164903541
868120164903558
868120164903566
868120164903574
868120164903582
868120164903590
868120164903608
868120164903616
868120164903624
868120164903632
868120164903640
868120164903657
868120164903665
868120164903673
868120164903681
868120164903699
868120164903707
868120164903715
868120164903723
868120164903731
868120164903749
868120164903756
868120164903764
868120164903772
868120164903780
868120164903798
868120164903806
868120164903814
868120164903822
868120164903830
868120164903848
868120164903855
868120164903863
868120164903871
868120164903889
868120164903897
868120164903905
868120164903913
868120164903921
868120164903939
868120164903947
868120164903954
868120164903962
868120164903970
868120164903988
868120164903996
868120164904002
868120164904010
868120164904028
868120164904036
868120164904044
868120164904051
868120164904069
868120164904077
868120164904085
868120164904093
868120164904101
868120164904119
868120164904127
868120164904135
868120164904143
868120164904150
868120164904168
868120164904176
868120164904184
868120164904192
868120164904200
868120164904218
868120164904226
868120164904234
868120164904242
868120164904259
868120164904267
868120164904275
868120164904283
868120164904291
868120164904309
868120164904317
868120164904325
868120164904333
868120164904341
868120164904358
868120164904366
868120164904374
868120164904382
868120164904390
868120164904408
868120164904416
868120164904424
868120164904432
868120164904440
868120164904457
868120164904465
868120164904473
868120164904481
868120164904499
868120164904507
868120164904515
868120164904523
868120164904531
868120164904549
868120164904556
868120164904564
868120164904572
868120164904580
868120164904598
868120164904606
868120164904614
868120164904622
868120164904630
868120164904648
868120164904655
868120164904663
868120164904671
868120164904689
868120164904697
868120164904705
868120164904713
868120164904721
868120164904739
868120164904747
868120164904754
868120164904762
868120164904770
868120164904788
868120164904796
868120164904804
868120164904812
868120164904820
868120164904838
868120164904846
868120164904853
868120164904861
868120164904879
868120164904887
868120164904895
868120164904903
868120164904911
868120164904929
868120164904937
868120164904945
868120164904952
868120164904960
868120164904978
868120164904986
868120164904994
868120164905009
868120164905017
868120164905025
868120164905033
868120164905041
868120164905058
868120164905066
868120164905074
868120164905082
868120164905090
868120164905108
868120164905116
868120164905124
868120164905132
868120164905140
868120164905157
868120164905165
868120164905173
868120164905181
868120164905199
868120164905207
868120164905215
868120164905223
868120164905231
868120164905249
868120164905256
868120164905264
868120164905272
868120164905280
868120164905298
868120164905306
868120164905314
868120164905322
868120164905330
868120164905348
868120164905355
868120164905363
868120164905371
868120164905389
868120164905397
868120164905405
868120164905413
868120164905421
868120164905439
868120164905447
868120164905454
868120164905462
868120164905470
868120164905488
868120164905496
868120164905504
868120164905512
868120164905520
868120164905538
868120164905546
868120164905553
868120164905561
868120164905579
868120164905587
868120164905595
868120164905603
868120164905611
868120164905629
868120164905637
868120164905645
868120164905652
868120164905660
868120164905678
868120164905686
868120164905694
868120164905702
868120164905710
868120164905728
868120164905736
868120164905744
868120164905751
868120164905769
868120164905777
868120164905785
868120164905793
868120164905801
868120164905819
868120164905827
868120164905835
868120164905843
868120164905850
868120164905868
868120164905876
868120164905884
868120164905892
868120164905900
868120164905918
868120164905926
868120164905934
868120164905942
868120164905959
868120164905967
868120164905975
868120164905983
868120164905991
868120164906007
868120164906015
868120164906023
868120164906031
868120164906049
868120164906056
868120164906064
868120164906072
868120164906080
868120164906098
868120164906106
868120164906114
868120164906122
868120164906130
868120164906148
868120164906155
868120164906163
868120164906171
868120164906189
868120164906197
868120164906205
868120164906213
868120164906221
868120164906239
868120164906247
868120164906254
868120164906262
868120164906270
868120164906288
868120164906296
868120164906304
868120164906312
868120164906320
868120164906338
868120164906346
868120164906353
868120164906361
868120164906379
868120164906387
868120164906395
868120164906403
868120164906411
868120164906429
868120164906437
868120164906445
868120164906452
868120164906460
868120164906478
868120164906486
868120164906494
868120164906502
868120164906510
868120164906528
868120164906536
868120164906544
868120164906551
868120164906569
868120164906577
868120164906585
868120164906593
868120164906601
868120164906619
868120164906627
868120164906635
868120164906643
868120164906650
868120164906668
868120164906676
868120164906684
868120164906692
868120164906700
868120164906718
868120164906726
868120164906734
868120164906742
868120164906759
868120164906767
868120164906775
868120164906783
868120164906791
868120164906809
868120164906817
868120164906825
868120164906833
868120164906841
868120164906858
868120164906866
868120164906874
868120164906882
868120164906890
868120164906908
868120164906916
868120164906924
868120164906932
868120164906940
868120164906957
868120164906965
868120164906973
868120164906981
868120164906999
868120164907005
868120164907013
868120164907021
868120164907039
868120164907047
868120164907054
868120164907062
868120164907070
868120164907088
868120164907096
868120164907104
868120164907112
868120164907120
868120164907138
868120164907146
868120164907153
868120164907161
868120164907179
868120164907187
868120164907195
868120164907203
868120164907211
868120164907229
868120164907237
868120164907245
868120164907252
868120164907260
868120164907278
868120164907286
868120164907294
868120164907302
868120164907310
868120164907328
868120164907336
868120164907344
868120164907351
868120164907369
868120164907377
868120164907385
868120164907393
868120164907401
868120164907419
868120164907427
868120164907435
868120164907443
868120164907450
868120164907468
868120164907476
868120164907484
868120164907492
868120164907500
868120164907518
868120164907526
868120164907534
868120164907542
868120164907559
868120164907567
868120164907575
868120164907583
868120164907591
868120164907609
868120164907617
868120164907625
868120164907633
868120164907641
868120164907658
868120164907666
868120164907674
868120164907682
868120164907690
868120164907708
868120164907716
868120164907724
868120164907732
868120164907740
868120164907757
868120164907765
868120164907773
868120164907781
868120164907799
868120164907807
868120164907815
868120164907823
868120164907831
868120164907849
868120164907856
868120164907864
868120164907872
868120164907880
868120164907898
868120164907906
868120164907914
868120164907922
868120164907930
868120164907948
868120164907955
868120164907963
868120164907971
868120164907989
868120164907997
868120164908003
868120164908011
868120164908029
868120164908037
868120164908045
868120164908052
868120164908060
868120164908078
868120164908086
868120164908094
868120164908102
868120164908110
868120164908128
868120164908136
868120164908144
868120164908151
868120164908169
868120164908177
868120164908185
868120164908193
868120164908201
868120164908219
868120164908227
868120164908235
868120164908243
868120164908250
868120164908268
868120164908276
868120164908284
868120164908292
868120164908300
868120164908318
868120164908326
868120164908334
868120164908342
868120164908359
868120164908367
868120164908375
868120164908383
868120164908391
868120164908409
868120164908417
868120164908425
868120164908433
868120164908441
868120164908458
868120164908466
868120164908474
868120164908482
868120164908490
868120164908508
868120164908516
868120164908524
868120164908532
868120164908540
868120164908557
868120164908565
868120164908573
868120164908581
868120164908599
868120164908607
868120164908615
868120164908623
868120164908631
868120164908649
868120164908656
868120164908664
868120164908672
868120164908680
868120164908698
868120164908706
868120164908714
868120164908722
868120164908730
868120164908748
868120164908755
868120164908763
868120164908771
868120164908789
868120164908797
868120164908805
868120164908813
868120164908821
868120164908839
868120164908847
868120164908854
868120164908862
868120164908870
868120164908888
868120164908896
868120164908904
868120164908912
868120164908920
868120164908938
868120164908946
868120164908953
868120164908961
868120164908979
868120164908987
868120164908995
868120164909001
868120164909019
868120164909027
868120164909035
868120164909043
868120164909050
868120164909068
868120164909076
868120164909084
868120164909092
868120164909100
868120164909118
868120164909126
868120164909134
868120164909142
868120164909159
868120164909167
868120164909175
868120164909183
868120164909191
868120164909209
868120164909217
868120164909225
868120164909233
868120164909241
868120164909258
868120164909266
868120164909274
868120164909282
868120164909290
868120164909308
868120164909316
868120164909324
868120164909332
868120164909340
868120164909357
868120164909365
868120164909373
868120164909381
868120164909399
868120164909407
868120164909415
868120164909423
868120164909431
868120164909449
868120164909456
868120164909464
868120164909472
868120164909480
868120164909498
868120164909506
868120164909514
868120164909522
868120164909530
868120164909548
868120164909555
868120164909563
868120164909571
868120164909589
868120164909597
868120164909605
868120164909613
868120164909621
868120164909639
868120164909647
868120164909654
868120164909662
868120164909670
868120164909688
868120164909696
868120164909704
868120164909712
868120164909720
868120164909738
868120164909746
868120164909753
868120164909761
868120164909779
868120164909787
868120164909795
868120164909803
868120164909811
868120164909829
868120164909837
868120164909845
868120164909852
868120164909860
868120164909878
868120164909886
868120164909894
868120164909902
868120164909910
868120164909928
868120164909936
868120164909944
868120164909951
868120164909969
868120164909977
868120164909985
868120164909993
868120164910009
868120164910017
868120164910025
868120164910033
868120164910041
868120164910058
868120164910066
868120164910074
868120164910082
868120164910090
868120164910108
868120164910116
868120164910124
868120164910132
868120164910140
868120164910157
868120164910165
868120164910173
868120164910181
868120164910199
868120164910207
868120164910215
868120164910223
868120164910231
868120164910249
868120164910256
868120164910264
868120164910272
868120164910280
868120164910298
868120164910306
868120164910314
868120164910322
868120164910330
868120164910348
868120164910355
868120164910363
868120164910371
868120164910389
868120164910397
868120164910405
868120164910413
868120164910421
868120164910439
868120164910447
868120164910454
868120164910462
868120164910470
868120164910488
868120164910496
868120164910504
868120164910512
868120164910520
868120164910538
868120164910546
868120164910553
868120164910561
868120164910579
868120164910587
868120164910595
868120164910603
868120164910611
868120164910629
868120164910637
868120164910645
868120164910652
868120164910660
868120164910678
868120164910686
868120164910694
868120164910702
868120164910710
868120164910728
868120164910736
868120164910744
868120164910751
868120164910769
868120164910777
868120164910785
868120164910793
868120164910801
868120164910819
868120164910827
868120164910835
868120164910843
868120164910850
868120164910868
868120164910876
868120164910884
868120164910892
868120164910900
868120164910918
868120164910926
868120164910934
868120164910942
868120164910959
868120164910967
868120164910975
868120164910983
868120164910991
868120164911007
868120164911015
868120164911023
868120164911031
868120164911049
868120164911056
868120164911064
868120164911072
868120164911080
868120164911098
868120164911106
868120164911114
868120164911122
868120164911130
868120164911148
868120164911155
868120164911163
868120164911171
868120164911189
868120164911197
868120164911205
868120164911213
868120164911221
868120164911239
868120164911247
868120164911254
868120164911262
868120164911270
868120164911288
868120164911296
868120164911304
868120164911312
868120164911320
868120164911338
868120164911346
868120164911353
868120164911361
868120164911379
868120164911387
868120164911395
868120164911403
868120164911411
868120164911429
868120164911437
868120164911445
868120164911452
868120164911460
868120164911478
868120164911486
868120164911494
868120164911502
868120164911510
868120164911528
868120164911536
868120164911544
868120164911551
868120164911569
868120164911577
868120164911585
868120164911593
868120164911601
868120164911619
868120164911627
868120164911635
868120164911643
868120164911650
868120164911668
868120164911676
868120164911684
868120164911692
868120164911700
868120164911718
868120164911726
868120164911734
868120164911742
868120164911759
868120164911767
868120164911775
868120164911783
868120164911791
868120164911809
868120164911817
868120164911825
868120164911833
868120164911841
868120164911858
868120164911866
868120164911874
868120164911882
868120164911890
868120164911908
868120164911916
868120164911924
868120164911932
868120164911940
868120164911957
868120164911965
868120164911973
868120164911981
868120164911999
868120164912005
868120164912013
868120164912021
868120164912039
868120164912047
868120164912054
868120164912062
868120164912070
868120164912088
868120164912096
868120164912104
868120164912112
868120164912120
868120164912138
868120164912146
868120164912153
868120164912161
868120164912179
868120164912187
868120164912195
868120164912203
868120164912211
868120164912229
868120164912237
868120164912245
868120164912252
868120164912260
868120164912278
868120164912286
868120164912294
868120164912302
868120164912310
868120164912328
868120164912336
868120164912344
868120164912351
868120164912369
868120164912377
868120164912385
868120164912393
868120164912401
868120164912419
868120164912427
868120164912435
868120164912443
868120164912450
868120164912468
868120164912476
868120164912484
868120164912492
868120164912500
868120164912518
868120164912526
868120164912534
868120164912542
868120164912559
868120164912567
868120164912575
868120164912583
868120164912591
868120164912609
868120164912617
868120164912625
868120164912633
868120164912641
868120164912658
868120164912666
868120164912674
868120164912682
868120164912690
868120164912708
868120164912716
868120164912724
868120164912732
868120164912740
868120164912757
868120164912765
868120164912773
868120164912781
868120164912799
868120164912807
868120164912815
868120164912823
868120164912831
868120164912849
868120164912856
868120164912864
868120164912872
868120164912880
868120164912898
868120164912906
868120164912914
868120164912922
868120164912930
868120164912948
868120164912955
868120164912963
868120164912971
868120164912989
868120164912997
868120164913003
868120164913011
868120164913029
868120164913037
868120164913045
868120164913052
868120164913060
868120164913078
868120164913086
868120164913094
868120164913102
868120164913110
868120164913128
868120164913136
868120164913144
868120164913151
868120164913169
868120164913177
868120164913185
868120164913193
868120164913201
868120164913219
868120164913227
868120164913235
868120164913243
868120164913250
868120164913268
868120164913276
868120164913284
868120164913292
868120164913300
868120164913318
868120164913326
868120164913334
868120164913342
868120164913359
868120164913367
868120164913375
868120164913383
868120164913391
868120164913409
868120164913417
868120164913425
868120164913433
868120164913441
868120164913458
868120164913466
868120164913474
868120164913482
868120164913490
868120164913508
868120164913516
868120164913524
868120164913532
868120164913540
868120164913557
868120164913565
868120164913573
868120164913581
868120164913599
868120164913607
868120164913615
868120164913623
868120164913631
868120164913649
868120164913656
868120164913664
868120164913672
868120164913680
868120164913698
868120164913706
868120164913714
868120164913722
868120164913730
868120164913748
868120164913755
868120164913763
868120164913771
868120164913789
868120164913797
868120164913805
868120164913813
868120164913821
868120164913839
868120164913847
868120164913854
868120164913862
868120164913870
868120164913888
868120164913896
868120164913904
868120164913912
868120164913920
868120164913938
868120164913946
868120164913953
868120164913961
868120164913979
868120164913987
868120164913995
868120164914001
868120164914019
868120164914027
868120164914035
868120164914043
868120164914050
868120164914068
868120164914076
868120164914084
868120164914092
868120164914100
868120164914118
868120164914126
868120164914134
868120164914142
868120164914159
868120164914167
868120164914175
868120164914183
868120164914191
868120164914209
868120164914217
868120164914225
868120164914233
868120164914241
868120164914258
868120164914266
868120164914274
868120164914282
868120164914290
868120164914308
868120164914316
868120164914324
868120164914332
868120164914340
868120164914357
868120164914365
868120164914373
868120164914381
868120164914399
868120164914407
868120164914415
868120164914423
868120164914431
868120164914449
868120164914456
868120164914464
868120164914472
868120164914480
868120164914498
868120164914506
868120164914514
868120164914522
868120164914530
868120164914548
868120164914555
868120164914563
868120164914571
868120164914589
868120164914597
868120164914605
868120164914613
868120164914621
868120164914639
868120164914647
868120164914654
868120164914662
868120164914670
868120164914688
868120164914696
868120164914704
868120164914712
868120164914720
868120164914738
868120164914746
868120164914753
868120164914761
868120164914779
868120164914787
868120164914795
868120164914803
868120164914811
868120164914829
868120164914837
868120164914845
868120164914852
868120164914860
868120164914878
868120164914886
868120164914894
868120164914902
868120164914910
868120164914928
868120164914936
868120164914944
868120164914951
868120164914969
868120164914977
868120164914985
868120164914993
868120164915008
868120164915016
868120164915024
868120164915032
868120164915040
868120164915057
868120164915065
868120164915073
868120164915081
868120164915099
868120164915107
868120164915115
868120164915123
868120164915131
868120164915149
868120164915156
868120164915164
868120164915172
868120164915180
868120164915198
868120164915206
868120164915214
868120164915222
868120164915230
868120164915248
868120164915255
868120164915263
868120164915271
868120164915289
868120164915297
868120164915305
868120164915313
868120164915321
868120164915339
868120164915347
868120164915354
868120164915362
868120164915370
868120164915388
868120164915396
868120164915404
868120164915412
868120164915420
868120164915438
868120164915446
868120164915453
868120164915461
868120164915479
868120164915487
868120164915495
868120164915503
868120164915511
868120164915529
868120164915537
868120164915545
868120164915552
868120164915560
868120164915578
868120164915586
868120164915594
868120164915602
868120164915610
868120164915628
868120164915636
868120164915644
868120164915651
868120164915669
868120164915677
868120164915685
868120164915693
868120164915701
868120164915719
868120164915727
868120164915735
868120164915743
868120164915750
868120164915768
868120164915776
868120164915784
868120164915792
868120164915800
868120164915818
868120164915826
868120164915834
868120164915842
868120164915859
868120164915867
868120164915875
868120164915883
868120164915891
868120164915909
868120164915917
868120164915925
868120164915933
868120164915941
868120164915958
868120164915966
868120164915974
868120164915982
868120164915990
868120164916006
868120164916014
868120164916022
868120164916030
868120164916048
868120164916055
868120164916063
868120164916071
868120164916089
868120164916097
868120164916105
868120164916113
868120164916121
868120164916139
868120164916147
868120164916154
868120164916162
868120164916170
868120164916188
868120164916196
868120164916204
868120164916212
868120164916220
868120164916238
868120164916246
868120164916253
868120164916261
868120164916279
868120164916287
868120164916295
868120164916303
868120164916311
868120164916329
868120164916337