868120164916345
868120164916352
868120164916360
868120164916378
868120164916386
868120164916394
868120164916402
868120164916410
868120164916428
868120164916436
868120164916444
868120164916451
868120164916469
868120164916477
868120164916485
868120164916493
868120164916501
868120164916519
868120164916527
868120164916535
868120164916543
868120164916550
868120164916568
868120164916576
868120164916584
868120164916592
868120164916600
868120164916618
868120164916626
868120164916634
868120164916642
868120164916659
868120164916667
868120164916675
868120164916683
868120164916691
868120164916709
868120164916717
868120164916725
868120164916733
868120164916741
868120164916758
868120164916766
868120164916774
868120164916782
868120164916790
868120164916808
868120164916816
868120164916824
868120164916832
868120164916840
868120164916857
868120164916865
868120164916873
868120164916881
868120164916899
868120164916907
868120164916915
868120164916923
868120164916931
868120164916949
868120164916956
868120164916964
868120164916972
868120164916980
868120164916998
868120164917004
868120164917012
868120164917020
868120164917038
868120164917046
868120164917053
868120164917061
868120164917079
868120164917087
868120164917095
868120164917103
868120164917111
868120164917129
868120164917137
868120164917145
868120164917152
868120164917160
868120164917178
868120164917186
868120164917194
868120164917202
868120164917210
868120164917228
868120164917236
868120164917244
868120164917251
868120164917269
868120164917277
868120164917285
868120164917293
868120164917301
868120164917319
868120164917327
868120164917335
868120164917343
868120164917350
868120164917368
868120164917376
868120164917384
868120164917392
868120164917400
868120164917418
868120164917426
868120164917434
868120164917442
868120164917459
868120164917467
868120164917475
868120164917483
868120164917491
868120164917509
868120164917517
868120164917525
868120164917533
868120164917541
868120164917558
868120164917566
868120164917574
868120164917582
868120164917590
868120164917608
868120164917616
868120164917624
868120164917632
868120164917640
868120164917657
868120164917665
868120164917673
868120164917681
868120164917699
868120164917707
868120164917715
868120164917723
868120164917731
868120164917749
868120164917756
868120164917764
868120164917772
868120164917780
868120164917798
868120164917806
868120164917814
868120164917822
868120164917830
868120164917848
868120164917855
868120164917863
868120164917871
868120164917889
868120164917897
868120164917905
868120164917913
868120164917921
868120164917939
868120164917947
868120164917954
868120164917962
868120164917970
868120164917988
868120164917996
868120164918002
868120164918010
868120164918028
868120164918036
868120164918044
868120164918051
868120164918069
868120164918077
868120164918085
868120164918093
868120164918101
868120164918119
868120164918127
868120164918135
868120164918143
868120164918150
868120164918168
868120164918176
868120164918184
868120164918192
868120164918200
868120164918218
868120164918226
868120164918234
868120164918242
868120164918259
868120164918267
868120164918275
868120164918283
868120164918291
868120164918309
868120164918317
868120164918325
868120164918333
868120164918341
868120164918358
868120164918366
868120164918374
868120164918382
868120164918390
868120164918408
868120164918416
868120164918424
868120164918432
868120164918440
868120164918457
868120164918465
868120164918473
868120164918481
868120164918499
868120164918507
868120164918515
868120164918523
868120164918531
868120164918549
868120164918556
868120164918564
868120164918572
868120164918580
868120164918598
868120164918606
868120164918614
868120164918622
868120164918630
868120164918648
868120164918655
868120164918663
868120164918671
868120164918689
868120164918697
868120164918705
868120164918713
868120164918721
868120164918739
868120164918747
868120164918754
868120164918762
868120164918770
868120164918788
868120164918796
868120164918804
868120164918812
868120164918820
868120164918838
868120164918846
868120164918853
868120164918861
868120164918879
868120164918887
868120164918895
868120164918903
868120164918911
868120164918929
868120164918937
868120164918945
868120164918952
868120164918960
868120164918978
868120164918986
868120164918994
868120164919000
868120164919018
868120164919026
868120164919034
868120164919042
868120164919059
868120164919067
868120164919075
868120164919083
868120164919091
868120164919109
868120164919117
868120164919125
868120164919133
868120164919141
868120164919158
868120164919166
868120164919174
868120164919182
868120164919190
868120164919208
868120164919216
868120164919224
868120164919232
868120164919240
868120164919257
868120164919265
868120164919273
868120164919281
868120164919299
868120164919307
868120164919315
868120164919323
868120164919331
868120164919349
868120164919356
868120164919364
868120164919372
868120164919380
868120164919398
868120164919406
868120164919414
868120164919422
868120164919430
868120164919448
868120164919455
868120164919463
868120164919471
868120164919489
868120164919497
868120164919505
868120164919513
868120164919521
868120164919539
868120164919547
868120164919554
868120164919562
868120164919570
868120164919588
868120164919596
868120164919604
868120164919612
868120164919620
868120164919638
868120164919646
868120164919653
868120164919661
868120164919679
868120164919687
868120164919695
868120164919703
868120164919711
868120164919729
868120164919737
868120164919745
868120164919752
868120164919760
868120164919778
868120164919786
868120164919794
868120164919802
868120164919810
868120164919828
868120164919836
868120164919844
868120164919851
868120164919869
868120164919877
868120164919885
868120164919893
868120164919901
868120164919919
868120164919927
868120164919935
868120164919943
868120164919950
868120164919968
868120164919976
868120164919984
868120164919992
868120164920008
868120164920016
868120164920024
868120164920032
868120164920040
868120164920057
868120164920065
868120164920073
868120164920081
868120164920099
868120164920107
868120164920115
868120164920123
868120164920131
868120164920149
868120164920156
868120164920164
868120164920172
868120164920180
868120164920198
868120164920206
868120164920214
868120164920222
868120164920230
868120164920248
868120164920255
868120164920263
868120164920271
868120164920289
868120164920297
868120164920305
868120164920313
868120164920321
868120164920339
868120164920347
868120164920354
868120164920362
868120164920370
868120164920388
868120164920396
868120164920404
868120164920412
868120164920420
868120164920438
868120164920446
868120164920453
868120164920461
868120164920479
868120164920487
868120164920495
868120164920503
868120164920511
868120164920529
868120164920537
868120164920545
868120164920552
868120164920560
868120164920578
868120164920586
868120164920594
868120164920602
868120164920610
868120164920628
868120164920636
868120164920644
868120164920651
868120164920669
868120164920677
868120164920685
868120164920693
868120164920701
868120164920719
868120164920727
868120164920735
868120164920743
868120164920750
868120164920768
868120164920776
868120164920784
868120164920792
868120164920800
868120164920818
868120164920826
868120164920834
868120164920842
868120164920859
868120164920867
868120164920875
868120164920883
868120164920891
868120164920909
868120164920917
868120164920925
868120164920933
868120164920941
868120164920958
868120164920966
868120164920974
868120164920982
868120164920990
868120164921006
868120164921014
868120164921022
868120164921030
868120164921048
868120164921055
868120164921063
868120164921071
868120164921089
868120164921097
868120164921105
868120164921113
868120164921121
868120164921139
868120164921147
868120164921154
868120164921162
868120164921170
868120164921188
868120164921196
868120164921204
868120164921212
868120164921220
868120164921238
868120164921246
868120164921253
868120164921261
868120164921279
868120164921287
868120164921295
868120164921303
868120164921311
868120164921329
868120164921337
868120164921345
868120164921352
868120164921360
868120164921378
868120164921386
868120164921394
868120164921402
868120164921410
868120164921428
868120164921436
868120164921444
868120164921451
868120164921469
868120164921477
868120164921485
868120164921493
868120164921501
868120164921519
868120164921527
868120164921535
868120164921543
868120164921550
868120164921568
868120164921576
868120164921584
868120164921592
868120164921600
868120164921618
868120164921626
868120164921634
868120164921642
868120164921659
868120164921667
868120164921675
868120164921683
868120164921691
868120164921709
868120164921717
868120164921725
868120164921733
868120164921741
868120164921758
868120164921766
868120164921774
868120164921782
868120164921790
868120164921808
868120164921816
868120164921824
868120164921832
868120164921840
868120164921857
868120164921865
868120164921873
868120164921881
868120164921899
868120164921907
868120164921915
868120164921923
868120164921931
868120164921949
868120164921956
868120164921964
868120164921972
868120164921980
868120164921998
868120164922004
868120164922012
868120164922020
868120164922038
868120164922046
868120164922053
868120164922061
868120164922079
868120164922087
868120164922095
868120164922103
868120164922111
868120164922129
868120164922137
868120164922145
868120164922152
868120164922160
868120164922178
868120164922186
868120164922194
868120164922202
868120164922210
868120164922228
868120164922236
868120164922244
868120164922251
868120164922269
868120164922277
868120164922285
868120164922293
868120164922301
868120164922319
868120164922327
868120164922335
868120164922343
868120164922350
868120164922368
868120164922376
868120164922384
868120164922392
868120164922400
868120164922418
868120164922426
868120164922434
868120164922442
868120164922459
868120164922467
868120164922475
868120164922483
868120164922491
868120164922509
868120164922517
868120164922525
868120164922533
868120164922541
868120164922558
868120164922566
868120164922574
868120164922582
868120164922590
868120164922608
868120164922616
868120164922624
868120164922632
868120164922640
868120164922657
868120164922665
868120164922673
868120164922681
868120164922699
868120164922707
868120164922715
868120164922723
868120164922731
868120164922749
868120164922756
868120164922764
868120164922772
868120164922780
868120164922798
868120164922806
868120164922814
868120164922822
868120164922830
868120164922848
868120164922855
868120164922863
868120164922871
868120164922889
868120164922897
868120164922905
868120164922913
868120164922921
868120164922939
868120164922947
868120164922954
868120164922962
868120164922970
868120164922988
868120164922996
868120164923002
868120164923010
868120164923028
868120164923036
868120164923044
868120164923051
868120164923069
868120164923077
868120164923085
868120164923093
868120164923101
868120164923119
868120164923127
868120164923135
868120164923143
868120164923150
868120164923168
868120164923176
868120164923184
868120164923192
868120164923200
868120164923218
868120164923226
868120164923234
868120164923242
868120164923259
868120164923267
868120164923275
868120164923283
868120164923291
868120164923309
868120164923317
868120164923325
868120164923333
868120164923341
868120164923358
868120164923366
868120164923374
868120164923382
868120164923390
868120164923408
868120164923416
868120164923424
868120164923432
868120164923440
868120164923457
868120164923465
868120164923473
868120164923481
868120164923499
868120164923507
868120164923515
868120164923523
868120164923531
868120164923549
868120164923556
868120164923564
868120164923572
868120164923580
868120164923598
868120164923606
868120164923614
868120164923622
868120164923630
868120164923648
868120164923655
868120164923663
868120164923671
868120164923689
868120164923697
868120164923705
868120164923713
868120164923721
868120164923739
868120164923747
868120164923754
868120164923762
868120164923770
868120164923788
868120164923796
868120164923804
868120164923812
868120164923820
868120164923838
868120164923846
868120164923853
868120164923861
868120164923879
868120164923887
868120164923895
868120164923903
868120164923911
868120164923929
868120164923937
868120164923945
868120164923952
868120164923960
868120164923978
868120164923986
868120164923994
868120164924000
868120164924018
868120164924026
868120164924034
868120164924042
868120164924059
868120164924067
868120164924075
868120164924083
868120164924091
868120164924109
868120164924117
868120164924125
868120164924133
868120164924141
868120164924158
868120164924166
868120164924174
868120164924182
868120164924190
868120164924208
868120164924216
868120164924224
868120164924232
868120164924240
868120164924257
868120164924265
868120164924273
868120164924281
868120164924299
868120164924307
868120164924315
868120164924323
868120164924331
868120164924349
868120164924356
868120164924364
868120164924372
868120164924380
868120164924398
868120164924406
868120164924414
868120164924422
868120164924430
868120164924448
868120164924455
868120164924463
868120164924471
868120164924489
868120164924497
868120164924505
868120164924513
868120164924521
868120164924539
868120164924547
868120164924554
868120164924562
868120164924570
868120164924588
868120164924596
868120164924604
868120164924612
868120164924620
868120164924638
868120164924646
868120164924653
868120164924661
868120164924679
868120164924687
868120164924695
868120164924703
868120164924711
868120164924729
868120164924737
868120164924745
868120164924752
868120164924760
868120164924778
868120164924786
868120164924794
868120164924802
868120164924810
868120164924828
868120164924836
868120164924844
868120164924851
868120164924869
868120164924877
868120164924885
868120164924893
868120164924901
868120164924919
868120164924927
868120164924935
868120164924943
868120164924950
868120164924968
868120164924976
868120164924984
868120164924992
868120164925007
868120164925015
868120164925023
868120164925031
868120164925049
868120164925056
868120164925064
868120164925072
868120164925080
868120164925098
868120164925106
868120164925114
868120164925122
868120164925130
868120164925148
868120164925155
868120164925163
868120164925171
868120164925189
868120164925197
868120164925205
868120164925213
868120164925221
868120164925239
868120164925247
868120164925254
868120164925262
868120164925270
868120164925288
868120164925296
868120164925304
868120164925312
868120164925320
868120164925338
868120164925346
868120164925353
868120164925361
868120164925379
868120164925387
868120164925395
868120164925403
868120164925411
868120164925429
868120164925437
868120164925445
868120164925452
868120164925460
868120164925478
868120164925486
868120164925494
868120164925502
868120164925510
868120164925528
868120164925536
868120164925544
868120164925551
868120164925569
868120164925577
868120164925585
868120164925593
868120164925601
868120164925619
868120164925627
868120164925635
868120164925643
868120164925650
868120164925668
868120164925676
868120164925684
868120164925692
868120164925700
868120164925718
868120164925726
868120164925734
868120164925742
868120164925759
868120164925767
868120164925775
868120164925783
868120164925791
868120164925809
868120164925817
868120164925825
868120164925833
868120164925841
868120164925858
868120164925866
868120164925874
868120164925882
868120164925890
868120164925908
868120164925916
868120164925924
868120164925932
868120164925940
868120164925957
868120164925965
868120164925973
868120164925981
868120164925999
868120164926005
868120164926013
868120164926021
868120164926039
868120164926047
868120164926054
868120164926062
868120164926070
868120164926088
868120164926096
868120164926104
868120164926112
868120164926120
868120164926138
868120164926146
868120164926153
868120164926161
868120164926179
868120164926187
868120164926195
868120164926203
868120164926211
868120164926229
868120164926237
868120164926245
868120164926252
868120164926260
868120164926278
868120164926286
868120164926294
868120164926302
868120164926310
868120164926328
868120164926336
868120164926344
868120164926351
868120164926369
868120164926377
868120164926385
868120164926393
868120164926401
868120164926419
868120164926427
868120164926435
868120164926443
868120164926450
868120164926468
868120164926476
868120164926484
868120164926492
868120164926500
868120164926518
868120164926526
868120164926534
868120164926542
868120164926559
868120164926567
868120164926575
868120164926583
868120164926591
868120164926609
868120164926617
868120164926625
868120164926633
868120164926641
868120164926658
868120164926666
868120164926674
868120164926682
868120164926690
868120164926708
868120164926716
868120164926724
868120164926732
868120164926740
868120164926757
868120164926765
868120164926773
868120164926781
868120164926799
868120164926807
868120164926815
868120164926823
868120164926831
868120164926849
868120164926856
868120164926864
868120164926872
868120164926880
868120164926898
868120164926906
868120164926914
868120164926922
868120164926930
868120164926948
868120164926955
868120164926963
868120164926971
868120164926989
868120164926997
868120164927003
868120164927011
868120164927029
868120164927037
868120164927045
868120164927052
868120164927060
868120164927078
868120164927086
868120164927094
868120164927102
868120164927110
868120164927128
868120164927136
868120164927144
868120164927151
868120164927169
868120164927177
868120164927185
868120164927193
868120164927201
868120164927219
868120164927227
868120164927235
868120164927243
868120164927250
868120164927268
868120164927276
868120164927284
868120164927292
868120164927300
868120164927318
868120164927326
868120164927334
868120164927342
868120164927359
868120164927367
868120164927375
868120164927383
868120164927391
868120164927409
868120164927417
868120164927425
868120164927433
868120164927441
868120164927458
868120164927466
868120164927474
868120164927482
868120164927490
868120164927508
868120164927516
868120164927524
868120164927532
868120164927540
868120164927557
868120164927565
868120164927573
868120164927581
868120164927599
868120164927607
868120164927615
868120164927623
868120164927631
868120164927649
868120164927656
868120164927664
868120164927672
868120164927680
868120164927698
868120164927706
868120164927714
868120164927722
868120164927730
868120164927748
868120164927755
868120164927763
868120164927771
868120164927789
868120164927797
868120164927805
868120164927813
868120164927821
868120164927839
868120164927847
868120164927854
868120164927862
868120164927870
868120164927888
868120164927896
868120164927904
868120164927912
868120164927920
868120164927938
868120164927946
868120164927953
868120164927961
868120164927979
868120164927987
868120164927995
868120164928001
868120164928019
868120164928027
868120164928035
868120164928043
868120164928050
868120164928068
868120164928076
868120164928084
868120164928092
868120164928100
868120164928118
868120164928126
868120164928134
868120164928142
868120164928159
868120164928167
868120164928175
868120164928183
868120164928191
868120164928209
868120164928217
868120164928225
868120164928233
868120164928241
868120164928258
868120164928266
868120164928274
868120164928282
868120164928290
868120164928308
868120164928316
868120164928324
868120164928332
868120164928340
868120164928357
868120164928365
868120164928373
868120164928381
868120164928399
868120164928407
868120164928415
868120164928423
868120164928431
868120164928449
868120164928456
868120164928464
868120164928472
868120164928480
868120164928498
868120164928506
868120164928514
868120164928522
868120164928530
868120164928548
868120164928555
868120164928563
868120164928571
868120164928589
868120164928597
868120164928605
868120164928613
868120164928621
868120164928639
868120164928647
868120164928654
868120164928662
868120164928670
868120164928688
868120164928696
868120164928704
868120164928712
868120164928720
868120164928738
868120164928746
868120164928753
868120164928761
868120164928779
868120164928787
868120164928795
868120164928803
868120164928811
868120164928829
868120164928837
868120164928845
868120164928852
868120164928860
868120164928878
868120164928886
868120164928894
868120164928902
868120164928910
868120164928928
868120164928936
868120164928944
868120164928951
868120164928969
868120164928977
868120164928985
868120164928993
868120164929009
868120164929017
868120164929025
868120164929033
868120164929041
868120164929058
868120164929066
868120164929074
868120164929082
868120164929090
868120164929108
868120164929116
868120164929124
868120164929132
868120164929140
868120164929157
868120164929165
868120164929173
868120164929181
868120164929199
868120164929207
868120164929215
868120164929223
868120164929231
868120164929249
868120164929256
868120164929264
868120164929272
868120164929280
868120164929298
868120164929306
868120164929314
868120164929322
868120164929330
868120164929348
868120164929355
868120164929363
868120164929371
868120164929389
868120164929397
868120164929405
868120164929413
868120164929421
868120164929439
868120164929447
868120164929454
868120164929462
868120164929470
868120164929488
868120164929496
868120164929504
868120164929512
868120164929520
868120164929538
868120164929546
868120164929553
868120164929561
868120164929579
868120164929587
868120164929595
868120164929603
868120164929611
868120164929629
868120164929637
868120164929645
868120164929652
868120164929660
868120164929678
868120164929686
868120164929694
868120164929702
868120164929710
868120164929728
868120164929736
868120164929744
868120164929751
868120164929769
868120164929777
868120164929785
868120164929793
868120164929801
868120164929819
868120164929827
868120164929835
868120164929843
868120164929850
868120164929868
868120164929876
868120164929884
868120164929892
868120164929900
868120164929918
868120164929926
868120164929934
868120164929942
868120164929959
868120164929967
868120164929975
868120164929983
868120164929991
868120164930007
868120164930015
868120164930023
868120164930031
868120164930049
868120164930056
868120164930064
868120164930072
868120164930080
868120164930098
868120164930106
868120164930114
868120164930122
868120164930130
868120164930148
868120164930155
868120164930163
868120164930171
868120164930189
868120164930197
868120164930205
868120164930213
868120164930221
868120164930239
868120164930247
868120164930254
868120164930262
868120164930270
868120164930288
868120164930296
868120164930304
868120164930312
868120164930320
868120164930338
868120164930346
868120164930353
868120164930361
868120164930379
868120164930387
868120164930395
868120164930403
868120164930411
868120164930429
868120164930437
868120164930445
868120164930452
868120164930460
868120164930478
868120164930486
868120164930494
868120164930502
868120164930510
868120164930528
868120164930536
868120164930544
868120164930551
868120164930569
868120164930577
868120164930585
868120164930593
868120164930601
868120164930619
868120164930627
868120164930635
868120164930643
868120164930650
868120164930668
868120164930676
868120164930684
868120164930692
868120164930700
868120164930718
868120164930726
868120164930734
868120164930742
868120164930759
868120164930767
868120164930775
868120164930783
868120164930791
868120164930809
868120164930817
868120164930825
868120164930833
868120164930841
868120164930858
868120164930866
868120164930874
868120164930882
868120164930890
868120164930908
868120164930916
868120164930924
868120164930932
868120164930940
868120164930957
868120164930965
868120164930973
868120164930981
868120164930999
868120164931005
868120164931013
868120164931021
868120164931039
868120164931047
868120164931054
868120164931062
868120164931070
868120164931088
868120164931096
868120164931104
868120164931112
868120164931120
868120164931138
868120164931146
868120164931153
868120164931161
868120164931179
868120164931187
868120164931195
868120164931203
868120164931211
868120164931229
868120164931237
868120164931245
868120164931252
868120164931260
868120164931278
868120164931286
868120164931294
868120164931302
868120164931310
868120164931328
868120164931336
868120164931344
868120164931351
868120164931369
868120164931377
868120164931385
868120164931393
868120164931401
868120164931419
868120164931427
868120164931435
868120164931443
868120164931450
868120164931468
868120164931476
868120164931484
868120164931492
868120164931500
868120164931518
868120164931526
868120164931534
868120164931542
868120164931559
868120164931567
868120164931575
868120164931583
868120164931591
868120164931609
868120164931617
868120164931625
868120164931633
868120164931641
868120164931658
868120164931666
868120164931674
868120164931682
868120164931690
868120164931708
868120164931716
868120164931724
868120164931732
868120164931740
868120164931757
868120164931765
868120164931773
868120164931781
868120164931799
868120164931807
868120164931815
868120164931823
868120164931831
868120164931849
868120164931856
868120164931864
868120164931872
868120164931880
868120164931898
868120164931906
868120164931914
868120164931922
868120164931930
868120164931948
868120164931955
868120164931963
868120164931971
868120164931989
868120164931997
868120164932003
868120164932011
868120164932029
868120164932037
868120164932045
868120164932052
868120164932060
868120164932078
868120164932086
868120164932094
868120164932102
868120164932110
868120164932128
868120164932136
868120164932144
868120164932151
868120164932169
868120164932177
868120164932185
868120164932193
868120164932201
868120164932219
868120164932227
868120164932235
868120164932243
868120164932250
868120164932268
868120164932276
868120164932284
868120164932292
868120164932300
868120164932318
868120164932326
868120164932334
868120164932342
868120164932359
868120164932367
868120164932375
868120164932383
868120164932391
868120164932409
868120164932417
868120164932425
868120164932433
868120164932441
868120164932458
868120164932466
868120164932474
868120164932482
868120164932490
868120164932508
868120164932516
868120164932524
868120164932532
868120164932540
868120164932557
868120164932565
868120164932573
868120164932581
868120164932599
868120164932607
868120164932615
868120164932623
868120164932631
868120164932649
868120164932656
868120164932664
868120164932672
868120164932680
868120164932698
868120164932706
868120164932714
868120164932722
868120164932730
868120164932748
868120164932755
868120164932763
868120164932771
868120164932789
868120164932797
868120164932805
868120164932813
868120164932821
868120164932839
868120164932847
868120164932854
868120164932862
868120164932870
868120164932888
868120164932896
868120164932904
868120164932912
868120164932920
868120164932938
868120164932946
868120164932953
868120164932961
868120164932979
868120164932987
868120164932995
868120164933001
868120164933019
868120164933027
868120164933035
868120164933043
868120164933050
868120164933068
868120164933076
868120164933084
868120164933092
868120164933100
868120164933118
868120164933126
868120164933134
868120164933142
868120164933159
868120164933167
868120164933175
868120164933183
868120164933191
868120164933209
868120164933217
868120164933225
868120164933233
868120164933241
868120164933258
868120164933266
868120164933274
868120164933282
868120164933290
868120164933308
868120164933316
868120164933324
868120164933332
868120164933340
868120164933357
868120164933365
868120164933373
868120164933381
868120164933399
868120164933407
868120164933415
868120164933423
868120164933431
868120164933449
868120164933456
868120164933464
868120164933472
868120164933480
868120164933498
868120164933506
868120164933514
868120164933522
868120164933530
868120164933548
868120164933555
868120164933563
868120164933571
868120164933589
868120164933597
868120164933605
868120164933613
868120164933621
868120164933639
868120164933647
868120164933654
868120164933662
868120164933670
868120164933688
868120164933696
868120164933704
868120164933712
868120164933720
868120164933738
868120164933746
868120164933753
868120164933761
868120164933779
868120164933787
868120164933795
868120164933803
868120164933811
868120164933829
868120164933837
868120164933845
868120164933852
868120164933860
868120164933878
868120164933886
868120164933894
868120164933902
868120164933910
868120164933928
868120164933936
868120164933944
868120164933951
868120164933969
868120164933977
868120164933985
868120164933993
868120164934009
868120164934017
868120164934025
868120164934033
868120164934041
868120164934058
868120164934066
868120164934074
868120164934082
868120164934090
868120164934108
868120164934116
868120164934124
868120164934132
868120164934140
868120164934157
868120164934165
868120164934173
868120164934181
868120164934199
868120164934207
868120164934215
868120164934223
868120164934231
868120164934249
868120164934256
868120164934264
868120164934272
868120164934280
868120164934298
868120164934306
868120164934314
868120164934322
868120164934330
868120164934348
868120164934355
868120164934363
868120164934371
868120164934389
868120164934397
868120164934405
868120164934413
868120164934421
868120164934439
868120164934447
868120164934454
868120164934462
868120164934470
868120164934488
868120164934496
868120164934504
868120164934512
868120164934520
868120164934538
868120164934546
868120164934553
868120164934561
868120164934579
868120164934587
868120164934595
868120164934603
868120164934611
868120164934629
868120164934637
868120164934645
868120164934652
868120164934660
868120164934678
868120164934686
868120164934694
868120164934702
868120164934710
868120164934728
868120164934736
868120164934744
868120164934751
868120164934769
868120164934777
868120164934785
868120164934793
868120164934801
868120164934819
868120164934827
868120164934835
868120164934843
868120164934850
868120164934868
868120164934876
868120164934884
868120164934892
868120164934900
868120164934918
868120164934926
868120164934934
868120164934942
868120164934959
868120164934967
868120164934975
868120164934983
868120164934991
868120164935006
868120164935014
868120164935022
868120164935030
868120164935048
868120164935055
868120164935063
868120164935071
868120164935089
868120164935097
868120164935105
868120164935113
868120164935121
868120164935139
868120164935147
868120164935154
868120164935162
868120164935170
868120164935188
868120164935196
868120164935204
868120164935212
868120164935220
868120164935238
868120164935246
868120164935253
868120164935261
868120164935279
868120164935287
868120164935295
868120164935303
868120164935311
868120164935329
868120164935337
868120164935345
868120164935352
868120164935360
868120164935378
868120164935386
868120164935394
868120164935402
868120164935410
868120164935428
868120164935436
868120164935444
868120164935451
868120164935469
868120164935477
868120164935485
868120164935493
868120164935501
868120164935519
868120164935527
868120164935535
868120164935543
868120164935550
868120164935568
868120164935576
868120164935584
868120164935592
868120164935600
868120164935618
868120164935626
868120164935634
868120164935642
868120164935659
868120164935667
868120164935675
868120164935683
868120164935691
868120164935709
868120164935717
868120164935725
868120164935733
868120164935741
868120164935758
868120164935766
868120164935774
868120164935782
868120164935790
868120164935808
868120164935816
868120164935824
868120164935832
868120164935840
868120164935857
868120164935865
868120164935873
868120164935881
868120164935899
868120164935907
868120164935915
868120164935923
868120164935931
868120164935949
868120164935956
868120164935964
868120164935972
868120164935980
868120164935998
868120164936004
868120164936012
868120164936020
868120164936038
868120164936046
868120164936053
868120164936061
868120164936079
868120164936087
868120164936095
868120164936103
868120164936111
868120164936129
868120164936137
868120164936145
868120164936152
868120164936160
868120164936178
868120164936186
868120164936194
868120164936202
868120164936210
868120164936228
868120164936236
868120164936244
868120164936251
868120164936269
868120164936277
868120164936285
868120164936293
868120164936301
868120164936319
868120164936327
868120164936335
