868120177332787
868120177332795
868120177332803
868120177332811
868120177332829
868120177332837
868120177332845
868120177332852
868120177332860
868120177332878
868120177332886
868120177332894
868120177332902
868120177332910
868120177332928
868120177332936
868120177332944
868120177332951
868120177332969
868120177332977
868120177332985
868120177332993
868120177333009
868120177333017
868120177333025
868120177333033
868120177333041
868120177333058
868120177333066
868120177333074
868120177333082
868120177333090
868120177333108
868120177333116
868120177333124
868120177333132
868120177333140
868120177333157
868120177333165
868120177333173
868120177333181
868120177333199
868120177333207
868120177333215
868120177333223
868120177333231
868120177333249
868120177333256
868120177333264
868120177333272
868120177333280
868120177333298
868120177333306
868120177333314
868120177333322
868120177333330
868120177333348
868120177333355
868120177333363
868120177333371
868120177333389
868120177333397
868120177333405
868120177333413
868120177333421
868120177333439
868120177333447
868120177333454
868120177333462
868120177333470
868120177333488
868120177333496
868120177333504
868120177333512
868120177333520
868120177333538
868120177333546
868120177333553
868120177333561
868120177333579
868120177333587
868120177333595
868120177333603
868120177333611
868120177333629
868120177333637
868120177333645
868120177333652
868120177333660
868120177333678
868120177333686
868120177333694
868120177333702
868120177333710
868120177333728
868120177333736
868120177333744
868120177333751
868120177333769
868120177333777
868120177333785
868120177333793
868120177333801
868120177333819
868120177333827
868120177333835
868120177333843
868120177333850
868120177333868
868120177333876
868120177333884
868120177333892
868120177333900
868120177333918
868120177333926
868120177333934
868120177333942
868120177333959
868120177333967
868120177333975
868120177333983
868120177333991
868120177334007
868120177334015
868120177334023
868120177334031
868120177334049
868120177334056
868120177334064
868120177334072
868120177334080
868120177334098
868120177334106
868120177334114
868120177334122
868120177334130
868120177334148
868120177334155
868120177334163
868120177334171
868120177334189
868120177334197
868120177334205
868120177334213
868120177334221
868120177334239
868120177334247
868120177334254
868120177334262
868120177334270
868120177334288
868120177334296
868120177334304
868120177334312
868120177334320
868120177334338
868120177334346
868120177334353
868120177334361
868120177334379
868120177334387
868120177334395
868120177334403
868120177334411
868120177334429
868120177334437
868120177334445
868120177334452
868120177334460
868120177334478
868120177334486
868120177334494
868120177334502
868120177334510
868120177334528
868120177334536
868120177334544
868120177334551
868120177334569
868120177334577
868120177334585
868120177334593
868120177334601
868120177334619
868120177334627
868120177334635
868120177334643
868120177334650
868120177334668
868120177334676
868120177334684
868120177334692
868120177334700
868120177334718
868120177334726
868120177334734
868120177334742
868120177334759
868120177334767
868120177334775
868120177334783
868120177334791
868120177334809
868120177334817
868120177334825
868120177334833
868120177334841
868120177334858
868120177334866
868120177334874
868120177334882
868120177334890
868120177334908
868120177334916
868120177334924
868120177334932
868120177334940
868120177334957
868120177334965
868120177334973
868120177334981
868120177334999
868120177335004
868120177335012
868120177335020
868120177335038
868120177335046
868120177335053
868120177335061
868120177335079
868120177335087
868120177335095
868120177335103
868120177335111
868120177335129
868120177335137
868120177335145
868120177335152
868120177335160
868120177335178
868120177335186
868120177335194
868120177335202
868120177335210
868120177335228
868120177335236
868120177335244
868120177335251
868120177335269
868120177335277
868120177335285
868120177335293
868120177335301
868120177335319
868120177335327
868120177335335
868120177335343
868120177335350
868120177335368
868120177335376
868120177335384
868120177335392
868120177335400
868120177335418
868120177335426
868120177335434
868120177335442
868120177335459
868120177335467
868120177335475
868120177335483
868120177335491
868120177335509
868120177335517
868120177335525
868120177335533
868120177335541
868120177335558
868120177335566
868120177335574
868120177335582
868120177335590
868120177335608
868120177335616
868120177335624
868120177335632
868120177335640
868120177335657
868120177335665
868120177335673
868120177335681
868120177335699
868120177335707
868120177335715
868120177335723
868120177335731
868120177335749
868120177335756
868120177335764
868120177335772
868120177335780
868120177335798
868120177335806
868120177335814
868120177335822
868120177335830
868120177335848
868120177335855
868120177335863
868120177335871
868120177335889
868120177335897
868120177335905
868120177335913
868120177335921
868120177335939
868120177335947
868120177335954
868120177335962
868120177335970
868120177335988
868120177335996
868120177336002
868120177336010
868120177336028
868120177336036
868120177336044
868120177336051
868120177336069
868120177336077
868120177336085
868120177336093
868120177336101
868120177336119
868120177336127
868120177336135
868120177336143
868120177336150
868120177336168
868120177336176
868120177336184
868120177336192
868120177336200
868120177336218
868120177336226
868120177336234
868120177336242
868120177336259
868120177336267
868120177336275
868120177336283
868120177336291
868120177336309
868120177336317
868120177336325
868120177336333
868120177336341
868120177336358
868120177336366
868120177336374
868120177336382
868120177336390
868120177336408
868120177336416
868120177336424
868120177336432
868120177336440
868120177336457
868120177336465
868120177336473
868120177336481
868120177336499
868120177336507
868120177336515
868120177336523
868120177336531
868120177336549
868120177336556
868120177336564
868120177336572
868120177336580
868120177336598
868120177336606
868120177336614
868120177336622
868120177336630
868120177336648
868120177336655
868120177336663
868120177336671
868120177336689
868120177336697
868120177336705
868120177336713
868120177336721
868120177336739
868120177336747
868120177336754
868120177336762
868120177336770
868120177336788
868120177336796
868120177336804
868120177336812
868120177336820
868120177336838
868120177336846
868120177336853
868120177336861
868120177336879
868120177336887
868120177336895
868120177336903
868120177336911
868120177336929
868120177336937
868120177336945
868120177336952
868120177336960
868120177336978
868120177336986
868120177336994
868120177337000
868120177337018
868120177337026
868120177337034
868120177337042
868120177337059
868120177337067
868120177337075
868120177337083
868120177337091
868120177337109
868120177337117
868120177337125
868120177337133
868120177337141
868120177337158
868120177337166
868120177337174
868120177337182
868120177337190
868120177337208
868120177337216
868120177337224
868120177337232
868120177337240
868120177337257
868120177337265
868120177337273
868120177337281
868120177337299
868120177337307
868120177337315
868120177337323
868120177337331
868120177337349
868120177337356
868120177337364
868120177337372
868120177337380
868120177337398
868120177337406
868120177337414
868120177337422
868120177337430
868120177337448
868120177337455
868120177337463
868120177337471
868120177337489
868120177337497
868120177337505
868120177337513
868120177337521
868120177337539
868120177337547
868120177337554
868120177337562
868120177337570
868120177337588
868120177337596
868120177337604
868120177337612
868120177337620
868120177337638
868120177337646
868120177337653
868120177337661
868120177337679
868120177337687
868120177337695
868120177337703
868120177337711
868120177337729
868120177337737
868120177337745
868120177337752
868120177337760
868120177337778
868120177337786
868120177337794
868120177337802
868120177337810
868120177337828
868120177337836
868120177337844
868120177337851
868120177337869
868120177337877
868120177337885
868120177337893
868120177337901
868120177337919
868120177337927
868120177337935
868120177337943
868120177337950
868120177337968
868120177337976
868120177337984
868120177337992
868120177338008
868120177338016
868120177338024
868120177338032
868120177338040
868120177338057
868120177338065
868120177338073
868120177338081
868120177338099
868120177338107
868120177338115
868120177338123
868120177338131
868120177338149
868120177338156
868120177338164
868120177338172
868120177338180
868120177338198
868120177338206
868120177338214
868120177338222
868120177338230
868120177338248
868120177338255
868120177338263
868120177338271
868120177338289
868120177338297
868120177338305
868120177338313
868120177338321
868120177338339
868120177338347
868120177338354
868120177338362
868120177338370
868120177338388
868120177338396
868120177338404
868120177338412
868120177338420
868120177338438
868120177338446
868120177338453
868120177338461
868120177338479
868120177338487
868120177338495
868120177338503
868120177338511
868120177338529
868120177338537
868120177338545
868120177338552
868120177338560
868120177338578
868120177338586
868120177338594
868120177338602
868120177338610
868120177338628
868120177338636
868120177338644
868120177338651
868120177338669
868120177338677
868120177338685
868120177338693
868120177338701
868120177338719
868120177338727
868120177338735
868120177338743
868120177338750
868120177338768
868120177338776
868120177338784
868120177338792
868120177338800
868120177338818
868120177338826
868120177338834
868120177338842
868120177338859
868120177338867
868120177338875
868120177338883
868120177338891
868120177338909
868120177338917
868120177338925
868120177338933
868120177338941
868120177338958
868120177338966
868120177338974
868120177338982
868120177338990
868120177339006
868120177339014
868120177339022
868120177339030
868120177339048
868120177339055
868120177339063
868120177339071
868120177339089
868120177339097
868120177339105
868120177339113
868120177339121
868120177339139
868120177339147
868120177339154
868120177339162
868120177339170
868120177339188
868120177339196
868120177339204
868120177339212
868120177339220
868120177339238
868120177339246
868120177339253
868120177339261
868120177339279
868120177339287
868120177339295
868120177339303
868120177339311
868120177339329
868120177339337
868120177339345
868120177339352
868120177339360
868120177339378
868120177339386
868120177339394
868120177339402
868120177339410
868120177339428
868120177339436
868120177339444
868120177339451
868120177339469
868120177339477
868120177339485
868120177339493
868120177339501
868120177339519
868120177339527
868120177339535
868120177339543
868120177339550
868120177339568
868120177339576
868120177339584
868120177339592
868120177339600
868120177339618
868120177339626
868120177339634
868120177339642
868120177339659
868120177339667
868120177339675
868120177339683
868120177339691
868120177339709
868120177339717
868120177339725
868120177339733
868120177339741
868120177339758
868120177339766
868120177339774
868120177339782
868120177339790
868120177339808
868120177339816
868120177339824
868120177339832
868120177339840
868120177339857
868120177339865
868120177339873
868120177339881
868120177339899
868120177339907
868120177339915
868120177339923
868120177339931
868120177339949
868120177339956
868120177339964
868120177339972
868120177339980
868120177339998
868120177340004
868120177340012
868120177340020
868120177340038
868120177340046
868120177340053
868120177340061
868120177340079
868120177340087
868120177340095
868120177340103
868120177340111
868120177340129
868120177340137
868120177340145
868120177340152
868120177340160
868120177340178
868120177340186
868120177340194
868120177340202
868120177340210
868120177340228
868120177340236
868120177340244
868120177340251
868120177340269
868120177340277
868120177340285
868120177340293
868120177340301
868120177340319
868120177340327
868120177340335
868120177340343
868120177340350
868120177340368
868120177340376
868120177340384
868120177340392
868120177340400
868120177340418
868120177340426
868120177340434
868120177340442
868120177340459
868120177340467
868120177340475
868120177340483
868120177340491
868120177340509
868120177340517
868120177340525
868120177340533
868120177340541
868120177340558
868120177340566
868120177340574
868120177340582
868120177340590
868120177340608
868120177340616
868120177340624
868120177340632
868120177340640
868120177340657
868120177340665
868120177340673
868120177340681
868120177340699
868120177340707
868120177340715
868120177340723
868120177340731
868120177340749
868120177340756
868120177340764
868120177340772
868120177340780
868120177340798
868120177340806
868120177340814
868120177340822
868120177340830
868120177340848
868120177340855
868120177340863
868120177340871
868120177340889
868120177340897
868120177340905
868120177340913
868120177340921
868120177340939
868120177340947
868120177340954
868120177340962
868120177340970
868120177340988
868120177340996
868120177341002
868120177341010
868120177341028
868120177341036
868120177341044
868120177341051
868120177341069
868120177341077
868120177341085
868120177341093
868120177341101
868120177341119
868120177341127
868120177341135
868120177341143
868120177341150
868120177341168
868120177341176
868120177341184
868120177341192
868120177341200
868120177341218
868120177341226
868120177341234
868120177341242
868120177341259
868120177341267
868120177341275
868120177341283
868120177341291
868120177341309
868120177341317
868120177341325
868120177341333
868120177341341
868120177341358
868120177341366
868120177341374
868120177341382
868120177341390
868120177341408
868120177341416
868120177341424
868120177341432
868120177341440
868120177341457
868120177341465
868120177341473
868120177341481
868120177341499
868120177341507
868120177341515
868120177341523
868120177341531
868120177341549
868120177341556
868120177341564
868120177341572
868120177341580
868120177341598
868120177341606
868120177341614
868120177341622
868120177341630
868120177341648
868120177341655
868120177341663
868120177341671
868120177341689
868120177341697
868120177341705
868120177341713
868120177341721
868120177341739
868120177341747
868120177341754
868120177341762
868120177341770
868120177341788
868120177341796
868120177341804
868120177341812
868120177341820
868120177341838
868120177341846
868120177341853
868120177341861
868120177341879
868120177341887
868120177341895
868120177341903
868120177341911
868120177341929
868120177341937
868120177341945
868120177341952
868120177341960
868120177341978
868120177341986
868120177341994
868120177342000
868120177342018
868120177342026
868120177342034
868120177342042
868120177342059
868120177342067
868120177342075
868120177342083
868120177342091
868120177342109
868120177342117
868120177342125
868120177342133
868120177342141
868120177342158
868120177342166
868120177342174
868120177342182
868120177342190
868120177342208
868120177342216
868120177342224
868120177342232
868120177342240
868120177342257
868120177342265
868120177342273
868120177342281
868120177342299
868120177342307
868120177342315
868120177342323
868120177342331
868120177342349
868120177342356
868120177342364
868120177342372
868120177342380
868120177342398
868120177342406
868120177342414
868120177342422
868120177342430
868120177342448
868120177342455
868120177342463
868120177342471
868120177342489
868120177342497
868120177342505
868120177342513
868120177342521
868120177342539
868120177342547
868120177342554
868120177342562
868120177342570
868120177342588
868120177342596
868120177342604
868120177342612
868120177342620
868120177342638
868120177342646
868120177342653
868120177342661
868120177342679
868120177342687
868120177342695
868120177342703
868120177342711
868120177342729
868120177342737
868120177342745
868120177342752
868120177342760
868120177342778
868120177342786
868120177342794
868120177342802
868120177342810
868120177342828
868120177342836
868120177342844
868120177342851
868120177342869
868120177342877
868120177342885
868120177342893
868120177342901
868120177342919
868120177342927
868120177342935
868120177342943
868120177342950
868120177342968
868120177342976
868120177342984
868120177342992
868120177343008
868120177343016
868120177343024
868120177343032
868120177343040
868120177343057
868120177343065
868120177343073
868120177343081
868120177343099
868120177343107
868120177343115
868120177343123
868120177343131
868120177343149
868120177343156
868120177343164
868120177343172
868120177343180
868120177343198
868120177343206
868120177343214
868120177343222
868120177343230
868120177343248
868120177343255
868120177343263
868120177343271
868120177343289
868120177343297
868120177343305
868120177343313
868120177343321
868120177343339
868120177343347
868120177343354
868120177343362
868120177343370
868120177343388
868120177343396
868120177343404
868120177343412
868120177343420
868120177343438
868120177343446
868120177343453
868120177343461
868120177343479
868120177343487
868120177343495
868120177343503
868120177343511
868120177343529
868120177343537
868120177343545
868120177343552
868120177343560
868120177343578
868120177343586
868120177343594
868120177343602
868120177343610
868120177343628
868120177343636
868120177343644
868120177343651
868120177343669
868120177343677
868120177343685
868120177343693
868120177343701
868120177343719
868120177343727
868120177343735
868120177343743
868120177343750
868120177343768
868120177343776
868120177343784
868120177343792
868120177343800
868120177343818
868120177343826
868120177343834
868120177343842
868120177343859
868120177343867
868120177343875
868120177343883
868120177343891
868120177343909
868120177343917
868120177343925
868120177343933
868120177343941
868120177343958
868120177343966
868120177343974
868120177343982
868120177343990
868120177344006
868120177344014
868120177344022
868120177344030
868120177344048
868120177344055
868120177344063
868120177344071
868120177344089
868120177344097
868120177344105
868120177344113
868120177344121
868120177344139
868120177344147
868120177344154
868120177344162
868120177344170
868120177344188
868120177344196
868120177344204
868120177344212
868120177344220
868120177344238
868120177344246
868120177344253
868120177344261
868120177344279
868120177344287
868120177344295
868120177344303
868120177344311
868120177344329
868120177344337
868120177344345
868120177344352
868120177344360
868120177344378
868120177344386
868120177344394
868120177344402
868120177344410
868120177344428
868120177344436
868120177344444
868120177344451
868120177344469
868120177344477
868120177344485
868120177344493
868120177344501
868120177344519
868120177344527
868120177344535
868120177344543
868120177344550
868120177344568
868120177344576
868120177344584
868120177344592
868120177344600
868120177344618
868120177344626
868120177344634
868120177344642
868120177344659
868120177344667
868120177344675
868120177344683
868120177344691
868120177344709
868120177344717
868120177344725
868120177344733
868120177344741
868120177344758
868120177344766
868120177344774
868120177344782
868120177344790
868120177344808
868120177344816
868120177344824
868120177344832
868120177344840
868120177344857
868120177344865
868120177344873
868120177344881
868120177344899
868120177344907
868120177344915
868120177344923
868120177344931
868120177344949
868120177344956
868120177344964
868120177344972
868120177344980
868120177344998
868120177345003
868120177345011
868120177345029
868120177345037
868120177345045
868120177345052
868120177345060
868120177345078
868120177345086
868120177345094
868120177345102
868120177345110
868120177345128
868120177345136
868120177345144
868120177345151
868120177345169
868120177345177
868120177345185
868120177345193
868120177345201
868120177345219
868120177345227
868120177345235
868120177345243
868120177345250
868120177345268
868120177345276
868120177345284
868120177345292
868120177345300
868120177345318
868120177345326
868120177345334
868120177345342
868120177345359
868120177345367
868120177345375
868120177345383
868120177345391
868120177345409
868120177345417
868120177345425
868120177345433
868120177345441
868120177345458
868120177345466
868120177345474
868120177345482
868120177345490
868120177345508
868120177345516
868120177345524
868120177345532
868120177345540
868120177345557
868120177345565
868120177345573
868120177345581
868120177345599
868120177345607
868120177345615
868120177345623
868120177345631
868120177345649
868120177345656
868120177345664
868120177345672
868120177345680
868120177345698
868120177345706
868120177345714
868120177345722
868120177345730
868120177345748
868120177345755
868120177345763
868120177345771
868120177345789
868120177345797
868120177345805
868120177345813
868120177345821
868120177345839
868120177345847
868120177345854
868120177345862
868120177345870
868120177345888
868120177345896
868120177345904
868120177345912
868120177345920
868120177345938
868120177345946
868120177345953
868120177345961
868120177345979
868120177345987
868120177345995
868120177346001
868120177346019
868120177346027
868120177346035
868120177346043
868120177346050
868120177346068
868120177346076
868120177346084
868120177346092
868120177346100
868120177346118
868120177346126
868120177346134
868120177346142
868120177346159
868120177346167
868120177346175
868120177346183
868120177346191
868120177346209
868120177346217
868120177346225
868120177346233
868120177346241
868120177346258
868120177346266
868120177346274
868120177346282
868120177346290
868120177346308
868120177346316
868120177346324
868120177346332
868120177346340
868120177346357
868120177346365
868120177346373
868120177346381
868120177346399
868120177346407
868120177346415
868120177346423
868120177346431
868120177346449
868120177346456
868120177346464
868120177346472
868120177346480
868120177346498
868120177346506
868120177346514
868120177346522
868120177346530
868120177346548
868120177346555
868120177346563
868120177346571
868120177346589
868120177346597
868120177346605
868120177346613
868120177346621
868120177346639
868120177346647
868120177346654
868120177346662
868120177346670
868120177346688
868120177346696
868120177346704
868120177346712
868120177346720
868120177346738
868120177346746
868120177346753
868120177346761
868120177346779
868120177346787
868120177346795
868120177346803
868120177346811
868120177346829
868120177346837
868120177346845
868120177346852
868120177346860
868120177346878
868120177346886
868120177346894
868120177346902
868120177346910
868120177346928
868120177346936
868120177346944
868120177346951
868120177346969
868120177346977
868120177346985
868120177346993
868120177347009
868120177347017
868120177347025
868120177347033
868120177347041
868120177347058
868120177347066
868120177347074
868120177347082
868120177347090
868120177347108
868120177347116
868120177347124
868120177347132
868120177347140
868120177347157
868120177347165
868120177347173
868120177347181
868120177347199
868120177347207
868120177347215
868120177347223
868120177347231
868120177347249
868120177347256
868120177347264
868120177347272
868120177347280
868120177347298
868120177347306
868120177347314
868120177347322
868120177347330
868120177347348
868120177347355
868120177347363
868120177347371
868120177347389
868120177347397
868120177347405
868120177347413
868120177347421
868120177347439
868120177347447
868120177347454
868120177347462
868120177347470
868120177347488
868120177347496
868120177347504
868120177347512
868120177347520
868120177347538
868120177347546
868120177347553
868120177347561
868120177347579
868120177347587
868120177347595
868120177347603
868120177347611
868120177347629
868120177347637
868120177347645
868120177347652
868120177347660
868120177347678
868120177347686
868120177347694
868120177347702
868120177347710
868120177347728
868120177347736
868120177347744
868120177347751
868120177347769
868120177347777
868120177347785
868120177347793
868120177347801
868120177347819
868120177347827
868120177347835
868120177347843
868120177347850
868120177347868
868120177347876
868120177347884
868120177347892
868120177347900
868120177347918
868120177347926
868120177347934
868120177347942
868120177347959
868120177347967
868120177347975
868120177347983
868120177347991
868120177348007
868120177348015
868120177348023
868120177348031
868120177348049
868120177348056
868120177348064
868120177348072
868120177348080
868120177348098
868120177348106
868120177348114
868120177348122
868120177348130
868120177348148
868120177348155
868120177348163
868120177348171
868120177348189
868120177348197
868120177348205
868120177348213
868120177348221
868120177348239
868120177348247
868120177348254
868120177348262
868120177348270
868120177348288
868120177348296
868120177348304
868120177348312
868120177348320
868120177348338
868120177348346
868120177348353
868120177348361
868120177348379
868120177348387
868120177348395
868120177348403
868120177348411
868120177348429
868120177348437
868120177348445
868120177348452
868120177348460
868120177348478
868120177348486
868120177348494
868120177348502
868120177348510
868120177348528
868120177348536
868120177348544
868120177348551
868120177348569
868120177348577
868120177348585
868120177348593
868120177348601
868120177348619
868120177348627
868120177348635
868120177348643
868120177348650
868120177348668
868120177348676
868120177348684
868120177348692
868120177348700
868120177348718
868120177348726
868120177348734
868120177348742
868120177348759
868120177348767
868120177348775
868120177348783
868120177348791
868120177348809
868120177348817
868120177348825
868120177348833
868120177348841
868120177348858
868120177348866
868120177348874
868120177348882
868120177348890
868120177348908
868120177348916
868120177348924
868120177348932
868120177348940
868120177348957
868120177348965
868120177348973
868120177348981
868120177348999
868120177349005
868120177349013
868120177349021
868120177349039
868120177349047
868120177349054
868120177349062
868120177349070
868120177349088
868120177349096
868120177349104
868120177349112
868120177349120
868120177349138
868120177349146
868120177349153
868120177349161
868120177349179
868120177349187
868120177349195
868120177349203
868120177349211
868120177349229
868120177349237
868120177349245
868120177349252
868120177349260
868120177349278
868120177349286
868120177349294
868120177349302
868120177349310
868120177349328
868120177349336
868120177349344
868120177349351
868120177349369
868120177349377
868120177349385
868120177349393
868120177349401
868120177349419
868120177349427
868120177349435
868120177349443
868120177349450
868120177349468
868120177349476
868120177349484
868120177349492
868120177349500
868120177349518
868120177349526
868120177349534
868120177349542
868120177349559
868120177349567
868120177349575
868120177349583
868120177349591
868120177349609
868120177349617
868120177349625
868120177349633
868120177349641
868120177349658
868120177349666
868120177349674
868120177349682
868120177349690
868120177349708
868120177349716
868120177349724
868120177349732
868120177349740
868120177349757
868120177349765
868120177349773
868120177349781
868120177349799
868120177349807
868120177349815
868120177349823
868120177349831
868120177349849
868120177349856
868120177349864
868120177349872
868120177349880
868120177349898
868120177349906
868120177349914
868120177349922
868120177349930
868120177349948
868120177349955
868120177349963
868120177349971
868120177349989
868120177349997
868120177350003
868120177350011
868120177350029
868120177350037
868120177350045
868120177350052
868120177350060
868120177350078
868120177350086
868120177350094
868120177350102
868120177350110
868120177350128
868120177350136
868120177350144
868120177350151
868120177350169
868120177350177
868120177350185
868120177350193
868120177350201
868120177350219
868120177350227
868120177350235
868120177350243
868120177350250
868120177350268
868120177350276
868120177350284
868120177350292
868120177350300
868120177350318
868120177350326
868120177350334
868120177350342
868120177350359
868120177350367
868120177350375
868120177350383
868120177350391
868120177350409
868120177350417
868120177350425
868120177350433
868120177350441
868120177350458
868120177350466
868120177350474
868120177350482
868120177350490
868120177350508
868120177350516
868120177350524
868120177350532
868120177350540
868120177350557
868120177350565
868120177350573
868120177350581
868120177350599
868120177350607
868120177350615
868120177350623
868120177350631
868120177350649
868120177350656
868120177350664
868120177350672
868120177350680
868120177350698
868120177350706
868120177350714
868120177350722
868120177350730
868120177350748
868120177350755
868120177350763
868120177350771
868120177350789
868120177350797
868120177350805
868120177350813
868120177350821
868120177350839
868120177350847
868120177350854
868120177350862
868120177350870
868120177350888
868120177350896
868120177350904
868120177350912
868120177350920
868120177350938
868120177350946
868120177350953
868120177350961
868120177350979
868120177350987
868120177350995
868120177351001
868120177351019
868120177351027
868120177351035
868120177351043
868120177351050
868120177351068
868120177351076
868120177351084
868120177351092
868120177351100
868120177351118
868120177351126
868120177351134
868120177351142
868120177351159
868120177351167
868120177351175
868120177351183
868120177351191
868120177351209
868120177351217
868120177351225
868120177351233
868120177351241
868120177351258
868120177351266
868120177351274
868120177351282
868120177351290
868120177351308
868120177351316
868120177351324
868120177351332
868120177351340
868120177351357
868120177351365
868120177351373
868120177351381
868120177351399
868120177351407
868120177351415
868120177351423
868120177351431
868120177351449
868120177351456
868120177351464
868120177351472
868120177351480
868120177351498
868120177351506
868120177351514
868120177351522
868120177351530
868120177351548
868120177351555
868120177351563
868120177351571
868120177351589
868120177351597
868120177351605
868120177351613
868120177351621
868120177351639
868120177351647
868120177351654
868120177351662
868120177351670
868120177351688
868120177351696
868120177351704
868120177351712
868120177351720
868120177351738
868120177351746
868120177351753
868120177351761
868120177351779
868120177351787
868120177351795
868120177351803
868120177351811
868120177351829
868120177351837
868120177351845
868120177351852
868120177351860
868120177351878
868120177351886
868120177351894
868120177351902
868120177351910
868120177351928
868120177351936
868120177351944
868120177351951
868120177351969
868120177351977
868120177351985
868120177351993
868120177352009
868120177352017
868120177352025
868120177352033
868120177352041
868120177352058
868120177352066
868120177352074
868120177352082
868120177352090
868120177352108
868120177352116
868120177352124
868120177352132
868120177352140
868120177352157
868120177352165
868120177352173
868120177352181
868120177352199
868120177352207
868120177352215
868120177352223
868120177352231
868120177352249
868120177352256
868120177352264
868120177352272
868120177352280
868120177352298
868120177352306
868120177352314
868120177352322
868120177352330
868120177352348
868120177352355
868120177352363
868120177352371
868120177352389
868120177352397
868120177352405
868120177352413
868120177352421
868120177352439
868120177352447
868120177352454
868120177352462
868120177352470
868120177352488
868120177352496
868120177352504
868120177352512
868120177352520
868120177352538
868120177352546
868120177352553
868120177352561
868120177352579
868120177352587
868120177352595
868120177352603
868120177352611
868120177352629
868120177352637
868120177352645
868120177352652
868120177352660
868120177352678
868120177352686
868120177352694
868120177352702
868120177352710
868120177352728
868120177352736
868120177352744
868120177352751
868120177352769
868120177352777
