868120168791447
868120168791454
868120168791462
868120168791470
868120168791488
868120168791496
868120168791504
868120168791512
868120168791520
868120168791538
868120168791546
868120168791553
868120168791561
868120168791579
868120168791587
868120168791595
868120168791603
868120168791611
868120168791629
868120168791637
868120168791645
868120168791652
868120168791660
868120168791678
868120168791686
868120168791694
868120168791702
868120168791710
868120168791728
868120168791736
868120168791744
868120168791751
868120168791769
868120168791777
868120168791785
868120168791793
868120168791801
868120168791819
868120168791827
868120168791835
868120168791843
868120168791850
868120168791868
868120168791876
868120168791884
868120168791892
868120168791900
868120168791918
868120168791926
868120168791934
868120168791942
868120168791959
868120168791967
868120168791975
868120168791983
868120168791991
868120168792007
868120168792015
868120168792023
868120168792031
868120168792049
868120168792056
868120168792064
868120168792072
868120168792080
868120168792098
868120168792106
868120168792114
868120168792122
868120168792130
868120168792148
868120168792155
868120168792163
868120168792171
868120168792189
868120168792197
868120168792205
868120168792213
868120168792221
868120168792239
868120168792247
868120168792254
868120168792262
868120168792270
868120168792288
868120168792296
868120168792304
868120168792312
868120168792320
868120168792338
868120168792346
868120168792353
868120168792361
868120168792379
868120168792387
868120168792395
868120168792403
868120168792411
868120168792429
868120168792437
868120168792445
868120168792452
868120168792460
868120168792478
868120168792486
868120168792494
868120168792502
868120168792510
868120168792528
868120168792536
868120168792544
868120168792551
868120168792569
868120168792577
868120168792585
868120168792593
868120168792601
868120168792619
868120168792627
868120168792635
868120168792643
868120168792650
868120168792668
868120168792676
868120168792684
868120168792692
868120168792700
868120168792718
868120168792726
868120168792734
868120168792742
868120168792759
868120168792767
868120168792775
868120168792783
868120168792791
868120168792809
868120168792817
868120168792825
868120168792833
868120168792841
868120168792858
868120168792866
868120168792874
868120168792882
868120168792890
868120168792908
868120168792916
868120168792924
868120168792932
868120168792940
868120168792957
868120168792965
868120168792973
868120168792981
868120168792999
868120168793005
868120168793013
868120168793021
868120168793039
868120168793047
868120168793054
868120168793062
868120168793070
868120168793088
868120168793096
868120168793104
868120168793112
868120168793120
868120168793138
868120168793146
868120168793153
868120168793161
868120168793179
868120168793187
868120168793195
868120168793203
868120168793211
868120168793229
868120168793237
868120168793245
868120168793252
868120168793260
868120168793278
868120168793286
868120168793294
868120168793302
868120168793310
868120168793328
868120168793336
868120168793344
868120168793351
868120168793369
868120168793377
868120168793385
868120168793393
868120168793401
868120168793419
868120168793427
868120168793435
868120168793443
868120168793450
868120168793468
868120168793476
868120168793484
868120168793492
868120168793500
868120168793518
868120168793526
868120168793534
868120168793542
868120168793559
868120168793567
868120168793575
868120168793583
868120168793591
868120168793609
868120168793617
868120168793625
868120168793633
868120168793641
868120168793658
868120168793666
868120168793674
868120168793682
868120168793690
868120168793708
868120168793716
868120168793724
868120168793732
868120168793740
868120168793757
868120168793765
868120168793773
868120168793781
868120168793799
868120168793807
868120168793815
868120168793823
868120168793831
868120168793849
868120168793856
868120168793864
868120168793872
868120168793880
868120168793898
868120168793906
868120168793914
868120168793922
868120168793930
868120168793948
868120168793955
868120168793963
868120168793971
868120168793989
868120168793997
868120168794003
868120168794011
868120168794029
868120168794037
868120168794045
868120168794052
868120168794060
868120168794078
868120168794086
868120168794094
868120168794102
868120168794110
868120168794128
868120168794136
868120168794144
868120168794151
868120168794169
868120168794177
868120168794185
868120168794193
868120168794201
868120168794219
868120168794227
868120168794235
868120168794243
868120168794250
868120168794268
868120168794276
868120168794284
868120168794292
868120168794300
868120168794318
868120168794326
868120168794334
868120168794342
868120168794359
868120168794367
868120168794375
868120168794383
868120168794391
868120168794409
868120168794417
868120168794425
868120168794433
868120168794441
868120168794458
868120168794466
868120168794474
868120168794482
868120168794490
868120168794508
868120168794516
868120168794524
868120168794532
868120168794540
868120168794557
868120168794565
868120168794573
868120168794581
868120168794599
868120168794607
868120168794615
868120168794623
868120168794631
868120168794649
868120168794656
868120168794664
868120168794672
868120168794680
868120168794698
868120168794706
868120168794714
868120168794722
868120168794730
868120168794748
868120168794755
868120168794763
868120168794771
868120168794789
868120168794797
868120168794805
868120168794813
868120168794821
868120168794839
868120168794847
868120168794854
868120168794862
868120168794870
868120168794888
868120168794896
868120168794904
868120168794912
868120168794920
868120168794938
868120168794946
868120168794953
868120168794961
868120168794979
868120168794987
868120168794995
868120168795000
868120168795018
868120168795026
868120168795034
868120168795042
868120168795059
868120168795067
868120168795075
868120168795083
868120168795091
868120168795109
868120168795117
868120168795125
868120168795133
868120168795141
868120168795158
868120168795166
868120168795174
868120168795182
868120168795190
868120168795208
868120168795216
868120168795224
868120168795232
868120168795240
868120168795257
868120168795265
868120168795273
868120168795281
868120168795299
868120168795307
868120168795315
868120168795323
868120168795331
868120168795349
868120168795356
868120168795364
868120168795372
868120168795380
868120168795398
868120168795406
868120168795414
868120168795422
868120168795430
868120168795448
868120168795455
868120168795463
868120168795471
868120168795489
868120168795497
868120168795505
868120168795513
868120168795521
868120168795539
868120168795547
868120168795554
868120168795562
868120168795570
868120168795588
868120168795596
868120168795604
868120168795612
868120168795620
868120168795638
868120168795646
868120168795653
868120168795661
868120168795679
868120168795687
868120168795695
868120168795703
868120168795711
868120168795729
868120168795737
868120168795745
868120168795752
868120168795760
868120168795778
868120168795786
868120168795794
868120168795802
868120168795810
868120168795828
868120168795836
868120168795844
868120168795851
868120168795869
868120168795877
868120168795885
868120168795893
868120168795901
868120168795919
868120168795927
868120168795935
868120168795943
868120168795950
868120168795968
868120168795976
868120168795984
868120168795992
868120168796008
868120168796016
868120168796024
868120168796032
868120168796040
868120168796057
868120168796065
868120168796073
868120168796081
868120168796099
868120168796107
868120168796115
868120168796123
868120168796131
868120168796149
868120168796156
868120168796164
868120168796172
868120168796180
868120168796198
868120168796206
868120168796214
868120168796222
868120168796230
868120168796248
868120168796255
868120168796263
868120168796271
868120168796289
868120168796297
868120168796305
868120168796313
868120168796321
868120168796339
868120168796347
868120168796354
868120168796362
868120168796370
868120168796388
868120168796396
868120168796404
868120168796412
868120168796420
868120168796438
868120168796446
868120168796453
868120168796461
868120168796479
868120168796487
868120168796495
868120168796503
868120168796511
868120168796529
868120168796537
868120168796545
868120168796552
868120168796560
868120168796578
868120168796586
868120168796594
868120168796602
868120168796610
868120168796628
868120168796636
868120168796644
868120168796651
868120168796669
868120168796677
868120168796685
868120168796693
868120168796701
868120168796719
868120168796727
868120168796735
868120168796743
868120168796750
868120168796768
868120168796776
868120168796784
868120168796792
868120168796800
868120168796818
868120168796826
868120168796834
868120168796842
868120168796859
868120168796867
868120168796875
868120168796883
868120168796891
868120168796909
868120168796917
868120168796925
868120168796933
868120168796941
868120168796958
868120168796966
868120168796974
868120168796982
868120168796990
868120168797006
868120168797014
868120168797022
868120168797030
868120168797048
868120168797055
868120168797063
868120168797071
868120168797089
868120168797097
868120168797105
868120168797113
868120168797121
868120168797139
868120168797147
868120168797154
868120168797162
868120168797170
868120168797188
868120168797196
868120168797204
868120168797212
868120168797220
868120168797238
868120168797246
868120168797253
868120168797261
868120168797279
868120168797287
868120168797295
868120168797303
868120168797311
868120168797329
868120168797337
868120168797345
868120168797352
868120168797360
868120168797378
868120168797386
868120168797394
868120168797402
868120168797410
868120168797428
868120168797436
868120168797444
868120168797451
868120168797469
868120168797477
868120168797485
868120168797493
868120168797501
868120168797519
868120168797527
868120168797535
868120168797543
868120168797550
868120168797568
868120168797576
868120168797584
868120168797592
868120168797600
868120168797618
868120168797626
868120168797634
868120168797642
868120168797659
868120168797667
868120168797675
868120168797683
868120168797691
868120168797709
868120168797717
868120168797725
868120168797733
868120168797741
868120168797758
868120168797766
868120168797774
868120168797782
868120168797790
868120168797808
868120168797816
868120168797824
868120168797832
868120168797840
868120168797857
868120168797865
868120168797873
868120168797881
868120168797899
868120168797907
868120168797915
868120168797923
868120168797931
868120168797949
868120168797956
868120168797964
868120168797972
868120168797980
868120168797998
868120168798004
868120168798012
868120168798020
868120168798038
868120168798046
868120168798053
868120168798061
868120168798079
868120168798087
868120168798095
868120168798103
868120168798111
868120168798129
868120168798137
868120168798145
868120168798152
868120168798160
868120168798178
868120168798186
868120168798194
868120168798202
868120168798210
868120168798228
868120168798236
868120168798244
868120168798251
868120168798269
868120168798277
868120168798285
868120168798293
868120168798301
868120168798319
868120168798327
868120168798335
868120168798343
868120168798350
868120168798368
868120168798376
868120168798384
868120168798392
868120168798400
868120168798418
868120168798426
868120168798434
868120168798442
868120168798459
868120168798467
868120168798475
868120168798483
868120168798491
868120168798509
868120168798517
868120168798525
868120168798533
868120168798541
868120168798558
868120168798566
868120168798574
868120168798582
868120168798590
868120168798608
868120168798616
868120168798624
868120168798632
868120168798640
868120168798657
868120168798665
868120168798673
868120168798681
868120168798699
868120168798707
868120168798715
868120168798723
868120168798731
868120168798749
868120168798756
868120168798764
868120168798772
868120168798780
868120168798798
868120168798806
868120168798814
868120168798822
868120168798830
868120168798848
868120168798855
868120168798863
868120168798871
868120168798889
868120168798897
868120168798905
868120168798913
868120168798921
868120168798939
868120168798947
868120168798954
868120168798962
868120168798970
868120168798988
868120168798996
868120168799002
868120168799010
868120168799028
868120168799036
868120168799044
868120168799051
868120168799069
868120168799077
868120168799085
868120168799093
868120168799101
868120168799119
868120168799127
868120168799135
868120168799143
868120168799150
868120168799168
868120168799176
868120168799184
868120168799192
868120168799200
868120168799218
868120168799226
868120168799234
868120168799242
868120168799259
868120168799267
868120168799275
868120168799283
868120168799291
868120168799309
868120168799317
868120168799325
868120168799333
868120168799341
868120168799358
868120168799366
868120168799374
868120168799382
868120168799390
868120168799408
868120168799416
868120168799424
868120168799432
