3613050012120281
3613050012120282
3613050012120283
3613050012120284
3613050012120285
3613050012120286
3613050012120287
3613050012120288
3613050012120289
3613050012120290
3613050012120291
3613050012120292
3613050012120293
3613050012120294
3613050012120295
3613050012120296
3613050012120297
3613050012120298
3613050012120299
3613050012120300
3613050012120301
3613050012120302
3613050012120303
3613050012120304
3613050012120305
3613050012120306
3613050012120307
3613050012120308
3613050012120309
3613050012120310
3613050012120311
3613050012120312
3613050012120313
3613050012120314
3613050012120315
3613050012120316
3613050012120317
3613050012120318
3613050012120319
3613050012120320
3613050012120321
3613050012120322
3613050012120323
3613050012120324
3613050012120325
3613050012120326
3613050012120327
3613050012120328
3613050012120329
3613050012120330
3613050012120331
3613050012120332
3613050012120333
3613050012120334
3613050012120335
3613050012120336
3613050012120337
3613050012120338
3613050012120339
3613050012120340
3613050012120341
3613050012120342
3613050012120343
3613050012120344
3613050012120345
3613050012120346
3613050012120347
3613050012120348
3613050012120349
3613050012120350
3613050012120351
3613050012120352
3613050012120353
3613050012120354
3613050012120355
3613050012120356
3613050012120357
3613050012120358
3613050012120359
3613050012120360
3613050012120361
3613050012120362
3613050012120363
3613050012120364
3613050012120365
3613050012120366
3613050012120367
3613050012120368
3613050012120369
3613050012120370
3613050012120371
3613050012120372
3613050012120373
3613050012120374
3613050012120375
3613050012120376
3613050012120377
3613050012120378
3613050012120379
3613050012120380
3613050012120381
3613050012120382
3613050012120383
3613050012120384
3613050012120385
3613050012120386
3613050012120387
3613050012120388
3613050012120389
3613050012120390
3613050012120391
3613050012120392
3613050012120393
3613050012120394
3613050012120395
3613050012120396
3613050012120397
3613050012120398
3613050012120399
3613050012120400
3613050012120401
3613050012120402
3613050012120403
3613050012120404
3613050012120405
3613050012120406
3613050012120407
3613050012120408
3613050012120409
3613050012120410
3613050012120411
3613050012120412
3613050012120413
3613050012120414
3613050012120415
3613050012120416
3613050012120417
3613050012120418
3613050012120419
3613050012120420
3613050012120421
3613050012120422
3613050012120423
3613050012120424
3613050012120425
3613050012120426
3613050012120427
3613050012120428
3613050012120429
3613050012120430
3613050012120431
3613050012120432
3613050012120433
3613050012120434
3613050012120435
3613050012120436
3613050012120437
3613050012120438
3613050012120439
3613050012120440
3613050012120441
3613050012120442
3613050012120443
3613050012120444
3613050012120445
3613050012120446
3613050012120447
3613050012120448
3613050012120449
3613050012120450
3613050012120451
3613050012120452
3613050012120453
3613050012120454
3613050012120455
3613050012120456
3613050012120457
3613050012120458
3613050012120459
3613050012120460
3613050012120461
3613050012120462
3613050012120463
3613050012120464
3613050012120465
3613050012120466
3613050012120467
3613050012120468
3613050012120469
3613050012120470
3613050012120471
3613050012120472
3613050012120473
3613050012120474
3613050012120475
3613050012120476
3613050012120477
3613050012120478
3613050012120479
3613050012120480
3613050012120481
3613050012120482
3613050012120483
3613050012120484
3613050012120485
3613050012120486
3613050012120487
3613050012120488
3613050012120489
3613050012120490
3613050012120491
3613050012120492
3613050012120493
3613050012120494
3613050012120495
3613050012120496
3613050012120497
3613050012120498
3613050012120499
3613050012120500
3613050012120501
3613050012120502
3613050012120503
3613050012120504
3613050012120505
3613050012120506
3613050012120507
3613050012120508
3613050012120509
3613050012120510
3613050012120511
3613050012120512
3613050012120513
3613050012120514
3613050012120515
3613050012120516
3613050012120517
3613050012120518
3613050012120519
3613050012120520
3613050012120521
3613050012120522
3613050012120523
3613050012120524
3613050012120525
3613050012120526
3613050012120527
3613050012120528
3613050012120529
3613050012120530
3613050012120531
3613050012120532
3613050012120533
3613050012120534
3613050012120535
3613050012120536
3613050012120537
3613050012120538
3613050012120539
3613050012120540
3613050012120541
3613050012120542
3613050012120543
3613050012120544
3613050012120545
3613050012120546
3613050012120547
3613050012120548
3613050012120549
3613050012120550
3613050012120551
3613050012120552
3613050012120553
3613050012120554
3613050012120555
3613050012120556
3613050012120557
3613050012120558
3613050012120559
3613050012120560
3613050012120561
3613050012120562
3613050012120563
3613050012120564
3613050012120565
3613050012120566
3613050012120567
3613050012120568
3613050012120569
3613050012120570
3613050012120571
3613050012120572
3613050012120573
3613050012120574
3613050012120575
3613050012120576
3613050012120577
3613050012120578
3613050012120579
3613050012120580
3613050012120581
3613050012120582
3613050012120583
3613050012120584
3613050012120585
3613050012120586
3613050012120587
3613050012120588
3613050012120589
3613050012120590
3613050012120591
3613050012120592
3613050012120593
3613050012120594
3613050012120595
3613050012120596
3613050012120597
3613050012120598
3613050012120599
3613050012120600
3613050012120601
3613050012120602
3613050012120603
3613050012120604
3613050012120605
3613050012120606
3613050012120607
3613050012120608
3613050012120609
3613050012120610
3613050012120611
3613050012120612
3613050012120613
3613050012120614
3613050012120615
3613050012120616
3613050012120617
3613050012120618
3613050012120619
3613050012120620
3613050012120621
3613050012120622
3613050012120623
3613050012120624
3613050012120625
3613050012120626
3613050012120627
3613050012120628
3613050012120629
3613050012120630
3613050012120631
3613050012120632
3613050012120633
3613050012120634
3613050012120635
3613050012120636
3613050012120637
3613050012120638
3613050012120639
3613050012120640
3613050012120641
3613050012120642
3613050012120643
3613050012120644
3613050012120645
3613050012120646
3613050012120647
3613050012120648
3613050012120649
3613050012120650
3613050012120651
3613050012120652
3613050012120653
3613050012120654
3613050012120655
3613050012120656
3613050012120657
3613050012120658
3613050012120659
3613050012120660
3613050012120661
3613050012120662
3613050012120663
3613050012120664
3613050012120665
3613050012120666
3613050012120667
3613050012120668
3613050012120669
3613050012120670
3613050012120671
3613050012120672
3613050012120673
3613050012120674
3613050012120675
3613050012120676
3613050012120677
3613050012120678
3613050012120679
3613050012120680
3613050012120681
3613050012120682
3613050012120683
3613050012120684
3613050012120685
3613050012120686
3613050012120687
3613050012120688
3613050012120689
3613050012120690
3613050012120691
3613050012120692
3613050012120693
3613050012120694
3613050012120695
3613050012120696
3613050012120697
3613050012120698
3613050012120699
3613050012120700
3613050012120701
3613050012120702
3613050012120703
3613050012120704
3613050012120705
3613050012120706
3613050012120707
3613050012120708
3613050012120709
3613050012120710
3613050012120711
3613050012120712
3613050012120713
3613050012120714
3613050012120715
3613050012120716
3613050012120717
3613050012120718
3613050012120719
3613050012120720
3613050012120721
3613050012120722
3613050012120723
3613050012120724
3613050012120725
3613050012120726
3613050012120727
3613050012120728
3613050012120729
3613050012120730
3613050012120731
3613050012120732
3613050012120733
3613050012120734
3613050012120735
3613050012120736
3613050012120737
3613050012120738
3613050012120739
3613050012120740
3613050012120741
3613050012120742
3613050012120743
3613050012120744
3613050012120745
3613050012120746
3613050012120747
3613050012120748
3613050012120749
3613050012120750
3613050012120751
3613050012120752
3613050012120753
3613050012120754
3613050012120755
3613050012120756
3613050012120757
3613050012120758
3613050012120759
3613050012120760
3613050012120761
3613050012120762
3613050012120763
3613050012120764
3613050012120765
3613050012120766
3613050012120767
3613050012120768
3613050012120769
3613050012120770
3613050012120771
3613050012120772
3613050012120773
3613050012120774
3613050012120775
3613050012120776
3613050012120777
3613050012120778
3613050012120779
3613050012120780
3613050012120781
3613050012120782
3613050012120783
3613050012120784
3613050012120785
3613050012120786
3613050012120787
3613050012120788
3613050012120789
3613050012120790
3613050012120791
3613050012120792
3613050012120793
3613050012120794
3613050012120795
3613050012120796
3613050012120797
3613050012120798
3613050012120799
3613050012120800
3613050012120801
3613050012120802
3613050012120803
3613050012120804
3613050012120805
3613050012120806
3613050012120807
3613050012120808
3613050012120809
3613050012120810
3613050012120811
3613050012120812
3613050012120813
3613050012120814
3613050012120815
3613050012120816
3613050012120817
3613050012120818
3613050012120819
3613050012120820
3613050012120821
3613050012120822
3613050012120823
3613050012120824
3613050012120825
3613050012120826
3613050012120827
3613050012120828
3613050012120829
3613050012120830
3613050012120831
3613050012120832
3613050012120833
3613050012120834
3613050012120835
3613050012120836
3613050012120837
3613050012120838
3613050012120839
3613050012120840
3613050012120841
3613050012120842
3613050012120843
3613050012120844
3613050012120845
3613050012120846
3613050012120847
3613050012120848
3613050012120849
3613050012120850
3613050012120851
3613050012120852
3613050012120853
3613050012120854
3613050012120855
3613050012120856
3613050012120857
3613050012120858
3613050012120859
3613050012120860
3613050012120861
3613050012120862
3613050012120863
3613050012120864
3613050012120865
3613050012120866
3613050012120867
3613050012120868
3613050012120869
3613050012120870
3613050012120871
3613050012120872
3613050012120873
3613050012120874
3613050012120875
3613050012120876
3613050012120877
3613050012120878
3613050012120879
3613050012120880
3613050012120881
3613050012120882
3613050012120883
3613050012120884
3613050012120885
3613050012120886
3613050012120887
3613050012120888
3613050012120889
3613050012120890
3613050012120891
3613050012120892
3613050012120893
3613050012120894
3613050012120895
3613050012120896
3613050012120897
3613050012120898
3613050012120899
3613050012120900
3613050012120901
3613050012120902
3613050012120903
3613050012120904
3613050012120905
3613050012120906
3613050012120907
3613050012120908
3613050012120909
3613050012120910
3613050012120911
3613050012120912
3613050012120913
3613050012120914
3613050012120915
3613050012120916
3613050012120917
3613050012120918
3613050012120919
3613050012120920
3613050012120921
3613050012120922
3613050012120923
3613050012120924
3613050012120925
3613050012120926
3613050012120927
3613050012120928
3613050012120929
3613050012120930
3613050012120931
3613050012120932
3613050012120933
3613050012120934
3613050012120935
3613050012120936
3613050012120937
3613050012120938
3613050012120939
3613050012120940
3613050012120941
3613050012120942
3613050012120943
3613050012120944
3613050012120945
3613050012120946
3613050012120947
3613050012120948
3613050012120949
3613050012120950
3613050012120951
3613050012120952
3613050012120953
3613050012120954
3613050012120955
3613050012120956
3613050012120957
3613050012120958
3613050012120959
3613050012120960
3613050012120961
3613050012120962
3613050012120963
3613050012120964
3613050012120965
3613050012120966
3613050012120967
3613050012120968
3613050012120969
3613050012120970
3613050012120971
3613050012120972
3613050012120973
3613050012120974
3613050012120975
3613050012120976
3613050012120977
3613050012120978
3613050012120979
3613050012120980
3613050012120981
3613050012120982
3613050012120983
3613050012120984
3613050012120985
3613050012120986
3613050012120987
3613050012120988
3613050012120989
3613050012120990
3613050012120991
3613050012120992
3613050012120993
3613050012120994
3613050012120995
3613050012120996
3613050012120997
3613050012120998
3613050012120999
3613050012121000
3613050012121001
3613050012121002
3613050012121003
3613050012121004
3613050012121005
3613050012121006
3613050012121007
3613050012121008
3613050012121009
3613050012121010
3613050012121011
3613050012121012
3613050012121013
3613050012121014
3613050012121015
3613050012121016
3613050012121017
3613050012121018
3613050012121019
3613050012121020
3613050012121021
3613050012121022
3613050012121023
3613050012121024
3613050012121025
3613050012121026
3613050012121027
3613050012121028
3613050012121029
3613050012121030
3613050012121031
3613050012121032
3613050012121033
3613050012121034
3613050012121035
3613050012121036
3613050012121037
3613050012121038
3613050012121039
3613050012121040
3613050012121041
3613050012121042
3613050012121043
3613050012121044
3613050012121045
3613050012121046
3613050012121047
3613050012121048
3613050012121049
3613050012121050
3613050012121051
3613050012121052
3613050012121053
3613050012121054
3613050012121055
3613050012121056
3613050012121057
3613050012121058
3613050012121059
3613050012121060
3613050012121061
3613050012121062
3613050012121063
3613050012121064
3613050012121065
3613050012121066
3613050012121067
3613050012121068
3613050012121069
3613050012121070
3613050012121071
3613050012121072
3613050012121073
3613050012121074
3613050012121075
3613050012121076
3613050012121077
3613050012121078
3613050012121079
3613050012121080
3613050012121081
3613050012121082
3613050012121083
3613050012121084
3613050012121085
3613050012121086
3613050012121087
3613050012121088
3613050012121089
3613050012121090
3613050012121091
3613050012121092
3613050012121093
3613050012121094
3613050012121095
3613050012121096
3613050012121097
3613050012121098
3613050012121099
3613050012121100
3613050012121101
3613050012121102
3613050012121103
3613050012121104
3613050012121105
3613050012121106
3613050012121107
3613050012121108
3613050012121109
3613050012121110
3613050012121111
3613050012121112
3613050012121113
3613050012121114
3613050012121115
3613050012121116
3613050012121117
3613050012121118
3613050012121119
3613050012121120
3613050012121121
3613050012121122
3613050012121123
3613050012121124
3613050012121125
3613050012121126
3613050012121127
3613050012121128
3613050012121129
3613050012121130
3613050012121131
3613050012121132
3613050012121133
3613050012121134
3613050012121135
3613050012121136
3613050012121137
3613050012121138
3613050012121139
3613050012121140
3613050012121141
3613050012121142
3613050012121143
3613050012121144
3613050012121145
3613050012121146
3613050012121147
3613050012121148
3613050012121149
3613050012121150
3613050012121151
3613050012121152
3613050012121153
3613050012121154
3613050012121155
3613050012121156
3613050012121157
3613050012121158
3613050012121159
3613050012121160
3613050012121161
3613050012121162
3613050012121163
3613050012121164
3613050012121165
3613050012121166
3613050012121167
3613050012121168
3613050012121169
3613050012121170
3613050012121171
3613050012121172
3613050012121173
3613050012121174
3613050012121175
3613050012121176
3613050012121177
3613050012121178
3613050012121179
3613050012121180
3613050012121181
3613050012121182
3613050012121183
3613050012121184
3613050012121185
3613050012121186
3613050012121187
3613050012121188
3613050012121189
3613050012121190
3613050012121191
3613050012121192
3613050012121193
3613050012121194
3613050012121195
3613050012121196
3613050012121197
3613050012121198
3613050012121199
3613050012121200
3613050012121201
3613050012121202
3613050012121203
3613050012121204
3613050012121205
3613050012121206
3613050012121207
3613050012121208
3613050012121209
3613050012121210
3613050012121211
3613050012121212
3613050012121213
3613050012121214
3613050012121215
3613050012121216
3613050012121217
3613050012121218
3613050012121219
3613050012121220
3613050012121221
3613050012121222
3613050012121223
3613050012121224
3613050012121225
3613050012121226
3613050012121227
3613050012121228
3613050012121229
3613050012121230
3613050012121231
3613050012121232
3613050012121233
3613050012121234
3613050012121235
3613050012121236
3613050012121237
3613050012121238
3613050012121239
3613050012121240
3613050012121241
3613050012121242
3613050012121243
3613050012121244
3613050012121245
3613050012121246
3613050012121247
3613050012121248
3613050012121249
3613050012121250
3613050012121251
3613050012121252
3613050012121253
3613050012121254
3613050012121255
3613050012121256
3613050012121257
3613050012121258
3613050012121259
3613050012121260
3613050012121261
3613050012121262
3613050012121263
3613050012121264
3613050012121265
3613050012121266
3613050012121267
3613050012121268
3613050012121269
3613050012121270
3613050012121271
3613050012121272
3613050012121273
3613050012121274
3613050012121275
3613050012121276
3613050012121277
3613050012121278
3613050012121279
3613050012121280
3613050012121281
3613050012121282
3613050012121283
3613050012121284
3613050012121285
3613050012121286
3613050012121287
3613050012121288
3613050012121289
3613050012121290
3613050012121291
3613050012121292
3613050012121293
3613050012121294
3613050012121295
3613050012121296
3613050012121297
3613050012121298
3613050012121299
3613050012121300
3613050012121301
3613050012121302
3613050012121303
3613050012121304
3613050012121305
3613050012121306
3613050012121307
3613050012121308
3613050012121309
3613050012121310
3613050012121311
3613050012121312
3613050012121313
3613050012121314
3613050012121315
3613050012121316
3613050012121317
3613050012121318
3613050012121319
3613050012121320
3613050012121321
3613050012121322
3613050012121323
3613050012121324
3613050012121325
3613050012121326
3613050012121327
3613050012121328
3613050012121329
3613050012121330
3613050012121331
3613050012121332
3613050012121333
3613050012121334
3613050012121335
3613050012121336
3613050012121337
3613050012121338
3613050012121339
3613050012121340
3613050012121341
3613050012121342
3613050012121343
3613050012121344
3613050012121345
3613050012121346
3613050012121347
3613050012121348
3613050012121349
3613050012121350
3613050012121351
3613050012121352
3613050012121353
3613050012121354
3613050012121355
3613050012121356
3613050012121357
3613050012121358
3613050012121359
3613050012121360
3613050012121361
3613050012121362
3613050012121363
3613050012121364
3613050012121365
3613050012121366
3613050012121367
3613050012121368
3613050012121369
3613050012121370
3613050012121371
3613050012121372
3613050012121373
3613050012121374
3613050012121375
3613050012121376
3613050012121377
3613050012121378
3613050012121379
3613050012121380
3613050012121381
3613050012121382
3613050012121383
3613050012121384
3613050012121385
3613050012121386
3613050012121387
3613050012121388
3613050012121389
3613050012121390
3613050012121391
3613050012121392
3613050012121393
3613050012121394
3613050012121395
3613050012121396
3613050012121397
3613050012121398
3613050012121399
3613050012121400
3613050012121401
3613050012121402
3613050012121403
3613050012121404
3613050012121405
3613050012121406
3613050012121407
3613050012121408
3613050012121409
3613050012121410
3613050012121411
3613050012121412
3613050012121413
3613050012121414
3613050012121415
3613050012121416
3613050012121417
3613050012121418
3613050012121419
3613050012121420
3613050012121421
3613050012121422
3613050012121423
3613050012121424
3613050012121425
3613050012121426
3613050012121427
3613050012121428
3613050012121429
3613050012121430
3613050012121431
3613050012121432
3613050012121433
3613050012121434
3613050012121435
3613050012121436
3613050012121437
3613050012121438
3613050012121439
3613050012121440
3613050012121441
3613050012121442
3613050012121443
3613050012121444
3613050012121445
3613050012121446
3613050012121447
3613050012121448
3613050012121449
3613050012121450
3613050012121451
3613050012121452
3613050012121453
3613050012121454
3613050012121455
3613050012121456
3613050012121457
3613050012121458
3613050012121459
3613050012121460
3613050012121461
3613050012121462
3613050012121463
3613050012121464
3613050012121465
3613050012121466
3613050012121467
3613050012121468
3613050012121469
3613050012121470
3613050012121471
3613050012121472
3613050012121473
3613050012121474
3613050012121475
3613050012121476
3613050012121477
3613050012121478
3613050012121479
3613050012121480
3613050012121481
3613050012121482
3613050012121483
3613050012121484
3613050012121485
3613050012121486
3613050012121487
3613050012121488
3613050012121489
3613050012121490
3613050012121491
3613050012121492
3613050012121493
3613050012121494
3613050012121495
3613050012121496
3613050012121497
3613050012121498
3613050012121499
3613050012121500
3613050012121501
3613050012121502
3613050012121503
3613050012121504
3613050012121505
3613050012121506
3613050012121507
3613050012121508
3613050012121509
3613050012121510
3613050012121511
3613050012121512
3613050012121513
3613050012121514
3613050012121515
3613050012121516
3613050012121517
3613050012121518
3613050012121519
3613050012121520
3613050012121521
3613050012121522
3613050012121523
3613050012121524
3613050012121525
3613050012121526
3613050012121527
3613050012121528
3613050012121529
3613050012121530
3613050012121531
3613050012121532
3613050012121533
3613050012121534
3613050012121535
3613050012121536
3613050012121537
3613050012121538
3613050012121539
3613050012121540
3613050012121541
3613050012121542
3613050012121543
3613050012121544
3613050012121545
3613050012121546
3613050012121547
3613050012121548
3613050012121549
3613050012121550
3613050012121551
3613050012121552
3613050012121553
3613050012121554
3613050012121555
3613050012121556
3613050012121557
3613050012121558
3613050012121559
3613050012121560
3613050012121561
3613050012121562
3613050012121563
3613050012121564
3613050012121565
3613050012121566
3613050012121567
3613050012121568
3613050012121569
3613050012121570
3613050012121571
3613050012121572
3613050012121573
3613050012121574
3613050012121575
3613050012121576
3613050012121577
3613050012121578
3613050012121579
3613050012121580
3613050012121581
3613050012121582
3613050012121583
3613050012121584
3613050012121585
3613050012121586
3613050012121587
3613050012121588
3613050012121589
3613050012121590
3613050012121591
3613050012121592
3613050012121593
3613050012121594
3613050012121595
3613050012121596
3613050012121597
3613050012121598
3613050012121599
3613050012121600
3613050012121601
3613050012121602
3613050012121603
3613050012121604
3613050012121605
3613050012121606
3613050012121607
3613050012121608
3613050012121609
3613050012121610
3613050012121611
3613050012121612
3613050012121613
3613050012121614
3613050012121615
3613050012121616
3613050012121617
3613050012121618
3613050012121619
3613050012121620
3613050012121621
3613050012121622
3613050012121623
3613050012121624
3613050012121625
3613050012121626
3613050012121627
3613050012121628
3613050012121629
3613050012121630
3613050012121631
3613050012121632
3613050012121633
3613050012121634
3613050012121635
3613050012121636
3613050012121637
3613050012121638
3613050012121639
3613050012121640
3613050012121641
3613050012121642
3613050012121643
3613050012121644
3613050012121645
3613050012121646
3613050012121647
3613050012121648
3613050012121649
3613050012121650
3613050012121651
3613050012121652
3613050012121653
3613050012121654
3613050012121655
3613050012121656
3613050012121657
3613050012121658
3613050012121659
3613050012121660
3613050012121661
3613050012121662
3613050012121663
3613050012121664
3613050012121665
3613050012121666
3613050012121667
3613050012121668
3613050012121669
3613050012121670
3613050012121671
3613050012121672
3613050012121673
3613050012121674
3613050012121675
3613050012121676
3613050012121677
3613050012121678
3613050012121679
3613050012121680
3613050012121681
3613050012121682
3613050012121683
3613050012121684
3613050012121685
3613050012121686
3613050012121687
3613050012121688
3613050012121689
3613050012121690
3613050012121691
3613050012121692
3613050012121693
3613050012121694
3613050012121695
3613050012121696
3613050012121697
3613050012121698
3613050012121699
3613050012121700
3613050012121701
3613050012121702
3613050012121703
3613050012121704
3613050012121705
3613050012121706
3613050012121707
3613050012121708
3613050012121709
3613050012121710
3613050012121711
3613050012121712
3613050012121713
3613050012121714
3613050012121715
3613050012121716
3613050012121717
3613050012121718
3613050012121719
3613050012121720
3613050012121721
3613050012121722
3613050012121723
3613050012121724
3613050012121725
3613050012121726
3613050012121727
3613050012121728
3613050012121729
3613050012121730
3613050012121731
3613050012121732
3613050012121733
3613050012121734
3613050012121735
3613050012121736
3613050012121737
3613050012121738
3613050012121739
3613050012121740
3613050012121741
3613050012121742
3613050012121743
3613050012121744
3613050012121745
3613050012121746
3613050012121747
3613050012121748
3613050012121749
3613050012121750
3613050012121751
3613050012121752
3613050012121753
3613050012121754
3613050012121755
3613050012121756
3613050012121757
3613050012121758
3613050012121759
3613050012121760
3613050012121761
3613050012121762
3613050012121763
3613050012121764
3613050012121765
3613050012121766
3613050012121767
3613050012121768
3613050012121769
3613050012121770
3613050012121771
3613050012121772
3613050012121773
3613050012121774
3613050012121775
3613050012121776
3613050012121777
3613050012121778
3613050012121779
3613050012121780
3613050012121781
3613050012121782
3613050012121783
3613050012121784
3613050012121785
3613050012121786
3613050012121787
3613050012121788
3613050012121789
3613050012121790
3613050012121791
3613050012121792
3613050012121793
3613050012121794
3613050012121795
3613050012121796
3613050012121797
3613050012121798
3613050012121799
3613050012121800
3613050012121801
3613050012121802
3613050012121803
3613050012121804
3613050012121805
3613050012121806
3613050012121807
3613050012121808
3613050012121809
3613050012121810
3613050012121811
3613050012121812
3613050012121813
3613050012121814
3613050012121815
3613050012121816
3613050012121817
3613050012121818
3613050012121819
3613050012121820
3613050012121821
3613050012121822
3613050012121823
3613050012121824
3613050012121825
3613050012121826
3613050012121827
3613050012121828
3613050012121829
3613050012121830
3613050012121831
3613050012121832
3613050012121833
3613050012121834
3613050012121835
3613050012121836
3613050012121837
3613050012121838
3613050012121839
3613050012121840
3613050012121841
3613050012121842
3613050012121843
3613050012121844
3613050012121845
3613050012121846
3613050012121847
3613050012121848
3613050012121849
3613050012121850
3613050012121851
3613050012121852
3613050012121853
3613050012121854
3613050012121855
3613050012121856
3613050012121857
3613050012121858
3613050012121859
3613050012121860
3613050012121861
3613050012121862
3613050012121863
3613050012121864
3613050012121865
3613050012121866
3613050012121867
3613050012121868
3613050012121869
3613050012121870
3613050012121871
3613050012121872
3613050012121873
3613050012121874
3613050012121875
3613050012121876
3613050012121877
3613050012121878
3613050012121879
3613050012121880
3613050012121881
3613050012121882
3613050012121883
3613050012121884
3613050012121885
3613050012121886
3613050012121887
3613050012121888
3613050012121889
3613050012121890
3613050012121891
3613050012121892
3613050012121893
3613050012121894
3613050012121895
3613050012121896
3613050012121897
3613050012121898
3613050012121899
3613050012121900
3613050012121901
3613050012121902
3613050012121903
3613050012121904
3613050012121905
3613050012121906
3613050012121907
3613050012121908
3613050012121909
3613050012121910
3613050012121911
3613050012121912
3613050012121913
3613050012121914
3613050012121915
3613050012121916
3613050012121917
3613050012121918
3613050012121919
3613050012121920
3613050012121921
3613050012121922
3613050012121923
3613050012121924
3613050012121925
3613050012121926
3613050012121927
3613050012121928
3613050012121929
3613050012121930
3613050012121931
3613050012121932
3613050012121933
3613050012121934
3613050012121935
3613050012121936
3613050012121937
3613050012121938
3613050012121939
3613050012121940
3613050012121941
3613050012121942
3613050012121943
3613050012121944
3613050012121945
3613050012121946
3613050012121947
3613050012121948
3613050012121949
3613050012121950
3613050012121951
3613050012121952
3613050012121953
3613050012121954
3613050012121955
3613050012121956
3613050012121957
3613050012121958
3613050012121959
3613050012121960
3613050012121961
3613050012121962
3613050012121963
3613050012121964
3613050012121965
3613050012121966
3613050012121967
3613050012121968
3613050012121969
3613050012121970
3613050012121971
3613050012121972
3613050012121973
3613050012121974
3613050012121975
3613050012121976
3613050012121977
3613050012121978
3613050012121979
3613050012121980
3613050012121981
3613050012121982
3613050012121983
3613050012121984
3613050012121985
3613050012121986
3613050012121987
3613050012121988
3613050012121989
3613050012121990
3613050012121991
3613050012121992
3613050012121993
3613050012121994
3613050012121995
3613050012121996
3613050012121997
3613050012121998
3613050012121999
3613050012122000
3613050012122001
3613050012122002
3613050012122003
3613050012122004
3613050012122005
3613050012122006
3613050012122007
3613050012122008
3613050012122009
3613050012122010
3613050012122011
3613050012122012
3613050012122013
3613050012122014
3613050012122015
3613050012122016
3613050012122017
3613050012122018
3613050012122019
3613050012122020
3613050012122021
3613050012122022
3613050012122023
3613050012122024
3613050012122025
3613050012122026
3613050012122027
3613050012122028
3613050012122029
3613050012122030
3613050012122031
3613050012122032
3613050012122033
3613050012122034
3613050012122035
3613050012122036
3613050012122037
3613050012122038
3613050012122039
3613050012122040
3613050012122041
3613050012122042
3613050012122043
3613050012122044
3613050012122045
3613050012122046
3613050012122047
3613050012122048
3613050012122049
3613050012122050
3613050012122051
3613050012122052
3613050012122053
3613050012122054
3613050012122055
3613050012122056
3613050012122057
3613050012122058
3613050012122059
3613050012122060
3613050012122061
3613050012122062
3613050012122063
3613050012122064
3613050012122065
3613050012122066
3613050012122067
3613050012122068
3613050012122069
3613050012122070
3613050012122071
3613050012122072
3613050012122073
3613050012122074
3613050012122075
3613050012122076
3613050012122077
3613050012122078
3613050012122079
3613050012122080
3613050012122081
3613050012122082
3613050012122083
3613050012122084
3613050012122085
3613050012122086
3613050012122087
3613050012122088
3613050012122089
3613050012122090
3613050012122091
3613050012122092
3613050012122093
3613050012122094
3613050012122095
3613050012122096
3613050012122097
3613050012122098
3613050012122099
3613050012122100
3613050012122101
3613050012122102
3613050012122103
3613050012122104
3613050012122105
3613050012122106
3613050012122107
3613050012122108
3613050012122109
3613050012122110
3613050012122111
3613050012122112
3613050012122113
3613050012122114
3613050012122115
3613050012122116
3613050012122117
3613050012122118
3613050012122119
3613050012122120
3613050012122121
3613050012122122
3613050012122123
3613050012122124
3613050012122125
3613050012122126
3613050012122127
3613050012122128
3613050012122129
3613050012122130
3613050012122131
3613050012122132
3613050012122133
3613050012122134
3613050012122135
3613050012122136
3613050012122137
3613050012122138
3613050012122139
3613050012122140
3613050012122141
3613050012122142
3613050012122143
3613050012122144
3613050012122145
3613050012122146
3613050012122147
3613050012122148
3613050012122149
3613050012122150
3613050012122151
3613050012122152
3613050012122153
3613050012122154
3613050012122155
3613050012122156
3613050012122157
3613050012122158
3613050012122159
3613050012122160
3613050012122161
3613050012122162
3613050012122163
3613050012122164
3613050012122165
3613050012122166
3613050012122167
3613050012122168
3613050012122169
3613050012122170
3613050012122171
3613050012122172
3613050012122173
3613050012122174
3613050012122175
3613050012122176
3613050012122177
3613050012122178
3613050012122179
3613050012122180
3613050012122181
3613050012122182
3613050012122183
3613050012122184
3613050012122185
3613050012122186
3613050012122187
3613050012122188
3613050012122189
3613050012122190
3613050012122191
3613050012122192
3613050012122193
3613050012122194
3613050012122195
3613050012122196
3613050012122197
3613050012122198
3613050012122199
3613050012122200
3613050012122201
3613050012122202
3613050012122203
3613050012122204
3613050012122205
3613050012122206
3613050012122207
3613050012122208
3613050012122209
3613050012122210
3613050012122211
3613050012122212
3613050012122213
3613050012122214
3613050012122215
3613050012122216
3613050012122217
3613050012122218
3613050012122219
3613050012122220
3613050012122221
3613050012122222
3613050012122223
3613050012122224
3613050012122225
3613050012122226
3613050012122227
3613050012122228
3613050012122229
3613050012122230
3613050012122231
3613050012122232
3613050012122233
3613050012122234
3613050012122235
3613050012122236
3613050012122237
3613050012122238
3613050012122239
3613050012122240
3613050012122241
3613050012122242
3613050012122243
3613050012122244
3613050012122245
3613050012122246
3613050012122247
3613050012122248
3613050012122249
3613050012122250
3613050012122251
3613050012122252
3613050012122253
3613050012122254
3613050012122255
3613050012122256
3613050012122257
3613050012122258
3613050012122259
3613050012122260
3613050012122261
3613050012122262
3613050012122263
3613050012122264
3613050012122265
3613050012122266
3613050012122267
3613050012122268
3613050012122269
3613050012122270
3613050012122271
3613050012122272
3613050012122273
3613050012122274
3613050012122275
3613050012122276
3613050012122277
3613050012122278
3613050012122279
3613050012122280
3613050012122281
3613050012122282
3613050012122283
3613050012122284
3613050012122285
3613050012122286
3613050012122287
3613050012122288
3613050012122289
3613050012122290
3613050012122291
3613050012122292
3613050012122293
3613050012122294
3613050012122295
3613050012122296
3613050012122297
3613050012122298
3613050012122299
3613050012122300
3613050012122301
3613050012122302
3613050012122303
3613050012122304
3613050012122305
3613050012122306
3613050012122307
3613050012122308
3613050012122309
3613050012122310
3613050012122311
3613050012122312
3613050012122313
3613050012122314
3613050012122315
3613050012122316
3613050012122317
3613050012122318
3613050012122319
3613050012122320
3613050012122321
3613050012122322
3613050012122323
3613050012122324
3613050012122325
3613050012122326
3613050012122327
3613050012122328
3613050012122329
3613050012122330
3613050012122331
3613050012122332
3613050012122333
3613050012122334
3613050012122335
3613050012122336
3613050012122337
3613050012122338
3613050012122339
3613050012122340
3613050012122341
3613050012122342
3613050012122343
3613050012122344
3613050012122345
3613050012122346
3613050012122347
3613050012122348
3613050012122349
3613050012122350
3613050012122351
3613050012122352
3613050012122353
3613050012122354
3613050012122355
3613050012122356
3613050012122357
3613050012122358
3613050012122359
3613050012122360
3613050012122361
3613050012122362
3613050012122363
3613050012122364
3613050012122365
3613050012122366
3613050012122367
3613050012122368
3613050012122369
3613050012122370
3613050012122371
3613050012122372
3613050012122373
3613050012122374
3613050012122375
3613050012122376
3613050012122377
3613050012122378
3613050012122379
3613050012122380
3613050012122381
3613050012122382
3613050012122383
3613050012122384
3613050012122385
3613050012122386
3613050012122387
3613050012122388
3613050012122389
3613050012122390
3613050012122391
3613050012122392
3613050012122393
3613050012122394
3613050012122395
3613050012122396
3613050012122397
3613050012122398
3613050012122399
3613050012122400
3613050012122401
3613050012122402
3613050012122403
3613050012122404
3613050012122405
3613050012122406
3613050012122407
3613050012122408
3613050012122409
3613050012122410
3613050012122411
3613050012122412
3613050012122413
3613050012122414
3613050012122415
3613050012122416
3613050012122417
3613050012122418
3613050012122419
3613050012122420
3613050012122421
3613050012122422
3613050012122423
3613050012122424
3613050012122425
3613050012122426
3613050012122427
3613050012122428
3613050012122429
3613050012122430
3613050012122431
3613050012122432
3613050012122433
3613050012122434
3613050012122435
3613050012122436
3613050012122437
3613050012122438
3613050012122439
3613050012122440
3613050012122441
3613050012122442
3613050012122443
3613050012122444
3613050012122445
3613050012122446
3613050012122447
3613050012122448
3613050012122449
3613050012122450
3613050012122451
3613050012122452
3613050012122453
3613050012122454
3613050012122455
3613050012122456
3613050012122457
3613050012122458
3613050012122459
3613050012122460
3613050012122461
3613050012122462
3613050012122463
3613050012122464
3613050012122465
3613050012122466
3613050012122467
3613050012122468
3613050012122469
3613050012122470
3613050012122471
3613050012122472
3613050012122473
3613050012122474
3613050012122475
3613050012122476
3613050012122477
3613050012122478
3613050012122479
3613050012122480
3613050012122481
3613050012122482
3613050012122483
3613050012122484
3613050012122485
3613050012122486
3613050012122487
3613050012122488
3613050012122489
3613050012122490
3613050012122491
3613050012122492
3613050012122493
3613050012122494
3613050012122495
3613050012122496
3613050012122497
3613050012122498
3613050012122499
3613050012122500
3613050012122501
3613050012122502
3613050012122503
3613050012122504
3613050012122505
3613050012122506
3613050012122507
3613050012122508
3613050012122509
3613050012122510
3613050012122511
3613050012122512
3613050012122513
3613050012122514
3613050012122515
3613050012122516
3613050012122517
3613050012122518
3613050012122519
3613050012122520
3613050012122521
3613050012122522
3613050012122523
3613050012122524
3613050012122525
3613050012122526
3613050012122527
3613050012122528
3613050012122529
3613050012122530
3613050012122531
3613050012122532
3613050012122533
3613050012122534
3613050012122535
3613050012122536
3613050012122537
3613050012122538
3613050012122539
3613050012122540
3613050012122541
3613050012122542
3613050012122543
3613050012122544
3613050012122545
3613050012122546
3613050012122547
3613050012122548
3613050012122549
3613050012122550
3613050012122551
3613050012122552
3613050012122553
3613050012122554
3613050012122555
3613050012122556
3613050012122557
3613050012122558
3613050012122559
3613050012122560
3613050012122561
3613050012122562
3613050012122563
3613050012122564
3613050012122565
3613050012122566
3613050012122567
3613050012122568
3613050012122569
3613050012122570
3613050012122571
3613050012122572
3613050012122573
3613050012122574
3613050012122575
3613050012122576
3613050012122577
3613050012122578
3613050012122579
3613050012122580
3613050012122581
3613050012122582
3613050012122583
3613050012122584
3613050012122585
3613050012122586
3613050012122587
3613050012122588
3613050012122589
3613050012122590
3613050012122591
3613050012122592
3613050012122593
3613050012122594
3613050012122595
3613050012122596
3613050012122597
3613050012122598
3613050012122599
3613050012122600
3613050012122601
3613050012122602
3613050012122603
3613050012122604
3613050012122605
3613050012122606
3613050012122607
3613050012122608
3613050012122609
3613050012122610
3613050012122611
3613050012122612
3613050012122613
3613050012122614
3613050012122615
3613050012122616
3613050012122617
3613050012122618
3613050012122619
3613050012122620
3613050012122621
3613050012122622
3613050012122623
3613050012122624
3613050012122625
3613050012122626
3613050012122627
3613050012122628
3613050012122629
3613050012122630
3613050012122631
3613050012122632
3613050012122633
3613050012122634
3613050012122635
3613050012122636
3613050012122637
3613050012122638
3613050012122639
3613050012122640
3613050012122641
3613050012122642
3613050012122643
3613050012122644
3613050012122645
3613050012122646
3613050012122647
3613050012122648
3613050012122649
3613050012122650
3613050012122651
3613050012122652
3613050012122653
3613050012122654
3613050012122655
3613050012122656
3613050012122657
3613050012122658
3613050012122659
3613050012122660
3613050012122661
3613050012122662
3613050012122663
3613050012122664
3613050012122665
3613050012122666
3613050012122667
3613050012122668
3613050012122669
3613050012122670
3613050012122671
3613050012122672
3613050012122673
3613050012122674
3613050012122675
3613050012122676
3613050012122677
3613050012122678
3613050012122679
3613050012122680
3613050012122681
3613050012122682
3613050012122683
3613050012122684
3613050012122685
3613050012122686
3613050012122687
3613050012122688
3613050012122689
3613050012122690
3613050012122691
3613050012122692
3613050012122693
3613050012122694
3613050012122695
3613050012122696
3613050012122697
3613050012122698
3613050012122699
3613050012122700
3613050012122701
3613050012122702
3613050012122703
3613050012122704
3613050012122705
3613050012122706
3613050012122707
3613050012122708
3613050012122709
3613050012122710
3613050012122711
3613050012122712
3613050012122713
3613050012122714
3613050012122715
3613050012122716
3613050012122717
3613050012122718
3613050012122719
3613050012122720
3613050012122721
3613050012122722
3613050012122723
3613050012122724
3613050012122725
3613050012122726
3613050012122727
3613050012122728
3613050012122729
3613050012122730
3613050012122731
3613050012122732
3613050012122733
3613050012122734
3613050012122735
3613050012122736
3613050012122737
3613050012122738
3613050012122739
3613050012122740
3613050012122741
3613050012122742
3613050012122743
3613050012122744
3613050012122745
3613050012122746
3613050012122747
3613050012122748
3613050012122749
3613050012122750
3613050012122751
3613050012122752
3613050012122753
3613050012122754
3613050012122755
3613050012122756
3613050012122757
3613050012122758
3613050012122759
3613050012122760
3613050012122761
3613050012122762
3613050012122763
3613050012122764
3613050012122765
3613050012122766
3613050012122767
3613050012122768
3613050012122769
3613050012122770
3613050012122771
3613050012122772
3613050012122773
3613050012122774
3613050012122775
3613050012122776
3613050012122777
3613050012122778
3613050012122779
3613050012122780
3613050012122781
3613050012122782
3613050012122783
3613050012122784
3613050012122785
3613050012122786
3613050012122787
3613050012122788
3613050012122789
3613050012122790
3613050012122791
3613050012122792
3613050012122793
3613050012122794
3613050012122795
3613050012122796
3613050012122797
3613050012122798
3613050012122799
3613050012122800
3613050012122801
3613050012122802
3613050012122803
3613050012122804
3613050012122805
3613050012122806
3613050012122807
3613050012122808
3613050012122809
3613050012122810
3613050012122811
3613050012122812
3613050012122813
3613050012122814
3613050012122815
3613050012122816
3613050012122817
3613050012122818
3613050012122819
3613050012122820
3613050012122821
3613050012122822
3613050012122823
3613050012122824
3613050012122825
3613050012122826
3613050012122827
3613050012122828
3613050012122829
3613050012122830
3613050012122831
3613050012122832
3613050012122833
3613050012122834
3613050012122835
3613050012122836
3613050012122837
3613050012122838
3613050012122839
3613050012122840
3613050012122841
3613050012122842
3613050012122843
3613050012122844
3613050012122845
3613050012122846
3613050012122847
3613050012122848
3613050012122849
3613050012122850
3613050012122851
3613050012122852
3613050012122853
3613050012122854
3613050012122855
3613050012122856
3613050012122857
3613050012122858
3613050012122859
3613050012122860
3613050012122861
3613050012122862
3613050012122863
3613050012122864
3613050012122865
3613050012122866
3613050012122867
3613050012122868
3613050012122869
3613050012122870
3613050012122871
3613050012122872
3613050012122873
3613050012122874
3613050012122875
3613050012122876
3613050012122877
3613050012122878
3613050012122879
3613050012122880
3613050012122881
3613050012122882
3613050012122883
3613050012122884
3613050012122885
3613050012122886
3613050012122887
3613050012122888
3613050012122889
3613050012122890
3613050012122891
3613050012122892
3613050012122893
3613050012122894
3613050012122895
3613050012122896
3613050012122897
3613050012122898
3613050012122899
3613050012122900
3613050012122901
3613050012122902
3613050012122903
3613050012122904
3613050012122905
3613050012122906
3613050012122907
3613050012122908
3613050012122909
3613050012122910
3613050012122911
3613050012122912
3613050012122913
3613050012122914
3613050012122915
3613050012122916
3613050012122917
3613050012122918
3613050012122919
3613050012122920
3613050012122921
3613050012122922
3613050012122923
3613050012122924
3613050012122925
3613050012122926
3613050012122927
3613050012122928
3613050012122929
3613050012122930
3613050012122931
3613050012122932
3613050012122933
3613050012122934
3613050012122935
3613050012122936
3613050012122937
3613050012122938
3613050012122939
3613050012122940
3613050012122941
3613050012122942
3613050012122943
3613050012122944
3613050012122945
3613050012122946
3613050012122947
3613050012122948
3613050012122949
3613050012122950
3613050012122951
3613050012122952
3613050012122953
3613050012122954
3613050012122955
3613050012122956
3613050012122957
3613050012122958
3613050012122959
3613050012122960
3613050012122961
3613050012122962
3613050012122963
3613050012122964
3613050012122965
3613050012122966
3613050012122967
3613050012122968
3613050012122969
3613050012122970
3613050012122971
3613050012122972
3613050012122973
3613050012122974
3613050012122975
3613050012122976
3613050012122977
3613050012122978
3613050012122979
3613050012122980
3613050012122981
3613050012122982
3613050012122983
3613050012122984
3613050012122985
3613050012122986
3613050012122987
3613050012122988
3613050012122989
3613050012122990
3613050012122991
3613050012122992
3613050012122993
3613050012122994
3613050012122995
3613050012122996
3613050012122997
3613050012122998
3613050012122999
3613050012123000
3613050012123001
3613050012123002
3613050012123003
3613050012123004
3613050012123005
3613050012123006
3613050012123007
3613050012123008
3613050012123009
3613050012123010
3613050012123011
3613050012123012
3613050012123013
3613050012123014
3613050012123015
3613050012123016
3613050012123017
3613050012123018
3613050012123019
3613050012123020
3613050012123021
3613050012123022
3613050012123023
3613050012123024
3613050012123025
3613050012123026
3613050012123027
3613050012123028
3613050012123029
3613050012123030
3613050012123031
3613050012123032
3613050012123033
3613050012123034
3613050012123035
3613050012123036
3613050012123037
3613050012123038
3613050012123039
3613050012123040
3613050012123041
3613050012123042
3613050012123043
3613050012123044
3613050012123045
3613050012123046
3613050012123047
3613050012123048
3613050012123049
3613050012123050
3613050012123051
3613050012123052
3613050012123053
3613050012123054
3613050012123055
3613050012123056
3613050012123057
3613050012123058
3613050012123059
3613050012123060
3613050012123061
3613050012123062
3613050012123063
3613050012123064
3613050012123065
3613050012123066
3613050012123067
3613050012123068
3613050012123069
3613050012123070
3613050012123071
3613050012123072
3613050012123073
3613050012123074
3613050012123075
3613050012123076
3613050012123077
3613050012123078
3613050012123079
3613050012123080
3613050012123081
3613050012123082
3613050012123083
3613050012123084
3613050012123085
3613050012123086
3613050012123087
3613050012123088
3613050012123089
3613050012123090
3613050012123091
3613050012123092
3613050012123093
3613050012123094
3613050012123095
3613050012123096
3613050012123097
3613050012123098
3613050012123099
3613050012123100
3613050012123101
3613050012123102
3613050012123103
3613050012123104
3613050012123105
3613050012123106
3613050012123107
3613050012123108
3613050012123109
3613050012123110
3613050012123111
3613050012123112
3613050012123113
3613050012123114
3613050012123115
3613050012123116
3613050012123117
3613050012123118
3613050012123119
3613050012123120
3613050012123121
3613050012123122
3613050012123123
3613050012123124
3613050012123125
3613050012123126
3613050012123127
3613050012123128
3613050012123129
3613050012123130
3613050012123131
3613050012123132
3613050012123133
3613050012123134
3613050012123135
3613050012123136
3613050012123137
3613050012123138
3613050012123139
3613050012123140
3613050012123141
3613050012123142
3613050012123143
3613050012123144
3613050012123145
3613050012123146
3613050012123147
3613050012123148
3613050012123149
3613050012123150
3613050012123151
3613050012123152
3613050012123153
3613050012123154
3613050012123155
3613050012123156
3613050012123157
3613050012123158
3613050012123159
3613050012123160
3613050012123161
3613050012123162
3613050012123163
3613050012123164
3613050012123165
3613050012123166
3613050012123167
3613050012123168
3613050012123169
3613050012123170
3613050012123171
3613050012123172
3613050012123173
3613050012123174
3613050012123175
3613050012123176
3613050012123177
3613050012123178
3613050012123179
3613050012123180
3613050012123181
3613050012123182
3613050012123183
3613050012123184
3613050012123185
3613050012123186
3613050012123187
3613050012123188
3613050012123189
3613050012123190
3613050012123191
3613050012123192
3613050012123193
3613050012123194
3613050012123195
3613050012123196
3613050012123197
3613050012123198
3613050012123199
3613050012123200
3613050012123201
3613050012123202
3613050012123203
3613050012123204
3613050012123205
3613050012123206
3613050012123207
3613050012123208
3613050012123209
3613050012123210
3613050012123211
3613050012123212
3613050012123213
3613050012123214
3613050012123215
3613050012123216
3613050012123217
3613050012123218
3613050012123219
3613050012123220
3613050012123221
3613050012123222
3613050012123223
3613050012123224
3613050012123225
3613050012123226
3613050012123227
3613050012123228
3613050012123229
3613050012123230
3613050012123231
3613050012123232
3613050012123233
3613050012123234
3613050012123235
3613050012123236
3613050012123237
3613050012123238
3613050012123239
3613050012123240
3613050012123241
3613050012123242
3613050012123243
3613050012123244
3613050012123245
3613050012123246
3613050012123247
3613050012123248
3613050012123249
3613050012123250
3613050012123251
3613050012123252
3613050012123253
3613050012123254
3613050012123255
3613050012123256
3613050012123257
3613050012123258
3613050012123259
3613050012123260
3613050012123261
3613050012123262
3613050012123263
3613050012123264
3613050012123265
3613050012123266
3613050012123267
3613050012123268
3613050012123269
3613050012123270
3613050012123271
3613050012123272
3613050012123273
3613050012123274
3613050012123275
3613050012123276
3613050012123277
3613050012123278
3613050012123279
3613050012123280
3613050012123281
3613050012123282
3613050012123283
3613050012123284
3613050012123285
3613050012123286
3613050012123287
3613050012123288
3613050012123289
3613050012123290
3613050012123291
3613050012123292
3613050012123293
3613050012123294
3613050012123295
3613050012123296
3613050012123297
3613050012123298
3613050012123299
3613050012123300
3613050012123301
3613050012123302
3613050012123303
3613050012123304
3613050012123305
3613050012123306
3613050012123307
3613050012123308
3613050012123309
3613050012123310
3613050012123311
3613050012123312
3613050012123313
3613050012123314
3613050012123315
3613050012123316
3613050012123317
3613050012123318
3613050012123319
3613050012123320
3613050012123321
3613050012123322
3613050012123323
3613050012123324
3613050012123325
3613050012123326
3613050012123327
3613050012123328
3613050012123329
3613050012123330
3613050012123331
3613050012123332
3613050012123333
3613050012123334
3613050012123335
3613050012123336
3613050012123337
3613050012123338
3613050012123339
3613050012123340
3613050012123341
3613050012123342
3613050012123343
3613050012123344
3613050012123345
3613050012123346
3613050012123347
3613050012123348
3613050012123349
3613050012123350
3613050012123351
3613050012123352
3613050012123353
3613050012123354
3613050012123355
3613050012123356
3613050012123357
3613050012123358
3613050012123359
3613050012123360
3613050012123361
3613050012123362
3613050012123363
3613050012123364
3613050012123365
3613050012123366
3613050012123367
3613050012123368
3613050012123369
3613050012123370
3613050012123371
3613050012123372
3613050012123373
3613050012123374
3613050012123375
3613050012123376
3613050012123377
3613050012123378
3613050012123379
3613050012123380
3613050012123381
3613050012123382
3613050012123383
3613050012123384
3613050012123385
3613050012123386
3613050012123387
3613050012123388
3613050012123389
3613050012123390
3613050012123391
3613050012123392
3613050012123393
3613050012123394
3613050012123395
3613050012123396
3613050012123397
3613050012123398
3613050012123399
3613050012123400
3613050012123401
3613050012123402
3613050012123403
3613050012123404
3613050012123405
3613050012123406
3613050012123407
3613050012123408
3613050012123409
3613050012123410
3613050012123411
3613050012123412
3613050012123413
3613050012123414
3613050012123415
3613050012123416
3613050012123417
3613050012123418
3613050012123419
3613050012123420
3613050012123421
3613050012123422
3613050012123423
3613050012123424
3613050012123425
3613050012123426
3613050012123427
3613050012123428
3613050012123429
3613050012123430
3613050012123431
3613050012123432
3613050012123433
3613050012123434
3613050012123435
3613050012123436
3613050012123437
3613050012123438
3613050012123439
3613050012123440
3613050012123441
3613050012123442
3613050012123443
3613050012123444
3613050012123445
3613050012123446
3613050012123447
3613050012123448
3613050012123449
3613050012123450
3613050012123451
3613050012123452
3613050012123453
3613050012123454
3613050012123455
3613050012123456
3613050012123457
3613050012123458
3613050012123459
3613050012123460
3613050012123461
3613050012123462
3613050012123463
3613050012123464
3613050012123465
3613050012123466
3613050012123467
3613050012123468
3613050012123469
3613050012123470
3613050012123471
3613050012123472
3613050012123473
3613050012123474
3613050012123475
3613050012123476
3613050012123477
3613050012123478
3613050012123479
3613050012123480
3613050012123481
3613050012123482
3613050012123483
3613050012123484
3613050012123485
3613050012123486
3613050012123487
3613050012123488
3613050012123489
3613050012123490
3613050012123491
3613050012123492
3613050012123493
3613050012123494
3613050012123495
3613050012123496
3613050012123497
3613050012123498
3613050012123499
3613050012123500
3613050012123501
3613050012123502
3613050012123503
3613050012123504
3613050012123505
3613050012123506
3613050012123507
3613050012123508
3613050012123509
3613050012123510
3613050012123511
3613050012123512
3613050012123513
3613050012123514
3613050012123515
3613050012123516
3613050012123517
3613050012123518
3613050012123519
3613050012123520
3613050012123521
3613050012123522
3613050012123523
3613050012123524
3613050012123525
3613050012123526
3613050012123527
3613050012123528
3613050012123529
3613050012123530
3613050012123531
3613050012123532
3613050012123533
3613050012123534
3613050012123535
3613050012123536
3613050012123537
3613050012123538
3613050012123539
3613050012123540
3613050012123541
3613050012123542
3613050012123543
3613050012123544
3613050012123545
3613050012123546
3613050012123547
3613050012123548
3613050012123549
3613050012123550
3613050012123551
3613050012123552
3613050012123553
3613050012123554
3613050012123555
3613050012123556
3613050012123557
3613050012123558
3613050012123559
3613050012123560
3613050012123561
3613050012123562
3613050012123563
3613050012123564
3613050012123565
3613050012123566
3613050012123567
3613050012123568
3613050012123569
3613050012123570
3613050012123571
3613050012123572
3613050012123573
3613050012123574
3613050012123575
3613050012123576
3613050012123577
3613050012123578
3613050012123579
3613050012123580
3613050012123581
3613050012123582
3613050012123583
3613050012123584
3613050012123585
3613050012123586
3613050012123587
3613050012123588
3613050012123589
3613050012123590
3613050012123591
3613050012123592
3613050012123593
3613050012123594
3613050012123595
3613050012123596
3613050012123597
3613050012123598
3613050012123599
3613050012123600
3613050012123601
3613050012123602
3613050012123603
3613050012123604
3613050012123605
3613050012123606
3613050012123607
3613050012123608
3613050012123609
3613050012123610
3613050012123611
3613050012123612
3613050012123613
3613050012123614
3613050012123615
3613050012123616
3613050012123617
3613050012123618
3613050012123619
3613050012123620
3613050012123621
3613050012123622
3613050012123623
3613050012123624
3613050012123625
3613050012123626
3613050012123627
3613050012123628
3613050012123629
3613050012123630
3613050012123631
3613050012123632
3613050012123633
3613050012123634
3613050012123635
3613050012123636
3613050012123637
3613050012123638
3613050012123639
3613050012123640
3613050012123641
3613050012123642
3613050012123643
3613050012123644
3613050012123645
3613050012123646
3613050012123647
3613050012123648
3613050012123649
3613050012123650
3613050012123651
3613050012123652
3613050012123653
3613050012123654
3613050012123655
3613050012123656
3613050012123657
3613050012123658
3613050012123659
3613050012123660
3613050012123661
3613050012123662
3613050012123663
3613050012123664
3613050012123665
3613050012123666
3613050012123667
3613050012123668
3613050012123669
3613050012123670
3613050012123671
3613050012123672
3613050012123673
3613050012123674
3613050012123675
3613050012123676
3613050012123677
3613050012123678
3613050012123679
3613050012123680
3613050012123681
3613050012123682
3613050012123683
3613050012123684
3613050012123685
3613050012123686
3613050012123687
3613050012123688
3613050012123689
3613050012123690
3613050012123691
3613050012123692
3613050012123693
3613050012123694
3613050012123695
3613050012123696
3613050012123697
3613050012123698
3613050012123699
3613050012123700
3613050012123701
3613050012123702
3613050012123703
3613050012123704
3613050012123705
3613050012123706
3613050012123707
3613050012123708
3613050012123709
3613050012123710
3613050012123711
3613050012123712
3613050012123713
3613050012123714
3613050012123715
3613050012123716
3613050012123717
3613050012123718
3613050012123719
3613050012123720
3613050012123721
3613050012123722
3613050012123723
3613050012123724
3613050012123725
3613050012123726
3613050012123727
3613050012123728
3613050012123729
3613050012123730
3613050012123731
3613050012123732
3613050012123733
3613050012123734
3613050012123735
3613050012123736
3613050012123737
3613050012123738
3613050012123739
3613050012123740
3613050012123741
3613050012123742
3613050012123743
3613050012123744
3613050012123745
3613050012123746
3613050012123747
3613050012123748
3613050012123749
3613050012123750
3613050012123751
3613050012123752
3613050012123753
3613050012123754
3613050012123755
3613050012123756
3613050012123757
3613050012123758
3613050012123759
3613050012123760
3613050012123761
3613050012123762
3613050012123763
3613050012123764
3613050012123765
3613050012123766
3613050012123767
3613050012123768
3613050012123769
3613050012123770
3613050012123771
3613050012123772
3613050012123773
3613050012123774
3613050012123775
3613050012123776
3613050012123777
3613050012123778
3613050012123779
3613050012123780
3613050012123781
3613050012123782
3613050012123783
3613050012123784
3613050012123785
3613050012123786
3613050012123787
3613050012123788
3613050012123789
3613050012123790
3613050012123791
3613050012123792
3613050012123793
3613050012123794
3613050012123795
3613050012123796
3613050012123797
3613050012123798
3613050012123799
3613050012123800
3613050012123801
3613050012123802
3613050012123803
3613050012123804
3613050012123805
3613050012123806
3613050012123807
3613050012123808
3613050012123809
3613050012123810
3613050012123811
3613050012123812
3613050012123813
3613050012123814
3613050012123815
3613050012123816
3613050012123817
3613050012123818
3613050012123819
3613050012123820
3613050012123821
3613050012123822
3613050012123823
3613050012123824
3613050012123825
3613050012123826
3613050012123827
3613050012123828
3613050012123829
3613050012123830
3613050012123831
3613050012123832
3613050012123833
3613050012123834
3613050012123835
3613050012123836
3613050012123837
3613050012123838
3613050012123839
3613050012123840
3613050012123841
3613050012123842
3613050012123843
3613050012123844
3613050012123845
3613050012123846
3613050012123847
3613050012123848
3613050012123849
3613050012123850
3613050012123851
3613050012123852
3613050012123853
3613050012123854
3613050012123855
3613050012123856
3613050012123857
3613050012123858
3613050012123859
3613050012123860
3613050012123861
3613050012123862
3613050012123863
3613050012123864
3613050012123865
3613050012123866
3613050012123867
3613050012123868
3613050012123869
3613050012123870
3613050012123871
3613050012123872
3613050012123873
3613050012123874
3613050012123875
3613050012123876
3613050012123877
3613050012123878
3613050012123879
3613050012123880
3613050012123881
3613050012123882
3613050012123883
3613050012123884
3613050012123885
3613050012123886
3613050012123887
3613050012123888
3613050012123889
3613050012123890
3613050012123891
3613050012123892
3613050012123893
3613050012123894
3613050012123895
3613050012123896
3613050012123897
3613050012123898
3613050012123899
3613050012123900
3613050012123901
3613050012123902
3613050012123903
3613050012123904
3613050012123905
3613050012123906
3613050012123907
3613050012123908
3613050012123909
3613050012123910
3613050012123911
3613050012123912
3613050012123913
3613050012123914
3613050012123915
3613050012123916
3613050012123917
3613050012123918
3613050012123919
3613050012123920
3613050012123921
3613050012123922
3613050012123923
3613050012123924
3613050012123925
3613050012123926
3613050012123927
3613050012123928
3613050012123929
3613050012123930
3613050012123931
3613050012123932
3613050012123933
3613050012123934
3613050012123935
3613050012123936
3613050012123937
3613050012123938
3613050012123939
3613050012123940
3613050012123941
3613050012123942
3613050012123943
3613050012123944
3613050012123945
3613050012123946
3613050012123947
3613050012123948
3613050012123949
3613050012123950
3613050012123951
3613050012123952
3613050012123953
3613050012123954
3613050012123955
3613050012123956
3613050012123957
3613050012123958
3613050012123959
3613050012123960
3613050012123961
3613050012123962
3613050012123963
3613050012123964
3613050012123965
3613050012123966
3613050012123967
3613050012123968
3613050012123969
3613050012123970
3613050012123971
3613050012123972
3613050012123973
3613050012123974
3613050012123975
3613050012123976
3613050012123977
3613050012123978
3613050012123979
3613050012123980
3613050012123981
3613050012123982
3613050012123983
3613050012123984
3613050012123985
3613050012123986
3613050012123987
3613050012123988
3613050012123989
3613050012123990
3613050012123991
3613050012123992
3613050012123993
3613050012123994
3613050012123995
3613050012123996
3613050012123997
3613050012123998
3613050012123999
3613050012124000
3613050012124001
3613050012124002
3613050012124003
3613050012124004
3613050012124005
3613050012124006
3613050012124007
3613050012124008
3613050012124009
3613050012124010
3613050012124011
3613050012124012
3613050012124013
3613050012124014
3613050012124015
3613050012124016
3613050012124017
3613050012124018
3613050012124019
3613050012124020
3613050012124021
3613050012124022
3613050012124023
3613050012124024
3613050012124025
3613050012124026
3613050012124027
3613050012124028
3613050012124029
3613050012124030
3613050012124031
3613050012124032
3613050012124033
3613050012124034
3613050012124035
3613050012124036
3613050012124037
3613050012124038
3613050012124039
3613050012124040
3613050012124041
3613050012124042
3613050012124043
3613050012124044
3613050012124045
3613050012124046
3613050012124047
3613050012124048
3613050012124049
3613050012124050
3613050012124051
3613050012124052
3613050012124053
3613050012124054
3613050012124055
3613050012124056
3613050012124057
3613050012124058
3613050012124059
3613050012124060
3613050012124061
3613050012124062
3613050012124063
3613050012124064
3613050012124065
3613050012124066
3613050012124067
3613050012124068
3613050012124069
3613050012124070
3613050012124071
3613050012124072
3613050012124073
3613050012124074
3613050012124075
3613050012124076
3613050012124077
3613050012124078