3613050012129228
3613050012129229
3613050012129230
3613050012129231
3613050012129232
3613050012129233
3613050012129234
3613050012129235
3613050012129236
3613050012129237
3613050012129238
3613050012129239
3613050012129240
3613050012129241
3613050012129242
3613050012129243
3613050012129244
3613050012129245
3613050012129246
3613050012129247
3613050012129248
3613050012129249
3613050012129250
3613050012129251
3613050012129252
3613050012129253
3613050012129254
3613050012129255
3613050012129256
3613050012129257
3613050012129258
3613050012129259
3613050012129260
3613050012129261
3613050012129262
3613050012129263
3613050012129264
3613050012129265
3613050012129266
3613050012129267
3613050012129268
3613050012129269
3613050012129270
3613050012129271
3613050012129272
3613050012129273
3613050012129274
3613050012129275
3613050012129276
3613050012129277
3613050012129278
3613050012129279
3613050012129280
3613050012129281
3613050012129282
3613050012129283
3613050012129284
3613050012129285
3613050012129286
3613050012129287
3613050012129288
3613050012129289
3613050012129290
3613050012129291
3613050012129292
3613050012129293
3613050012129294
3613050012129295
3613050012129296
3613050012129297
3613050012129298
3613050012129299
3613050012129300
3613050012129301
3613050012129302
3613050012129303
3613050012129304
3613050012129305
3613050012129306
3613050012129307
3613050012129308
3613050012129309
3613050012129310
3613050012129311
3613050012129312
3613050012129313
3613050012129314
3613050012129315
3613050012129316
3613050012129317
3613050012129318
3613050012129319
3613050012129320
3613050012129321
3613050012129322
3613050012129323
3613050012129324
3613050012129325
3613050012129326
3613050012129327
3613050012129328
3613050012129329
3613050012129330
3613050012129331
3613050012129332
3613050012129333
3613050012129334
3613050012129335
3613050012129336
3613050012129337
3613050012129338
3613050012129339
3613050012129340
3613050012129341
3613050012129342
3613050012129343
3613050012129344
3613050012129345
3613050012129346
3613050012129347
3613050012129348
3613050012129349
3613050012129350
3613050012129351
3613050012129352
3613050012129353
3613050012129354
3613050012129355
3613050012129356
3613050012129357
3613050012129358
3613050012129359
3613050012129360
3613050012129361
3613050012129362
3613050012129363
3613050012129364
3613050012129365
3613050012129366
3613050012129367
3613050012129368
3613050012129369
3613050012129370
3613050012129371
3613050012129372
3613050012129373
3613050012129374
3613050012129375
3613050012129376
3613050012129377
3613050012129378
3613050012129379
3613050012129380
3613050012129381
3613050012129382
3613050012129383
3613050012129384
3613050012129385
3613050012129386
3613050012129387
3613050012129388
3613050012129389
3613050012129390
3613050012129391
3613050012129392
3613050012129393
3613050012129394
3613050012129395
3613050012129396
3613050012129397
3613050012129398
3613050012129399
3613050012129400
3613050012129401
3613050012129402
3613050012129403
3613050012129404
3613050012129405
3613050012129406
3613050012129407
3613050012129408
3613050012129409
3613050012129410
3613050012129411
3613050012129412
3613050012129413
3613050012129414
3613050012129415
3613050012129416
3613050012129417
3613050012129418
3613050012129419
3613050012129420
3613050012129421
3613050012129422
3613050012129423
3613050012129424
3613050012129425
3613050012129426
3613050012129427
3613050012129428
3613050012129429
3613050012129430
3613050012129431
3613050012129432
3613050012129433
3613050012129434
3613050012129435
3613050012129436
3613050012129437
3613050012129438
3613050012129439
3613050012129440
3613050012129441
3613050012129442
3613050012129443
3613050012129444
3613050012129445
3613050012129446
3613050012129447
3613050012129448
3613050012129449
3613050012129450
3613050012129451
3613050012129452
3613050012129453
3613050012129454
3613050012129455
3613050012129456
3613050012129457
3613050012129458
3613050012129459
3613050012129460
3613050012129461
3613050012129462
3613050012129463
3613050012129464
3613050012129465
3613050012129466
3613050012129467
3613050012129468
3613050012129469
3613050012129470
3613050012129471
3613050012129472
3613050012129473
3613050012129474
3613050012129475
3613050012129476
3613050012129477
3613050012129478
3613050012129479
3613050012129480
3613050012129481
3613050012129482
3613050012129483
3613050012129484
3613050012129485
3613050012129486
3613050012129487
3613050012129488
3613050012129489
3613050012129490
3613050012129491
3613050012129492
3613050012129493
3613050012129494
3613050012129495
3613050012129496
3613050012129497
3613050012129498
3613050012129499
3613050012129500
3613050012129501
3613050012129502
3613050012129503
3613050012129504
3613050012129505
3613050012129506
3613050012129507
3613050012129508
3613050012129509
3613050012129510
3613050012129511
3613050012129512
3613050012129513
3613050012129514
3613050012129515
3613050012129516
3613050012129517
3613050012129518
3613050012129519
3613050012129520
3613050012129521
3613050012129522
3613050012129523
3613050012129524
3613050012129525
3613050012129526
3613050012129527
3613050012129528
3613050012129529
3613050012129530
3613050012129531
3613050012129532
3613050012129533
3613050012129534
3613050012129535
3613050012129536
3613050012129537
3613050012129538
3613050012129539
3613050012129540
3613050012129541
3613050012129542
3613050012129543
3613050012129544
3613050012129545
3613050012129546
3613050012129547
3613050012129548
3613050012129549
3613050012129550
3613050012129551
3613050012129552
3613050012129553
3613050012129554
3613050012129555
3613050012129556
3613050012129557
3613050012129558
3613050012129559
3613050012129560
3613050012129561
3613050012129562
3613050012129563
3613050012129564
3613050012129565
3613050012129566
3613050012129567
3613050012129568
3613050012129569
3613050012129570
3613050012129571
3613050012129572
3613050012129573
3613050012129574
3613050012129575
3613050012129576
3613050012129577
3613050012129578
3613050012129579
3613050012129580
3613050012129581
3613050012129582
3613050012129583
3613050012129584
3613050012129585
3613050012129586
3613050012129587
3613050012129588
3613050012129589
3613050012129590
3613050012129591
3613050012129592
3613050012129593
3613050012129594
3613050012129595
3613050012129596
3613050012129597
3613050012129598
3613050012129599
3613050012129600
3613050012129601
3613050012129602
3613050012129603
3613050012129604
3613050012129605
3613050012129606
3613050012129607
3613050012129608
3613050012129609
3613050012129610
3613050012129611
3613050012129612
3613050012129613
3613050012129614
3613050012129615
3613050012129616
3613050012129617
3613050012129618
3613050012129619
3613050012129620
3613050012129621
3613050012129622
3613050012129623
3613050012129624
3613050012129625
3613050012129626
3613050012129627
3613050012129628
3613050012129629
3613050012129630
3613050012129631
3613050012129632
3613050012129633
3613050012129634
3613050012129635
3613050012129636
3613050012129637
3613050012129638
3613050012129639
3613050012129640
3613050012129641
3613050012129642
3613050012129643
3613050012129644
3613050012129645
3613050012129646
3613050012129647
3613050012129648
3613050012129649
3613050012129650
3613050012129651
3613050012129652
3613050012129653
3613050012129654
3613050012129655
3613050012129656
3613050012129657
3613050012129658
3613050012129659
3613050012129660
3613050012129661
3613050012129662
3613050012129663
3613050012129664
3613050012129665
3613050012129666
3613050012129667
3613050012129668
3613050012129669
3613050012129670
3613050012129671
3613050012129672
3613050012129673
3613050012129674
3613050012129675
3613050012129676
3613050012129677
3613050012129678
3613050012129679
3613050012129680
3613050012129681
3613050012129682
3613050012129683
3613050012129684
3613050012129685
3613050012129686
3613050012129687
3613050012129688
3613050012129689
3613050012129690
3613050012129691
3613050012129692
3613050012129693
3613050012129694
3613050012129695
3613050012129696
3613050012129697
3613050012129698
3613050012129699
3613050012129700
3613050012129701
3613050012129702
3613050012129703
3613050012129704
3613050012129705
3613050012129706
3613050012129707
3613050012129708
3613050012129709
3613050012129710
3613050012129711
3613050012129712
3613050012129713
3613050012129714
3613050012129715
3613050012129716
3613050012129717
3613050012129718
3613050012129719
3613050012129720
3613050012129721
3613050012129722
3613050012129723
3613050012129724
3613050012129725
3613050012129726
3613050012129727
3613050012129728
3613050012129729
3613050012129730
3613050012129731
3613050012129732
3613050012129733
3613050012129734
3613050012129735
3613050012129736
3613050012129737
3613050012129738
3613050012129739
3613050012129740
3613050012129741
3613050012129742
3613050012129743
3613050012129744
3613050012129745
3613050012129746
3613050012129747
3613050012129748
3613050012129749
3613050012129750
3613050012129751
3613050012129752
3613050012129753
3613050012129754
3613050012129755
3613050012129756
3613050012129757
3613050012129758
3613050012129759
3613050012129760
3613050012129761
3613050012129762
3613050012129763
3613050012129764
3613050012129765
3613050012129766
3613050012129767
3613050012129768
3613050012129769
3613050012129770
3613050012129771
3613050012129772
3613050012129773
3613050012129774
3613050012129775
3613050012129776
3613050012129777
3613050012129778
3613050012129779
3613050012129780
3613050012129781
3613050012129782
3613050012129783
3613050012129784
3613050012129785
3613050012129786
3613050012129787
3613050012129788
3613050012129789
3613050012129790
3613050012129791
3613050012129792
3613050012129793
3613050012129794
3613050012129795
3613050012129796
3613050012129797
3613050012129798
3613050012129799
3613050012129800
3613050012129801
3613050012129802
3613050012129803
3613050012129804
3613050012129805
3613050012129806
3613050012129807
3613050012129808
3613050012129809
3613050012129810
3613050012129811
3613050012129812
3613050012129813
3613050012129814
3613050012129815
3613050012129816
3613050012129817
3613050012129818
3613050012129819
3613050012129820
3613050012129821
3613050012129822
3613050012129823
3613050012129824
3613050012129825
3613050012129826
3613050012129827
3613050012129828
3613050012129829
3613050012129830
3613050012129831
3613050012129832
3613050012129833
3613050012129834
3613050012129835
3613050012129836
3613050012129837
3613050012129838
3613050012129839
3613050012129840
3613050012129841
3613050012129842
3613050012129843
3613050012129844
3613050012129845
3613050012129846
3613050012129847
3613050012129848
3613050012129849
3613050012129850
3613050012129851
3613050012129852
3613050012129853
3613050012129854
3613050012129855
3613050012129856
3613050012129857
3613050012129858
3613050012129859
3613050012129860
3613050012129861
3613050012129862
3613050012129863
3613050012129864
3613050012129865
3613050012129866
3613050012129867
3613050012129868
3613050012129869
3613050012129870
3613050012129871
3613050012129872
3613050012129873
3613050012129874
3613050012129875
3613050012129876
3613050012129877
3613050012129878
3613050012129879
3613050012129880
3613050012129881
3613050012129882
3613050012129883
3613050012129884
3613050012129885
3613050012129886
3613050012129887
3613050012129888
3613050012129889
3613050012129890
3613050012129891
3613050012129892
3613050012129893
3613050012129894
3613050012129895
3613050012129896
3613050012129897
3613050012129898
3613050012129899
3613050012129900
3613050012129901
3613050012129902
3613050012129903
3613050012129904
3613050012129905
3613050012129906
3613050012129907
3613050012129908
3613050012129909
3613050012129910
3613050012129911
3613050012129912
3613050012129913
3613050012129914
3613050012129915
3613050012129916
3613050012129917
3613050012129918
3613050012129919
3613050012129920
3613050012129921
3613050012129922
3613050012129923
3613050012129924
3613050012129925
3613050012129926
3613050012129927
3613050012129928
3613050012129929
3613050012129930
3613050012129931
3613050012129932
3613050012129933
3613050012129934
3613050012129935
3613050012129936
3613050012129937
3613050012129938
3613050012129939
3613050012129940
3613050012129941
3613050012129942
3613050012129943
3613050012129944
3613050012129945
3613050012129946
3613050012129947
3613050012129948
3613050012129949
3613050012129950
3613050012129951
3613050012129952
3613050012129953
3613050012129954
3613050012129955
3613050012129956
3613050012129957
3613050012129958
3613050012129959
3613050012129960
3613050012129961
3613050012129962
3613050012129963
3613050012129964
3613050012129965
3613050012129966
3613050012129967
3613050012129968
3613050012129969
3613050012129970
3613050012129971
3613050012129972
3613050012129973
3613050012129974
3613050012129975
3613050012129976
3613050012129977
3613050012129978
3613050012129979
3613050012129980
3613050012129981
3613050012129982
3613050012129983
3613050012129984
3613050012129985
3613050012129986
3613050012129987
3613050012129988
3613050012129989
3613050012129990
3613050012129991
3613050012129992
3613050012129993
3613050012129994
3613050012129995
3613050012129996
3613050012129997
3613050012129998
3613050012129999
3613050012130000
3613050012130001
3613050012130002
3613050012130003
3613050012130004
3613050012130005
3613050012130006
3613050012130007
3613050012130008
3613050012130009
3613050012130010
3613050012130011
3613050012130012
3613050012130013
3613050012130014
3613050012130015
3613050012130016
3613050012130017
3613050012130018
3613050012130019
3613050012130020
3613050012130021
3613050012130022
3613050012130023
3613050012130024
3613050012130025
3613050012130026
3613050012130027
3613050012130028
3613050012130029
3613050012130030
3613050012130031
3613050012130032
3613050012130033
3613050012130034
3613050012130035
3613050012130036
3613050012130037
3613050012130038
3613050012130039
3613050012130040
3613050012130041
3613050012130042
3613050012130043
3613050012130044
3613050012130045
3613050012130046
3613050012130047
3613050012130048
3613050012130049
3613050012130050
3613050012130051
3613050012130052
3613050012130053
3613050012130054
3613050012130055
3613050012130056
3613050012130057
3613050012130058
3613050012130059
3613050012130060
3613050012130061
3613050012130062
3613050012130063
3613050012130064
3613050012130065
3613050012130066
3613050012130067
3613050012130068
3613050012130069
3613050012130070
3613050012130071
3613050012130072
3613050012130073
3613050012130074
3613050012130075
3613050012130076
3613050012130077
3613050012130078
3613050012130079
3613050012130080
3613050012130081
3613050012130082
3613050012130083
3613050012130084
3613050012130085
3613050012130086
3613050012130087
3613050012130088
3613050012130089
3613050012130090
3613050012130091
3613050012130092
3613050012130093
3613050012130094
3613050012130095
3613050012130096
3613050012130097
3613050012130098
3613050012130099
3613050012130100
3613050012130101
3613050012130102
3613050012130103
3613050012130104
3613050012130105
3613050012130106
3613050012130107
3613050012130108
3613050012130109
3613050012130110
3613050012130111
3613050012130112
3613050012130113
3613050012130114
3613050012130115
3613050012130116
3613050012130117
3613050012130118
3613050012130119
3613050012130120
3613050012130121
3613050012130122
3613050012130123
3613050012130124
3613050012130125
3613050012130126
3613050012130127
3613050012130128
3613050012130129
3613050012130130
3613050012130131
3613050012130132
3613050012130133
3613050012130134
3613050012130135
3613050012130136
3613050012130137
3613050012130138
3613050012130139
3613050012130140
3613050012130141
3613050012130142
3613050012130143
3613050012130144
3613050012130145
3613050012130146
3613050012130147
3613050012130148
3613050012130149
3613050012130150
3613050012130151
3613050012130152
3613050012130153
3613050012130154
3613050012130155
3613050012130156
3613050012130157
3613050012130158
3613050012130159
3613050012130160
3613050012130161
3613050012130162
3613050012130163
3613050012130164
3613050012130165
3613050012130166
3613050012130167
3613050012130168
3613050012130169
3613050012130170
3613050012130171
3613050012130172
3613050012130173
3613050012130174
3613050012130175
3613050012130176
3613050012130177
3613050012130178
3613050012130179
3613050012130180
3613050012130181
3613050012130182
3613050012130183
3613050012130184
3613050012130185
3613050012130186
3613050012130187
3613050012130188
3613050012130189
3613050012130190
3613050012130191
3613050012130192
3613050012130193
3613050012130194
3613050012130195
3613050012130196
3613050012130197
3613050012130198
3613050012130199
3613050012130200
3613050012130201
3613050012130202
3613050012130203
3613050012130204
3613050012130205
3613050012130206
3613050012130207
3613050012130208
3613050012130209
3613050012130210
3613050012130211
3613050012130212
3613050012130213
3613050012130214
3613050012130215
3613050012130216
3613050012130217
3613050012130218
3613050012130219
3613050012130220
3613050012130221
3613050012130222
3613050012130223
3613050012130224
3613050012130225
3613050012130226
3613050012130227
3613050012130228
3613050012130229
3613050012130230
3613050012130231
3613050012130232
3613050012130233
3613050012130234
3613050012130235
3613050012130236
3613050012130237
3613050012130238
3613050012130239
3613050012130240
3613050012130241
3613050012130242
3613050012130243
3613050012130244
3613050012130245
3613050012130246
3613050012130247
3613050012130248
3613050012130249
3613050012130250
3613050012130251
3613050012130252
3613050012130253
3613050012130254
3613050012130255
3613050012130256
3613050012130257
3613050012130258
3613050012130259
3613050012130260
3613050012130261
3613050012130262
3613050012130263
3613050012130264
3613050012130265
3613050012130266
3613050012130267
3613050012130268
3613050012130269
3613050012130270
3613050012130271
3613050012130272
3613050012130273
3613050012130274
3613050012130275
3613050012130276
3613050012130277
3613050012130278
3613050012130279
3613050012130280