868120168135447
868120168135454
868120168135462
868120168135470
868120168135488
868120168135496
868120168135504
868120168135512
868120168135520
868120168135538
868120168135546
868120168135553
868120168135561
868120168135579
868120168135587
868120168135595
868120168135603
868120168135611
868120168135629
868120168135637
868120168135645
868120168135652
868120168135660
868120168135678
868120168135686
868120168135694
868120168135702
868120168135710
868120168135728
868120168135736
868120168135744
868120168135751
868120168135769
868120168135777
868120168135785
868120168135793
868120168135801
868120168135819
868120168135827
868120168135835
868120168135843
868120168135850
868120168135868
868120168135876
868120168135884
868120168135892
868120168135900
868120168135918
868120168135926
868120168135934
868120168135942
868120168135959
868120168135967
868120168135975
868120168135983
868120168135991
868120168136007
868120168136015
868120168136023
868120168136031
868120168136049
868120168136056
868120168136064
868120168136072
868120168136080
868120168136098
868120168136106
868120168136114
868120168136122
868120168136130
868120168136148
868120168136155
868120168136163
868120168136171
868120168136189
868120168136197
868120168136205
868120168136213
868120168136221
868120168136239
868120168136247
868120168136254
868120168136262
868120168136270
868120168136288
868120168136296
868120168136304
868120168136312
868120168136320
868120168136338
868120168136346
868120168136353
868120168136361
868120168136379
868120168136387
868120168136395
868120168136403
868120168136411
868120168136429
868120168136437
868120168136445
868120168136452
868120168136460
868120168136478
868120168136486
868120168136494
868120168136502
868120168136510
868120168136528
868120168136536
868120168136544
868120168136551
868120168136569
868120168136577
868120168136585
868120168136593
868120168136601
868120168136619
868120168136627
868120168136635
868120168136643
868120168136650
868120168136668
868120168136676
868120168136684
868120168136692
868120168136700
868120168136718
868120168136726
868120168136734
868120168136742
868120168136759
868120168136767
868120168136775
868120168136783
868120168136791
868120168136809
868120168136817
868120168136825
868120168136833
868120168136841
868120168136858
868120168136866
868120168136874
868120168136882
868120168136890
868120168136908
868120168136916
868120168136924
868120168136932
868120168136940
868120168136957
868120168136965
868120168136973
868120168136981
868120168136999
868120168137005
868120168137013
868120168137021
868120168137039
868120168137047
868120168137054
868120168137062
868120168137070
868120168137088
868120168137096
868120168137104
868120168137112
868120168137120
868120168137138
868120168137146
868120168137153
868120168137161
868120168137179
868120168137187
868120168137195
868120168137203
868120168137211
868120168137229
868120168137237
868120168137245
868120168137252
868120168137260
868120168137278
868120168137286
868120168137294
868120168137302
868120168137310
868120168137328
868120168137336
868120168137344
868120168137351
868120168137369
868120168137377
868120168137385
868120168137393
868120168137401
868120168137419
868120168137427
868120168137435
868120168137443
868120168137450
868120168137468
868120168137476
868120168137484
868120168137492
868120168137500
868120168137518
868120168137526
868120168137534
868120168137542
868120168137559
868120168137567
868120168137575
868120168137583
868120168137591
868120168137609
868120168137617
868120168137625
868120168137633
868120168137641
868120168137658
868120168137666
868120168137674
868120168137682
868120168137690
868120168137708
868120168137716
868120168137724
868120168137732
868120168137740
868120168137757
868120168137765
868120168137773
868120168137781
868120168137799
868120168137807
868120168137815
868120168137823
868120168137831
868120168137849
868120168137856
868120168137864
868120168137872
868120168137880
868120168137898
868120168137906
868120168137914
868120168137922
868120168137930
868120168137948
868120168137955
868120168137963
868120168137971
868120168137989
868120168137997
868120168138003
868120168138011
868120168138029
868120168138037
868120168138045
868120168138052
868120168138060
868120168138078
868120168138086
868120168138094
868120168138102
868120168138110
868120168138128
868120168138136
868120168138144
868120168138151
868120168138169
868120168138177
868120168138185
868120168138193
868120168138201
868120168138219
868120168138227
868120168138235
868120168138243
868120168138250
868120168138268
868120168138276
868120168138284
868120168138292
868120168138300
868120168138318
868120168138326
868120168138334
868120168138342
868120168138359
868120168138367
868120168138375
868120168138383
868120168138391
868120168138409
868120168138417
868120168138425
868120168138433
868120168138441
868120168138458
868120168138466
868120168138474
868120168138482
868120168138490
868120168138508
868120168138516
868120168138524
868120168138532
868120168138540
868120168138557
868120168138565
868120168138573
868120168138581
868120168138599
868120168138607
868120168138615
868120168138623
868120168138631
868120168138649
868120168138656
868120168138664
868120168138672
868120168138680
868120168138698
868120168138706
868120168138714
868120168138722
868120168138730
868120168138748
868120168138755
868120168138763
868120168138771
868120168138789
868120168138797
868120168138805
868120168138813
868120168138821
868120168138839
868120168138847
868120168138854
868120168138862
868120168138870
868120168138888
868120168138896
868120168138904
868120168138912
868120168138920
868120168138938
868120168138946
868120168138953
868120168138961
868120168138979
868120168138987
868120168138995
868120168139001
868120168139019
868120168139027
868120168139035
868120168139043
868120168139050
868120168139068
868120168139076
868120168139084
868120168139092
868120168139100
868120168139118
868120168139126
868120168139134
868120168139142
868120168139159
868120168139167
868120168139175
868120168139183
868120168139191
868120168139209
868120168139217
868120168139225
868120168139233
868120168139241
868120168139258
868120168139266
868120168139274
868120168139282
868120168139290
868120168139308
868120168139316
868120168139324
868120168139332
868120168139340
868120168139357
868120168139365
868120168139373
868120168139381
868120168139399
868120168139407
868120168139415
868120168139423
868120168139431
868120168139449
868120168139456
868120168139464
868120168139472
868120168139480
868120168139498
868120168139506
868120168139514
868120168139522
868120168139530
868120168139548
868120168139555
868120168139563
868120168139571
868120168139589
868120168139597
868120168139605
868120168139613
868120168139621
868120168139639
868120168139647
868120168139654
868120168139662
868120168139670
868120168139688
868120168139696
868120168139704
868120168139712
868120168139720
868120168139738
868120168139746
868120168139753
868120168139761
868120168139779
868120168139787
868120168139795
868120168139803
868120168139811
868120168139829
868120168139837
868120168139845
868120168139852
868120168139860
868120168139878
868120168139886
868120168139894
868120168139902
868120168139910
868120168139928
868120168139936
868120168139944
868120168139951
868120168139969
868120168139977
868120168139985
868120168139993
868120168140009
868120168140017
868120168140025
868120168140033
868120168140041
868120168140058
868120168140066
868120168140074
868120168140082
868120168140090
868120168140108
868120168140116
868120168140124
868120168140132
868120168140140
868120168140157
868120168140165
868120168140173
868120168140181
868120168140199
868120168140207
868120168140215
868120168140223
868120168140231
868120168140249
868120168140256
868120168140264
868120168140272
868120168140280
868120168140298
868120168140306
868120168140314
868120168140322
868120168140330
868120168140348
868120168140355
868120168140363
868120168140371
868120168140389
868120168140397
868120168140405
868120168140413
868120168140421
868120168140439
868120168140447
868120168140454
868120168140462
868120168140470
868120168140488
868120168140496
868120168140504
868120168140512
868120168140520
868120168140538
868120168140546
868120168140553
868120168140561
868120168140579
868120168140587
868120168140595
868120168140603
868120168140611
868120168140629
868120168140637
868120168140645
868120168140652
868120168140660
868120168140678
868120168140686
868120168140694
868120168140702
868120168140710
868120168140728
868120168140736
868120168140744
868120168140751
868120168140769
868120168140777
868120168140785
868120168140793
868120168140801
868120168140819
868120168140827
868120168140835
868120168140843
868120168140850
868120168140868
868120168140876
868120168140884
868120168140892
868120168140900
868120168140918
868120168140926
868120168140934
868120168140942
868120168140959
868120168140967
868120168140975
868120168140983
868120168140991
868120168141007
868120168141015
868120168141023
868120168141031
868120168141049
868120168141056
868120168141064
868120168141072
868120168141080
868120168141098
868120168141106
868120168141114
868120168141122
868120168141130
868120168141148
868120168141155
868120168141163
868120168141171
868120168141189
868120168141197
868120168141205
868120168141213
868120168141221
868120168141239
868120168141247
868120168141254
868120168141262
868120168141270
868120168141288
868120168141296
868120168141304
868120168141312
868120168141320
868120168141338
868120168141346
868120168141353
868120168141361
868120168141379
868120168141387
868120168141395
868120168141403
868120168141411
868120168141429
868120168141437
868120168141445
868120168141452
868120168141460
868120168141478
868120168141486
868120168141494
868120168141502
868120168141510
868120168141528
868120168141536
868120168141544
868120168141551
868120168141569
868120168141577
868120168141585
868120168141593
868120168141601
868120168141619
868120168141627
868120168141635
868120168141643
868120168141650
868120168141668
868120168141676
868120168141684
868120168141692
868120168141700
868120168141718
868120168141726
868120168141734
868120168141742
868120168141759
868120168141767
868120168141775
868120168141783
868120168141791
868120168141809
868120168141817
868120168141825
868120168141833
868120168141841
868120168141858
868120168141866
868120168141874
868120168141882
868120168141890
868120168141908
868120168141916
868120168141924
868120168141932
868120168141940
868120168141957
868120168141965
868120168141973
868120168141981
868120168141999
868120168142005
868120168142013
868120168142021
868120168142039
868120168142047
868120168142054
868120168142062
868120168142070
868120168142088
868120168142096
868120168142104
868120168142112
868120168142120
868120168142138
868120168142146
868120168142153
868120168142161
868120168142179
868120168142187
868120168142195
868120168142203
868120168142211
868120168142229
868120168142237
868120168142245
868120168142252
868120168142260
868120168142278
868120168142286
868120168142294
868120168142302
868120168142310
868120168142328
868120168142336
868120168142344
868120168142351
868120168142369
868120168142377
868120168142385
868120168142393
868120168142401
868120168142419
868120168142427
868120168142435
868120168142443
868120168142450
868120168142468
868120168142476
868120168142484
868120168142492
868120168142500
868120168142518
868120168142526
868120168142534
868120168142542
868120168142559
868120168142567
868120168142575
868120168142583
868120168142591
868120168142609
868120168142617
868120168142625
868120168142633
868120168142641
868120168142658
868120168142666
868120168142674
868120168142682
868120168142690
868120168142708
868120168142716
868120168142724
868120168142732
868120168142740
868120168142757
868120168142765
868120168142773
868120168142781
868120168142799
868120168142807
868120168142815
868120168142823
868120168142831
868120168142849
868120168142856
868120168142864
868120168142872
868120168142880
868120168142898
868120168142906
868120168142914
868120168142922
868120168142930
868120168142948
868120168142955
868120168142963
868120168142971
868120168142989
868120168142997
868120168143003
868120168143011
868120168143029
868120168143037
868120168143045
868120168143052
868120168143060
868120168143078
868120168143086
868120168143094
868120168143102
868120168143110
868120168143128
868120168143136
868120168143144
868120168143151
868120168143169
868120168143177
868120168143185
868120168143193
868120168143201
868120168143219
868120168143227
868120168143235
868120168143243
868120168143250
868120168143268
868120168143276
868120168143284
868120168143292
868120168143300
868120168143318
868120168143326
868120168143334
868120168143342
868120168143359
868120168143367
868120168143375
868120168143383
868120168143391
868120168143409
868120168143417
868120168143425
868120168143433
868120168143441
868120168143458
868120168143466
868120168143474
868120168143482
868120168143490
868120168143508
868120168143516
868120168143524
868120168143532
868120168143540
868120168143557
868120168143565
868120168143573
868120168143581
868120168143599
868120168143607
868120168143615
868120168143623
868120168143631
868120168143649
868120168143656
868120168143664
868120168143672
868120168143680
868120168143698
868120168143706
868120168143714
868120168143722
868120168143730
868120168143748
868120168143755
868120168143763
868120168143771
868120168143789
868120168143797
868120168143805
868120168143813
868120168143821
868120168143839
868120168143847
868120168143854
868120168143862
868120168143870
868120168143888
868120168143896
868120168143904
868120168143912
868120168143920
868120168143938
868120168143946
868120168143953
868120168143961
868120168143979
868120168143987
868120168143995
868120168144001
868120168144019
868120168144027
868120168144035
868120168144043
868120168144050
868120168144068
868120168144076
868120168144084
868120168144092
868120168144100
868120168144118
868120168144126
868120168144134
868120168144142
868120168144159
868120168144167
868120168144175
868120168144183
868120168144191
868120168144209
868120168144217
868120168144225
868120168144233
868120168144241
868120168144258
868120168144266
868120168144274
868120168144282
868120168144290
868120168144308
868120168144316
868120168144324
868120168144332
868120168144340
868120168144357
868120168144365
868120168144373
868120168144381
868120168144399
868120168144407
868120168144415
868120168144423
868120168144431
868120168144449
868120168144456
868120168144464
868120168144472
868120168144480
868120168144498
868120168144506
868120168144514
868120168144522
868120168144530
868120168144548
868120168144555
868120168144563
868120168144571
868120168144589
868120168144597
868120168144605
868120168144613
868120168144621
868120168144639
868120168144647
868120168144654
868120168144662
868120168144670
868120168144688
868120168144696
868120168144704
868120168144712
868120168144720
868120168144738
868120168144746
868120168144753
868120168144761
868120168144779
868120168144787
868120168144795
868120168144803
868120168144811
868120168144829
868120168144837
868120168144845
868120168144852
868120168144860
868120168144878
868120168144886
868120168144894
868120168144902
868120168144910
868120168144928
868120168144936
868120168144944
868120168144951
868120168144969
868120168144977
868120168144985
868120168144993
868120168145008
868120168145016
868120168145024
868120168145032
868120168145040
868120168145057
868120168145065
868120168145073
868120168145081
868120168145099
868120168145107
868120168145115
868120168145123
868120168145131
868120168145149
868120168145156
868120168145164
868120168145172
868120168145180
868120168145198
868120168145206
868120168145214
868120168145222
868120168145230
868120168145248
868120168145255
868120168145263
868120168145271
868120168145289
868120168145297
868120168145305
868120168145313
868120168145321
868120168145339
868120168145347
868120168145354
868120168145362
868120168145370
868120168145388
868120168145396
868120168145404
868120168145412
868120168145420
868120168145438
868120168145446
868120168145453
868120168145461
868120168145479
868120168145487
868120168145495
868120168145503
868120168145511
868120168145529
868120168145537
868120168145545
868120168145552
868120168145560
868120168145578
868120168145586
868120168145594
868120168145602
868120168145610
868120168145628
868120168145636
868120168145644
868120168145651
868120168145669
868120168145677
868120168145685
868120168145693
868120168145701
868120168145719
868120168145727
868120168145735
868120168145743
868120168145750
868120168145768
868120168145776
868120168145784
868120168145792
868120168145800
868120168145818
868120168145826
868120168145834
868120168145842
868120168145859
868120168145867
868120168145875
868120168145883
868120168145891
868120168145909
868120168145917
868120168145925
868120168145933
868120168145941
868120168145958
868120168145966
868120168145974
868120168145982
868120168145990
868120168146006
868120168146014
868120168146022
868120168146030
868120168146048
868120168146055
868120168146063
868120168146071
868120168146089
868120168146097
868120168146105
868120168146113
868120168146121
868120168146139
868120168146147
868120168146154
868120168146162
868120168146170
868120168146188
868120168146196
868120168146204
868120168146212
868120168146220
868120168146238
868120168146246
868120168146253
868120168146261
868120168146279
868120168146287
868120168146295
868120168146303
868120168146311
868120168146329
868120168146337
868120168146345
868120168146352
868120168146360
868120168146378
868120168146386
868120168146394
868120168146402
868120168146410
868120168146428
868120168146436
868120168146444
868120168146451
868120168146469
868120168146477
868120168146485
868120168146493
868120168146501
868120168146519
868120168146527
868120168146535
868120168146543
868120168146550
868120168146568
868120168146576
868120168146584
868120168146592
868120168146600
868120168146618
868120168146626
868120168146634
868120168146642
868120168146659
868120168146667
868120168146675
868120168146683
868120168146691
868120168146709
868120168146717
868120168146725
868120168146733
868120168146741
868120168146758
868120168146766
868120168146774
868120168146782
868120168146790
868120168146808
868120168146816
868120168146824
868120168146832
868120168146840
868120168146857
868120168146865
868120168146873
868120168146881
868120168146899
868120168146907
868120168146915
868120168146923
868120168146931
868120168146949
868120168146956
868120168146964
868120168146972
868120168146980
868120168146998
868120168147004
868120168147012
868120168147020
868120168147038
868120168147046
868120168147053
868120168147061
868120168147079
868120168147087
868120168147095
868120168147103
868120168147111
868120168147129
868120168147137
868120168147145
868120168147152
868120168147160
868120168147178
868120168147186
868120168147194
868120168147202
868120168147210
868120168147228
868120168147236
868120168147244
868120168147251
868120168147269
868120168147277
868120168147285
868120168147293
868120168147301
868120168147319
868120168147327
868120168147335
868120168147343
868120168147350
868120168147368
868120168147376
868120168147384
868120168147392
868120168147400
868120168147418
868120168147426
868120168147434
868120168147442
868120168147459
868120168147467
868120168147475
868120168147483
868120168147491
868120168147509
868120168147517
868120168147525
868120168147533
868120168147541
868120168147558
868120168147566
868120168147574
868120168147582
868120168147590
868120168147608
868120168147616
868120168147624
868120168147632
868120168147640
868120168147657
868120168147665
868120168147673
868120168147681
868120168147699
868120168147707
868120168147715
868120168147723
868120168147731
868120168147749
868120168147756
868120168147764
868120168147772
868120168147780
868120168147798
868120168147806
868120168147814
868120168147822
868120168147830
868120168147848
868120168147855
868120168147863
868120168147871
868120168147889
868120168147897
868120168147905
868120168147913
868120168147921
868120168147939
868120168147947
868120168147954
868120168147962
868120168147970
868120168147988
868120168147996
868120168148002
868120168148010
868120168148028
868120168148036
868120168148044
868120168148051
868120168148069
868120168148077
868120168148085
868120168148093
868120168148101
868120168148119
868120168148127
868120168148135
868120168148143
868120168148150
868120168148168
868120168148176
868120168148184
868120168148192
868120168148200
868120168148218
868120168148226
868120168148234
868120168148242
868120168148259
868120168148267
868120168148275
868120168148283
868120168148291
868120168148309
868120168148317
868120168148325
868120168148333
868120168148341
868120168148358
868120168148366
868120168148374
868120168148382
868120168148390
868120168148408
868120168148416
868120168148424
868120168148432
868120168148440
868120168148457
868120168148465
868120168148473
868120168148481
868120168148499
868120168148507
868120168148515
868120168148523
868120168148531
868120168148549
868120168148556
868120168148564
868120168148572
868120168148580
868120168148598
868120168148606
868120168148614
868120168148622
868120168148630
868120168148648
868120168148655
868120168148663
868120168148671
868120168148689
868120168148697
868120168148705
868120168148713
868120168148721
868120168148739
868120168148747
868120168148754
868120168148762
868120168148770
868120168148788
868120168148796
868120168148804
868120168148812
868120168148820
868120168148838
868120168148846
868120168148853
868120168148861
868120168148879
868120168148887
868120168148895
868120168148903
868120168148911
868120168148929
868120168148937
868120168148945
868120168148952
868120168148960
868120168148978
868120168148986
868120168148994
868120168149000
868120168149018
868120168149026
868120168149034
868120168149042
868120168149059
868120168149067
868120168149075
868120168149083
868120168149091
868120168149109
868120168149117
868120168149125
868120168149133
868120168149141
868120168149158
868120168149166
868120168149174
868120168149182
868120168149190
868120168149208
868120168149216
868120168149224
868120168149232
868120168149240
868120168149257
868120168149265
868120168149273
868120168149281
868120168149299
868120168149307
868120168149315
868120168149323
868120168149331
868120168149349
868120168149356
868120168149364
868120168149372
868120168149380
868120168149398
868120168149406
868120168149414
868120168149422
868120168149430
868120168149448
868120168149455
868120168149463
868120168149471
868120168149489
868120168149497
868120168149505
868120168149513
868120168149521
868120168149539
868120168149547
868120168149554
868120168149562
868120168149570
868120168149588
868120168149596
868120168149604
868120168149612
868120168149620
868120168149638
868120168149646
868120168149653
868120168149661
868120168149679
868120168149687
868120168149695
868120168149703
868120168149711
868120168149729
868120168149737
868120168149745
868120168149752
868120168149760
868120168149778
868120168149786
868120168149794
868120168149802
868120168149810
868120168149828
868120168149836
868120168149844
868120168149851
868120168149869
868120168149877
868120168149885
868120168149893
868120168149901
868120168149919
868120168149927
868120168149935
868120168149943
868120168149950
868120168149968
868120168149976
868120168149984
868120168149992
868120168150008
868120168150016
868120168150024
868120168150032
868120168150040
868120168150057
868120168150065
868120168150073
868120168150081
868120168150099
868120168150107
868120168150115
868120168150123
868120168150131
868120168150149
868120168150156
868120168150164
868120168150172
868120168150180
868120168150198
868120168150206
868120168150214
868120168150222
868120168150230
868120168150248
868120168150255
868120168150263
868120168150271
868120168150289
868120168150297
868120168150305
868120168150313
868120168150321
868120168150339
868120168150347
868120168150354
868120168150362
868120168150370
868120168150388
868120168150396
868120168150404
868120168150412
868120168150420
868120168150438
868120168150446
868120168150453
868120168150461
868120168150479
868120168150487
868120168150495
868120168150503
868120168150511
868120168150529
868120168150537
868120168150545
868120168150552
868120168150560
868120168150578
868120168150586
868120168150594
868120168150602
868120168150610
868120168150628
868120168150636
868120168150644
868120168150651
868120168150669
868120168150677
868120168150685
868120168150693
868120168150701
868120168150719
868120168150727
868120168150735
868120168150743
868120168150750
868120168150768
868120168150776
868120168150784
868120168150792
868120168150800
868120168150818
868120168150826
868120168150834
868120168150842
868120168150859
868120168150867
868120168150875
868120168150883
868120168150891
868120168150909
868120168150917
868120168150925
868120168150933
868120168150941
868120168150958
868120168150966
868120168150974
868120168150982
868120168150990
868120168151006
868120168151014
868120168151022
868120168151030
868120168151048
868120168151055
868120168151063
868120168151071
868120168151089
868120168151097
868120168151105
868120168151113
868120168151121
868120168151139
868120168151147
868120168151154
868120168151162
868120168151170
868120168151188
868120168151196
868120168151204
868120168151212
868120168151220
868120168151238
868120168151246
868120168151253
868120168151261
868120168151279
868120168151287
868120168151295
868120168151303
868120168151311
868120168151329
868120168151337
868120168151345
868120168151352
868120168151360
868120168151378
868120168151386
868120168151394
868120168151402
868120168151410
868120168151428
868120168151436
868120168151444
868120168151451
868120168151469
868120168151477
868120168151485
868120168151493
868120168151501
868120168151519
868120168151527
868120168151535
868120168151543
868120168151550
868120168151568
868120168151576
868120168151584
868120168151592
868120168151600
868120168151618
868120168151626
868120168151634
868120168151642
868120168151659
868120168151667
868120168151675
868120168151683
868120168151691
868120168151709
868120168151717
868120168151725
868120168151733
868120168151741
868120168151758
868120168151766
868120168151774
868120168151782
868120168151790
868120168151808
868120168151816
868120168151824
868120168151832
868120168151840
868120168151857
868120168151865
868120168151873
868120168151881
868120168151899
868120168151907
868120168151915
868120168151923
868120168151931
868120168151949
868120168151956
868120168151964
868120168151972
868120168151980
868120168151998
868120168152004
868120168152012
868120168152020
868120168152038
868120168152046
868120168152053
868120168152061
868120168152079
868120168152087
868120168152095
868120168152103
868120168152111
868120168152129
868120168152137
868120168152145
868120168152152
868120168152160
868120168152178
868120168152186
868120168152194
868120168152202
868120168152210
868120168152228
868120168152236
868120168152244
868120168152251
868120168152269
868120168152277
868120168152285
868120168152293
868120168152301
868120168152319
868120168152327
868120168152335
868120168152343
868120168152350
868120168152368
868120168152376
868120168152384
868120168152392
868120168152400
868120168152418
868120168152426
868120168152434
868120168152442
868120168152459
868120168152467
868120168152475
868120168152483
868120168152491
868120168152509
868120168152517
868120168152525
868120168152533
868120168152541
868120168152558
868120168152566
868120168152574
868120168152582
868120168152590
868120168152608
868120168152616
868120168152624
868120168152632
868120168152640
868120168152657
868120168152665
868120168152673
868120168152681
868120168152699
868120168152707
868120168152715
868120168152723
868120168152731
868120168152749
868120168152756
868120168152764
868120168152772
868120168152780
868120168152798
868120168152806
868120168152814
868120168152822
868120168152830
868120168152848
868120168152855
868120168152863
868120168152871
868120168152889
868120168152897
868120168152905
868120168152913
868120168152921
868120168152939
868120168152947
868120168152954
868120168152962
868120168152970
868120168152988
868120168152996
868120168153002
868120168153010
868120168153028
868120168153036
868120168153044
868120168153051
868120168153069
868120168153077
868120168153085
868120168153093
868120168153101
868120168153119
868120168153127
868120168153135
868120168153143
868120168153150
868120168153168
868120168153176
868120168153184
868120168153192
868120168153200
868120168153218
868120168153226
868120168153234
868120168153242
868120168153259
868120168153267
868120168153275
868120168153283
868120168153291
868120168153309
868120168153317
868120168153325
868120168153333
868120168153341
868120168153358
868120168153366
868120168153374
868120168153382
868120168153390
868120168153408
868120168153416
868120168153424
868120168153432
868120168153440
868120168153457
868120168153465
868120168153473
868120168153481
868120168153499
868120168153507
868120168153515
868120168153523
868120168153531
868120168153549
868120168153556
868120168153564
868120168153572
868120168153580
868120168153598
868120168153606
868120168153614
868120168153622
868120168153630
868120168153648
868120168153655
868120168153663
868120168153671
868120168153689
868120168153697
868120168153705
868120168153713
868120168153721
868120168153739
868120168153747
868120168153754
868120168153762
868120168153770
868120168153788
868120168153796
868120168153804
868120168153812
868120168153820
868120168153838
868120168153846
868120168153853
868120168153861
868120168153879
868120168153887
868120168153895
868120168153903
868120168153911
868120168153929
868120168153937
868120168153945
868120168153952
868120168153960
868120168153978
868120168153986
868120168153994
868120168154000
868120168154018
868120168154026
868120168154034
868120168154042
868120168154059
868120168154067
868120168154075
868120168154083
868120168154091
868120168154109
868120168154117
868120168154125
868120168154133
868120168154141
868120168154158
868120168154166
868120168154174
868120168154182
868120168154190
868120168154208
868120168154216
868120168154224
868120168154232
868120168154240
868120168154257
868120168154265
868120168154273
868120168154281
868120168154299
868120168154307
868120168154315
868120168154323
868120168154331
868120168154349
868120168154356
868120168154364
868120168154372
868120168154380
868120168154398
868120168154406
868120168154414
868120168154422
868120168154430
868120168154448
868120168154455
868120168154463
868120168154471
868120168154489
868120168154497
868120168154505
868120168154513
868120168154521
868120168154539
868120168154547
868120168154554
868120168154562
868120168154570
868120168154588
868120168154596
868120168154604
868120168154612
868120168154620
868120168154638
868120168154646
868120168154653
868120168154661
868120168154679
868120168154687
868120168154695
868120168154703
868120168154711
868120168154729
868120168154737
868120168154745
868120168154752
868120168154760
868120168154778
868120168154786
868120168154794
868120168154802
868120168154810
868120168154828
868120168154836
868120168154844
868120168154851
868120168154869
868120168154877
868120168154885
868120168154893
868120168154901
868120168154919
868120168154927
868120168154935
868120168154943
868120168154950
868120168154968
868120168154976
868120168154984
868120168154992
868120168155007
868120168155015
868120168155023
868120168155031
868120168155049
868120168155056
868120168155064
868120168155072
868120168155080
868120168155098
868120168155106
868120168155114
868120168155122
868120168155130
868120168155148
868120168155155
868120168155163
868120168155171
868120168155189
868120168155197
868120168155205
868120168155213
868120168155221
868120168155239
868120168155247
868120168155254
868120168155262
868120168155270
868120168155288
868120168155296
868120168155304
868120168155312
868120168155320
868120168155338
868120168155346
868120168155353
868120168155361
868120168155379
868120168155387
868120168155395
868120168155403
868120168155411
868120168155429
868120168155437
