868120176457320
868120176457338
868120176457346
868120176457353
868120176457361
868120176457379
868120176457387
868120176457395
868120176457403
868120176457411
868120176457429
868120176457437
868120176457445
868120176457452
868120176457460
868120176457478
868120176457486
868120176457494
868120176457502
868120176457510
868120176457528
868120176457536
868120176457544
868120176457551
868120176457569
868120176457577
868120176457585
868120176457593
868120176457601
868120176457619
868120176457627
868120176457635
868120176457643
868120176457650
868120176457668
868120176457676
868120176457684
868120176457692
868120176457700
868120176457718
868120176457726
868120176457734
868120176457742
868120176457759
868120176457767
868120176457775
868120176457783
868120176457791
868120176457809
868120176457817
868120176457825
868120176457833
868120176457841
868120176457858
868120176457866
868120176457874
868120176457882
868120176457890
868120176457908
868120176457916
868120176457924
868120176457932
868120176457940
868120176457957
868120176457965
868120176457973
868120176457981
868120176457999
868120176458005
868120176458013
868120176458021
868120176458039
868120176458047
868120176458054
868120176458062
868120176458070
868120176458088
868120176458096
868120176458104
868120176458112
868120176458120
868120176458138
868120176458146
868120176458153
868120176458161
868120176458179
868120176458187
868120176458195
868120176458203
868120176458211
868120176458229
868120176458237
868120176458245
868120176458252
868120176458260
868120176458278
868120176458286
868120176458294
868120176458302
868120176458310
868120176458328
868120176458336
868120176458344
868120176458351
868120176458369
868120176458377
868120176458385
868120176458393
868120176458401
868120176458419
868120176458427
868120176458435
868120176458443
868120176458450
868120176458468
868120176458476
868120176458484
868120176458492
868120176458500
868120176458518
868120176458526
868120176458534
868120176458542
868120176458559
868120176458567
868120176458575
868120176458583
868120176458591
868120176458609
868120176458617
868120176458625
868120176458633
868120176458641
868120176458658
868120176458666
868120176458674
868120176458682
868120176458690
868120176458708
868120176458716
868120176458724
868120176458732
868120176458740
868120176458757
868120176458765
868120176458773
868120176458781
868120176458799
868120176458807
868120176458815
868120176458823
868120176458831
868120176458849
868120176458856
868120176458864
868120176458872
868120176458880
868120176458898
868120176458906
868120176458914
868120176458922
868120176458930
868120176458948
868120176458955
868120176458963
868120176458971
868120176458989
868120176458997
868120176459003
868120176459011
868120176459029
868120176459037
868120176459045
868120176459052
868120176459060
868120176459078
868120176459086
868120176459094
868120176459102
868120176459110
868120176459128
868120176459136
868120176459144
868120176459151
868120176459169
868120176459177
868120176459185
868120176459193
868120176459201
868120176459219
868120176459227
868120176459235
868120176459243
868120176459250
868120176459268
868120176459276
868120176459284
868120176459292
868120176459300
868120176459318
868120176459326
868120176459334
868120176459342
868120176459359
868120176459367
868120176459375
868120176459383
868120176459391
868120176459409
868120176459417
868120176459425
868120176459433
868120176459441
868120176459458
868120176459466
868120176459474
868120176459482
868120176459490
868120176459508
868120176459516
868120176459524
868120176459532
868120176459540
868120176459557
868120176459565
868120176459573
868120176459581
868120176459599
868120176459607
868120176459615
868120176459623
868120176459631
868120176459649
868120176459656
868120176459664
868120176459672
868120176459680
868120176459698
868120176459706
868120176459714
868120176459722
868120176459730
868120176459748
868120176459755
868120176459763
868120176459771
868120176459789
868120176459797
868120176459805
868120176459813
868120176459821
868120176459839
868120176459847
868120176459854
868120176459862
868120176459870
868120176459888
868120176459896
868120176459904
868120176459912
868120176459920
868120176459938
868120176459946
868120176459953
868120176459961
868120176459979
868120176459987
868120176459995
868120176460001
868120176460019
868120176460027
868120176460035
868120176460043
868120176460050
868120176460068
868120176460076
868120176460084
868120176460092
868120176460100
868120176460118
868120176460126
868120176460134
868120176460142
868120176460159
868120176460167
868120176460175
868120176460183
868120176460191
868120176460209
868120176460217
868120176460225
868120176460233
868120176460241
868120176460258
868120176460266
868120176460274
868120176460282
868120176460290
868120176460308
868120176460316
868120176460324
868120176460332
868120176460340
868120176460357
868120176460365
868120176460373
868120176460381
868120176460399
868120176460407
868120176460415
868120176460423
868120176460431
868120176460449
868120176460456
868120176460464
868120176460472
868120176460480
868120176460498
868120176460506
868120176460514
868120176460522
868120176460530
868120176460548
868120176460555
868120176460563
868120176460571
868120176460589
868120176460597
868120176460605
868120176460613
868120176460621
868120176460639
868120176460647
868120176460654
868120176460662
868120176460670
868120176460688
868120176460696
868120176460704
868120176460712
868120176460720
868120176460738
868120176460746
868120176460753
868120176460761
868120176460779
868120176460787
868120176460795
868120176460803
868120176460811
868120176460829
868120176460837
868120176460845
868120176460852
868120176460860
868120176460878
868120176460886
868120176460894
868120176460902
868120176460910
868120176460928
868120176460936
868120176460944
868120176460951
868120176460969
868120176460977
868120176460985
868120176460993
868120176461009
868120176461017
868120176461025
868120176461033
868120176461041
868120176461058
868120176461066
868120176461074
868120176461082
868120176461090
868120176461108
868120176461116
868120176461124
868120176461132
868120176461140
868120176461157
868120176461165
868120176461173
868120176461181
868120176461199
868120176461207
868120176461215
868120176461223
868120176461231
868120176461249
868120176461256
868120176461264
868120176461272
868120176461280
868120176461298
868120176461306
868120176461314
868120176461322
868120176461330
868120176461348
868120176461355
868120176461363
868120176461371
868120176461389
868120176461397
868120176461405
868120176461413
868120176461421
868120176461439
868120176461447
868120176461454
868120176461462
868120176461470
868120176461488
868120176461496
868120176461504
868120176461512
868120176461520
868120176461538
868120176461546
868120176461553
868120176461561
868120176461579
868120176461587
868120176461595
868120176461603
868120176461611
868120176461629
868120176461637
868120176461645
868120176461652
868120176461660
868120176461678
868120176461686
868120176461694
868120176461702
868120176461710
868120176461728
868120176461736
868120176461744
868120176461751
868120176461769
868120176461777
868120176461785
868120176461793
868120176461801
868120176461819
868120176461827
868120176461835
868120176461843
868120176461850
868120176461868
868120176461876
868120176461884
868120176461892
868120176461900
868120176461918
868120176461926
868120176461934
868120176461942
868120176461959
868120176461967
868120176461975
868120176461983
868120176461991
868120176462007
868120176462015
868120176462023
868120176462031
868120176462049
868120176462056
868120176462064
868120176462072
868120176462080
868120176462098
868120176462106
868120176462114
868120176462122
868120176462130
868120176462148
868120176462155
868120176462163
868120176462171
868120176462189
868120176462197
868120176462205
868120176462213
868120176462221
868120176462239
868120176462247
868120176462254
868120176462262
868120176462270
868120176462288
868120176462296
868120176462304
868120176462312
868120176462320
868120176462338
868120176462346
868120176462353
868120176462361
868120176462379
868120176462387
868120176462395
868120176462403
868120176462411
868120176462429
868120176462437
868120176462445
868120176462452
868120176462460
868120176462478
868120176462486
868120176462494
868120176462502
868120176462510
868120176462528
868120176462536
868120176462544
868120176462551
868120176462569
868120176462577
868120176462585
868120176462593
868120176462601
868120176462619
868120176462627
868120176462635
868120176462643
868120176462650
868120176462668
868120176462676
868120176462684
868120176462692
868120176462700
868120176462718
868120176462726
868120176462734
868120176462742
868120176462759
868120176462767
868120176462775
868120176462783
868120176462791
868120176462809
868120176462817
868120176462825
868120176462833
868120176462841
868120176462858
868120176462866
868120176462874
868120176462882
868120176462890
868120176462908
868120176462916
868120176462924
868120176462932
868120176462940
868120176462957
868120176462965
868120176462973
868120176462981
868120176462999
868120176463005
868120176463013
868120176463021
868120176463039
868120176463047
868120176463054
868120176463062
868120176463070
868120176463088
868120176463096
868120176463104
868120176463112
868120176463120
868120176463138
868120176463146
868120176463153
868120176463161
868120176463179
868120176463187
868120176463195
868120176463203
868120176463211
868120176463229
868120176463237
868120176463245
868120176463252
868120176463260
868120176463278
868120176463286
868120176463294
868120176463302
868120176463310
868120176463328
868120176463336
868120176463344
868120176463351
868120176463369
868120176463377
868120176463385
868120176463393
868120176463401
868120176463419
868120176463427
868120176463435
868120176463443
868120176463450
868120176463468
868120176463476
868120176463484
868120176463492
868120176463500
868120176463518
868120176463526
868120176463534
868120176463542
868120176463559
868120176463567
868120176463575
868120176463583
868120176463591
868120176463609
868120176463617
868120176463625
868120176463633
868120176463641
868120176463658
868120176463666
868120176463674
868120176463682
868120176463690
868120176463708
868120176463716
868120176463724
868120176463732
868120176463740
868120176463757
868120176463765
868120176463773
868120176463781
868120176463799
868120176463807
868120176463815
868120176463823
868120176463831
868120176463849
868120176463856
868120176463864
868120176463872
868120176463880
868120176463898
868120176463906
868120176463914
868120176463922
868120176463930
868120176463948
868120176463955
868120176463963
868120176463971
868120176463989
868120176463997
868120176464003
868120176464011
868120176464029
868120176464037
868120176464045
868120176464052
868120176464060
868120176464078
868120176464086
868120176464094
868120176464102
868120176464110
868120176464128
868120176464136
868120176464144
868120176464151
868120176464169
868120176464177
868120176464185
868120176464193
868120176464201
868120176464219
868120176464227
868120176464235
868120176464243
868120176464250
868120176464268
868120176464276
868120176464284
868120176464292
868120176464300
868120176464318
868120176464326
868120176464334
868120176464342
868120176464359
868120176464367
868120176464375
868120176464383
868120176464391
868120176464409
868120176464417
868120176464425
868120176464433
868120176464441
868120176464458
868120176464466
868120176464474
868120176464482
868120176464490
868120176464508
868120176464516
868120176464524
868120176464532
868120176464540
868120176464557
868120176464565
868120176464573
868120176464581
868120176464599
868120176464607
868120176464615
868120176464623
868120176464631
868120176464649
868120176464656
868120176464664
868120176464672
868120176464680
868120176464698
868120176464706
868120176464714
868120176464722
868120176464730
868120176464748
868120176464755
868120176464763
868120176464771
868120176464789
868120176464797
868120176464805
868120176464813
868120176464821
868120176464839
868120176464847
868120176464854
868120176464862
868120176464870
868120176464888
868120176464896
868120176464904
868120176464912
868120176464920
868120176464938
868120176464946
868120176464953
868120176464961
868120176464979
868120176464987
868120176464995
868120176465000
868120176465018
868120176465026
868120176465034
868120176465042
868120176465059
868120176465067
868120176465075
868120176465083
868120176465091
868120176465109
868120176465117
868120176465125
868120176465133
868120176465141
868120176465158
868120176465166
868120176465174
868120176465182
868120176465190
868120176465208
868120176465216
868120176465224
868120176465232
868120176465240
868120176465257
868120176465265
868120176465273
868120176465281
868120176465299
868120176465307
868120176465315
868120176465323
868120176465331
868120176465349
868120176465356
868120176465364
868120176465372
868120176465380
868120176465398
868120176465406
868120176465414
868120176465422
868120176465430
868120176465448
868120176465455
868120176465463
868120176465471
868120176465489
868120176465497
868120176465505
868120176465513
868120176465521
868120176465539
868120176465547
868120176465554
868120176465562
868120176465570
868120176465588
868120176465596
868120176465604
868120176465612
868120176465620
868120176465638
868120176465646
868120176465653
868120176465661
868120176465679
868120176465687
868120176465695
868120176465703
868120176465711
868120176465729
868120176465737
868120176465745
868120176465752
868120176465760
868120176465778
868120176465786
868120176465794
868120176465802
868120176465810
868120176465828
868120176465836
868120176465844
868120176465851
868120176465869
868120176465877
868120176465885
868120176465893
868120176465901
868120176465919
868120176465927
868120176465935
868120176465943
868120176465950
868120176465968
868120176465976
868120176465984
868120176465992
868120176466008
868120176466016
868120176466024
868120176466032
868120176466040
868120176466057
868120176466065
868120176466073
868120176466081
868120176466099
868120176466107
868120176466115
868120176466123
868120176466131
868120176466149
868120176466156
868120176466164
868120176466172
868120176466180
868120176466198
868120176466206
868120176466214
868120176466222
868120176466230
868120176466248
868120176466255
868120176466263
868120176466271
868120176466289
868120176466297
868120176466305
868120176466313
868120176466321
868120176466339
868120176466347
868120176466354
868120176466362
868120176466370
868120176466388
868120176466396
868120176466404
868120176466412
868120176466420
868120176466438
868120176466446
868120176466453
868120176466461
868120176466479
868120176466487
868120176466495
868120176466503
868120176466511
868120176466529
868120176466537
868120176466545
868120176466552
868120176466560
868120176466578
868120176466586
868120176466594
868120176466602
868120176466610
868120176466628
868120176466636
868120176466644
868120176466651
868120176466669
868120176466677
868120176466685
868120176466693
868120176466701
868120176466719
868120176466727
868120176466735
868120176466743
868120176466750
868120176466768
868120176466776
868120176466784
868120176466792
868120176466800
868120176466818
868120176466826
868120176466834
868120176466842
868120176466859
868120176466867
868120176466875
868120176466883
868120176466891
868120176466909
868120176466917
868120176466925
868120176466933
868120176466941
868120176466958
868120176466966
868120176466974
868120176466982
868120176466990
868120176467006
868120176467014
868120176467022
868120176467030
868120176467048
868120176467055
868120176467063
868120176467071
868120176467089
868120176467097
868120176467105
868120176467113
868120176467121
868120176467139
868120176467147
868120176467154
868120176467162
868120176467170
868120176467188
868120176467196
868120176467204
868120176467212
868120176467220
868120176467238
868120176467246
868120176467253
868120176467261
868120176467279
868120176467287
868120176467295
868120176467303
868120176467311
868120176467329
868120176467337
868120176467345
868120176467352
868120176467360
868120176467378
868120176467386
868120176467394
868120176467402
868120176467410
868120176467428
868120176467436
868120176467444
868120176467451
868120176467469
868120176467477
868120176467485
868120176467493
868120176467501
868120176467519
868120176467527
868120176467535
868120176467543
868120176467550
868120176467568
868120176467576
868120176467584
868120176467592
868120176467600
868120176467618
868120176467626
868120176467634
868120176467642
868120176467659
868120176467667
868120176467675
868120176467683
868120176467691
868120176467709
868120176467717
868120176467725
868120176467733
868120176467741
868120176467758
868120176467766
868120176467774
868120176467782
868120176467790
868120176467808
868120176467816
868120176467824
868120176467832
868120176467840
868120176467857
868120176467865
868120176467873
868120176467881
868120176467899
868120176467907
868120176467915
868120176467923
868120176467931
868120176467949
868120176467956
868120176467964
868120176467972
868120176467980
868120176467998
868120176468004
868120176468012
868120176468020
868120176468038
868120176468046
868120176468053
868120176468061
868120176468079
868120176468087
868120176468095
868120176468103
868120176468111
868120176468129
868120176468137
868120176468145
868120176468152
868120176468160
868120176468178
868120176468186
868120176468194
868120176468202
868120176468210
868120176468228
868120176468236
868120176468244
868120176468251
868120176468269
868120176468277
868120176468285
868120176468293
868120176468301
868120176468319
868120176468327
868120176468335
868120176468343
868120176468350
868120176468368
868120176468376
868120176468384
868120176468392
868120176468400
868120176468418
868120176468426
868120176468434
868120176468442
868120176468459
868120176468467
868120176468475
868120176468483
868120176468491
868120176468509
868120176468517
868120176468525
868120176468533
868120176468541
868120176468558
868120176468566
868120176468574
868120176468582
868120176468590
868120176468608
868120176468616
868120176468624
868120176468632
868120176468640
868120176468657
868120176468665
868120176468673
868120176468681
868120176468699
868120176468707
868120176468715
868120176468723
868120176468731
868120176468749
868120176468756
868120176468764
868120176468772
868120176468780
868120176468798
868120176468806
868120176468814
868120176468822
868120176468830
868120176468848
868120176468855
868120176468863
868120176468871
868120176468889
868120176468897
868120176468905
868120176468913
868120176468921
868120176468939
868120176468947
868120176468954
868120176468962
868120176468970
868120176468988
868120176468996
868120176469002
868120176469010
868120176469028
868120176469036
868120176469044
868120176469051
868120176469069
868120176469077
868120176469085
868120176469093
868120176469101
868120176469119
868120176469127
868120176469135
868120176469143
868120176469150
868120176469168
868120176469176
868120176469184
868120176469192
868120176469200
868120176469218
868120176469226
868120176469234
868120176469242
868120176469259
868120176469267
868120176469275
868120176469283
868120176469291
868120176469309
868120176469317
868120176469325
868120176469333
868120176469341
868120176469358
868120176469366
868120176469374
868120176469382
868120176469390
868120176469408
868120176469416
868120176469424
868120176469432
868120176469440
868120176469457
868120176469465
868120176469473
868120176469481
868120176469499
868120176469507
868120176469515
868120176469523
868120176469531
868120176469549
868120176469556
868120176469564
868120176469572
868120176469580
868120176469598
868120176469606
868120176469614
868120176469622
868120176469630
868120176469648
868120176469655
868120176469663
868120176469671
868120176469689
868120176469697
868120176469705
868120176469713
868120176469721
868120176469739
868120176469747
868120176469754
868120176469762
868120176469770
868120176469788
868120176469796
868120176469804
868120176469812
868120176469820
868120176469838
868120176469846
868120176469853
868120176469861
868120176469879
868120176469887
868120176469895
868120176469903
868120176469911
868120176469929
868120176469937
868120176469945
868120176469952
868120176469960
868120176469978
868120176469986
868120176469994
868120176470000
868120176470018
868120176470026
868120176470034
868120176470042
868120176470059
868120176470067
868120176470075
868120176470083
868120176470091
868120176470109
868120176470117
868120176470125
868120176470133
868120176470141
868120176470158
868120176470166
868120176470174
868120176470182
868120176470190
868120176470208
868120176470216
868120176470224
868120176470232
868120176470240
868120176470257
868120176470265
868120176470273
868120176470281
868120176470299
868120176470307
868120176470315
868120176470323
868120176470331
868120176470349
868120176470356
868120176470364
868120176470372
868120176470380
868120176470398
868120176470406
868120176470414
868120176470422
868120176470430
868120176470448
868120176470455
868120176470463
868120176470471
868120176470489
868120176470497
868120176470505
868120176470513
868120176470521
868120176470539
868120176470547
868120176470554
868120176470562
868120176470570
868120176470588
868120176470596
868120176470604
868120176470612
868120176470620
868120176470638
868120176470646
868120176470653
868120176470661
868120176470679
868120176470687
868120176470695
868120176470703
868120176470711
868120176470729
868120176470737
868120176470745
868120176470752
868120176470760
868120176470778
868120176470786
868120176470794
868120176470802
868120176470810
868120176470828
868120176470836
868120176470844
868120176470851
868120176470869
868120176470877
868120176470885
868120176470893
868120176470901
868120176470919
868120176470927
868120176470935
868120176470943
868120176470950
868120176470968
868120176470976
868120176470984
868120176470992
868120176471008
868120176471016
868120176471024
868120176471032
868120176471040
868120176471057
868120176471065
868120176471073
868120176471081
868120176471099
868120176471107
868120176471115
868120176471123
868120176471131
868120176471149
868120176471156
868120176471164
868120176471172
868120176471180
868120176471198
868120176471206
868120176471214
868120176471222
868120176471230
868120176471248
868120176471255
868120176471263
868120176471271
868120176471289
868120176471297
868120176471305
868120176471313
868120176471321
868120176471339
868120176471347
868120176471354
868120176471362
868120176471370
868120176471388
868120176471396
868120176471404
868120176471412
868120176471420
868120176471438
868120176471446
868120176471453
868120176471461
868120176471479
868120176471487
868120176471495
868120176471503
868120176471511
868120176471529
868120176471537
868120176471545
868120176471552
868120176471560
868120176471578
868120176471586
868120176471594
868120176471602
868120176471610
868120176471628
868120176471636
868120176471644
868120176471651
868120176471669
868120176471677
868120176471685
868120176471693
868120176471701
868120176471719
868120176471727
868120176471735
868120176471743
868120176471750
868120176471768
868120176471776
868120176471784
868120176471792
868120176471800
868120176471818
868120176471826
868120176471834
868120176471842
868120176471859
868120176471867
868120176471875
868120176471883
868120176471891
868120176471909
868120176471917
868120176471925
868120176471933
868120176471941
868120176471958
868120176471966
868120176471974
868120176471982
868120176471990
868120176472006
868120176472014
868120176472022
868120176472030
868120176472048
868120176472055
868120176472063
868120176472071
868120176472089
868120176472097
868120176472105
868120176472113
868120176472121
868120176472139
868120176472147
868120176472154
868120176472162
868120176472170
868120176472188
868120176472196
868120176472204
868120176472212
868120176472220
868120176472238
868120176472246
868120176472253
868120176472261
868120176472279
868120176472287
868120176472295
868120176472303
868120176472311
868120176472329
868120176472337
868120176472345
868120176472352
868120176472360
868120176472378
868120176472386
868120176472394
868120176472402
868120176472410
868120176472428
868120176472436
868120176472444
868120176472451
868120176472469
868120176472477
868120176472485
868120176472493
868120176472501
868120176472519
868120176472527
868120176472535
868120176472543
868120176472550
868120176472568
868120176472576
868120176472584
868120176472592
868120176472600
868120176472618
868120176472626
868120176472634
868120176472642
868120176472659
868120176472667
868120176472675
868120176472683
868120176472691
868120176472709
868120176472717
868120176472725
868120176472733
868120176472741
868120176472758
868120176472766
868120176472774
868120176472782
868120176472790
868120176472808
868120176472816
868120176472824
868120176472832
868120176472840
868120176472857
868120176472865
868120176472873
868120176472881
868120176472899
868120176472907
868120176472915
868120176472923
868120176472931
868120176472949
868120176472956
868120176472964
868120176472972
868120176472980
868120176472998
868120176473004
868120176473012
868120176473020
868120176473038
868120176473046
868120176473053
868120176473061
868120176473079
868120176473087
868120176473095
868120176473103
868120176473111
868120176473129
868120176473137
868120176473145
868120176473152
868120176473160
868120176473178
868120176473186
868120176473194
868120176473202
868120176473210
868120176473228
868120176473236
868120176473244
868120176473251
868120176473269
868120176473277
868120176473285
868120176473293
868120176473301
868120176473319
868120176473327
868120176473335
868120176473343
868120176473350
868120176473368
868120176473376
868120176473384
868120176473392
868120176473400
868120176473418
868120176473426
868120176473434
868120176473442
868120176473459
868120176473467
868120176473475
868120176473483
868120176473491
868120176473509
868120176473517
868120176473525
868120176473533
868120176473541
868120176473558
868120176473566
868120176473574
868120176473582
868120176473590
868120176473608
868120176473616
868120176473624
868120176473632
868120176473640
868120176473657
868120176473665
868120176473673
868120176473681
868120176473699
868120176473707
868120176473715
868120176473723
868120176473731
868120176473749
868120176473756
868120176473764
868120176473772
868120176473780
868120176473798
868120176473806
868120176473814
868120176473822
868120176473830
868120176473848
868120176473855
868120176473863
868120176473871
868120176473889
868120176473897
868120176473905
868120176473913
868120176473921
868120176473939
868120176473947
868120176473954
868120176473962
868120176473970
868120176473988
868120176473996
868120176474002
868120176474010
868120176474028
868120176474036
868120176474044
868120176474051
868120176474069
868120176474077
868120176474085
868120176474093
868120176474101
868120176474119
868120176474127
868120176474135
868120176474143
868120176474150
868120176474168
868120176474176
868120176474184
868120176474192
868120176474200
868120176474218
868120176474226
868120176474234
868120176474242
868120176474259
868120176474267
868120176474275
868120176474283
868120176474291
868120176474309
868120176474317
868120176474325
868120176474333
868120176474341
868120176474358
868120176474366
868120176474374
868120176474382
868120176474390
868120176474408
868120176474416
868120176474424
868120176474432
868120176474440
868120176474457
868120176474465
868120176474473
868120176474481
868120176474499
868120176474507
868120176474515
868120176474523
868120176474531
868120176474549
868120176474556
868120176474564
868120176474572
868120176474580
868120176474598
868120176474606
868120176474614
868120176474622
868120176474630
868120176474648
868120176474655
868120176474663
868120176474671
868120176474689
868120176474697
868120176474705
868120176474713
868120176474721
868120176474739
868120176474747
868120176474754
868120176474762
868120176474770
868120176474788
868120176474796
868120176474804
868120176474812
868120176474820
868120176474838
868120176474846
868120176474853
868120176474861
868120176474879
868120176474887
868120176474895
868120176474903
868120176474911
868120176474929
868120176474937
868120176474945
868120176474952
868120176474960
868120176474978
868120176474986
868120176474994
868120176475009
868120176475017
868120176475025
868120176475033
868120176475041
868120176475058
868120176475066
868120176475074
868120176475082
868120176475090
868120176475108
868120176475116
868120176475124
868120176475132
868120176475140
868120176475157
868120176475165
868120176475173
868120176475181
868120176475199
868120176475207
868120176475215
868120176475223
868120176475231
868120176475249
868120176475256
868120176475264
868120176475272
868120176475280
868120176475298
868120176475306
868120176475314
868120176475322
868120176475330
868120176475348
868120176475355
868120176475363
868120176475371
868120176475389
868120176475397
868120176475405
868120176475413
868120176475421
868120176475439
868120176475447
868120176475454
868120176475462
868120176475470
868120176475488
868120176475496
868120176475504
868120176475512
868120176475520
868120176475538
868120176475546
868120176475553
868120176475561
868120176475579
868120176475587
868120176475595
868120176475603
868120176475611
868120176475629
868120176475637
868120176475645
868120176475652
868120176475660
868120176475678
868120176475686
868120176475694
868120176475702
868120176475710
868120176475728
868120176475736
868120176475744
868120176475751
868120176475769
868120176475777
868120176475785
868120176475793
868120176475801
868120176475819
868120176475827
868120176475835
868120176475843
868120176475850
868120176475868
868120176475876
868120176475884
868120176475892
868120176475900
868120176475918
868120176475926
868120176475934
868120176475942
868120176475959
868120176475967
868120176475975
868120176475983
868120176475991
868120176476007
868120176476015
868120176476023
868120176476031
868120176476049
868120176476056
868120176476064
868120176476072
868120176476080
868120176476098
868120176476106
868120176476114
868120176476122
868120176476130
868120176476148
868120176476155
868120176476163
868120176476171
868120176476189
868120176476197
868120176476205
868120176476213
868120176476221
868120176476239
868120176476247
868120176476254
868120176476262
868120176476270
868120176476288
868120176476296
868120176476304
868120176476312
868120176476320
868120176476338
868120176476346
868120176476353
868120176476361
868120176476379
868120176476387
868120176476395
868120176476403
868120176476411
868120176476429
868120176476437
868120176476445
868120176476452
868120176476460
868120176476478
868120176476486
868120176476494
868120176476502
868120176476510
868120176476528
868120176476536
868120176476544
868120176476551
868120176476569
868120176476577
868120176476585
868120176476593
868120176476601
868120176476619
868120176476627
868120176476635
868120176476643
868120176476650
868120176476668
868120176476676
868120176476684
868120176476692
868120176476700
868120176476718
868120176476726
868120176476734
868120176476742
868120176476759
868120176476767
868120176476775
868120176476783
868120176476791
868120176476809
868120176476817
868120176476825
868120176476833
868120176476841
868120176476858
868120176476866
868120176476874
868120176476882
868120176476890
868120176476908
868120176476916
868120176476924
868120176476932
868120176476940
868120176476957
868120176476965
868120176476973
868120176476981
868120176476999
868120176477005
868120176477013
868120176477021
868120176477039
868120176477047
868120176477054
868120176477062
868120176477070
868120176477088
868120176477096
868120176477104
868120176477112
868120176477120
868120176477138
868120176477146
868120176477153
868120176477161
868120176477179
868120176477187
868120176477195
868120176477203
868120176477211
868120176477229
868120176477237
868120176477245
868120176477252
868120176477260
868120176477278
868120176477286
868120176477294
868120176477302
868120176477310
868120176477328
868120176477336
868120176477344
868120176477351
868120176477369
868120176477377
868120176477385
868120176477393
868120176477401
868120176477419
868120176477427
868120176477435
868120176477443
868120176477450
868120176477468
868120176477476
868120176477484
868120176477492
868120176477500
868120176477518
868120176477526
868120176477534
868120176477542
868120176477559
868120176477567
868120176477575
868120176477583
868120176477591
868120176477609
868120176477617
868120176477625
868120176477633
868120176477641
868120176477658
868120176477666
868120176477674
868120176477682
868120176477690
868120176477708
868120176477716
868120176477724
868120176477732
868120176477740
868120176477757
868120176477765
868120176477773
868120176477781
868120176477799
868120176477807
868120176477815
868120176477823
868120176477831
868120176477849
868120176477856
868120176477864
868120176477872
868120176477880
868120176477898
868120176477906
868120176477914
868120176477922
868120176477930
868120176477948
868120176477955
868120176477963
868120176477971
868120176477989
868120176477997
868120176478003
868120176478011
868120176478029
868120176478037
868120176478045
868120176478052
868120176478060
868120176478078
868120176478086
868120176478094
868120176478102
868120176478110
868120176478128
868120176478136
868120176478144
868120176478151
868120176478169
868120176478177
868120176478185
868120176478193
868120176478201
868120176478219
868120176478227
868120176478235
868120176478243
868120176478250
868120176478268
868120176478276
868120176478284
868120176478292
868120176478300
868120176478318
868120176478326
868120176478334
868120176478342
868120176478359
868120176478367
868120176478375
868120176478383
868120176478391
868120176478409
868120176478417
868120176478425
868120176478433
868120176478441
868120176478458
868120176478466
868120176478474
868120176478482
868120176478490
868120176478508
868120176478516
868120176478524
868120176478532
868120176478540
868120176478557
868120176478565
868120176478573
868120176478581
868120176478599
868120176478607
868120176478615
868120176478623
868120176478631
868120176478649
868120176478656
868120176478664
868120176478672
868120176478680
868120176478698
868120176478706
868120176478714
868120176478722
868120176478730
868120176478748
868120176478755
868120176478763
868120176478771
868120176478789
868120176478797
868120176478805
868120176478813
868120176478821
868120176478839
868120176478847
868120176478854
868120176478862
868120176478870
868120176478888
868120176478896
868120176478904
868120176478912
868120176478920
868120176478938
868120176478946
868120176478953
868120176478961
868120176478979
868120176478987
868120176478995
868120176479001
868120176479019
868120176479027
868120176479035
868120176479043
868120176479050
868120176479068
868120176479076
868120176479084
868120176479092
868120176479100
868120176479118
868120176479126
868120176479134
868120176479142
868120176479159
868120176479167
868120176479175
868120176479183
868120176479191
868120176479209
868120176479217
868120176479225
868120176479233
868120176479241
868120176479258
868120176479266
868120176479274
868120176479282
868120176479290
868120176479308
868120176479316
868120176479324
868120176479332
868120176479340
868120176479357
868120176479365
868120176479373
868120176479381
868120176479399
868120176479407
868120176479415
868120176479423
868120176479431
868120176479449
868120176479456
868120176479464
868120176479472
868120176479480
868120176479498
868120176479506
868120176479514
868120176479522
868120176479530
868120176479548
868120176479555
868120176479563
868120176479571
868120176479589
868120176479597
868120176479605
868120176479613
868120176479621
868120176479639
868120176479647
868120176479654
868120176479662
868120176479670
868120176479688
868120176479696
868120176479704
868120176479712
868120176479720
868120176479738
868120176479746
868120176479753
868120176479761
868120176479779
868120176479787
868120176479795
868120176479803
868120176479811
868120176479829
868120176479837
868120176479845
868120176479852
868120176479860
868120176479878
868120176479886
868120176479894
868120176479902
868120176479910
868120176479928
868120176479936
868120176479944
868120176479951
868120176479969
868120176479977
868120176479985
868120176479993
868120176480009
868120176480017
868120176480025
868120176480033
868120176480041
868120176480058
868120176480066
868120176480074
868120176480082
868120176480090
868120176480108
868120176480116
868120176480124
868120176480132
868120176480140
868120176480157
868120176480165
868120176480173
868120176480181
868120176480199
868120176480207
868120176480215
868120176480223
868120176480231
868120176480249
868120176480256
868120176480264
868120176480272
868120176480280
868120176480298
868120176480306
868120176480314
868120176480322
868120176480330
868120176480348
868120176480355
868120176480363
868120176480371
868120176480389
868120176480397
868120176480405
868120176480413
868120176480421
868120176480439
868120176480447
868120176480454
868120176480462
868120176480470
868120176480488
868120176480496
868120176480504
868120176480512
868120176480520
868120176480538
868120176480546
868120176480553
868120176480561
868120176480579
868120176480587
868120176480595
868120176480603
868120176480611
868120176480629
868120176480637
868120176480645
868120176480652
868120176480660
868120176480678
868120176480686
868120176480694
868120176480702
868120176480710
868120176480728
868120176480736
868120176480744
868120176480751
868120176480769
868120176480777
868120176480785
868120176480793
868120176480801
868120176480819
868120176480827
868120176480835
868120176480843
868120176480850
868120176480868
868120176480876
868120176480884
868120176480892
868120176480900
868120176480918
868120176480926
868120176480934
868120176480942
868120176480959
868120176480967
868120176480975
868120176480983
868120176480991
868120176481007
868120176481015
868120176481023
868120176481031
868120176481049
868120176481056
868120176481064
868120176481072
868120176481080
868120176481098
868120176481106
868120176481114
868120176481122
868120176481130
868120176481148
868120176481155
868120176481163
868120176481171
868120176481189
868120176481197
868120176481205
868120176481213
868120176481221
868120176481239
868120176481247
868120176481254
868120176481262
868120176481270
868120176481288
868120176481296
868120176481304
868120176481312
868120176481320
868120176481338
868120176481346
868120176481353
868120176481361
868120176481379
868120176481387
868120176481395
868120176481403
868120176481411
868120176481429
868120176481437
868120176481445
868120176481452
868120176481460
868120176481478
868120176481486
868120176481494
868120176481502
868120176481510
868120176481528
868120176481536
868120176481544
868120176481551
868120176481569
868120176481577
868120176481585
868120176481593
868120176481601
868120176481619
868120176481627
868120176481635
868120176481643
868120176481650
868120176481668
868120176481676
868120176481684
868120176481692
868120176481700
868120176481718
868120176481726
868120176481734
868120176481742
868120176481759
868120176481767
868120176481775
868120176481783
868120176481791
868120176481809
868120176481817
868120176481825
868120176481833
868120176481841
868120176481858
868120176481866
868120176481874
868120176481882
868120176481890
868120176481908
868120176481916
868120176481924
868120176481932
868120176481940
868120176481957
868120176481965
868120176481973
868120176481981
868120176481999
868120176482005
868120176482013
868120176482021
868120176482039
868120176482047
868120176482054
868120176482062
868120176482070
868120176482088
868120176482096
868120176482104
868120176482112
868120176482120
868120176482138
868120176482146
868120176482153
868120176482161
868120176482179
868120176482187
868120176482195
868120176482203
868120176482211
868120176482229
868120176482237
868120176482245
868120176482252
868120176482260
868120176482278
868120176482286
868120176482294
868120176482302
868120176482310
868120176482328
868120176482336
868120176482344
868120176482351
868120176482369
868120176482377
868120176482385
868120176482393
868120176482401
868120176482419
868120176482427
868120176482435
868120176482443
868120176482450
868120176482468
868120176482476
868120176482484
868120176482492
868120176482500
868120176482518
868120176482526
868120176482534
868120176482542
868120176482559
868120176482567
868120176482575
868120176482583
868120176482591
868120176482609
868120176482617
868120176482625
868120176482633
868120176482641
868120176482658
868120176482666
868120176482674
868120176482682
868120176482690
868120176482708
868120176482716
868120176482724
868120176482732
868120176482740
868120176482757
868120176482765
868120176482773
868120176482781
868120176482799
868120176482807
868120176482815
868120176482823
868120176482831
868120176482849
868120176482856
868120176482864
868120176482872
868120176482880
868120176482898
868120176482906
868120176482914
868120176482922
868120176482930
868120176482948
868120176482955
868120176482963
868120176482971
868120176482989
868120176482997
868120176483003
868120176483011
868120176483029
868120176483037
868120176483045
868120176483052
868120176483060
868120176483078
868120176483086
868120176483094
868120176483102
868120176483110
868120176483128
868120176483136
868120176483144
868120176483151
868120176483169
868120176483177
868120176483185
868120176483193
868120176483201
868120176483219
868120176483227
868120176483235
868120176483243
868120176483250
868120176483268
868120176483276
868120176483284
868120176483292
868120176483300
868120176483318
868120176483326
868120176483334
868120176483342
868120176483359
868120176483367
868120176483375
868120176483383
868120176483391
868120176483409
868120176483417
868120176483425
868120176483433
868120176483441
868120176483458
868120176483466
868120176483474
868120176483482
868120176483490
868120176483508
868120176483516
868120176483524
868120176483532
868120176483540
868120176483557
868120176483565
868120176483573
868120176483581
868120176483599
868120176483607
868120176483615
868120176483623
868120176483631
868120176483649
868120176483656
868120176483664
868120176483672
868120176483680
868120176483698
868120176483706
868120176483714
868120176483722
868120176483730
868120176483748
868120176483755
868120176483763
868120176483771
868120176483789
868120176483797
868120176483805
868120176483813
868120176483821
868120176483839
868120176483847
868120176483854
868120176483862
868120176483870
868120176483888
868120176483896
868120176483904
868120176483912
868120176483920
868120176483938
868120176483946
868120176483953
868120176483961
868120176483979
868120176483987
868120176483995
868120176484001
868120176484019
868120176484027
868120176484035
868120176484043
868120176484050
868120176484068
868120176484076
868120176484084
868120176484092
868120176484100
868120176484118
868120176484126
868120176484134
868120176484142
868120176484159
868120176484167
868120176484175
868120176484183
868120176484191
868120176484209
868120176484217
868120176484225
868120176484233
868120176484241
868120176484258
868120176484266
868120176484274
868120176484282
868120176484290
868120176484308
868120176484316
868120176484324
868120176484332
868120176484340
868120176484357
868120176484365
868120176484373
868120176484381
868120176484399
868120176484407
868120176484415
868120176484423
868120176484431
868120176484449
868120176484456
868120176484464
868120176484472
868120176484480
868120176484498
868120176484506
868120176484514
868120176484522
868120176484530
868120176484548
868120176484555
868120176484563
868120176484571
868120176484589
868120176484597
868120176484605
868120176484613
868120176484621
868120176484639
868120176484647
868120176484654
868120176484662
868120176484670
868120176484688
868120176484696
868120176484704
868120176484712
868120176484720
868120176484738
868120176484746
868120176484753
868120176484761
868120176484779
868120176484787
868120176484795
868120176484803
868120176484811
868120176484829
868120176484837
868120176484845
868120176484852
868120176484860
868120176484878
868120176484886
868120176484894
868120176484902
868120176484910
868120176484928
868120176484936
868120176484944
868120176484951
868120176484969
868120176484977
868120176484985
868120176484993
868120176485008
868120176485016
868120176485024
868120176485032
868120176485040
868120176485057
868120176485065
868120176485073
868120176485081
868120176485099
868120176485107
868120176485115
868120176485123
868120176485131
868120176485149
868120176485156
868120176485164
868120176485172
868120176485180
868120176485198
868120176485206
868120176485214
868120176485222
868120176485230
868120176485248
868120176485255
868120176485263
868120176485271
868120176485289
868120176485297
868120176485305
868120176485313
868120176485321
868120176485339
868120176485347
868120176485354
868120176485362
868120176485370
868120176485388
868120176485396
868120176485404
868120176485412
868120176485420
868120176485438
868120176485446
868120176485453
868120176485461
868120176485479
868120176485487
868120176485495
868120176485503
868120176485511
868120176485529
868120176485537
868120176485545
868120176485552
868120176485560
868120176485578
868120176485586
868120176485594
868120176485602
868120176485610
868120176485628
868120176485636
868120176485644
868120176485651
868120176485669
868120176485677
868120176485685
868120176485693
868120176485701
868120176485719
868120176485727
868120176485735
868120176485743
868120176485750
868120176485768
868120176485776
868120176485784
868120176485792
868120176485800
868120176485818
868120176485826
868120176485834
868120176485842
868120176485859
868120176485867
868120176485875
868120176485883
868120176485891
868120176485909
868120176485917
868120176485925
868120176485933
868120176485941
868120176485958
868120176485966
868120176485974
868120176485982
868120176485990
868120176486006
868120176486014
868120176486022
868120176486030
868120176486048
868120176486055
868120176486063
868120176486071
868120176486089
868120176486097
868120176486105
868120176486113
868120176486121
868120176486139
868120176486147
868120176486154
868120176486162
868120176486170
868120176486188
868120176486196
868120176486204
868120176486212
868120176486220
868120176486238
868120176486246
868120176486253
868120176486261
868120176486279
868120176486287
868120176486295
868120176486303
868120176486311
868120176486329
868120176486337
868120176486345
868120176486352
868120176486360
868120176486378
868120176486386
868120176486394
868120176486402
868120176486410
868120176486428
868120176486436
868120176486444
868120176486451
868120176486469
868120176486477
868120176486485
868120176486493
868120176486501
868120176486519
868120176486527
868120176486535
868120176486543
868120176486550
868120176486568
868120176486576
868120176486584
868120176486592
868120176486600
868120176486618
868120176486626
868120176486634
868120176486642
868120176486659
868120176486667
868120176486675
868120176486683
868120176486691
868120176486709
868120176486717
868120176486725
868120176486733
868120176486741
868120176486758
868120176486766
868120176486774
868120176486782
868120176486790
868120176486808
868120176486816
868120176486824
868120176486832
868120176486840
868120176486857
868120176486865
868120176486873
868120176486881
868120176486899
868120176486907
868120176486915
868120176486923
868120176486931
868120176486949
868120176486956
868120176486964
868120176486972
868120176486980
868120176486998
868120176487004
868120176487012
868120176487020
868120176487038
868120176487046
868120176487053
868120176487061
868120176487079
868120176487087
868120176487095
868120176487103
868120176487111
868120176487129
868120176487137
868120176487145
868120176487152
868120176487160
868120176487178
868120176487186
868120176487194
868120176487202
868120176487210
868120176487228
868120176487236
868120176487244
868120176487251
868120176487269
868120176487277
868120176487285
868120176487293
868120176487301
868120176487319
