868120171122325
868120171122333
868120171122341
868120171122358
868120171122366
868120171122374
868120171122382
868120171122390
868120171122408
868120171122416
868120171122424
868120171122432
868120171122440
868120171122457
868120171122465
868120171122473
868120171122481
868120171122499
868120171122507
868120171122515
868120171122523
868120171122531
868120171122549
868120171122556
868120171122564
868120171122572
868120171122580
868120171122598
868120171122606
868120171122614
868120171122622
868120171122630
868120171122648
868120171122655
868120171122663
868120171122671
868120171122689
868120171122697
868120171122705
868120171122713
868120171122721
868120171122739
868120171122747
868120171122754
868120171122762
868120171122770
868120171122788
868120171122796
868120171122804
868120171122812
868120171122820
868120171122838
868120171122846
868120171122853
868120171122861
868120171122879
868120171122887
868120171122895
868120171122903
868120171122911
868120171122929
868120171122937
868120171122945
868120171122952
868120171122960
868120171122978
868120171122986
868120171122994
868120171123000
868120171123018
868120171123026
868120171123034
868120171123042
868120171123059
868120171123067
868120171123075
868120171123083
868120171123091
868120171123109
868120171123117
868120171123125
868120171123133
868120171123141
868120171123158
868120171123166
868120171123174
868120171123182
868120171123190
868120171123208
868120171123216
868120171123224
868120171123232
868120171123240
868120171123257
868120171123265
868120171123273
868120171123281
868120171123299
868120171123307
868120171123315
868120171123323
868120171123331
868120171123349
868120171123356
868120171123364
868120171123372
868120171123380
868120171123398
868120171123406
868120171123414
868120171123422
868120171123430
868120171123448
868120171123455
868120171123463
868120171123471
868120171123489
868120171123497
868120171123505
868120171123513
868120171123521
868120171123539
868120171123547
868120171123554
868120171123562
868120171123570
868120171123588
868120171123596
868120171123604
868120171123612
868120171123620
868120171123638
868120171123646
868120171123653
868120171123661
868120171123679
868120171123687
868120171123695
868120171123703
868120171123711
868120171123729
868120171123737
868120171123745
868120171123752
868120171123760
868120171123778
868120171123786
868120171123794
868120171123802
868120171123810
868120171123828
868120171123836
868120171123844
868120171123851
868120171123869
868120171123877
868120171123885
868120171123893
868120171123901
868120171123919
868120171123927
868120171123935
868120171123943
868120171123950
868120171123968
868120171123976
868120171123984
868120171123992
868120171124008
868120171124016
868120171124024
868120171124032
868120171124040
868120171124057
868120171124065
868120171124073
868120171124081
868120171124099
868120171124107
868120171124115
868120171124123
868120171124131
868120171124149
868120171124156
868120171124164
868120171124172
868120171124180
868120171124198
868120171124206
868120171124214
868120171124222
868120171124230
868120171124248
868120171124255
868120171124263
868120171124271
868120171124289
868120171124297
868120171124305
868120171124313
868120171124321
868120171124339
868120171124347
868120171124354
868120171124362
868120171124370
868120171124388
868120171124396
868120171124404
868120171124412
868120171124420
868120171124438
868120171124446
868120171124453
868120171124461
868120171124479
868120171124487
868120171124495
868120171124503
868120171124511
868120171124529
868120171124537
868120171124545
868120171124552
868120171124560
868120171124578
868120171124586
868120171124594
868120171124602
868120171124610
868120171124628
868120171124636
868120171124644
868120171124651
868120171124669
868120171124677
868120171124685
868120171124693
868120171124701
868120171124719
868120171124727
868120171124735
868120171124743
868120171124750
868120171124768
868120171124776
868120171124784
868120171124792
868120171124800
868120171124818
868120171124826
868120171124834
868120171124842
868120171124859
868120171124867
868120171124875
868120171124883
868120171124891
868120171124909
868120171124917
868120171124925
868120171124933
868120171124941
868120171124958
868120171124966
868120171124974
868120171124982
868120171124990
868120171125005
868120171125013
868120171125021
868120171125039
868120171125047
868120171125054
868120171125062
868120171125070
868120171125088
868120171125096
868120171125104
868120171125112
868120171125120
868120171125138
868120171125146
868120171125153
868120171125161
868120171125179
868120171125187
868120171125195
868120171125203
868120171125211
868120171125229
868120171125237
868120171125245
868120171125252
868120171125260
868120171125278
868120171125286
868120171125294
868120171125302
868120171125310
868120171125328
868120171125336
868120171125344
868120171125351
868120171125369
868120171125377
868120171125385
868120171125393
868120171125401
868120171125419
868120171125427
868120171125435
868120171125443
868120171125450
868120171125468
868120171125476
868120171125484
868120171125492
868120171125500
868120171125518
868120171125526
868120171125534
868120171125542
868120171125559
868120171125567
868120171125575
868120171125583
868120171125591
868120171125609
868120171125617
868120171125625
868120171125633
868120171125641
868120171125658
868120171125666
868120171125674
868120171125682
868120171125690
868120171125708
868120171125716
868120171125724
868120171125732
868120171125740
868120171125757
868120171125765
868120171125773
868120171125781
868120171125799
868120171125807
868120171125815
868120171125823
868120171125831
868120171125849
868120171125856
868120171125864
868120171125872
868120171125880
868120171125898
868120171125906
868120171125914
868120171125922
868120171125930
868120171125948
868120171125955
868120171125963
868120171125971
868120171125989
868120171125997
868120171126003
868120171126011
868120171126029
868120171126037
868120171126045
868120171126052
868120171126060
868120171126078
868120171126086
868120171126094
868120171126102
868120171126110
868120171126128
868120171126136
868120171126144
868120171126151
868120171126169
868120171126177
868120171126185
868120171126193
868120171126201
868120171126219
868120171126227
868120171126235
868120171126243
868120171126250
868120171126268
868120171126276
868120171126284
868120171126292
868120171126300
868120171126318
868120171126326
868120171126334
868120171126342
868120171126359
868120171126367
868120171126375
868120171126383
868120171126391
868120171126409
868120171126417
868120171126425
868120171126433
868120171126441
868120171126458
868120171126466
868120171126474
868120171126482
868120171126490
868120171126508
868120171126516
868120171126524
868120171126532
868120171126540
868120171126557
868120171126565
868120171126573
868120171126581
868120171126599
868120171126607
868120171126615
868120171126623
868120171126631
868120171126649
868120171126656
868120171126664
868120171126672
868120171126680
868120171126698
868120171126706
868120171126714
868120171126722
868120171126730
868120171126748
868120171126755
868120171126763
868120171126771
868120171126789
868120171126797
868120171126805
868120171126813
868120171126821
868120171126839
868120171126847
868120171126854
868120171126862
868120171126870
868120171126888
868120171126896
868120171126904
868120171126912
868120171126920
868120171126938
868120171126946
868120171126953
868120171126961
868120171126979
868120171126987
868120171126995
868120171127001
868120171127019
868120171127027
868120171127035
868120171127043
868120171127050
868120171127068
868120171127076
868120171127084
868120171127092
868120171127100
868120171127118
868120171127126
868120171127134
868120171127142
868120171127159
868120171127167
868120171127175
868120171127183
868120171127191
868120171127209
868120171127217
868120171127225
868120171127233
868120171127241
868120171127258
868120171127266
868120171127274
868120171127282
868120171127290
868120171127308
868120171127316
868120171127324
868120171127332
868120171127340
868120171127357
868120171127365
868120171127373
868120171127381
868120171127399
868120171127407
868120171127415
868120171127423
868120171127431
868120171127449
868120171127456
868120171127464
868120171127472
868120171127480
868120171127498
868120171127506
868120171127514
868120171127522
868120171127530
868120171127548
868120171127555
868120171127563
868120171127571
868120171127589
868120171127597
868120171127605
868120171127613
868120171127621
868120171127639
868120171127647
868120171127654
868120171127662
868120171127670
868120171127688
868120171127696
868120171127704
868120171127712
868120171127720
868120171127738
868120171127746
868120171127753
868120171127761
868120171127779
868120171127787
868120171127795
868120171127803
868120171127811
868120171127829
868120171127837
868120171127845
868120171127852
868120171127860
868120171127878
868120171127886
868120171127894
868120171127902
868120171127910
868120171127928
868120171127936
868120171127944
868120171127951
868120171127969
868120171127977
868120171127985
868120171127993
868120171128009
868120171128017
868120171128025
868120171128033
868120171128041
868120171128058
868120171128066
868120171128074
868120171128082
868120171128090
868120171128108
868120171128116
868120171128124
868120171128132
868120171128140
868120171128157
868120171128165
868120171128173
868120171128181
868120171128199
868120171128207
868120171128215
868120171128223
868120171128231
868120171128249
868120171128256
868120171128264
868120171128272
868120171128280
868120171128298
868120171128306
868120171128314
868120171128322
868120171128330
868120171128348
868120171128355
868120171128363
868120171128371
868120171128389
868120171128397
868120171128405
868120171128413
868120171128421
868120171128439
868120171128447
868120171128454
868120171128462
868120171128470
868120171128488
868120171128496
868120171128504
868120171128512
868120171128520
868120171128538
868120171128546
868120171128553
868120171128561
868120171128579
868120171128587
868120171128595
868120171128603
868120171128611
868120171128629
868120171128637
868120171128645
868120171128652
868120171128660
868120171128678
868120171128686
868120171128694
868120171128702
868120171128710
868120171128728
868120171128736
868120171128744
868120171128751
868120171128769
868120171128777
868120171128785
868120171128793
868120171128801
868120171128819
868120171128827
868120171128835
868120171128843
868120171128850
868120171128868
868120171128876
868120171128884
868120171128892
868120171128900
868120171128918
868120171128926
868120171128934
868120171128942
868120171128959
868120171128967
868120171128975
868120171128983
868120171128991
868120171129007
868120171129015
868120171129023
868120171129031
868120171129049
868120171129056
868120171129064
868120171129072
868120171129080
868120171129098
868120171129106
868120171129114
868120171129122
868120171129130
868120171129148
868120171129155
868120171129163
868120171129171
868120171129189
868120171129197
868120171129205
868120171129213
868120171129221
868120171129239
868120171129247
868120171129254
868120171129262
868120171129270
868120171129288
868120171129296
868120171129304
868120171129312
868120171129320
868120171129338
868120171129346
868120171129353
868120171129361
868120171129379
868120171129387
868120171129395
868120171129403
868120171129411
868120171129429
868120171129437
868120171129445
868120171129452
868120171129460
868120171129478
868120171129486
868120171129494
868120171129502
868120171129510
868120171129528
868120171129536
868120171129544
868120171129551
868120171129569
868120171129577
868120171129585
868120171129593
868120171129601
868120171129619
868120171129627
868120171129635
868120171129643
868120171129650
868120171129668
868120171129676
868120171129684
868120171129692
868120171129700
868120171129718
868120171129726
868120171129734
868120171129742
868120171129759
868120171129767
868120171129775
868120171129783
868120171129791
868120171129809
868120171129817
868120171129825
868120171129833
868120171129841
868120171129858
868120171129866
868120171129874
868120171129882
868120171129890
868120171129908
868120171129916
868120171129924
868120171129932
868120171129940
868120171129957
868120171129965
868120171129973
868120171129981
868120171129999
868120171130005
868120171130013
868120171130021
868120171130039
868120171130047
868120171130054
868120171130062
868120171130070
868120171130088
868120171130096
868120171130104
868120171130112
868120171130120
868120171130138
868120171130146
868120171130153
868120171130161
868120171130179
868120171130187
868120171130195
868120171130203
868120171130211
868120171130229
868120171130237
868120171130245
868120171130252
868120171130260
868120171130278
868120171130286
868120171130294
868120171130302
868120171130310
868120171130328
868120171130336
868120171130344
868120171130351
868120171130369
868120171130377
868120171130385
868120171130393
868120171130401
868120171130419
868120171130427
868120171130435
868120171130443
868120171130450
868120171130468
868120171130476
868120171130484
868120171130492
868120171130500
868120171130518
868120171130526
868120171130534
868120171130542
868120171130559
868120171130567
868120171130575
868120171130583
868120171130591
868120171130609
868120171130617
868120171130625
868120171130633
868120171130641
868120171130658
868120171130666
868120171130674
868120171130682
868120171130690
868120171130708
868120171130716
868120171130724
868120171130732
868120171130740
868120171130757
868120171130765
868120171130773
868120171130781
868120171130799
868120171130807
868120171130815
868120171130823
868120171130831
868120171130849
868120171130856
868120171130864
868120171130872
868120171130880
868120171130898
868120171130906
868120171130914
868120171130922
868120171130930
868120171130948
868120171130955
868120171130963
868120171130971
868120171130989
868120171130997
868120171131003
868120171131011
868120171131029
868120171131037
868120171131045
868120171131052
868120171131060
868120171131078
868120171131086
868120171131094
868120171131102
868120171131110
868120171131128
868120171131136
868120171131144
868120171131151
868120171131169
868120171131177
868120171131185
868120171131193
868120171131201
868120171131219
868120171131227
868120171131235
868120171131243
868120171131250
868120171131268
868120171131276
868120171131284
868120171131292
868120171131300
868120171131318
868120171131326
868120171131334
868120171131342
868120171131359
868120171131367
868120171131375
868120171131383
868120171131391
868120171131409
868120171131417
868120171131425
868120171131433
868120171131441
868120171131458
868120171131466
868120171131474
868120171131482
868120171131490
868120171131508
868120171131516
868120171131524
868120171131532
868120171131540
868120171131557
868120171131565
868120171131573
868120171131581
868120171131599
868120171131607
868120171131615
868120171131623
868120171131631
868120171131649
868120171131656
868120171131664
868120171131672
868120171131680
868120171131698
868120171131706
868120171131714
868120171131722
868120171131730
868120171131748
868120171131755
868120171131763
868120171131771
868120171131789
868120171131797
868120171131805
868120171131813
868120171131821
868120171131839
868120171131847
868120171131854
868120171131862
868120171131870
868120171131888
868120171131896
868120171131904
868120171131912
868120171131920
868120171131938
868120171131946
868120171131953
868120171131961
868120171131979
868120171131987
868120171131995
868120171132001
868120171132019
868120171132027
868120171132035
868120171132043
868120171132050
868120171132068
868120171132076
868120171132084
868120171132092
868120171132100
868120171132118
868120171132126
868120171132134
868120171132142
868120171132159
868120171132167
868120171132175
868120171132183
868120171132191
868120171132209
868120171132217
868120171132225
868120171132233
868120171132241
868120171132258
868120171132266
868120171132274
868120171132282
868120171132290
868120171132308
868120171132316
868120171132324
868120171132332
868120171132340
868120171132357
868120171132365
868120171132373
868120171132381
868120171132399
868120171132407
868120171132415
868120171132423
868120171132431
868120171132449
868120171132456
868120171132464
868120171132472
868120171132480
868120171132498
868120171132506
868120171132514
868120171132522
868120171132530
868120171132548
868120171132555
868120171132563
868120171132571
868120171132589
868120171132597
868120171132605
868120171132613
868120171132621
868120171132639
868120171132647
868120171132654
868120171132662
868120171132670
868120171132688
868120171132696
868120171132704
868120171132712
868120171132720
868120171132738
868120171132746
868120171132753
868120171132761
868120171132779
868120171132787
868120171132795
868120171132803
868120171132811
868120171132829
868120171132837
868120171132845
868120171132852
868120171132860
868120171132878
868120171132886
868120171132894
868120171132902
868120171132910
868120171132928
868120171132936
868120171132944
868120171132951
868120171132969
868120171132977
868120171132985
868120171132993
868120171133009
868120171133017
868120171133025
868120171133033
868120171133041
868120171133058
868120171133066
868120171133074
868120171133082
868120171133090
868120171133108
868120171133116
868120171133124
868120171133132
868120171133140
868120171133157
868120171133165
868120171133173
868120171133181
868120171133199
868120171133207
868120171133215
868120171133223
868120171133231
868120171133249
868120171133256
868120171133264
868120171133272
868120171133280
868120171133298
868120171133306
868120171133314
868120171133322
868120171133330
868120171133348
868120171133355
868120171133363
868120171133371
868120171133389
868120171133397
868120171133405
868120171133413
868120171133421
868120171133439
868120171133447
868120171133454
868120171133462
868120171133470
868120171133488
868120171133496
868120171133504
868120171133512
868120171133520
868120171133538
868120171133546
868120171133553
868120171133561
868120171133579
868120171133587
868120171133595
868120171133603
868120171133611
868120171133629
868120171133637
868120171133645
868120171133652
868120171133660
868120171133678
868120171133686
868120171133694
868120171133702
868120171133710
868120171133728
868120171133736
868120171133744
868120171133751
868120171133769
868120171133777
868120171133785
868120171133793
868120171133801
868120171133819
868120171133827
868120171133835
868120171133843
868120171133850
868120171133868
868120171133876
868120171133884
868120171133892
868120171133900
868120171133918
868120171133926
868120171133934
868120171133942
868120171133959
868120171133967
868120171133975
868120171133983
868120171133991
868120171134007
868120171134015
868120171134023
868120171134031
868120171134049
868120171134056
868120171134064
868120171134072
868120171134080
868120171134098
868120171134106
868120171134114
868120171134122
868120171134130
868120171134148
868120171134155
868120171134163
868120171134171
868120171134189
868120171134197
868120171134205
868120171134213
868120171134221
868120171134239
868120171134247
868120171134254
868120171134262
868120171134270
868120171134288
868120171134296
868120171134304
868120171134312
868120171134320
868120171134338
868120171134346
868120171134353
868120171134361
868120171134379
868120171134387
868120171134395
868120171134403
868120171134411
868120171134429
868120171134437
868120171134445
868120171134452
868120171134460
868120171134478
868120171134486
868120171134494
868120171134502
868120171134510
868120171134528
868120171134536
868120171134544
868120171134551
868120171134569
868120171134577
868120171134585
868120171134593
868120171134601
868120171134619
868120171134627
868120171134635
868120171134643
868120171134650
868120171134668
868120171134676
868120171134684
868120171134692
868120171134700
868120171134718
868120171134726
868120171134734
868120171134742
868120171134759
868120171134767
868120171134775
868120171134783
868120171134791
868120171134809
868120171134817
868120171134825
868120171134833
868120171134841
868120171134858
868120171134866
868120171134874
868120171134882
868120171134890
868120171134908
868120171134916
868120171134924
868120171134932
868120171134940
868120171134957
868120171134965
868120171134973
868120171134981
868120171134999
868120171135004
868120171135012
868120171135020
868120171135038
868120171135046
868120171135053
868120171135061
868120171135079
868120171135087
868120171135095
868120171135103
868120171135111
868120171135129
868120171135137
868120171135145
868120171135152
868120171135160
868120171135178
868120171135186
868120171135194
868120171135202
868120171135210
868120171135228
868120171135236
868120171135244
868120171135251
868120171135269
868120171135277
868120171135285
868120171135293
868120171135301
868120171135319
868120171135327
868120171135335
868120171135343
868120171135350
868120171135368
868120171135376
868120171135384
868120171135392
868120171135400
868120171135418
868120171135426
868120171135434
868120171135442
868120171135459
868120171135467
868120171135475
868120171135483
868120171135491
868120171135509
868120171135517
868120171135525
868120171135533
868120171135541
868120171135558
868120171135566
868120171135574
868120171135582
868120171135590
868120171135608
868120171135616
868120171135624
868120171135632
868120171135640
868120171135657
868120171135665
868120171135673
868120171135681
868120171135699
868120171135707
868120171135715
868120171135723
868120171135731
868120171135749
868120171135756
868120171135764
868120171135772
868120171135780
868120171135798
868120171135806
868120171135814
868120171135822
868120171135830
868120171135848
868120171135855
868120171135863
868120171135871
868120171135889
868120171135897
868120171135905
868120171135913
868120171135921
868120171135939
868120171135947
868120171135954
868120171135962
868120171135970
868120171135988
868120171135996
868120171136002
868120171136010
868120171136028
868120171136036
868120171136044
868120171136051
868120171136069
868120171136077
868120171136085
868120171136093
868120171136101
868120171136119
868120171136127
868120171136135
868120171136143
868120171136150
868120171136168
868120171136176
868120171136184
868120171136192
868120171136200
868120171136218
868120171136226
868120171136234
868120171136242
868120171136259
868120171136267
868120171136275
868120171136283
868120171136291
868120171136309
868120171136317
868120171136325
868120171136333
868120171136341
868120171136358
868120171136366
868120171136374
868120171136382
868120171136390
868120171136408
868120171136416
868120171136424
868120171136432
868120171136440
868120171136457
868120171136465
868120171136473
868120171136481
868120171136499
868120171136507
868120171136515
868120171136523
868120171136531
868120171136549
868120171136556
868120171136564
868120171136572
868120171136580
868120171136598
868120171136606
868120171136614
868120171136622
868120171136630
868120171136648
868120171136655
868120171136663
868120171136671
868120171136689
868120171136697
868120171136705
868120171136713
868120171136721
868120171136739
868120171136747
868120171136754
868120171136762
868120171136770
868120171136788
868120171136796
868120171136804
868120171136812
868120171136820
868120171136838
868120171136846
868120171136853
868120171136861
868120171136879
868120171136887
868120171136895
868120171136903
868120171136911
868120171136929
868120171136937
868120171136945
868120171136952
868120171136960
868120171136978
868120171136986
868120171136994
868120171137000
868120171137018
868120171137026
868120171137034
868120171137042
868120171137059
868120171137067
868120171137075
868120171137083
868120171137091
868120171137109
868120171137117
868120171137125
868120171137133
868120171137141
868120171137158
868120171137166
868120171137174
868120171137182
868120171137190
868120171137208
868120171137216
868120171137224
868120171137232
868120171137240
868120171137257
868120171137265
868120171137273
868120171137281
868120171137299
868120171137307
868120171137315