868120169403844
868120169403851
868120169403869
868120169403877
868120169403885
868120169403893
868120169403901
868120169403919
868120169403927
868120169403935
868120169403943
868120169403950
868120169403968
868120169403976
868120169403984
868120169403992
868120169404008
868120169404016
868120169404024
868120169404032
868120169404040
868120169404057
868120169404065
868120169404073
868120169404081
868120169404099
868120169404107
868120169404115
868120169404123
868120169404131
868120169404149
868120169404156
868120169404164
868120169404172
868120169404180
868120169404198
868120169404206
868120169404214
868120169404222
868120169404230
868120169404248
868120169404255
868120169404263
868120169404271
868120169404289
868120169404297
868120169404305
868120169404313
868120169404321
868120169404339
868120169404347
868120169404354
868120169404362
868120169404370
868120169404388
868120169404396
868120169404404
868120169404412
868120169404420
868120169404438
868120169404446
868120169404453
868120169404461
868120169404479
868120169404487
868120169404495
868120169404503
868120169404511
868120169404529
868120169404537
868120169404545
868120169404552
868120169404560
868120169404578
868120169404586
868120169404594
868120169404602
868120169404610
868120169404628
868120169404636
868120169404644
868120169404651
868120169404669
868120169404677
868120169404685
868120169404693
868120169404701
868120169404719
868120169404727
868120169404735
868120169404743
868120169404750
868120169404768
868120169404776
868120169404784
868120169404792
868120169404800
868120169404818
868120169404826
868120169404834
868120169404842
868120169404859
868120169404867
868120169404875
868120169404883
868120169404891
868120169404909
868120169404917
868120169404925
868120169404933
868120169404941
868120169404958
868120169404966
868120169404974
868120169404982
868120169404990
868120169405005
868120169405013
868120169405021
868120169405039
868120169405047
868120169405054
868120169405062
868120169405070
868120169405088
868120169405096
868120169405104
868120169405112
868120169405120
868120169405138
868120169405146
868120169405153
868120169405161
868120169405179
868120169405187
868120169405195
868120169405203
868120169405211
868120169405229
868120169405237
868120169405245
868120169405252
868120169405260
868120169405278
868120169405286
868120169405294
868120169405302
868120169405310
868120169405328
868120169405336
868120169405344
868120169405351
868120169405369
868120169405377
868120169405385
868120169405393
868120169405401
868120169405419
868120169405427
868120169405435
868120169405443
868120169405450
868120169405468
868120169405476
868120169405484
868120169405492
868120169405500
868120169405518
868120169405526
868120169405534
868120169405542
868120169405559
868120169405567
868120169405575
868120169405583
868120169405591
868120169405609
868120169405617
868120169405625
868120169405633
868120169405641
868120169405658
868120169405666
868120169405674
868120169405682
868120169405690
868120169405708
868120169405716
868120169405724
868120169405732
868120169405740
868120169405757
868120169405765
868120169405773
868120169405781
868120169405799
868120169405807
868120169405815
868120169405823
868120169405831
868120169405849
868120169405856
868120169405864
868120169405872
868120169405880
868120169405898
868120169405906
868120169405914
868120169405922
868120169405930
868120169405948
868120169405955
868120169405963
868120169405971
868120169405989
868120169405997
868120169406003
868120169406011
868120169406029
868120169406037
868120169406045
868120169406052
868120169406060
868120169406078
868120169406086
868120169406094
868120169406102
868120169406110
868120169406128
868120169406136
868120169406144
868120169406151
868120169406169
868120169406177
868120169406185
868120169406193
868120169406201
868120169406219
868120169406227
868120169406235
868120169406243
868120169406250
868120169406268
868120169406276
868120169406284
868120169406292
868120169406300
868120169406318
868120169406326
868120169406334
868120169406342
868120169406359
868120169406367
868120169406375
868120169406383
868120169406391
868120169406409
868120169406417
868120169406425
868120169406433
868120169406441
868120169406458
868120169406466
868120169406474
868120169406482
868120169406490
868120169406508
868120169406516
868120169406524
868120169406532
868120169406540
868120169406557
868120169406565
868120169406573
868120169406581
868120169406599
868120169406607
868120169406615
868120169406623
868120169406631
868120169406649
868120169406656
868120169406664
868120169406672
868120169406680
868120169406698
868120169406706
868120169406714
868120169406722
868120169406730
868120169406748
868120169406755
868120169406763
868120169406771
868120169406789
868120169406797
868120169406805
868120169406813
868120169406821
868120169406839
868120169406847
868120169406854
868120169406862
868120169406870
868120169406888
868120169406896
868120169406904
868120169406912
868120169406920
868120169406938
868120169406946
868120169406953
868120169406961
868120169406979
868120169406987
868120169406995
868120169407001
868120169407019
868120169407027
868120169407035
868120169407043
868120169407050
868120169407068
868120169407076
868120169407084
868120169407092
868120169407100
868120169407118
868120169407126
868120169407134
868120169407142
868120169407159
868120169407167
868120169407175
868120169407183
868120169407191
868120169407209
868120169407217
868120169407225
868120169407233
868120169407241
868120169407258
868120169407266
868120169407274
868120169407282
868120169407290
868120169407308
868120169407316
868120169407324
868120169407332
868120169407340
868120169407357
868120169407365
868120169407373
868120169407381
868120169407399
868120169407407
868120169407415
868120169407423
868120169407431
868120169407449
868120169407456
868120169407464
868120169407472
868120169407480
868120169407498
868120169407506
868120169407514
868120169407522
868120169407530
868120169407548
868120169407555
868120169407563
868120169407571
868120169407589
868120169407597
868120169407605
868120169407613
868120169407621
868120169407639
868120169407647
868120169407654
868120169407662
868120169407670
868120169407688
868120169407696
868120169407704
868120169407712
868120169407720
868120169407738
868120169407746
868120169407753
868120169407761
868120169407779
868120169407787
868120169407795
868120169407803
868120169407811
868120169407829
868120169407837
868120169407845
868120169407852
868120169407860
868120169407878
868120169407886
868120169407894
868120169407902
868120169407910
868120169407928
868120169407936
868120169407944
868120169407951
868120169407969
868120169407977
868120169407985
868120169407993
868120169408009
868120169408017
868120169408025
868120169408033
868120169408041
868120169408058
868120169408066
868120169408074
868120169408082
868120169408090
868120169408108
868120169408116
868120169408124
868120169408132
868120169408140
868120169408157
868120169408165
868120169408173
868120169408181
868120169408199
868120169408207
868120169408215
868120169408223
868120169408231
868120169408249
868120169408256
868120169408264
868120169408272
868120169408280
868120169408298
868120169408306
868120169408314
868120169408322
868120169408330
868120169408348
868120169408355
868120169408363
868120169408371
868120169408389
868120169408397
868120169408405
868120169408413
868120169408421
868120169408439
868120169408447
868120169408454
868120169408462
868120169408470
868120169408488
868120169408496
868120169408504
868120169408512
868120169408520
868120169408538
868120169408546
868120169408553
868120169408561
868120169408579
868120169408587
868120169408595
868120169408603
868120169408611
868120169408629
868120169408637
868120169408645
868120169408652
868120169408660
868120169408678
868120169408686
868120169408694
868120169408702
868120169408710
868120169408728
868120169408736
868120169408744
868120169408751
868120169408769
868120169408777
868120169408785
868120169408793
868120169408801
868120169408819
868120169408827
868120169408835
868120169408843
868120169408850
868120169408868
868120169408876
868120169408884
868120169408892
868120169408900
868120169408918
868120169408926
868120169408934
868120169408942
868120169408959
868120169408967
868120169408975
868120169408983
868120169408991
868120169409007
868120169409015
868120169409023
868120169409031
868120169409049
868120169409056
868120169409064
868120169409072
868120169409080
868120169409098
868120169409106
868120169409114
868120169409122
868120169409130
868120169409148
868120169409155
868120169409163
868120169409171
868120169409189
868120169409197
868120169409205
868120169409213
868120169409221
868120169409239
868120169409247
868120169409254
868120169409262
868120169409270
868120169409288
868120169409296
868120169409304
868120169409312
868120169409320
868120169409338
868120169409346
868120169409353
868120169409361
868120169409379
868120169409387
868120169409395
868120169409403
868120169409411
868120169409429
868120169409437
868120169409445
868120169409452
868120169409460
868120169409478
868120169409486
868120169409494
868120169409502
868120169409510
868120169409528
868120169409536
868120169409544
868120169409551
868120169409569
868120169409577
868120169409585
868120169409593
868120169409601
868120169409619
868120169409627
868120169409635
868120169409643
868120169409650
868120169409668
868120169409676
868120169409684
868120169409692
868120169409700
868120169409718
868120169409726
868120169409734
868120169409742
868120169409759
868120169409767
868120169409775
868120169409783
868120169409791
868120169409809
868120169409817
868120169409825
868120169409833
868120169409841
868120169409858
868120169409866
868120169409874
868120169409882
868120169409890
868120169409908
868120169409916
868120169409924
868120169409932
868120169409940
868120169409957
868120169409965
868120169409973
868120169409981
868120169409999
868120169410005
868120169410013
868120169410021
868120169410039
868120169410047
868120169410054
868120169410062
868120169410070
868120169410088
868120169410096
868120169410104
868120169410112
868120169410120
868120169410138
868120169410146
868120169410153
868120169410161
868120169410179
868120169410187
868120169410195
868120169410203
868120169410211
868120169410229
868120169410237
868120169410245
868120169410252
868120169410260
868120169410278
868120169410286
868120169410294
868120169410302
868120169410310
868120169410328
868120169410336
868120169410344
868120169410351
868120169410369
868120169410377
868120169410385
868120169410393
868120169410401
868120169410419
868120169410427
868120169410435
868120169410443
868120169410450
868120169410468
868120169410476
868120169410484
868120169410492
868120169410500
868120169410518
868120169410526
868120169410534
868120169410542
868120169410559
868120169410567
868120169410575
868120169410583
868120169410591
868120169410609
868120169410617
868120169410625
868120169410633
868120169410641
868120169410658
868120169410666
868120169410674
868120169410682
868120169410690
868120169410708
868120169410716
868120169410724
868120169410732
868120169410740
868120169410757
868120169410765
868120169410773
868120169410781
868120169410799
868120169410807
868120169410815
868120169410823
868120169410831
868120169410849
868120169410856
868120169410864
868120169410872
868120169410880
868120169410898
868120169410906
868120169410914
868120169410922
868120169410930
868120169410948
868120169410955
868120169410963
868120169410971
868120169410989
868120169410997
868120169411003
868120169411011
868120169411029
868120169411037
868120169411045
868120169411052
868120169411060
868120169411078
868120169411086
868120169411094
868120169411102
868120169411110
868120169411128
868120169411136
868120169411144
868120169411151
868120169411169
868120169411177
868120169411185
868120169411193
868120169411201
868120169411219
868120169411227
868120169411235
868120169411243
868120169411250
868120169411268
868120169411276
868120169411284
868120169411292
868120169411300
868120169411318
868120169411326
868120169411334
868120169411342
868120169411359
868120169411367
868120169411375
868120169411383
868120169411391
868120169411409
868120169411417
868120169411425
868120169411433
868120169411441
868120169411458
868120169411466
868120169411474
868120169411482
868120169411490
868120169411508
868120169411516
868120169411524
868120169411532
868120169411540
868120169411557
868120169411565
868120169411573
868120169411581
868120169411599
868120169411607
868120169411615
868120169411623
868120169411631
868120169411649
868120169411656
868120169411664
868120169411672
868120169411680
868120169411698
868120169411706
868120169411714
868120169411722
868120169411730
868120169411748
868120169411755
868120169411763
868120169411771
868120169411789
868120169411797
868120169411805
868120169411813
868120169411821
868120169411839
868120169411847
868120169411854
868120169411862
868120169411870
868120169411888
868120169411896
868120169411904
868120169411912
868120169411920
868120169411938
868120169411946
868120169411953
868120169411961
868120169411979
868120169411987
868120169411995
868120169412001
868120169412019
868120169412027
868120169412035
868120169412043
868120169412050
868120169412068
868120169412076
868120169412084
868120169412092
868120169412100
868120169412118
868120169412126
868120169412134
868120169412142
868120169412159
868120169412167
868120169412175
868120169412183
868120169412191
868120169412209
868120169412217
868120169412225
868120169412233
868120169412241
868120169412258
868120169412266
868120169412274
868120169412282
868120169412290
868120169412308
868120169412316
868120169412324
868120169412332
868120169412340
868120169412357
868120169412365
868120169412373
868120169412381
868120169412399
868120169412407
868120169412415
868120169412423
868120169412431
868120169412449
868120169412456
868120169412464
868120169412472
868120169412480
868120169412498
868120169412506
868120169412514
868120169412522
868120169412530
868120169412548
868120169412555
868120169412563
868120169412571
868120169412589
868120169412597
868120169412605
868120169412613
868120169412621
868120169412639
868120169412647
868120169412654
868120169412662
868120169412670
868120169412688
868120169412696
868120169412704
868120169412712
868120169412720
868120169412738
868120169412746
868120169412753
868120169412761
868120169412779
868120169412787
868120169412795
868120169412803
868120169412811
868120169412829
868120169412837
868120169412845
868120169412852
868120169412860
868120169412878
868120169412886
868120169412894
868120169412902
868120169412910
868120169412928
868120169412936
868120169412944
868120169412951
868120169412969
868120169412977
868120169412985
868120169412993
868120169413009
868120169413017
868120169413025
868120169413033
868120169413041
868120169413058
868120169413066
868120169413074
868120169413082
868120169413090
868120169413108
868120169413116
868120169413124
868120169413132
868120169413140
868120169413157
868120169413165
868120169413173
868120169413181
868120169413199
868120169413207
868120169413215
868120169413223
868120169413231
868120169413249
868120169413256
868120169413264
868120169413272
868120169413280
868120169413298
868120169413306
868120169413314
868120169413322
868120169413330
868120169413348
868120169413355
868120169413363
868120169413371
868120169413389
868120169413397
868120169413405
868120169413413
868120169413421
868120169413439
868120169413447
868120169413454
868120169413462
868120169413470
868120169413488
868120169413496
868120169413504
868120169413512
868120169413520
868120169413538
868120169413546
868120169413553
868120169413561
868120169413579
868120169413587
868120169413595
868120169413603
868120169413611
868120169413629
868120169413637
868120169413645
868120169413652
868120169413660
868120169413678
868120169413686
868120169413694
868120169413702
868120169413710
868120169413728
868120169413736
868120169413744
868120169413751
868120169413769
868120169413777
868120169413785
868120169413793
868120169413801
868120169413819
868120169413827
868120169413835
868120169413843
868120169413850
868120169413868
868120169413876
868120169413884
868120169413892
868120169413900
868120169413918
868120169413926
868120169413934
868120169413942
868120169413959
868120169413967
868120169413975
868120169413983
868120169413991
868120169414007
868120169414015
868120169414023
868120169414031
868120169414049
868120169414056
868120169414064
868120169414072
868120169414080
868120169414098
868120169414106
868120169414114
868120169414122
868120169414130
868120169414148
868120169414155
868120169414163
868120169414171
868120169414189
868120169414197
868120169414205
868120169414213
868120169414221
868120169414239
868120169414247
868120169414254
868120169414262
868120169414270
868120169414288
868120169414296
868120169414304
868120169414312
868120169414320
868120169414338
868120169414346
868120169414353
868120169414361
868120169414379
868120169414387
868120169414395
868120169414403
868120169414411
868120169414429
868120169414437
868120169414445
868120169414452
868120169414460
868120169414478
868120169414486
868120169414494
868120169414502
868120169414510
868120169414528
868120169414536
868120169414544
868120169414551
868120169414569
868120169414577
868120169414585
868120169414593
868120169414601
868120169414619
868120169414627
868120169414635
868120169414643
868120169414650
868120169414668
868120169414676
868120169414684
868120169414692
868120169414700
868120169414718
868120169414726
868120169414734
868120169414742
868120169414759
868120169414767
868120169414775
868120169414783
868120169414791
868120169414809
868120169414817
868120169414825
868120169414833
868120169414841
868120169414858
868120169414866
868120169414874
868120169414882
868120169414890
868120169414908
868120169414916
868120169414924
868120169414932
868120169414940
868120169414957
868120169414965
868120169414973
868120169414981
868120169414999
868120169415004
868120169415012
868120169415020
868120169415038
868120169415046
868120169415053
868120169415061
868120169415079
868120169415087
868120169415095
868120169415103
868120169415111
868120169415129
868120169415137
868120169415145
868120169415152
868120169415160
868120169415178
868120169415186
868120169415194
868120169415202
868120169415210
868120169415228
868120169415236
868120169415244
868120169415251
868120169415269
868120169415277
868120169415285
868120169415293
868120169415301
868120169415319
868120169415327
868120169415335
868120169415343
868120169415350
868120169415368
868120169415376
868120169415384
868120169415392
868120169415400
868120169415418
868120169415426
868120169415434
868120169415442
868120169415459
868120169415467
868120169415475
868120169415483
868120169415491
868120169415509
868120169415517
868120169415525
868120169415533
868120169415541
868120169415558
868120169415566
868120169415574
868120169415582
868120169415590
868120169415608
868120169415616
868120169415624
868120169415632
868120169415640
868120169415657
868120169415665
868120169415673
868120169415681
868120169415699
868120169415707
868120169415715
868120169415723
868120169415731
868120169415749
868120169415756
868120169415764
868120169415772
868120169415780
868120169415798
868120169415806
868120169415814
868120169415822
868120169415830
868120169415848
868120169415855
868120169415863
868120169415871
868120169415889
868120169415897
868120169415905
868120169415913
868120169415921
868120169415939
868120169415947
868120169415954
868120169415962
868120169415970
868120169415988
868120169415996
868120169416002
868120169416010
868120169416028
868120169416036
868120169416044
868120169416051
868120169416069
868120169416077
868120169416085
868120169416093
868120169416101
868120169416119
868120169416127
868120169416135
868120169416143
868120169416150
868120169416168
868120169416176
868120169416184
868120169416192
868120169416200
868120169416218
868120169416226
868120169416234
868120169416242
868120169416259
868120169416267
868120169416275
868120169416283
868120169416291
868120169416309
868120169416317
868120169416325
868120169416333
868120169416341
868120169416358
868120169416366
868120169416374
868120169416382
868120169416390
868120169416408
868120169416416
868120169416424
868120169416432
868120169416440
868120169416457
868120169416465
868120169416473
868120169416481
868120169416499
868120169416507
868120169416515
868120169416523
868120169416531
868120169416549
868120169416556
868120169416564
868120169416572
868120169416580
868120169416598
868120169416606
868120169416614
868120169416622
868120169416630
868120169416648
868120169416655
868120169416663
868120169416671
868120169416689
868120169416697
868120169416705
868120169416713
868120169416721
868120169416739
868120169416747
868120169416754
868120169416762
868120169416770
868120169416788
868120169416796
868120169416804
868120169416812
868120169416820
868120169416838
868120169416846
868120169416853
868120169416861
868120169416879
868120169416887
868120169416895
868120169416903
868120169416911
868120169416929
868120169416937
868120169416945
868120169416952
868120169416960
868120169416978
868120169416986
868120169416994
868120169417000
868120169417018
868120169417026
868120169417034
868120169417042
868120169417059
868120169417067
868120169417075
868120169417083
868120169417091
868120169417109
868120169417117
868120169417125
868120169417133
868120169417141
868120169417158
868120169417166
868120169417174
868120169417182
868120169417190
868120169417208
868120169417216
868120169417224
868120169417232
868120169417240
868120169417257
868120169417265
868120169417273
868120169417281
868120169417299
868120169417307
868120169417315
868120169417323
868120169417331
868120169417349
868120169417356
868120169417364
868120169417372
868120169417380
868120169417398
868120169417406
868120169417414
868120169417422
868120169417430
868120169417448
868120169417455
868120169417463
868120169417471
868120169417489
868120169417497
868120169417505
868120169417513
868120169417521
868120169417539
868120169417547
868120169417554
868120169417562
868120169417570
868120169417588
868120169417596
868120169417604
868120169417612
868120169417620
868120169417638
868120169417646
868120169417653
868120169417661
868120169417679
868120169417687
868120169417695
868120169417703
868120169417711
868120169417729
868120169417737
868120169417745
868120169417752
868120169417760
868120169417778
868120169417786
868120169417794
868120169417802
868120169417810
868120169417828
868120169417836
868120169417844
868120169417851
868120169417869
868120169417877
868120169417885
868120169417893
868120169417901
868120169417919
868120169417927
868120169417935
868120169417943
868120169417950
868120169417968
868120169417976
868120169417984
868120169417992
868120169418008
868120169418016
868120169418024
868120169418032
868120169418040
868120169418057
868120169418065
868120169418073
868120169418081
868120169418099
868120169418107
868120169418115
868120169418123
868120169418131
868120169418149
868120169418156
868120169418164
868120169418172
868120169418180
868120169418198
868120169418206
868120169418214
868120169418222
868120169418230
868120169418248
868120169418255
868120169418263
868120169418271
868120169418289
868120169418297
868120169418305
868120169418313
868120169418321
868120169418339
868120169418347
868120169418354
868120169418362
868120169418370
868120169418388
868120169418396
868120169418404
868120169418412
868120169418420
868120169418438
868120169418446
868120169418453
868120169418461
868120169418479
868120169418487
868120169418495
868120169418503
868120169418511
868120169418529
868120169418537
868120169418545
868120169418552
868120169418560
868120169418578
868120169418586
868120169418594
868120169418602
868120169418610
868120169418628
868120169418636
868120169418644
868120169418651
868120169418669
868120169418677
868120169418685
868120169418693
868120169418701
868120169418719
868120169418727
868120169418735
868120169418743
868120169418750
868120169418768
868120169418776
868120169418784
868120169418792
868120169418800
868120169418818
868120169418826
868120169418834
868120169418842
868120169418859
868120169418867
868120169418875
868120169418883
868120169418891
868120169418909
868120169418917
868120169418925
868120169418933
868120169418941
868120169418958
868120169418966
868120169418974
868120169418982
868120169418990
868120169419006
868120169419014
868120169419022
868120169419030
868120169419048
868120169419055
868120169419063
868120169419071
868120169419089
868120169419097
868120169419105
868120169419113
868120169419121
868120169419139
868120169419147
868120169419154
868120169419162
868120169419170
868120169419188
868120169419196
868120169419204
868120169419212
868120169419220
868120169419238
868120169419246
868120169419253
868120169419261
868120169419279
868120169419287
868120169419295
868120169419303
868120169419311
868120169419329
868120169419337
868120169419345
868120169419352
868120169419360
868120169419378
868120169419386
868120169419394
868120169419402
868120169419410
868120169419428
868120169419436
868120169419444
868120169419451
868120169419469
868120169419477
868120169419485
868120169419493
868120169419501
868120169419519
868120169419527
868120169419535
868120169419543
868120169419550
868120169419568
868120169419576
868120169419584
868120169419592
868120169419600
868120169419618
868120169419626
868120169419634
868120169419642
868120169419659
868120169419667
868120169419675
868120169419683
868120169419691
868120169419709
868120169419717
868120169419725
868120169419733
868120169419741
868120169419758
868120169419766
868120169419774
868120169419782
868120169419790
868120169419808
868120169419816
868120169419824
868120169419832
868120169419840
868120169419857
868120169419865
868120169419873
868120169419881
868120169419899
868120169419907
868120169419915
868120169419923
868120169419931
868120169419949
868120169419956
868120169419964
868120169419972
868120169419980
868120169419998
868120169420004
868120169420012
868120169420020
868120169420038
868120169420046
868120169420053
868120169420061
868120169420079
868120169420087
868120169420095
868120169420103
868120169420111
868120169420129
868120169420137
868120169420145
868120169420152
868120169420160
868120169420178
868120169420186
868120169420194
868120169420202
868120169420210
868120169420228
868120169420236
868120169420244
868120169420251
868120169420269
868120169420277
868120169420285
868120169420293
868120169420301
868120169420319
868120169420327
868120169420335
868120169420343
868120169420350
868120169420368
868120169420376
868120169420384
868120169420392
868120169420400
868120169420418
868120169420426
868120169420434
868120169420442
868120169420459
868120169420467
868120169420475
868120169420483
868120169420491
868120169420509
868120169420517
868120169420525
868120169420533
868120169420541
868120169420558
868120169420566
868120169420574
868120169420582
868120169420590
868120169420608
868120169420616
868120169420624
868120169420632
868120169420640
868120169420657
868120169420665
868120169420673
868120169420681
868120169420699
868120169420707
868120169420715
868120169420723
868120169420731
868120169420749
868120169420756
868120169420764
868120169420772
868120169420780
868120169420798
868120169420806
868120169420814
868120169420822
868120169420830
868120169420848
868120169420855
868120169420863
868120169420871
868120169420889
868120169420897
868120169420905
868120169420913
868120169420921
868120169420939
868120169420947
868120169420954
868120169420962
868120169420970
868120169420988
868120169420996
868120169421002
868120169421010
868120169421028
868120169421036
868120169421044
868120169421051
868120169421069
868120169421077
868120169421085
868120169421093
868120169421101
868120169421119
868120169421127
868120169421135
868120169421143
868120169421150
868120169421168
868120169421176
868120169421184
868120169421192
868120169421200
868120169421218
868120169421226
868120169421234
868120169421242
868120169421259
868120169421267
868120169421275
868120169421283
868120169421291
868120169421309
868120169421317
868120169421325
868120169421333
868120169421341
868120169421358
868120169421366
868120169421374
868120169421382
868120169421390
868120169421408
868120169421416
868120169421424
868120169421432
868120169421440
868120169421457
868120169421465
868120169421473
868120169421481
868120169421499
868120169421507
868120169421515
868120169421523
868120169421531
868120169421549
868120169421556
868120169421564
868120169421572
868120169421580
868120169421598
868120169421606
868120169421614
868120169421622
868120169421630
868120169421648
868120169421655
868120169421663
868120169421671
868120169421689
868120169421697
868120169421705
868120169421713
868120169421721
868120169421739
868120169421747
868120169421754
868120169421762
868120169421770
868120169421788
868120169421796
868120169421804
868120169421812
868120169421820
868120169421838
868120169421846
868120169421853
868120169421861
868120169421879
868120169421887
868120169421895
868120169421903
868120169421911
868120169421929
868120169421937
868120169421945
868120169421952
868120169421960
868120169421978
868120169421986
868120169421994
868120169422000
868120169422018
868120169422026
868120169422034
868120169422042
868120169422059
868120169422067
868120169422075
868120169422083
868120169422091
868120169422109
868120169422117
868120169422125
868120169422133
868120169422141
868120169422158
868120169422166
868120169422174
868120169422182
868120169422190
868120169422208
868120169422216
868120169422224
868120169422232
868120169422240
868120169422257
868120169422265
868120169422273
868120169422281
868120169422299
868120169422307
868120169422315
868120169422323
868120169422331
868120169422349
868120169422356
868120169422364
868120169422372
868120169422380
868120169422398
868120169422406
868120169422414
868120169422422
868120169422430
868120169422448
868120169422455
868120169422463
868120169422471
868120169422489
868120169422497
868120169422505
868120169422513
868120169422521
868120169422539
868120169422547
868120169422554
868120169422562
868120169422570
868120169422588
868120169422596
868120169422604
868120169422612
868120169422620
868120169422638
868120169422646
868120169422653
868120169422661
868120169422679
868120169422687
868120169422695
868120169422703
868120169422711
868120169422729
868120169422737
868120169422745
868120169422752
868120169422760
868120169422778
868120169422786
868120169422794
868120169422802
868120169422810
868120169422828
868120169422836
868120169422844
868120169422851
868120169422869
868120169422877
868120169422885
868120169422893
868120169422901
868120169422919
868120169422927
868120169422935
868120169422943
868120169422950
868120169422968
868120169422976
868120169422984
868120169422992
868120169423008
868120169423016
868120169423024
868120169423032
868120169423040
868120169423057
868120169423065
868120169423073
868120169423081
868120169423099
868120169423107
868120169423115
868120169423123
868120169423131
868120169423149
868120169423156
868120169423164
868120169423172
868120169423180
868120169423198
868120169423206
868120169423214
868120169423222
868120169423230
868120169423248
868120169423255
868120169423263
868120169423271
868120169423289
868120169423297
868120169423305
868120169423313
868120169423321
868120169423339
868120169423347
868120169423354
868120169423362
868120169423370
868120169423388
868120169423396
868120169423404
868120169423412
868120169423420
868120169423438
868120169423446
868120169423453
868120169423461
868120169423479
868120169423487
868120169423495
868120169423503
868120169423511
868120169423529
868120169423537
868120169423545
868120169423552
868120169423560
868120169423578
868120169423586
868120169423594
868120169423602
868120169423610
868120169423628
868120169423636
868120169423644
868120169423651
868120169423669
868120169423677
868120169423685
868120169423693
868120169423701
868120169423719
868120169423727
868120169423735
868120169423743
868120169423750
868120169423768
868120169423776
868120169423784
868120169423792
868120169423800
868120169423818
868120169423826
868120169423834
868120169423842
868120169423859
868120169423867
868120169423875
868120169423883
868120169423891
868120169423909
868120169423917
868120169423925
868120169423933
868120169423941
868120169423958
868120169423966
868120169423974
868120169423982
868120169423990
868120169424006
868120169424014
868120169424022
868120169424030
868120169424048
868120169424055
868120169424063
868120169424071
868120169424089
868120169424097
868120169424105
868120169424113
868120169424121
868120169424139
868120169424147
868120169424154
868120169424162
868120169424170
868120169424188
868120169424196
868120169424204
868120169424212
868120169424220
868120169424238
868120169424246
868120169424253
868120169424261
868120169424279
868120169424287
868120169424295
868120169424303
868120169424311
868120169424329
868120169424337
868120169424345
868120169424352
868120169424360
868120169424378
868120169424386
868120169424394
868120169424402
868120169424410
868120169424428
868120169424436
868120169424444
868120169424451
868120169424469
868120169424477
868120169424485
868120169424493
868120169424501
868120169424519
868120169424527
868120169424535
868120169424543
868120169424550
868120169424568
868120169424576
868120169424584
868120169424592
868120169424600
868120169424618
868120169424626
868120169424634
868120169424642
868120169424659
868120169424667
868120169424675
868120169424683
868120169424691
868120169424709
868120169424717
868120169424725
868120169424733
868120169424741
868120169424758
868120169424766
868120169424774
868120169424782
868120169424790
868120169424808
868120169424816
868120169424824
868120169424832
868120169424840
868120169424857
868120169424865
868120169424873
868120169424881
868120169424899
868120169424907
868120169424915
868120169424923
868120169424931
868120169424949
868120169424956
868120169424964
868120169424972
868120169424980
868120169424998
868120169425003
868120169425011
868120169425029
868120169425037
868120169425045
868120169425052
868120169425060
868120169425078
868120169425086
868120169425094
868120169425102
868120169425110
868120169425128
868120169425136
868120169425144
868120169425151
868120169425169
868120169425177
868120169425185
868120169425193
868120169425201
868120169425219
868120169425227
868120169425235
868120169425243
868120169425250
868120169425268
868120169425276
868120169425284
868120169425292
868120169425300
868120169425318
868120169425326
868120169425334
868120169425342
868120169425359
868120169425367
868120169425375
868120169425383
868120169425391
868120169425409
868120169425417
868120169425425
868120169425433
868120169425441
868120169425458
868120169425466
868120169425474
868120169425482
868120169425490
868120169425508
868120169425516
868120169425524
868120169425532
868120169425540
868120169425557
868120169425565
868120169425573
868120169425581
868120169425599
868120169425607
868120169425615
868120169425623
868120169425631
868120169425649
868120169425656
868120169425664
868120169425672
868120169425680
868120169425698
868120169425706
868120169425714
868120169425722
868120169425730
868120169425748
868120169425755
868120169425763
868120169425771
868120169425789
868120169425797
868120169425805
868120169425813
868120169425821
868120169425839
868120169425847
868120169425854
868120169425862
868120169425870
868120169425888
868120169425896
868120169425904
868120169425912
868120169425920
868120169425938
868120169425946
868120169425953
868120169425961
868120169425979
868120169425987
868120169425995
868120169426001
868120169426019
868120169426027
868120169426035
868120169426043
868120169426050
868120169426068
868120169426076
868120169426084
868120169426092
868120169426100
868120169426118
868120169426126
868120169426134
868120169426142
868120169426159
868120169426167
868120169426175
868120169426183
868120169426191
868120169426209
868120169426217
868120169426225
868120169426233
868120169426241
868120169426258
868120169426266
868120169426274
868120169426282
868120169426290
868120169426308
868120169426316
868120169426324
868120169426332
868120169426340
868120169426357
868120169426365
868120169426373
868120169426381
868120169426399
868120169426407
868120169426415
868120169426423
868120169426431
868120169426449
868120169426456
868120169426464
868120169426472
868120169426480
868120169426498
868120169426506
868120169426514
868120169426522
868120169426530
868120169426548
868120169426555
868120169426563
868120169426571
868120169426589
868120169426597
868120169426605
868120169426613
868120169426621
868120169426639
868120169426647
868120169426654
868120169426662
868120169426670
868120169426688
868120169426696
868120169426704
868120169426712
868120169426720
868120169426738
868120169426746
868120169426753
868120169426761
868120169426779
868120169426787
868120169426795
868120169426803
868120169426811
868120169426829
868120169426837
868120169426845
868120169426852
868120169426860
868120169426878
868120169426886
868120169426894
868120169426902
868120169426910
868120169426928
868120169426936
868120169426944
868120169426951
868120169426969
868120169426977
868120169426985
868120169426993
868120169427009
868120169427017
868120169427025
868120169427033
868120169427041
868120169427058
868120169427066
868120169427074
868120169427082
868120169427090
868120169427108
868120169427116
868120169427124
868120169427132
868120169427140
868120169427157
868120169427165
868120169427173
868120169427181
868120169427199
868120169427207
868120169427215
868120169427223
868120169427231
868120169427249
868120169427256
868120169427264
868120169427272
868120169427280
868120169427298
868120169427306
868120169427314
868120169427322
868120169427330
868120169427348
868120169427355
868120169427363
868120169427371
868120169427389
868120169427397
868120169427405
868120169427413
868120169427421
868120169427439
868120169427447
868120169427454
868120169427462
868120169427470
868120169427488
868120169427496
868120169427504
868120169427512
868120169427520
868120169427538
868120169427546
868120169427553
868120169427561
868120169427579
868120169427587
868120169427595
868120169427603
868120169427611
868120169427629
868120169427637
868120169427645
868120169427652
868120169427660
868120169427678
868120169427686
868120169427694
868120169427702
868120169427710
868120169427728
868120169427736
868120169427744
868120169427751
868120169427769
868120169427777
868120169427785
868120169427793
868120169427801
868120169427819
868120169427827
868120169427835
868120169427843
868120169427850
868120169427868
868120169427876
868120169427884
868120169427892
868120169427900
868120169427918
868120169427926
868120169427934
868120169427942
868120169427959
868120169427967
868120169427975
868120169427983
868120169427991
868120169428007
868120169428015
868120169428023
868120169428031
868120169428049
868120169428056
868120169428064
868120169428072
868120169428080
868120169428098
868120169428106
868120169428114
868120169428122
868120169428130
868120169428148
868120169428155
868120169428163
868120169428171
868120169428189
868120169428197
868120169428205
868120169428213
868120169428221
868120169428239
868120169428247
868120169428254
868120169428262
868120169428270
868120169428288
868120169428296
868120169428304
868120169428312
868120169428320
868120169428338
868120169428346
868120169428353
868120169428361
868120169428379
868120169428387
868120169428395
868120169428403
868120169428411
868120169428429
868120169428437
868120169428445
868120169428452
868120169428460
868120169428478
868120169428486
868120169428494
868120169428502
868120169428510
868120169428528
868120169428536
868120169428544
868120169428551
868120169428569
868120169428577
868120169428585
868120169428593
868120169428601
868120169428619
868120169428627
868120169428635
868120169428643
868120169428650
868120169428668
868120169428676
868120169428684
868120169428692
868120169428700
868120169428718
868120169428726
868120169428734
868120169428742
868120169428759
868120169428767
868120169428775
868120169428783
868120169428791
868120169428809
868120169428817
868120169428825
868120169428833
868120169428841
868120169428858
868120169428866
868120169428874
868120169428882
868120169428890
868120169428908
868120169428916
868120169428924
868120169428932
868120169428940
868120169428957
868120169428965
868120169428973
868120169428981
868120169428999
868120169429005
868120169429013
868120169429021
868120169429039
868120169429047
868120169429054
868120169429062
868120169429070
868120169429088
868120169429096
868120169429104
868120169429112
868120169429120
868120169429138
868120169429146
868120169429153
868120169429161
868120169429179
868120169429187
868120169429195
868120169429203
868120169429211
868120169429229
868120169429237
868120169429245
868120169429252
868120169429260
868120169429278
868120169429286
868120169429294
868120169429302
868120169429310
868120169429328
868120169429336
868120169429344
868120169429351
868120169429369
868120169429377
868120169429385
868120169429393
868120169429401
868120169429419
868120169429427
868120169429435
868120169429443
868120169429450
868120169429468
868120169429476
868120169429484
868120169429492
868120169429500
868120169429518
868120169429526
868120169429534
868120169429542
868120169429559
868120169429567
868120169429575
868120169429583
868120169429591
868120169429609
868120169429617
868120169429625
868120169429633
868120169429641
868120169429658
868120169429666
868120169429674
868120169429682
868120169429690
868120169429708
868120169429716
868120169429724
868120169429732
868120169429740
868120169429757
868120169429765
868120169429773
868120169429781
868120169429799
868120169429807
868120169429815
868120169429823
868120169429831
868120169429849
868120169429856
868120169429864
868120169429872
868120169429880
868120169429898
868120169429906
868120169429914
868120169429922
868120169429930
868120169429948
868120169429955
868120169429963
868120169429971
868120169429989
868120169429997
868120169430003
868120169430011
868120169430029
868120169430037
868120169430045
868120169430052
868120169430060
868120169430078
868120169430086
868120169430094
868120169430102
868120169430110
868120169430128
868120169430136
868120169430144
868120169430151
868120169430169
868120169430177
868120169430185
868120169430193
868120169430201
868120169430219
868120169430227
868120169430235
868120169430243
868120169430250
868120169430268
868120169430276
868120169430284
868120169430292
868120169430300
868120169430318
868120169430326
868120169430334
868120169430342
868120169430359
868120169430367
868120169430375
868120169430383
868120169430391
868120169430409
868120169430417
868120169430425
868120169430433
868120169430441
868120169430458
868120169430466
868120169430474
868120169430482
868120169430490
868120169430508
868120169430516
868120169430524
868120169430532
868120169430540
868120169430557
868120169430565
868120169430573
868120169430581
868120169430599
868120169430607
868120169430615
868120169430623
868120169430631
868120169430649
868120169430656
868120169430664
868120169430672
868120169430680
868120169430698
868120169430706
868120169430714
868120169430722
868120169430730
868120169430748
868120169430755
868120169430763
868120169430771
868120169430789
868120169430797
868120169430805
868120169430813
868120169430821
868120169430839
868120169430847
868120169430854
868120169430862
868120169430870
868120169430888
868120169430896
868120169430904
868120169430912
868120169430920
868120169430938
868120169430946
868120169430953
868120169430961
868120169430979
868120169430987
868120169430995
868120169431001
868120169431019
868120169431027
868120169431035
868120169431043
868120169431050
868120169431068
868120169431076
868120169431084
868120169431092
868120169431100
868120169431118
868120169431126
868120169431134
868120169431142
868120169431159
868120169431167
868120169431175
868120169431183
868120169431191
868120169431209
868120169431217
868120169431225
868120169431233
868120169431241
868120169431258
868120169431266
868120169431274
868120169431282
868120169431290
868120169431308
868120169431316
868120169431324
868120169431332
868120169431340
868120169431357
868120169431365
868120169431373
868120169431381
868120169431399
868120169431407
868120169431415
868120169431423
868120169431431
868120169431449
868120169431456
868120169431464
868120169431472
868120169431480
868120169431498
868120169431506
868120169431514
868120169431522
868120169431530
868120169431548
868120169431555
868120169431563
868120169431571
868120169431589
868120169431597
868120169431605
868120169431613
868120169431621
868120169431639
868120169431647
868120169431654
868120169431662
868120169431670
868120169431688
868120169431696
868120169431704
868120169431712
868120169431720
868120169431738
868120169431746
868120169431753
868120169431761
868120169431779
868120169431787
868120169431795
868120169431803
868120169431811
868120169431829
868120169431837
868120169431845
868120169431852
868120169431860
868120169431878
868120169431886
868120169431894
868120169431902
868120169431910
868120169431928
868120169431936
868120169431944
868120169431951
868120169431969
868120169431977
868120169431985
868120169431993
868120169432009
868120169432017
868120169432025
868120169432033
868120169432041
868120169432058
868120169432066
868120169432074
868120169432082
868120169432090
868120169432108
868120169432116
868120169432124
868120169432132
868120169432140
868120169432157
868120169432165
868120169432173
868120169432181
868120169432199
868120169432207
868120169432215
868120169432223
868120169432231
868120169432249
868120169432256
868120169432264
868120169432272
868120169432280
868120169432298
868120169432306
868120169432314
868120169432322
868120169432330
868120169432348
868120169432355
868120169432363
868120169432371
868120169432389
868120169432397
868120169432405
868120169432413
868120169432421
868120169432439
868120169432447
868120169432454
868120169432462
868120169432470
868120169432488
868120169432496
868120169432504
868120169432512
868120169432520
868120169432538
868120169432546
868120169432553
868120169432561
868120169432579
868120169432587
868120169432595
868120169432603
868120169432611
868120169432629
868120169432637
868120169432645
868120169432652
868120169432660
868120169432678
868120169432686
868120169432694
868120169432702
868120169432710
868120169432728
868120169432736
868120169432744
868120169432751
868120169432769
868120169432777
868120169432785
868120169432793
868120169432801
868120169432819
868120169432827
868120169432835
868120169432843
868120169432850
868120169432868
868120169432876
868120169432884
868120169432892
868120169432900
868120169432918
868120169432926
868120169432934
868120169432942
868120169432959
868120169432967
868120169432975
868120169432983
868120169432991
868120169433007
868120169433015
868120169433023
868120169433031
868120169433049
868120169433056
868120169433064
868120169433072
868120169433080
868120169433098
868120169433106
868120169433114
868120169433122
868120169433130
868120169433148
868120169433155
868120169433163
868120169433171
868120169433189
868120169433197
868120169433205
868120169433213
868120169433221
868120169433239
868120169433247
868120169433254
868120169433262
868120169433270
868120169433288
868120169433296
868120169433304
868120169433312
868120169433320
868120169433338
868120169433346
868120169433353
868120169433361
868120169433379
868120169433387
868120169433395
868120169433403
868120169433411
868120169433429
868120169433437
868120169433445
868120169433452
868120169433460
868120169433478
868120169433486
868120169433494
868120169433502
868120169433510
868120169433528
868120169433536
868120169433544
868120169433551
868120169433569
868120169433577
868120169433585
868120169433593
868120169433601
868120169433619
868120169433627
868120169433635
868120169433643
868120169433650
868120169433668
868120169433676
868120169433684
868120169433692
868120169433700
868120169433718
868120169433726
868120169433734
868120169433742
868120169433759
868120169433767
868120169433775
868120169433783
868120169433791
868120169433809
868120169433817
868120169433825
868120169433833