863166010615016
863166010615024
863166010615032
863166010615040
863166010615057
863166010615065
863166010615073
863166010615081
863166010615099
863166010615107
863166010615115
863166010615123
863166010615131
863166010615149
863166010615156
863166010615164
863166010615172
863166010615180
863166010615198
863166010615206
863166010615214
863166010615222
863166010615230
863166010615248
863166010615255
863166010615263
863166010615271
863166010615289
863166010615297
863166010615305
863166010615313
863166010615321
863166010615339
863166010615347
863166010615354
863166010615362
863166010615370
863166010615388
863166010615396
863166010615404
863166010615412
863166010615420
863166010615438
863166010615446
863166010615453
863166010615461
863166010615479
863166010615487
863166010615495
863166010615503
863166010615511
863166010615529
863166010615537
863166010615545
863166010615552
863166010615560
863166010615578
863166010615586
863166010615594
863166010615602
863166010615610
863166010615628
863166010615636
863166010615644
863166010615651
863166010615669
863166010615677
863166010615685
863166010615693
863166010615701
863166010615719
863166010615727
863166010615735
863166010615743
863166010615750
863166010615768
863166010615776
863166010615784
863166010615792
863166010615800
863166010615818
863166010615826
863166010615834
863166010615842
863166010615859
863166010615867
863166010615875
863166010615883
863166010615891
863166010615909
863166010615917
863166010615925
863166010615933
863166010615941
863166010615958
863166010615966
863166010615974
863166010615982
863166010615990
863166010616006
863166010616014
863166010616022
863166010616030
863166010616048
863166010616055
863166010616063
863166010616071
863166010616089
863166010616097
863166010616105
863166010616113
863166010616121
863166010616139
863166010616147
863166010616154
863166010616162
863166010616170
863166010616188
863166010616196
863166010616204
863166010616212
863166010616220
863166010616238
863166010616246
863166010616253
863166010616261
863166010616279
863166010616287
863166010616295
863166010616303
863166010616311
863166010616329
863166010616337
863166010616345
863166010616352
863166010616360
863166010616378
863166010616386
863166010616394
863166010616402
863166010616410
863166010616428
863166010616436
863166010616444
863166010616451
863166010616469
863166010616477
863166010616485
863166010616493
863166010616501
863166010616519
863166010616527
863166010616535
863166010616543
863166010616550
863166010616568
863166010616576
863166010616584
863166010616592
863166010616600
863166010616618
863166010616626
863166010616634
863166010616642
863166010616659
863166010616667
863166010616675
863166010616683
863166010616691
863166010616709
863166010616717
863166010616725
863166010616733
863166010616741
863166010616758
863166010616766
863166010616774
863166010616782
863166010616790
863166010616808
863166010616816
863166010616824
863166010616832
863166010616840
863166010616857
863166010616865
863166010616873
863166010616881
863166010616899
863166010616907
863166010616915
863166010616923
863166010616931
863166010616949
863166010616956
863166010616964
863166010616972
863166010616980
863166010616998
863166010617004
863166010617012
863166010617020
863166010617038
863166010617046
863166010617053
863166010617061
863166010617079
863166010617087
863166010617095
863166010617103
863166010617111
863166010617129
863166010617137
863166010617145
863166010617152
863166010617160
863166010617178
863166010617186
863166010617194
863166010617202
863166010617210
863166010617228
863166010617236
863166010617244
863166010617251
863166010617269
863166010617277
863166010617285
863166010617293
863166010617301
863166010617319
863166010617327
863166010617335
863166010617343
863166010617350
863166010617368
863166010617376
863166010617384
863166010617392
863166010617400
863166010617418
863166010617426
863166010617434
863166010617442
863166010617459
863166010617467
863166010617475
863166010617483
863166010617491
863166010617509
863166010617517
863166010617525
863166010617533
863166010617541
863166010617558
863166010617566
863166010617574
863166010617582
863166010617590
863166010617608
863166010617616
863166010617624
863166010617632
863166010617640
863166010617657
863166010617665
863166010617673
863166010617681
863166010617699
863166010617707
863166010617715
863166010617723
863166010617731
863166010617749
863166010617756
863166010617764
863166010617772
863166010617780
863166010617798
863166010617806
863166010617814
863166010617822
863166010617830
863166010617848
863166010617855
863166010617863
863166010617871
863166010617889
863166010617897
863166010617905
863166010617913
863166010617921
863166010617939
863166010617947
863166010617954
863166010617962
863166010617970
863166010617988
863166010617996
863166010618002
863166010618010
863166010618028
863166010618036
863166010618044
863166010618051
863166010618069
863166010618077
863166010618085
863166010618093
863166010618101
863166010618119
863166010618127
863166010618135
863166010618143
863166010618150
863166010618168
863166010618176
863166010618184
863166010618192
863166010618200
863166010618218
863166010618226
863166010618234
863166010618242
863166010618259
863166010618267
863166010618275
863166010618283
863166010618291
863166010618309
863166010618317
863166010618325
863166010618333
863166010618341
863166010618358
863166010618366
863166010618374
863166010618382
863166010618390
863166010618408
863166010618416
863166010618424
863166010618432
863166010618440
863166010618457
863166010618465
863166010618473
863166010618481
863166010618499
863166010618507
863166010618515
863166010618523
863166010618531
863166010618549
863166010618556
863166010618564
863166010618572
863166010618580
863166010618598
863166010618606
863166010618614
863166010618622
863166010618630
863166010618648
863166010618655
863166010618663
863166010618671
863166010618689
863166010618697
863166010618705
863166010618713
863166010618721
863166010618739
863166010618747
863166010618754
863166010618762
863166010618770
863166010618788
863166010618796
863166010618804
863166010618812
863166010618820
863166010618838
863166010618846
863166010618853
863166010618861
863166010618879
863166010618887
863166010618895
863166010618903
863166010618911
863166010618929
863166010618937
863166010618945
863166010618952
863166010618960
863166010618978
863166010618986
863166010618994
863166010619000
863166010619018
863166010619026
863166010619034
863166010619042
863166010619059
863166010619067
863166010619075
863166010619083
863166010619091
863166010619109
863166010619117
863166010619125
863166010619133
863166010619141
863166010619158
863166010619166
863166010619174
863166010619182
863166010619190
863166010619208
863166010619216
863166010619224
863166010619232
863166010619240
863166010619257
863166010619265
863166010619273
863166010619281
863166010619299
863166010619307
863166010619315
863166010619323
863166010619331
863166010619349
863166010619356
863166010619364
863166010619372
863166010619380
863166010619398
863166010619406
863166010619414
863166010619422
863166010619430
863166010619448
863166010619455
863166010619463
863166010619471
863166010619489
863166010619497
863166010619505
863166010619513
863166010619521
863166010619539
863166010619547
863166010619554
863166010619562
863166010619570
863166010619588
863166010619596
863166010619604
863166010619612
863166010619620
863166010619638
863166010619646
863166010619653
863166010619661
863166010619679
863166010619687
863166010619695
863166010619703
863166010619711
863166010619729
863166010619737
863166010619745
863166010619752
863166010619760
863166010619778
863166010619786
863166010619794
863166010619802
863166010619810
863166010619828
863166010619836
863166010619844
863166010619851
863166010619869
863166010619877
863166010619885
863166010619893
863166010619901
863166010619919
863166010619927
863166010619935
863166010619943
863166010619950
863166010619968
863166010619976
863166010619984
863166010619992
863166010620008
863166010620016
863166010620024
863166010620032
863166010620040
863166010620057
863166010620065
863166010620073
863166010620081
863166010620099
863166010620107
863166010620115
863166010620123
863166010620131
863166010620149
863166010620156
863166010620164
863166010620172
863166010620180
863166010620198
863166010620206
863166010620214
863166010620222
863166010620230
863166010620248
863166010620255
863166010620263
863166010620271
863166010620289
863166010620297
863166010620305
863166010620313
863166010620321
863166010620339
863166010620347
863166010620354
863166010620362
863166010620370
863166010620388
863166010620396
863166010620404
863166010620412
863166010620420
863166010620438
863166010620446
863166010620453
863166010620461
863166010620479
863166010620487
863166010620495
863166010620503
863166010620511
863166010620529
863166010620537
863166010620545
863166010620552
863166010620560
863166010620578
863166010620586
863166010620594
863166010620602
863166010620610
863166010620628
863166010620636
863166010620644
863166010620651
863166010620669
863166010620677
863166010620685
863166010620693
863166010620701
863166010620719
863166010620727
863166010620735
863166010620743
863166010620750
863166010620768
863166010620776
863166010620784
863166010620792
863166010620800
863166010620818
863166010620826
863166010620834
863166010620842
863166010620859
863166010620867
863166010620875
863166010620883
863166010620891
863166010620909
863166010620917
863166010620925
863166010620933
863166010620941
863166010620958
863166010620966
863166010620974
863166010620982
863166010620990
863166010621006
863166010621014
863166010621022
863166010621030
863166010621048
863166010621055
863166010621063
863166010621071
863166010621089
863166010621097
863166010621105
863166010621113
863166010621121
863166010621139
863166010621147
863166010621154
863166010621162
863166010621170
863166010621188
863166010621196
863166010621204
863166010621212
863166010621220
863166010621238
863166010621246
863166010621253
863166010621261
863166010621279
863166010621287
863166010621295
863166010621303
863166010621311
863166010621329
863166010621337
863166010621345
863166010621352
863166010621360
863166010621378
863166010621386
863166010621394
863166010621402
863166010621410
863166010621428
863166010621436
863166010621444
863166010621451
863166010621469
863166010621477
863166010621485
863166010621493
863166010621501
863166010621519
863166010621527
863166010621535
863166010621543
863166010621550
863166010621568
863166010621576
863166010621584
863166010621592
863166010621600
863166010621618
863166010621626
863166010621634
863166010621642
863166010621659
863166010621667
863166010621675
863166010621683
863166010621691
863166010621709
863166010621717
863166010621725
863166010621733
863166010621741
863166010621758
863166010621766
863166010621774
863166010621782
863166010621790
863166010621808
863166010621816
863166010621824
863166010621832
863166010621840
863166010621857
863166010621865
863166010621873
863166010621881
863166010621899
863166010621907
863166010621915
863166010621923
863166010621931
863166010621949
863166010621956
863166010621964
863166010621972
863166010621980
863166010621998
863166010622004
863166010622012
863166010622020
863166010622038
863166010622046
863166010622053
863166010622061
863166010622079
863166010622087
863166010622095
863166010622103
863166010622111
863166010622129
863166010622137
863166010622145
863166010622152
863166010622160
863166010622178
863166010622186
863166010622194
863166010622202
863166010622210
863166010622228
863166010622236
863166010622244
863166010622251
863166010622269
863166010622277
863166010622285
863166010622293
863166010622301
863166010622319
863166010622327
863166010622335
863166010622343
863166010622350
863166010622368
863166010622376
863166010622384
863166010622392
863166010622400
863166010622418
863166010622426
863166010622434
863166010622442
863166010622459
863166010622467
863166010622475
863166010622483
863166010622491
863166010622509
863166010622517
863166010622525
863166010622533
863166010622541
863166010622558
863166010622566
863166010622574
863166010622582
863166010622590
863166010622608
863166010622616
863166010622624
863166010622632
863166010622640
863166010622657
863166010622665
863166010622673
863166010622681
863166010622699
863166010622707
863166010622715
863166010622723
863166010622731
863166010622749
863166010622756
863166010622764
863166010622772
863166010622780
863166010622798
863166010622806
863166010622814
863166010622822
863166010622830
863166010622848
863166010622855
863166010622863
863166010622871
863166010622889
863166010622897
863166010622905
863166010622913
863166010622921
863166010622939
863166010622947
863166010622954
863166010622962
863166010622970
863166010622988
863166010622996
863166010623002
863166010623010
863166010623028
863166010623036
863166010623044
863166010623051
863166010623069
863166010623077
863166010623085
863166010623093
863166010623101
863166010623119
863166010623127
863166010623135
863166010623143
863166010623150
863166010623168
863166010623176
863166010623184
863166010623192
863166010623200
863166010623218
863166010623226
863166010623234
863166010623242
863166010623259
863166010623267
863166010623275
863166010623283
863166010623291
863166010623309
863166010623317
863166010623325
863166010623333
863166010623341
863166010623358
863166010623366
863166010623374
863166010623382
863166010623390
863166010623408
863166010623416
863166010623424
863166010623432
863166010623440
863166010623457
863166010623465
863166010623473
863166010623481
863166010623499
863166010623507
863166010623515
863166010623523
863166010623531
863166010623549
863166010623556
863166010623564
863166010623572
863166010623580
863166010623598
863166010623606
863166010623614
863166010623622
863166010623630
863166010623648
863166010623655
863166010623663
863166010623671
863166010623689
863166010623697
863166010623705
863166010623713
863166010623721
863166010623739
863166010623747
863166010623754
863166010623762
863166010623770
863166010623788
863166010623796
863166010623804
863166010623812
863166010623820
863166010623838
863166010623846
863166010623853
863166010623861
863166010623879
863166010623887
863166010623895
863166010623903
863166010623911
863166010623929
863166010623937
863166010623945
863166010623952
863166010623960
863166010623978
863166010623986
863166010623994
863166010624000
863166010624018
863166010624026
863166010624034
863166010624042
863166010624059
863166010624067
863166010624075
863166010624083
863166010624091
863166010624109
863166010624117
863166010624125
863166010624133
863166010624141
863166010624158
863166010624166
863166010624174
863166010624182
863166010624190
863166010624208
863166010624216
863166010624224
863166010624232
863166010624240
863166010624257
863166010624265
863166010624273
863166010624281
863166010624299
863166010624307
863166010624315
863166010624323
863166010624331
863166010624349
863166010624356
863166010624364
863166010624372
863166010624380
863166010624398
863166010624406
863166010624414
863166010624422
863166010624430
863166010624448
863166010624455
863166010624463
863166010624471
863166010624489
863166010624497
863166010624505
863166010624513
863166010624521
863166010624539
863166010624547
863166010624554
863166010624562
863166010624570
863166010624588
863166010624596
863166010624604
863166010624612
863166010624620
863166010624638
863166010624646
863166010624653
863166010624661
863166010624679
863166010624687
863166010624695
863166010624703
863166010624711
863166010624729
863166010624737
863166010624745
863166010624752
863166010624760
863166010624778
863166010624786
863166010624794
863166010624802
863166010624810
863166010624828
863166010624836
863166010624844
863166010624851
863166010624869
863166010624877
863166010624885
863166010624893
863166010624901
863166010624919
863166010624927
863166010624935
863166010624943
863166010624950
863166010624968
863166010624976
863166010624984
863166010624992
863166010625007
