868120162644733
868120162644741
868120162644758
868120162644766
868120162644774
868120162644782
868120162644790
868120162644808
868120162644816
868120162644824
868120162644832
868120162644840
868120162644857
868120162644865
868120162644873
868120162644881
868120162644899
868120162644907
868120162644915
868120162644923
868120162644931
868120162644949
868120162644956
868120162644964
868120162644972
868120162644980
868120162644998
868120162645003
868120162645011
868120162645029
868120162645037
868120162645045
868120162645052
868120162645060
868120162645078
868120162645086
868120162645094
868120162645102
868120162645110
868120162645128
868120162645136
868120162645144
868120162645151
868120162645169
868120162645177
868120162645185
868120162645193
868120162645201
868120162645219
868120162645227
868120162645235
868120162645243
868120162645250
868120162645268
868120162645276
868120162645284
868120162645292
868120162645300
868120162645318
868120162645326
868120162645334
868120162645342
868120162645359
868120162645367
868120162645375
868120162645383
868120162645391
868120162645409
868120162645417
868120162645425
868120162645433
868120162645441
868120162645458
868120162645466
868120162645474
868120162645482
868120162645490
868120162645508
868120162645516
868120162645524
868120162645532
868120162645540
868120162645557
868120162645565
868120162645573
868120162645581
868120162645599
868120162645607
868120162645615
868120162645623
868120162645631
868120162645649
868120162645656
868120162645664
868120162645672
868120162645680
868120162645698
868120162645706
868120162645714
868120162645722
868120162645730
868120162645748
868120162645755
868120162645763
868120162645771
868120162645789
868120162645797
868120162645805
868120162645813
868120162645821
868120162645839
868120162645847
868120162645854
868120162645862
868120162645870
868120162645888
868120162645896
868120162645904
868120162645912
868120162645920
868120162645938
868120162645946
868120162645953
868120162645961
868120162645979
868120162645987
868120162645995
868120162646001
868120162646019
868120162646027
868120162646035
868120162646043
868120162646050
868120162646068
868120162646076
868120162646084
868120162646092
868120162646100
868120162646118
868120162646126
868120162646134
868120162646142
868120162646159
868120162646167
868120162646175
868120162646183
868120162646191
868120162646209
868120162646217
868120162646225
868120162646233
868120162646241
868120162646258
868120162646266
868120162646274
868120162646282
868120162646290
868120162646308
868120162646316
868120162646324
868120162646332
868120162646340
868120162646357
868120162646365
868120162646373
868120162646381
868120162646399
868120162646407
868120162646415
868120162646423
868120162646431
868120162646449
868120162646456
868120162646464
868120162646472
868120162646480
868120162646498
868120162646506
868120162646514
868120162646522
868120162646530
868120162646548
868120162646555
868120162646563
868120162646571
868120162646589
868120162646597
868120162646605
868120162646613
868120162646621
868120162646639
868120162646647
868120162646654
868120162646662
868120162646670
868120162646688
868120162646696
868120162646704
868120162646712
868120162646720
868120162646738
868120162646746
868120162646753
868120162646761
868120162646779
868120162646787
868120162646795
868120162646803
868120162646811
868120162646829
868120162646837
868120162646845
868120162646852
868120162646860
868120162646878
868120162646886
868120162646894
868120162646902
868120162646910
868120162646928
868120162646936
868120162646944
868120162646951
868120162646969
868120162646977
868120162646985
868120162646993
868120162647009
868120162647017
868120162647025
868120162647033
868120162647041
868120162647058
868120162647066
868120162647074
868120162647082
868120162647090
868120162647108
868120162647116
868120162647124
868120162647132
868120162647140
868120162647157
868120162647165
868120162647173
868120162647181
868120162647199
868120162647207
868120162647215
868120162647223
868120162647231
868120162647249
868120162647256
868120162647264
868120162647272
868120162647280
868120162647298
868120162647306
868120162647314
868120162647322
868120162647330
868120162647348
868120162647355
868120162647363
868120162647371
868120162647389
868120162647397
868120162647405
868120162647413
868120162647421
868120162647439
868120162647447
868120162647454
868120162647462
868120162647470
868120162647488
868120162647496
868120162647504
868120162647512
868120162647520
868120162647538
868120162647546
868120162647553
868120162647561
868120162647579
868120162647587
868120162647595
868120162647603
868120162647611
868120162647629
868120162647637
868120162647645
868120162647652
868120162647660
868120162647678
868120162647686
868120162647694
868120162647702
868120162647710
868120162647728
868120162647736
868120162647744
868120162647751
868120162647769
868120162647777
868120162647785
868120162647793
868120162647801
868120162647819
868120162647827
868120162647835
868120162647843
868120162647850
868120162647868
868120162647876
868120162647884
868120162647892
868120162647900
868120162647918
868120162647926
868120162647934
868120162647942
868120162647959
868120162647967
868120162647975
868120162647983
868120162647991
868120162648007
868120162648015
868120162648023
868120162648031
868120162648049
868120162648056
868120162648064
868120162648072
868120162648080
868120162648098
868120162648106
868120162648114
868120162648122
868120162648130
868120162648148
868120162648155
868120162648163
868120162648171
868120162648189
868120162648197
868120162648205
868120162648213
868120162648221
868120162648239
868120162648247
868120162648254
868120162648262
868120162648270
868120162648288
868120162648296
868120162648304
868120162648312
868120162648320
868120162648338
868120162648346
868120162648353
868120162648361
868120162648379
868120162648387
868120162648395
868120162648403
868120162648411
868120162648429
868120162648437
868120162648445
868120162648452
868120162648460
868120162648478
868120162648486
868120162648494
868120162648502
868120162648510
868120162648528
868120162648536
868120162648544
868120162648551
868120162648569
868120162648577
868120162648585
868120162648593
868120162648601
868120162648619
868120162648627
868120162648635
868120162648643
868120162648650
868120162648668
868120162648676
868120162648684
868120162648692
868120162648700
868120162648718
868120162648726
868120162648734
868120162648742
868120162648759
868120162648767
868120162648775
868120162648783
868120162648791
868120162648809
868120162648817
868120162648825
868120162648833
868120162648841
868120162648858
868120162648866
868120162648874
868120162648882
868120162648890
868120162648908
868120162648916
868120162648924
868120162648932
868120162648940
868120162648957
868120162648965
868120162648973
868120162648981
868120162648999
868120162649005
868120162649013
868120162649021
868120162649039
868120162649047
868120162649054
868120162649062
868120162649070
868120162649088
868120162649096
868120162649104
868120162649112
868120162649120
868120162649138
868120162649146
868120162649153
868120162649161
868120162649179
868120162649187
868120162649195
868120162649203
868120162649211
868120162649229
868120162649237
868120162649245
868120162649252
868120162649260
868120162649278
868120162649286
868120162649294
868120162649302
868120162649310
868120162649328
868120162649336
868120162649344
868120162649351
868120162649369
868120162649377
868120162649385
868120162649393
868120162649401
868120162649419
868120162649427
868120162649435
868120162649443
868120162649450
868120162649468
868120162649476
868120162649484
868120162649492
868120162649500
868120162649518
868120162649526
868120162649534
868120162649542
868120162649559
868120162649567
868120162649575
868120162649583
868120162649591
868120162649609
868120162649617
868120162649625
868120162649633
868120162649641
868120162649658
868120162649666
868120162649674
868120162649682
868120162649690
868120162649708
868120162649716
868120162649724
868120162649732
868120162649740
868120162649757
868120162649765
868120162649773
868120162649781
868120162649799
868120162649807
868120162649815
868120162649823
868120162649831
868120162649849
868120162649856
868120162649864
868120162649872
868120162649880
868120162649898
868120162649906
868120162649914
868120162649922
868120162649930
868120162649948
868120162649955
868120162649963
868120162649971
868120162649989
868120162649997
868120162650003
868120162650011
868120162650029
868120162650037
868120162650045
868120162650052
868120162650060
868120162650078
868120162650086
868120162650094
868120162650102
868120162650110
868120162650128
868120162650136
868120162650144
868120162650151
868120162650169
868120162650177
868120162650185
868120162650193
868120162650201
868120162650219
868120162650227
868120162650235
868120162650243
868120162650250
868120162650268
868120162650276
868120162650284
868120162650292
868120162650300
868120162650318
868120162650326
868120162650334
868120162650342
868120162650359
868120162650367
868120162650375
868120162650383
868120162650391
868120162650409
868120162650417
868120162650425
868120162650433
868120162650441
868120162650458
868120162650466
868120162650474
868120162650482
868120162650490
868120162650508
868120162650516
868120162650524
868120162650532
868120162650540
868120162650557
868120162650565
868120162650573
868120162650581
868120162650599
868120162650607
868120162650615
868120162650623
868120162650631
868120162650649
868120162650656
868120162650664
868120162650672
868120162650680
868120162650698
868120162650706
868120162650714
868120162650722
868120162650730
868120162650748
868120162650755
868120162650763
868120162650771
868120162650789
868120162650797
868120162650805
868120162650813
868120162650821
868120162650839
868120162650847
868120162650854
868120162650862
868120162650870
868120162650888
868120162650896
868120162650904
868120162650912
868120162650920
868120162650938
868120162650946
868120162650953
868120162650961
868120162650979
868120162650987
868120162650995
868120162651001
868120162651019
868120162651027
868120162651035
868120162651043
868120162651050
868120162651068
868120162651076
868120162651084
868120162651092
868120162651100
868120162651118
868120162651126
868120162651134
868120162651142
868120162651159
868120162651167
868120162651175
868120162651183
868120162651191
868120162651209
868120162651217
868120162651225
868120162651233
868120162651241
868120162651258
868120162651266
868120162651274
868120162651282
868120162651290
868120162651308
868120162651316
868120162651324
868120162651332
868120162651340
868120162651357
868120162651365
868120162651373
868120162651381
868120162651399
868120162651407
868120162651415
868120162651423
868120162651431
868120162651449
868120162651456
868120162651464
868120162651472
868120162651480
868120162651498
868120162651506
868120162651514
868120162651522
868120162651530
868120162651548
868120162651555
868120162651563
868120162651571
868120162651589
868120162651597
868120162651605
868120162651613
868120162651621
868120162651639
868120162651647
868120162651654
868120162651662
868120162651670
868120162651688
868120162651696
868120162651704
868120162651712
868120162651720
868120162651738
868120162651746
868120162651753
868120162651761
868120162651779
868120162651787
868120162651795
868120162651803
868120162651811
868120162651829
868120162651837
868120162651845
868120162651852
868120162651860
868120162651878
868120162651886
868120162651894
868120162651902
868120162651910
868120162651928
868120162651936
868120162651944
868120162651951
868120162651969
868120162651977
868120162651985
868120162651993
868120162652009
868120162652017
868120162652025
868120162652033
868120162652041
868120162652058
868120162652066
868120162652074
868120162652082
868120162652090
868120162652108
868120162652116
868120162652124
868120162652132
868120162652140
868120162652157
868120162652165
868120162652173
868120162652181
868120162652199
868120162652207
868120162652215
868120162652223
868120162652231
868120162652249
868120162652256
868120162652264
868120162652272
868120162652280
868120162652298
868120162652306
868120162652314
868120162652322
868120162652330
868120162652348
868120162652355
868120162652363
868120162652371
868120162652389
868120162652397
868120162652405
868120162652413
868120162652421
868120162652439
868120162652447
868120162652454
868120162652462
868120162652470
868120162652488
868120162652496
868120162652504
868120162652512
868120162652520
868120162652538
868120162652546
868120162652553
868120162652561
868120162652579
868120162652587
868120162652595
868120162652603
868120162652611
868120162652629
868120162652637
868120162652645
868120162652652
868120162652660
868120162652678
868120162652686
868120162652694
868120162652702
868120162652710
868120162652728
868120162652736
868120162652744
868120162652751
868120162652769
868120162652777
868120162652785
868120162652793
868120162652801
868120162652819
868120162652827
868120162652835
868120162652843
868120162652850
868120162652868
868120162652876
868120162652884
868120162652892
868120162652900
868120162652918
868120162652926
868120162652934
868120162652942
868120162652959
868120162652967
868120162652975
868120162652983
868120162652991
868120162653007
868120162653015
868120162653023
868120162653031
868120162653049
868120162653056
868120162653064
868120162653072
868120162653080
868120162653098
868120162653106
868120162653114
868120162653122
868120162653130
868120162653148
868120162653155
868120162653163
868120162653171
868120162653189
868120162653197
868120162653205
868120162653213
868120162653221
868120162653239
868120162653247
868120162653254
868120162653262
868120162653270
868120162653288
868120162653296
868120162653304
868120162653312
868120162653320
868120162653338
868120162653346
868120162653353
868120162653361
868120162653379
868120162653387
868120162653395
868120162653403
868120162653411
868120162653429
868120162653437
868120162653445
868120162653452
868120162653460
868120162653478
868120162653486
868120162653494
868120162653502
868120162653510
868120162653528
868120162653536
868120162653544
868120162653551
868120162653569
868120162653577
868120162653585
868120162653593
868120162653601
868120162653619
868120162653627
868120162653635
868120162653643
868120162653650
868120162653668
868120162653676
868120162653684
868120162653692
868120162653700
868120162653718
868120162653726
868120162653734
868120162653742
868120162653759
868120162653767
868120162653775
868120162653783
868120162653791
868120162653809
868120162653817
868120162653825
868120162653833
868120162653841
868120162653858
868120162653866
868120162653874
868120162653882
868120162653890
868120162653908
868120162653916
868120162653924
868120162653932
868120162653940
868120162653957
868120162653965
868120162653973
868120162653981
868120162653999
868120162654005
868120162654013
868120162654021
868120162654039
868120162654047
868120162654054
868120162654062
868120162654070
868120162654088
868120162654096
868120162654104
868120162654112
868120162654120
868120162654138
868120162654146
868120162654153
868120162654161
868120162654179
868120162654187
868120162654195
868120162654203
868120162654211
868120162654229
868120162654237
868120162654245
868120162654252
868120162654260
868120162654278
868120162654286
868120162654294
868120162654302
868120162654310
868120162654328
868120162654336
868120162654344
868120162654351
868120162654369
868120162654377
868120162654385
868120162654393
868120162654401
868120162654419
868120162654427
868120162654435
868120162654443
868120162654450
868120162654468
868120162654476
868120162654484
868120162654492
868120162654500
868120162654518
868120162654526
868120162654534
868120162654542
868120162654559
868120162654567
868120162654575
868120162654583
868120162654591
868120162654609
868120162654617
868120162654625
868120162654633
868120162654641
868120162654658
868120162654666
868120162654674
868120162654682
868120162654690
868120162654708
868120162654716
868120162654724
868120162654732
868120162654740
868120162654757
868120162654765
868120162654773
868120162654781
868120162654799
868120162654807
868120162654815
868120162654823
868120162654831
868120162654849
868120162654856
868120162654864
868120162654872
868120162654880
868120162654898
868120162654906
868120162654914
868120162654922
868120162654930
868120162654948
868120162654955
868120162654963
868120162654971
868120162654989
868120162654997
868120162655002
868120162655010
868120162655028
868120162655036
868120162655044
868120162655051
868120162655069
868120162655077
868120162655085
868120162655093
868120162655101
868120162655119
868120162655127
868120162655135
868120162655143
868120162655150
868120162655168
868120162655176
868120162655184
868120162655192
868120162655200
868120162655218
868120162655226
868120162655234
868120162655242
868120162655259
868120162655267
868120162655275
868120162655283
868120162655291
868120162655309
868120162655317
868120162655325
868120162655333
868120162655341
868120162655358
868120162655366
868120162655374
868120162655382
868120162655390
868120162655408
868120162655416
868120162655424
868120162655432
868120162655440
868120162655457
868120162655465
868120162655473
868120162655481
868120162655499
868120162655507
868120162655515
868120162655523
868120162655531
868120162655549
868120162655556
868120162655564
868120162655572
868120162655580
868120162655598
868120162655606
868120162655614
868120162655622
868120162655630
868120162655648
868120162655655
868120162655663
868120162655671
868120162655689
868120162655697
868120162655705
868120162655713
868120162655721
868120162655739
868120162655747
868120162655754
868120162655762
868120162655770
868120162655788
868120162655796
868120162655804
868120162655812
868120162655820
868120162655838
868120162655846
868120162655853
868120162655861
868120162655879
868120162655887
868120162655895
868120162655903
868120162655911
868120162655929
868120162655937
868120162655945
868120162655952
868120162655960
868120162655978
868120162655986
868120162655994
868120162656000
868120162656018
868120162656026
868120162656034
868120162656042
868120162656059
868120162656067
868120162656075
868120162656083
868120162656091
868120162656109
868120162656117
868120162656125
868120162656133
868120162656141
868120162656158
868120162656166
868120162656174
868120162656182
868120162656190
868120162656208
868120162656216
868120162656224
868120162656232
868120162656240
868120162656257
868120162656265
868120162656273
868120162656281
868120162656299
868120162656307
868120162656315
868120162656323
868120162656331
868120162656349
868120162656356
868120162656364
868120162656372
868120162656380
868120162656398
868120162656406
868120162656414
868120162656422
868120162656430
868120162656448
868120162656455
868120162656463
868120162656471
868120162656489
868120162656497
868120162656505
868120162656513
868120162656521
868120162656539
868120162656547
868120162656554
868120162656562
868120162656570
868120162656588
868120162656596
868120162656604
868120162656612
868120162656620
868120162656638
868120162656646
868120162656653
868120162656661
868120162656679
868120162656687
868120162656695
868120162656703
868120162656711
868120162656729
868120162656737
868120162656745
868120162656752
868120162656760
868120162656778
868120162656786
868120162656794
868120162656802
868120162656810
868120162656828
868120162656836
868120162656844
868120162656851
868120162656869
868120162656877
868120162656885
868120162656893
868120162656901
868120162656919
868120162656927
868120162656935
868120162656943
868120162656950
868120162656968
868120162656976
868120162656984
868120162656992
868120162657008
868120162657016
868120162657024
868120162657032
868120162657040
868120162657057
868120162657065
868120162657073
868120162657081
868120162657099
868120162657107
868120162657115
868120162657123
868120162657131
868120162657149
868120162657156
868120162657164
868120162657172
868120162657180
868120162657198
868120162657206
868120162657214
868120162657222
868120162657230
868120162657248
868120162657255
868120162657263
868120162657271
868120162657289
868120162657297
868120162657305
868120162657313
868120162657321
868120162657339
868120162657347
868120162657354
868120162657362
868120162657370
868120162657388
868120162657396
868120162657404
868120162657412
868120162657420
868120162657438
868120162657446
868120162657453
868120162657461
868120162657479
868120162657487
868120162657495
868120162657503
868120162657511
868120162657529
868120162657537
868120162657545
868120162657552
868120162657560
868120162657578
868120162657586
868120162657594
868120162657602
868120162657610
868120162657628
868120162657636
868120162657644
868120162657651
868120162657669
868120162657677
868120162657685
868120162657693
868120162657701
868120162657719
868120162657727
868120162657735
868120162657743
868120162657750
868120162657768
868120162657776
868120162657784
868120162657792
868120162657800
868120162657818
868120162657826
868120162657834
868120162657842
868120162657859
868120162657867
868120162657875
868120162657883
868120162657891
868120162657909
868120162657917
868120162657925
868120162657933
868120162657941
868120162657958
868120162657966
868120162657974
868120162657982
868120162657990
868120162658006
868120162658014
868120162658022
868120162658030
868120162658048
868120162658055
868120162658063
868120162658071
868120162658089
868120162658097
868120162658105
868120162658113
868120162658121
868120162658139
868120162658147
868120162658154
868120162658162
868120162658170
868120162658188
868120162658196
868120162658204
868120162658212
868120162658220
868120162658238
868120162658246
868120162658253
868120162658261
868120162658279
868120162658287
868120162658295
868120162658303
868120162658311
868120162658329
868120162658337
868120162658345
868120162658352
868120162658360
868120162658378
868120162658386
868120162658394
868120162658402
868120162658410
868120162658428
868120162658436
868120162658444
868120162658451
868120162658469
868120162658477
868120162658485
868120162658493
868120162658501
868120162658519
868120162658527
868120162658535
868120162658543
868120162658550
868120162658568
868120162658576
868120162658584
868120162658592
868120162658600
868120162658618
868120162658626
868120162658634
868120162658642
868120162658659
868120162658667
868120162658675
868120162658683
868120162658691
868120162658709
868120162658717
868120162658725
868120162658733
868120162658741
868120162658758
868120162658766
868120162658774
868120162658782
868120162658790
868120162658808
868120162658816
868120162658824
868120162658832
868120162658840
868120162658857
868120162658865
868120162658873
868120162658881
868120162658899
868120162658907
868120162658915
868120162658923
868120162658931
868120162658949
868120162658956
868120162658964
868120162658972
868120162658980
868120162658998
868120162659004
868120162659012
868120162659020
868120162659038
868120162659046
868120162659053
868120162659061
868120162659079
868120162659087
868120162659095
868120162659103
868120162659111
868120162659129
868120162659137
868120162659145
868120162659152
868120162659160
868120162659178
868120162659186
868120162659194
868120162659202
868120162659210
868120162659228
868120162659236
868120162659244
868120162659251
868120162659269
868120162659277
868120162659285
868120162659293
868120162659301
868120162659319
868120162659327
868120162659335
868120162659343
868120162659350
868120162659368
868120162659376
868120162659384
868120162659392
868120162659400
868120162659418
868120162659426
868120162659434
868120162659442
868120162659459
868120162659467
868120162659475
868120162659483
868120162659491
868120162659509
868120162659517
868120162659525
868120162659533
868120162659541
868120162659558
868120162659566
868120162659574
868120162659582
868120162659590
868120162659608
868120162659616
868120162659624
868120162659632
868120162659640
868120162659657
868120162659665
868120162659673
868120162659681
868120162659699
868120162659707
868120162659715
868120162659723
868120162659731
868120162659749
868120162659756
868120162659764
868120162659772
868120162659780
868120162659798
868120162659806
868120162659814
868120162659822
868120162659830
868120162659848
868120162659855
868120162659863
868120162659871
868120162659889
868120162659897
868120162659905
868120162659913
868120162659921
868120162659939
868120162659947
868120162659954
868120162659962
868120162659970
868120162659988
868120162659996
868120162660002
868120162660010
868120162660028
868120162660036
868120162660044
868120162660051
868120162660069
868120162660077
868120162660085
868120162660093
868120162660101
868120162660119
868120162660127
868120162660135
868120162660143
868120162660150
868120162660168
868120162660176
868120162660184
868120162660192
868120162660200
868120162660218
868120162660226
868120162660234
868120162660242
868120162660259
868120162660267
868120162660275
868120162660283
868120162660291
868120162660309
868120162660317
868120162660325
868120162660333
868120162660341
868120162660358
868120162660366
868120162660374
868120162660382
868120162660390
868120162660408
868120162660416
868120162660424
868120162660432
868120162660440
868120162660457
868120162660465
868120162660473
868120162660481
868120162660499
868120162660507
868120162660515
868120162660523
868120162660531
868120162660549
868120162660556
868120162660564
868120162660572
868120162660580
868120162660598
868120162660606
868120162660614
868120162660622
868120162660630
868120162660648
868120162660655
868120162660663
868120162660671
868120162660689
868120162660697
868120162660705
868120162660713
868120162660721
868120162660739
868120162660747
868120162660754
868120162660762
868120162660770
868120162660788
868120162660796
868120162660804
868120162660812
868120162660820
868120162660838
868120162660846
868120162660853
868120162660861
868120162660879
868120162660887
868120162660895
868120162660903
868120162660911
868120162660929
868120162660937
868120162660945
868120162660952
868120162660960
868120162660978
868120162660986
868120162660994
868120162661000
868120162661018
868120162661026
868120162661034
868120162661042
868120162661059
868120162661067
868120162661075
868120162661083
868120162661091
868120162661109
868120162661117
868120162661125
868120162661133
868120162661141
868120162661158
868120162661166
868120162661174
868120162661182
868120162661190
868120162661208
868120162661216
868120162661224
868120162661232
868120162661240
868120162661257
868120162661265
868120162661273
868120162661281
868120162661299
868120162661307
868120162661315
868120162661323
868120162661331
868120162661349
868120162661356
868120162661364
868120162661372
868120162661380
868120162661398
868120162661406
868120162661414
868120162661422
868120162661430
868120162661448
868120162661455
868120162661463
868120162661471
868120162661489
868120162661497
868120162661505
868120162661513
868120162661521
868120162661539
868120162661547
868120162661554
868120162661562
868120162661570
868120162661588
868120162661596
868120162661604
868120162661612
868120162661620
868120162661638
868120162661646
868120162661653
868120162661661
868120162661679
868120162661687
868120162661695
868120162661703
868120162661711
868120162661729
868120162661737
868120162661745
868120162661752
868120162661760
868120162661778
868120162661786
868120162661794
868120162661802
868120162661810
868120162661828
868120162661836
868120162661844
868120162661851
868120162661869
868120162661877
868120162661885
868120162661893
868120162661901
868120162661919
868120162661927
868120162661935
868120162661943
868120162661950
868120162661968
868120162661976
868120162661984
868120162661992
868120162662008
868120162662016
868120162662024
868120162662032
868120162662040
868120162662057
868120162662065
868120162662073
868120162662081
868120162662099
868120162662107
868120162662115
868120162662123
868120162662131
868120162662149
868120162662156
868120162662164
868120162662172
868120162662180
868120162662198
868120162662206
868120162662214
868120162662222
868120162662230
868120162662248
868120162662255
868120162662263
868120162662271
868120162662289
868120162662297
868120162662305
868120162662313
868120162662321
868120162662339
868120162662347
868120162662354
868120162662362
868120162662370
868120162662388
868120162662396
868120162662404
868120162662412
868120162662420
868120162662438
868120162662446
868120162662453
868120162662461
868120162662479
868120162662487
868120162662495
868120162662503
868120162662511
868120162662529
868120162662537
868120162662545
868120162662552
868120162662560
868120162662578
868120162662586
868120162662594
868120162662602
868120162662610
868120162662628
868120162662636
868120162662644
868120162662651
868120162662669
868120162662677
868120162662685
868120162662693
868120162662701
868120162662719
868120162662727
868120162662735
868120162662743
868120162662750
868120162662768
868120162662776
868120162662784
868120162662792
868120162662800
868120162662818
868120162662826
868120162662834
868120162662842
868120162662859
868120162662867
868120162662875
868120162662883
868120162662891
868120162662909
868120162662917
868120162662925
868120162662933
868120162662941
868120162662958
868120162662966
868120162662974
868120162662982
868120162662990
868120162663006
868120162663014
868120162663022
868120162663030
868120162663048
868120162663055
868120162663063
868120162663071
868120162663089
868120162663097
868120162663105
868120162663113
868120162663121
868120162663139
868120162663147
868120162663154
868120162663162
868120162663170
868120162663188
868120162663196
868120162663204
868120162663212
868120162663220
868120162663238
868120162663246
868120162663253
868120162663261
868120162663279
868120162663287
868120162663295
868120162663303
868120162663311
868120162663329
868120162663337
868120162663345
868120162663352
868120162663360
868120162663378
868120162663386
868120162663394
868120162663402
868120162663410
868120162663428
868120162663436
868120162663444
868120162663451
868120162663469
868120162663477
868120162663485
868120162663493
868120162663501
868120162663519
868120162663527
868120162663535
868120162663543
868120162663550
868120162663568
868120162663576
868120162663584
868120162663592
868120162663600
868120162663618
868120162663626
868120162663634
868120162663642
868120162663659
868120162663667
868120162663675
868120162663683
868120162663691
868120162663709
868120162663717
868120162663725
868120162663733
868120162663741
868120162663758
868120162663766
868120162663774
868120162663782
868120162663790
868120162663808
868120162663816
868120162663824
868120162663832
868120162663840
868120162663857
868120162663865
868120162663873
868120162663881
868120162663899
868120162663907
868120162663915
868120162663923
868120162663931
868120162663949
868120162663956
868120162663964
868120162663972
868120162663980
868120162663998
868120162664004
868120162664012
868120162664020
868120162664038
868120162664046
868120162664053
868120162664061
868120162664079
868120162664087
868120162664095
868120162664103
868120162664111
868120162664129
868120162664137
868120162664145
868120162664152
868120162664160
868120162664178
868120162664186
868120162664194
868120162664202
868120162664210
868120162664228
868120162664236
868120162664244
868120162664251
868120162664269
868120162664277
868120162664285
868120162664293
868120162664301
868120162664319
868120162664327
868120162664335
868120162664343
868120162664350
868120162664368
868120162664376
868120162664384
868120162664392
868120162664400
868120162664418
868120162664426
868120162664434
868120162664442
868120162664459
868120162664467
868120162664475
868120162664483
868120162664491
868120162664509
868120162664517
868120162664525
868120162664533
868120162664541
868120162664558
868120162664566
868120162664574
868120162664582
868120162664590
868120162664608
868120162664616
868120162664624
868120162664632
868120162664640
868120162664657
868120162664665
868120162664673
868120162664681
868120162664699
868120162664707
868120162664715
868120162664723