868120171361048
868120171361055
868120171361063
868120171361071
868120171361089
868120171361097
868120171361105
868120171361113
868120171361121
868120171361139
868120171361147
868120171361154
868120171361162
868120171361170
868120171361188
868120171361196
868120171361204
868120171361212
868120171361220
868120171361238
868120171361246
868120171361253
868120171361261
868120171361279
868120171361287
868120171361295
868120171361303
868120171361311
868120171361329
868120171361337
868120171361345
868120171361352
868120171361360
868120171361378
868120171361386
868120171361394
868120171361402
868120171361410
868120171361428
868120171361436
868120171361444
868120171361451
868120171361469
868120171361477
868120171361485
868120171361493
868120171361501
868120171361519
868120171361527
868120171361535
868120171361543
868120171361550
868120171361568
868120171361576
868120171361584
868120171361592
868120171361600
868120171361618
868120171361626
868120171361634
868120171361642
868120171361659
868120171361667
868120171361675
868120171361683
868120171361691
868120171361709
868120171361717
868120171361725
868120171361733
868120171361741
868120171361758
868120171361766
868120171361774
868120171361782
868120171361790
868120171361808
868120171361816
868120171361824
868120171361832
868120171361840
868120171361857
868120171361865
868120171361873
868120171361881
868120171361899
868120171361907
868120171361915
868120171361923
868120171361931
868120171361949
868120171361956
868120171361964
868120171361972
868120171361980
868120171361998
868120171362004
868120171362012
868120171362020
868120171362038
868120171362046
868120171362053
868120171362061
868120171362079
868120171362087
868120171362095
868120171362103
868120171362111
868120171362129
868120171362137
868120171362145
868120171362152
868120171362160
868120171362178
868120171362186
868120171362194
868120171362202
868120171362210
868120171362228
868120171362236
868120171362244
868120171362251
868120171362269
868120171362277
868120171362285
868120171362293
868120171362301
868120171362319
868120171362327
868120171362335
868120171362343
868120171362350
868120171362368
868120171362376
868120171362384
868120171362392
868120171362400
868120171362418
868120171362426
868120171362434
868120171362442
868120171362459
868120171362467
868120171362475
868120171362483
868120171362491
868120171362509
868120171362517
868120171362525
868120171362533
868120171362541
868120171362558
868120171362566
868120171362574
868120171362582
868120171362590
868120171362608
868120171362616
868120171362624
868120171362632
868120171362640
868120171362657
868120171362665
868120171362673
868120171362681
868120171362699
868120171362707
868120171362715
868120171362723
868120171362731
868120171362749
868120171362756
868120171362764
868120171362772
868120171362780
868120171362798
868120171362806
868120171362814
868120171362822
868120171362830
868120171362848
868120171362855
868120171362863
868120171362871
868120171362889
868120171362897
868120171362905
868120171362913
868120171362921
868120171362939
868120171362947
868120171362954
868120171362962
868120171362970
868120171362988
868120171362996
868120171363002
868120171363010
868120171363028
868120171363036
868120171363044
868120171363051
868120171363069
868120171363077
868120171363085
868120171363093
868120171363101
868120171363119
868120171363127
868120171363135
868120171363143
868120171363150
868120171363168
868120171363176
868120171363184
868120171363192
868120171363200
868120171363218
868120171363226
868120171363234
868120171363242
868120171363259
868120171363267
868120171363275
868120171363283
868120171363291
868120171363309
868120171363317
868120171363325
868120171363333
868120171363341
868120171363358
868120171363366
868120171363374
868120171363382
868120171363390
868120171363408
868120171363416
868120171363424
868120171363432
868120171363440
868120171363457
868120171363465
868120171363473
868120171363481
868120171363499
868120171363507
868120171363515
868120171363523
868120171363531
868120171363549
868120171363556
868120171363564
868120171363572
868120171363580
868120171363598
868120171363606
868120171363614
868120171363622
868120171363630
868120171363648
868120171363655
868120171363663
868120171363671
868120171363689
868120171363697
868120171363705
868120171363713
868120171363721
868120171363739
868120171363747
868120171363754
868120171363762
868120171363770
868120171363788
868120171363796
868120171363804
868120171363812
868120171363820
868120171363838
868120171363846
868120171363853
868120171363861
868120171363879
868120171363887
868120171363895
868120171363903
868120171363911
868120171363929
868120171363937
868120171363945
868120171363952
868120171363960
868120171363978
868120171363986
868120171363994
868120171364000
868120171364018
868120171364026
868120171364034
868120171364042
868120171364059
868120171364067
868120171364075
868120171364083
868120171364091
868120171364109
868120171364117
868120171364125
868120171364133
868120171364141
868120171364158
868120171364166
868120171364174
868120171364182
868120171364190
868120171364208
868120171364216
868120171364224
868120171364232
868120171364240
868120171364257
868120171364265
868120171364273
868120171364281
868120171364299
868120171364307
868120171364315
868120171364323
868120171364331
868120171364349
868120171364356
868120171364364
868120171364372
868120171364380
868120171364398
868120171364406
868120171364414
868120171364422
868120171364430
868120171364448
868120171364455
868120171364463
868120171364471
868120171364489
868120171364497
868120171364505
868120171364513
868120171364521
868120171364539
868120171364547
868120171364554
868120171364562
868120171364570
868120171364588
868120171364596
868120171364604
868120171364612
868120171364620
868120171364638
868120171364646
868120171364653
868120171364661
868120171364679
868120171364687
868120171364695
868120171364703
868120171364711
868120171364729
868120171364737
868120171364745
868120171364752
868120171364760
868120171364778
868120171364786
868120171364794
868120171364802
868120171364810
868120171364828
868120171364836
868120171364844
868120171364851
868120171364869
868120171364877
868120171364885
868120171364893
868120171364901
868120171364919
868120171364927
868120171364935
868120171364943
868120171364950
868120171364968
868120171364976
868120171364984
868120171364992
868120171365007
868120171365015
868120171365023
868120171365031
868120171365049
868120171365056
868120171365064
868120171365072
868120171365080
868120171365098
868120171365106
868120171365114
868120171365122
868120171365130
868120171365148
868120171365155
868120171365163
868120171365171
868120171365189
868120171365197
868120171365205
868120171365213
868120171365221
868120171365239
868120171365247
868120171365254
868120171365262
868120171365270
868120171365288
868120171365296
868120171365304
868120171365312
868120171365320
868120171365338
868120171365346
868120171365353
868120171365361
868120171365379
868120171365387
868120171365395
868120171365403
868120171365411
868120171365429
868120171365437
868120171365445
868120171365452
868120171365460
868120171365478
868120171365486
868120171365494
868120171365502
868120171365510
868120171365528
868120171365536
868120171365544
868120171365551
868120171365569
868120171365577
868120171365585
868120171365593
868120171365601
868120171365619
868120171365627
868120171365635
868120171365643
868120171365650
868120171365668
868120171365676
868120171365684
868120171365692
868120171365700
868120171365718
868120171365726
868120171365734
868120171365742
868120171365759
868120171365767
868120171365775
868120171365783
868120171365791
868120171365809
868120171365817
868120171365825
868120171365833
868120171365841
868120171365858
868120171365866
868120171365874
868120171365882
868120171365890
868120171365908
868120171365916
868120171365924
868120171365932
868120171365940
868120171365957
868120171365965
868120171365973
868120171365981
868120171365999
868120171366005
868120171366013
868120171366021
868120171366039
868120171366047
868120171366054
868120171366062
868120171366070
868120171366088
868120171366096
868120171366104
868120171366112
868120171366120
868120171366138
868120171366146
868120171366153
868120171366161
868120171366179
868120171366187
868120171366195
868120171366203
868120171366211
868120171366229
868120171366237
868120171366245
868120171366252
868120171366260
868120171366278
868120171366286
868120171366294
868120171366302
868120171366310
868120171366328
868120171366336
868120171366344
868120171366351
868120171366369
868120171366377
868120171366385
868120171366393
868120171366401
868120171366419
868120171366427
868120171366435
868120171366443
868120171366450
868120171366468
868120171366476
868120171366484
868120171366492
868120171366500
868120171366518
868120171366526
868120171366534
868120171366542
868120171366559
868120171366567
868120171366575
868120171366583
868120171366591
868120171366609
868120171366617
868120171366625
868120171366633
868120171366641
868120171366658
868120171366666
868120171366674
868120171366682
868120171366690
868120171366708
868120171366716
868120171366724
868120171366732
868120171366740
868120171366757
868120171366765
868120171366773
868120171366781
868120171366799
868120171366807
868120171366815
868120171366823
868120171366831
868120171366849
868120171366856
868120171366864
868120171366872
868120171366880
868120171366898
868120171366906
868120171366914
868120171366922
868120171366930
868120171366948
868120171366955
868120171366963
868120171366971
868120171366989
868120171366997
868120171367003
868120171367011
868120171367029
868120171367037
868120171367045
868120171367052
868120171367060
868120171367078
868120171367086
868120171367094
868120171367102
868120171367110
868120171367128
868120171367136
868120171367144
868120171367151
868120171367169
868120171367177
868120171367185
868120171367193
868120171367201
868120171367219
868120171367227
868120171367235
868120171367243
868120171367250
868120171367268
868120171367276
868120171367284
868120171367292
868120171367300
868120171367318
868120171367326
868120171367334
868120171367342
868120171367359
868120171367367
868120171367375
868120171367383
868120171367391
868120171367409
868120171367417
868120171367425
868120171367433
868120171367441
868120171367458
868120171367466
868120171367474
868120171367482
868120171367490
868120171367508
868120171367516
868120171367524
868120171367532
868120171367540
868120171367557
868120171367565
868120171367573
868120171367581
868120171367599
868120171367607
868120171367615
868120171367623
868120171367631
868120171367649
868120171367656
868120171367664
868120171367672
868120171367680
868120171367698
868120171367706
868120171367714
868120171367722
868120171367730
868120171367748
868120171367755
868120171367763
868120171367771
868120171367789
868120171367797
868120171367805
868120171367813
868120171367821
868120171367839
868120171367847
868120171367854
868120171367862
868120171367870
868120171367888
868120171367896
868120171367904
868120171367912
868120171367920
868120171367938
868120171367946
868120171367953
868120171367961
868120171367979
868120171367987
868120171367995
868120171368001
868120171368019
868120171368027
868120171368035
868120171368043
868120171368050
868120171368068
868120171368076
868120171368084
868120171368092
868120171368100
868120171368118
868120171368126
868120171368134
868120171368142
868120171368159
868120171368167
868120171368175
868120171368183
868120171368191
868120171368209
868120171368217
868120171368225
868120171368233
868120171368241
868120171368258
868120171368266
868120171368274
868120171368282
868120171368290
868120171368308
868120171368316
868120171368324
868120171368332
868120171368340
868120171368357
868120171368365
868120171368373
868120171368381
868120171368399
868120171368407
868120171368415
868120171368423
868120171368431
868120171368449
868120171368456
868120171368464
868120171368472
868120171368480
868120171368498
868120171368506
868120171368514
868120171368522
868120171368530
868120171368548
868120171368555
868120171368563
868120171368571
868120171368589
868120171368597
868120171368605
868120171368613
868120171368621
868120171368639
868120171368647
868120171368654
868120171368662
868120171368670
868120171368688
868120171368696
868120171368704
868120171368712
868120171368720
868120171368738
868120171368746
868120171368753
868120171368761
868120171368779
868120171368787
868120171368795
868120171368803
868120171368811
868120171368829
868120171368837
868120171368845
868120171368852
868120171368860
868120171368878
868120171368886
868120171368894
868120171368902
868120171368910
868120171368928
868120171368936
868120171368944
868120171368951
868120171368969
868120171368977
868120171368985
868120171368993
868120171369009
868120171369017
868120171369025
868120171369033
868120171369041
868120171369058
868120171369066
868120171369074
868120171369082
868120171369090
868120171369108
868120171369116
868120171369124
868120171369132
868120171369140
868120171369157
868120171369165
868120171369173
868120171369181
868120171369199
868120171369207
868120171369215
868120171369223
868120171369231
868120171369249
868120171369256
868120171369264
868120171369272
868120171369280
868120171369298
868120171369306
868120171369314
868120171369322
868120171369330
868120171369348
868120171369355
868120171369363
868120171369371
868120171369389
868120171369397
868120171369405
868120171369413
868120171369421
868120171369439
868120171369447
868120171369454
868120171369462
868120171369470
868120171369488
868120171369496
868120171369504
868120171369512
868120171369520
868120171369538
868120171369546
868120171369553
868120171369561
868120171369579
868120171369587
868120171369595
868120171369603
868120171369611
868120171369629
868120171369637
868120171369645
868120171369652
868120171369660
868120171369678
868120171369686
868120171369694
868120171369702
868120171369710
868120171369728
868120171369736
868120171369744
868120171369751
868120171369769
868120171369777
868120171369785
868120171369793
868120171369801
868120171369819
868120171369827
868120171369835
868120171369843
868120171369850
868120171369868
868120171369876
868120171369884
868120171369892
868120171369900
868120171369918
868120171369926
868120171369934
868120171369942
868120171369959
868120171369967
868120171369975
868120171369983
868120171369991
868120171370007
868120171370015
868120171370023
868120171370031
868120171370049
868120171370056
868120171370064
868120171370072
868120171370080
868120171370098
868120171370106
868120171370114
868120171370122
868120171370130
868120171370148
868120171370155
868120171370163
868120171370171
868120171370189
868120171370197
868120171370205
868120171370213
868120171370221
868120171370239
868120171370247
868120171370254
868120171370262
868120171370270
868120171370288
868120171370296
868120171370304
868120171370312
868120171370320
868120171370338
868120171370346
868120171370353
868120171370361
868120171370379
868120171370387
868120171370395
868120171370403
868120171370411
868120171370429
868120171370437
868120171370445
868120171370452
868120171370460
868120171370478
868120171370486
868120171370494
868120171370502
868120171370510
868120171370528
868120171370536
868120171370544
868120171370551
868120171370569
868120171370577
868120171370585
868120171370593
868120171370601
868120171370619
868120171370627
868120171370635
868120171370643
868120171370650
868120171370668
868120171370676
868120171370684
868120171370692
868120171370700
868120171370718
868120171370726
868120171370734
868120171370742
868120171370759
868120171370767
868120171370775
868120171370783
868120171370791
868120171370809
868120171370817
868120171370825
868120171370833
868120171370841
868120171370858
868120171370866
868120171370874
868120171370882
868120171370890
868120171370908
868120171370916
868120171370924
868120171370932
868120171370940
868120171370957
868120171370965
868120171370973
868120171370981
868120171370999
868120171371005
868120171371013
868120171371021
868120171371039
868120171371047
868120171371054
868120171371062
868120171371070
868120171371088
868120171371096
868120171371104
868120171371112
868120171371120
868120171371138
868120171371146
868120171371153
868120171371161
868120171371179
868120171371187
868120171371195
868120171371203
868120171371211
868120171371229
868120171371237
868120171371245
868120171371252
868120171371260
868120171371278
868120171371286
868120171371294
868120171371302
868120171371310
868120171371328
868120171371336
868120171371344
868120171371351
868120171371369
868120171371377
868120171371385
868120171371393
868120171371401
868120171371419
868120171371427
868120171371435
868120171371443
868120171371450
868120171371468
868120171371476
868120171371484
868120171371492
868120171371500
868120171371518
868120171371526
868120171371534
868120171371542
868120171371559
868120171371567
868120171371575
868120171371583
868120171371591
868120171371609
868120171371617
868120171371625
868120171371633
868120171371641
868120171371658
868120171371666
868120171371674
868120171371682
868120171371690
868120171371708
868120171371716
868120171371724
868120171371732
868120171371740
868120171371757
868120171371765
868120171371773
868120171371781
868120171371799
868120171371807
868120171371815
868120171371823
868120171371831
868120171371849
868120171371856
868120171371864
868120171371872
868120171371880
868120171371898
868120171371906
868120171371914
868120171371922
868120171371930
868120171371948
868120171371955
868120171371963
868120171371971
868120171371989
868120171371997
868120171372003
868120171372011
868120171372029
868120171372037
868120171372045
868120171372052
868120171372060
868120171372078
868120171372086
868120171372094
868120171372102
868120171372110
868120171372128
868120171372136
868120171372144
868120171372151
868120171372169
868120171372177
868120171372185
868120171372193
868120171372201
868120171372219
868120171372227
868120171372235
868120171372243
868120171372250
868120171372268
868120171372276
868120171372284
868120171372292
868120171372300
868120171372318
868120171372326
868120171372334
868120171372342
868120171372359
868120171372367
868120171372375
868120171372383
868120171372391
868120171372409
868120171372417
868120171372425
868120171372433
868120171372441
868120171372458
868120171372466
868120171372474
868120171372482
868120171372490
868120171372508
868120171372516
868120171372524
868120171372532
868120171372540
868120171372557
868120171372565
868120171372573
868120171372581
868120171372599
868120171372607
868120171372615
868120171372623
868120171372631
868120171372649
868120171372656
868120171372664
868120171372672
868120171372680
868120171372698
868120171372706
868120171372714
868120171372722
868120171372730
868120171372748
868120171372755
868120171372763
868120171372771
868120171372789
868120171372797
868120171372805
868120171372813
868120171372821
868120171372839
868120171372847
868120171372854
868120171372862
868120171372870
868120171372888
868120171372896
868120171372904
868120171372912
868120171372920
868120171372938
868120171372946
868120171372953
868120171372961
868120171372979
868120171372987
868120171372995
868120171373001
868120171373019
868120171373027
868120171373035
868120171373043
868120171373050
868120171373068
868120171373076
868120171373084
868120171373092
868120171373100
868120171373118
868120171373126
868120171373134
868120171373142
868120171373159
868120171373167
868120171373175
868120171373183
868120171373191
868120171373209
868120171373217
868120171373225
868120171373233
868120171373241
868120171373258
868120171373266
868120171373274
868120171373282
868120171373290
868120171373308
868120171373316
868120171373324
868120171373332
868120171373340
868120171373357
868120171373365
868120171373373
868120171373381
868120171373399
868120171373407
868120171373415
868120171373423
868120171373431
868120171373449
868120171373456
868120171373464
868120171373472
868120171373480
868120171373498
868120171373506
868120171373514
868120171373522
868120171373530
868120171373548
868120171373555
868120171373563
868120171373571
868120171373589
868120171373597
868120171373605
868120171373613
868120171373621
868120171373639
868120171373647
868120171373654
868120171373662
868120171373670
868120171373688
868120171373696
868120171373704
868120171373712
868120171373720
868120171373738
868120171373746
868120171373753
868120171373761
868120171373779
868120171373787
868120171373795
868120171373803
868120171373811
868120171373829
868120171373837
868120171373845
868120171373852
868120171373860
868120171373878
868120171373886
868120171373894
868120171373902
868120171373910
868120171373928
868120171373936
868120171373944
868120171373951
868120171373969
868120171373977
868120171373985
868120171373993
868120171374009
868120171374017
868120171374025
868120171374033
868120171374041
868120171374058
868120171374066
868120171374074
868120171374082
868120171374090
868120171374108
868120171374116
868120171374124
868120171374132
868120171374140
868120171374157
868120171374165
868120171374173
868120171374181
868120171374199
868120171374207
868120171374215
868120171374223
868120171374231
868120171374249
868120171374256
868120171374264
868120171374272
868120171374280
868120171374298
868120171374306
868120171374314
868120171374322
868120171374330
868120171374348
868120171374355
868120171374363
868120171374371
868120171374389
868120171374397
868120171374405
868120171374413
868120171374421
868120171374439
868120171374447
868120171374454
868120171374462
868120171374470
868120171374488
868120171374496
868120171374504
868120171374512
868120171374520
868120171374538
868120171374546
868120171374553
868120171374561
868120171374579
868120171374587
868120171374595
868120171374603
868120171374611
868120171374629
868120171374637
868120171374645
868120171374652
868120171374660
868120171374678
868120171374686
868120171374694
868120171374702
868120171374710
868120171374728
868120171374736
868120171374744
868120171374751
868120171374769
868120171374777
868120171374785
868120171374793
868120171374801
868120171374819
868120171374827
868120171374835
868120171374843
868120171374850
868120171374868
868120171374876
868120171374884
868120171374892
868120171374900
868120171374918
868120171374926
868120171374934
868120171374942
868120171374959
868120171374967
868120171374975
868120171374983
868120171374991
868120171375006
868120171375014
868120171375022
868120171375030
868120171375048
868120171375055
868120171375063
868120171375071
868120171375089
868120171375097
868120171375105
868120171375113
868120171375121
868120171375139
868120171375147
868120171375154
868120171375162
868120171375170
868120171375188
868120171375196
868120171375204
868120171375212
868120171375220
868120171375238
868120171375246
868120171375253
868120171375261
868120171375279
868120171375287
868120171375295
868120171375303
868120171375311
868120171375329
868120171375337
868120171375345
868120171375352
868120171375360
868120171375378
868120171375386
868120171375394
868120171375402
868120171375410
868120171375428
868120171375436
868120171375444
868120171375451
868120171375469
868120171375477
868120171375485
868120171375493
868120171375501
868120171375519
868120171375527
868120171375535
868120171375543
868120171375550
868120171375568
868120171375576
868120171375584
868120171375592
868120171375600
868120171375618
868120171375626
868120171375634
868120171375642
868120171375659
868120171375667
868120171375675
868120171375683
868120171375691
868120171375709
868120171375717
868120171375725
868120171375733
868120171375741
868120171375758
868120171375766
868120171375774
868120171375782
868120171375790
868120171375808
868120171375816
868120171375824
868120171375832
868120171375840
868120171375857
868120171375865
868120171375873
868120171375881
868120171375899
868120171375907
868120171375915
868120171375923
868120171375931
868120171375949
868120171375956
868120171375964
868120171375972
868120171375980
868120171375998
868120171376004
868120171376012
868120171376020
868120171376038
868120171376046
868120171376053
868120171376061
868120171376079
868120171376087
868120171376095
868120171376103
868120171376111
868120171376129
868120171376137
868120171376145
868120171376152
868120171376160
868120171376178
868120171376186
868120171376194
868120171376202
868120171376210
868120171376228
868120171376236
868120171376244
868120171376251
868120171376269
868120171376277
868120171376285
868120171376293
868120171376301
868120171376319
868120171376327
868120171376335
868120171376343
868120171376350
868120171376368
868120171376376
868120171376384
868120171376392
868120171376400
868120171376418
868120171376426
868120171376434
868120171376442
868120171376459
868120171376467
868120171376475
868120171376483
868120171376491
868120171376509
868120171376517
868120171376525
868120171376533
868120171376541
868120171376558
868120171376566
868120171376574
868120171376582
868120171376590
868120171376608
868120171376616
868120171376624
868120171376632
868120171376640
868120171376657
868120171376665
868120171376673
868120171376681
868120171376699
868120171376707
868120171376715
868120171376723
868120171376731
868120171376749
868120171376756
868120171376764
868120171376772
868120171376780
868120171376798
868120171376806
868120171376814
868120171376822
868120171376830
868120171376848
868120171376855
868120171376863
868120171376871
868120171376889
868120171376897
868120171376905
868120171376913
868120171376921
868120171376939
868120171376947
868120171376954
868120171376962
868120171376970
868120171376988
868120171376996
868120171377002
868120171377010
868120171377028
868120171377036
868120171377044
868120171377051
868120171377069
868120171377077
868120171377085
868120171377093
868120171377101
868120171377119
868120171377127
868120171377135
868120171377143
868120171377150
868120171377168
868120171377176
868120171377184
868120171377192
868120171377200
868120171377218
868120171377226
868120171377234
868120171377242
868120171377259
868120171377267
868120171377275
868120171377283
868120171377291
868120171377309
868120171377317
868120171377325
868120171377333
868120171377341
868120171377358
868120171377366
868120171377374
868120171377382
868120171377390
868120171377408
868120171377416
868120171377424
868120171377432
868120171377440
868120171377457
868120171377465
868120171377473
868120171377481
868120171377499
868120171377507
868120171377515
868120171377523
868120171377531
868120171377549
868120171377556
868120171377564
868120171377572
868120171377580
868120171377598
868120171377606
868120171377614
868120171377622
868120171377630
868120171377648
868120171377655
868120171377663
868120171377671
868120171377689
868120171377697
868120171377705
868120171377713
868120171377721
868120171377739
868120171377747
868120171377754
868120171377762
868120171377770
868120171377788
868120171377796
868120171377804
868120171377812
868120171377820
868120171377838
868120171377846
868120171377853
868120171377861
868120171377879
868120171377887
868120171377895
868120171377903
868120171377911
868120171377929
868120171377937
868120171377945
868120171377952
868120171377960
868120171377978
868120171377986
868120171377994
868120171378000
868120171378018
868120171378026
868120171378034
868120171378042
868120171378059
868120171378067
868120171378075
868120171378083
868120171378091
868120171378109
868120171378117
868120171378125
868120171378133
868120171378141
868120171378158
868120171378166
868120171378174
868120171378182
868120171378190
868120171378208
868120171378216
868120171378224
868120171378232
868120171378240
868120171378257
868120171378265
868120171378273
868120171378281
868120171378299
868120171378307
868120171378315
868120171378323
868120171378331
868120171378349
868120171378356
868120171378364
868120171378372
868120171378380
868120171378398
868120171378406
868120171378414
868120171378422
868120171378430
868120171378448
868120171378455
868120171378463
868120171378471
868120171378489
868120171378497
868120171378505
868120171378513
868120171378521
868120171378539
868120171378547
868120171378554
868120171378562
868120171378570
868120171378588
868120171378596
868120171378604
868120171378612
868120171378620
868120171378638
868120171378646
868120171378653
868120171378661
868120171378679
868120171378687
868120171378695
868120171378703
868120171378711
868120171378729
868120171378737
868120171378745
868120171378752
868120171378760
868120171378778
868120171378786
868120171378794
868120171378802
868120171378810
868120171378828
868120171378836
868120171378844
868120171378851
868120171378869
868120171378877
868120171378885
868120171378893
868120171378901
868120171378919
868120171378927
868120171378935
868120171378943
868120171378950
868120171378968
868120171378976
868120171378984
868120171378992
868120171379008
868120171379016
868120171379024
868120171379032
868120171379040
868120171379057
868120171379065
868120171379073
868120171379081
868120171379099
868120171379107
868120171379115
868120171379123
868120171379131
868120171379149
868120171379156
868120171379164
868120171379172
868120171379180
868120171379198
868120171379206
868120171379214
868120171379222
868120171379230
868120171379248
868120171379255
868120171379263
868120171379271
868120171379289
868120171379297
868120171379305
868120171379313
868120171379321
868120171379339
868120171379347
868120171379354
868120171379362
868120171379370
868120171379388
868120171379396
868120171379404
868120171379412
868120171379420
868120171379438
868120171379446
868120171379453
868120171379461
868120171379479
868120171379487
868120171379495
868120171379503
868120171379511
868120171379529
868120171379537
868120171379545
868120171379552
868120171379560
868120171379578
868120171379586
868120171379594
868120171379602
868120171379610
868120171379628
868120171379636
868120171379644
868120171379651
868120171379669
868120171379677
868120171379685
868120171379693
868120171379701
868120171379719
868120171379727
868120171379735
868120171379743
868120171379750
868120171379768
868120171379776
868120171379784
868120171379792
868120171379800
868120171379818
868120171379826
868120171379834
868120171379842
868120171379859
868120171379867
868120171379875
868120171379883
868120171379891
868120171379909
868120171379917
868120171379925
868120171379933
868120171379941
868120171379958
868120171379966
868120171379974
868120171379982
868120171379990
868120171380006
868120171380014
868120171380022
868120171380030
868120171380048
868120171380055
868120171380063
868120171380071
868120171380089
868120171380097
868120171380105
868120171380113
868120171380121
868120171380139
868120171380147
868120171380154
868120171380162
868120171380170
868120171380188
868120171380196
868120171380204
868120171380212
868120171380220
868120171380238
868120171380246
868120171380253
868120171380261
868120171380279
868120171380287
868120171380295
868120171380303
868120171380311
868120171380329
868120171380337
868120171380345
868120171380352
868120171380360
868120171380378
868120171380386
868120171380394
868120171380402
868120171380410
868120171380428
868120171380436
868120171380444
868120171380451
868120171380469
868120171380477
868120171380485
868120171380493
868120171380501
868120171380519
868120171380527
868120171380535
868120171380543
868120171380550
868120171380568
868120171380576
868120171380584
868120171380592
868120171380600
868120171380618
868120171380626
868120171380634
868120171380642
868120171380659
868120171380667
868120171380675
868120171380683
868120171380691
868120171380709
868120171380717
868120171380725
868120171380733
868120171380741
868120171380758
868120171380766
868120171380774
868120171380782
868120171380790
868120171380808
868120171380816
868120171380824
868120171380832
868120171380840
868120171380857
868120171380865
868120171380873
868120171380881
868120171380899
868120171380907
868120171380915
868120171380923
868120171380931
868120171380949
868120171380956
868120171380964
868120171380972
868120171380980
868120171380998
868120171381004
868120171381012
868120171381020
868120171381038
868120171381046
868120171381053
868120171381061
868120171381079
868120171381087
868120171381095
868120171381103
868120171381111
868120171381129
868120171381137
868120171381145
868120171381152
868120171381160
868120171381178
868120171381186
868120171381194
868120171381202
868120171381210
868120171381228
868120171381236
868120171381244
868120171381251
868120171381269
868120171381277
868120171381285
868120171381293
868120171381301
868120171381319
868120171381327
868120171381335
868120171381343
868120171381350
868120171381368
868120171381376
868120171381384
868120171381392
868120171381400
868120171381418
868120171381426
868120171381434
868120171381442
868120171381459
868120171381467
868120171381475
868120171381483
868120171381491
868120171381509
868120171381517
868120171381525
868120171381533
868120171381541
868120171381558
868120171381566
868120171381574
868120171381582
868120171381590
868120171381608
868120171381616
868120171381624
868120171381632
868120171381640
868120171381657
868120171381665
868120171381673
868120171381681
868120171381699
868120171381707
868120171381715
868120171381723
868120171381731
868120171381749
868120171381756
868120171381764
868120171381772
868120171381780
868120171381798
868120171381806
868120171381814
868120171381822
868120171381830
868120171381848
868120171381855
868120171381863
868120171381871
868120171381889
868120171381897
868120171381905
868120171381913
868120171381921
868120171381939
868120171381947
868120171381954
868120171381962
868120171381970
868120171381988
868120171381996
868120171382002
868120171382010
868120171382028
868120171382036
868120171382044
868120171382051
868120171382069
868120171382077
868120171382085
868120171382093
868120171382101
868120171382119
868120171382127
868120171382135
868120171382143
868120171382150
868120171382168
868120171382176
868120171382184
868120171382192
868120171382200
868120171382218
868120171382226
868120171382234
868120171382242
868120171382259
868120171382267
868120171382275
868120171382283
868120171382291
868120171382309
868120171382317
868120171382325
868120171382333
868120171382341
868120171382358
868120171382366
868120171382374
868120171382382
868120171382390
868120171382408
868120171382416
868120171382424
868120171382432
868120171382440
868120171382457
868120171382465
868120171382473
868120171382481
868120171382499
868120171382507
868120171382515
868120171382523
868120171382531
868120171382549
868120171382556
868120171382564
868120171382572
868120171382580
868120171382598
868120171382606
868120171382614
868120171382622
868120171382630
868120171382648
868120171382655
868120171382663
868120171382671
868120171382689
868120171382697
868120171382705
868120171382713
868120171382721
868120171382739
868120171382747
868120171382754
868120171382762
868120171382770
868120171382788
868120171382796
868120171382804
868120171382812
868120171382820
868120171382838
868120171382846
868120171382853
868120171382861
868120171382879
868120171382887
868120171382895
868120171382903
868120171382911
868120171382929
868120171382937
868120171382945
868120171382952
868120171382960
868120171382978
868120171382986
868120171382994
868120171383000
868120171383018
868120171383026
868120171383034
868120171383042
868120171383059
868120171383067
868120171383075
868120171383083
868120171383091
868120171383109
868120171383117
868120171383125
868120171383133
868120171383141
868120171383158
868120171383166
868120171383174
868120171383182
868120171383190
868120171383208
868120171383216
868120171383224
868120171383232
868120171383240
868120171383257
868120171383265
868120171383273
868120171383281
868120171383299
868120171383307
868120171383315
868120171383323
868120171383331
868120171383349
868120171383356
868120171383364
868120171383372
868120171383380
868120171383398
868120171383406
868120171383414
868120171383422
868120171383430
868120171383448
868120171383455
868120171383463
868120171383471
868120171383489
868120171383497
868120171383505
868120171383513
868120171383521
868120171383539
868120171383547
868120171383554
868120171383562
868120171383570
868120171383588
868120171383596
868120171383604
868120171383612
868120171383620
868120171383638
868120171383646
868120171383653
868120171383661
868120171383679
868120171383687
868120171383695
868120171383703
868120171383711
868120171383729
868120171383737
868120171383745
868120171383752
868120171383760
868120171383778
868120171383786
868120171383794
868120171383802
868120171383810
868120171383828
868120171383836
868120171383844
868120171383851
868120171383869
868120171383877
868120171383885
868120171383893
868120171383901
868120171383919
868120171383927
868120171383935
868120171383943
868120171383950
868120171383968
868120171383976
868120171383984
868120171383992
868120171384008
868120171384016
868120171384024
868120171384032
868120171384040
868120171384057
868120171384065
868120171384073
868120171384081
868120171384099
868120171384107
868120171384115
868120171384123
868120171384131
868120171384149
868120171384156
868120171384164
868120171384172
868120171384180
868120171384198
868120171384206
868120171384214
868120171384222
868120171384230
868120171384248
868120171384255
868120171384263
868120171384271
868120171384289
868120171384297
868120171384305
868120171384313
868120171384321
868120171384339
868120171384347
868120171384354
868120171384362
868120171384370
868120171384388
868120171384396
868120171384404
868120171384412
868120171384420
868120171384438
868120171384446
868120171384453
868120171384461
868120171384479
868120171384487
868120171384495
868120171384503
868120171384511
868120171384529
868120171384537
868120171384545
868120171384552
868120171384560
868120171384578
868120171384586
868120171384594
868120171384602
868120171384610
868120171384628
868120171384636
868120171384644
868120171384651
868120171384669
868120171384677
868120171384685
868120171384693
868120171384701
868120171384719
868120171384727
868120171384735
868120171384743
868120171384750
868120171384768
868120171384776
868120171384784
868120171384792
868120171384800
868120171384818
868120171384826
868120171384834
868120171384842
868120171384859
868120171384867
868120171384875
868120171384883
868120171384891
868120171384909
868120171384917
868120171384925
868120171384933
868120171384941
868120171384958
868120171384966
868120171384974
868120171384982
868120171384990
868120171385005
868120171385013
868120171385021
868120171385039
868120171385047
868120171385054
868120171385062
868120171385070
868120171385088
868120171385096
868120171385104
868120171385112
868120171385120
868120171385138
868120171385146
868120171385153
868120171385161
868120171385179
868120171385187
868120171385195
868120171385203
868120171385211
868120171385229
868120171385237
868120171385245
868120171385252
868120171385260
868120171385278
868120171385286
868120171385294
868120171385302
868120171385310
868120171385328
868120171385336
868120171385344
868120171385351
868120171385369
868120171385377
868120171385385
868120171385393
868120171385401
868120171385419
868120171385427
868120171385435
868120171385443
868120171385450
868120171385468
868120171385476
868120171385484
868120171385492
868120171385500
868120171385518
868120171385526
868120171385534
868120171385542
868120171385559
868120171385567
868120171385575
868120171385583
868120171385591
868120171385609
868120171385617
868120171385625
868120171385633
868120171385641
868120171385658
868120171385666
868120171385674
868120171385682
868120171385690
868120171385708
868120171385716
868120171385724
868120171385732
868120171385740
868120171385757
868120171385765
868120171385773
868120171385781
868120171385799
868120171385807
868120171385815
868120171385823
868120171385831
868120171385849
868120171385856
868120171385864
868120171385872
868120171385880
868120171385898
868120171385906
868120171385914
868120171385922
868120171385930
868120171385948
868120171385955
868120171385963
868120171385971
868120171385989
868120171385997
868120171386003
868120171386011
868120171386029
868120171386037
868120171386045
868120171386052
868120171386060
868120171386078
868120171386086
868120171386094
868120171386102
868120171386110
868120171386128
868120171386136
868120171386144
868120171386151
868120171386169
868120171386177
868120171386185
868120171386193
868120171386201
868120171386219
868120171386227
868120171386235
868120171386243
868120171386250
868120171386268
868120171386276
868120171386284
868120171386292
868120171386300
868120171386318
868120171386326
868120171386334
868120171386342
868120171386359
868120171386367
868120171386375
868120171386383
868120171386391
868120171386409
868120171386417
868120171386425
868120171386433
868120171386441
868120171386458
868120171386466
868120171386474
868120171386482
868120171386490
868120171386508
868120171386516
868120171386524
868120171386532
868120171386540
868120171386557
868120171386565
868120171386573
868120171386581
868120171386599
868120171386607
868120171386615
868120171386623
868120171386631
868120171386649
868120171386656
868120171386664
868120171386672
868120171386680
868120171386698
868120171386706
868120171386714
868120171386722
868120171386730
868120171386748
868120171386755
868120171386763
868120171386771
868120171386789
868120171386797
868120171386805
868120171386813
868120171386821
868120171386839
868120171386847
868120171386854
868120171386862
868120171386870
868120171386888
868120171386896
868120171386904
868120171386912
868120171386920
868120171386938
868120171386946
868120171386953
868120171386961
868120171386979
868120171386987
868120171386995
868120171387001
868120171387019
868120171387027
868120171387035
868120171387043
868120171387050
868120171387068
868120171387076
868120171387084
868120171387092
868120171387100
868120171387118
868120171387126
868120171387134
868120171387142
868120171387159
868120171387167
868120171387175
868120171387183
868120171387191
868120171387209
868120171387217
868120171387225
868120171387233
868120171387241
868120171387258
868120171387266
868120171387274
868120171387282
868120171387290
868120171387308
868120171387316
868120171387324
868120171387332
868120171387340
868120171387357
868120171387365
868120171387373
868120171387381
868120171387399
868120171387407
868120171387415
868120171387423
868120171387431
868120171387449
868120171387456
868120171387464
868120171387472
868120171387480
868120171387498
868120171387506
868120171387514
868120171387522
868120171387530
868120171387548
868120171387555
868120171387563
868120171387571
868120171387589
868120171387597
868120171387605
868120171387613
868120171387621
868120171387639
868120171387647
868120171387654
868120171387662
868120171387670
868120171387688
868120171387696
868120171387704
868120171387712
868120171387720
868120171387738
868120171387746
868120171387753
868120171387761
868120171387779
868120171387787
868120171387795
868120171387803
868120171387811
868120171387829
868120171387837
868120171387845
868120171387852
868120171387860
868120171387878
868120171387886
868120171387894
868120171387902
868120171387910
868120171387928
868120171387936
868120171387944
868120171387951
868120171387969
868120171387977
868120171387985
868120171387993
868120171388009
868120171388017
868120171388025
868120171388033
868120171388041
868120171388058
868120171388066
868120171388074
868120171388082
868120171388090
868120171388108
868120171388116
868120171388124
868120171388132
868120171388140
868120171388157
868120171388165
868120171388173
868120171388181
868120171388199
868120171388207
868120171388215
868120171388223
868120171388231
868120171388249
868120171388256
868120171388264
868120171388272
868120171388280
868120171388298
868120171388306
868120171388314
868120171388322
868120171388330
868120171388348
868120171388355
868120171388363
868120171388371
868120171388389
868120171388397
868120171388405
868120171388413
868120171388421
868120171388439
868120171388447
868120171388454
868120171388462
868120171388470
868120171388488
868120171388496
868120171388504
868120171388512
868120171388520
868120171388538
868120171388546
868120171388553
868120171388561
868120171388579
868120171388587
868120171388595
868120171388603
868120171388611
868120171388629
868120171388637
868120171388645
868120171388652
868120171388660
868120171388678
868120171388686
868120171388694
868120171388702
868120171388710
868120171388728
868120171388736
868120171388744
868120171388751
868120171388769
868120171388777
868120171388785
868120171388793
868120171388801
868120171388819
868120171388827
868120171388835
868120171388843
868120171388850
868120171388868
868120171388876
868120171388884
868120171388892
868120171388900
868120171388918
868120171388926
868120171388934
868120171388942
868120171388959
868120171388967
868120171388975
868120171388983
868120171388991
868120171389007
868120171389015
868120171389023
868120171389031
868120171389049
868120171389056
868120171389064
868120171389072
868120171389080
868120171389098
868120171389106
868120171389114
868120171389122
868120171389130
868120171389148
868120171389155
868120171389163
868120171389171
868120171389189
868120171389197
868120171389205
868120171389213
868120171389221
868120171389239
868120171389247
868120171389254
868120171389262
868120171389270
868120171389288
868120171389296
868120171389304
868120171389312
868120171389320
868120171389338
868120171389346
868120171389353
868120171389361
868120171389379
868120171389387
868120171389395
868120171389403
868120171389411
868120171389429
868120171389437
868120171389445
868120171389452
868120171389460
868120171389478
868120171389486
868120171389494
868120171389502
868120171389510
868120171389528
868120171389536
868120171389544
868120171389551
868120171389569
868120171389577
868120171389585
868120171389593
868120171389601
868120171389619
868120171389627
868120171389635
868120171389643
868120171389650
868120171389668
868120171389676
868120171389684
868120171389692
868120171389700
868120171389718
868120171389726
868120171389734
868120171389742
868120171389759
868120171389767
868120171389775
868120171389783
868120171389791
868120171389809
868120171389817
868120171389825
868120171389833
868120171389841
868120171389858
868120171389866
868120171389874
868120171389882
868120171389890
868120171389908
868120171389916
868120171389924
868120171389932
868120171389940
868120171389957
868120171389965
868120171389973
868120171389981
868120171389999
868120171390005
868120171390013
868120171390021
868120171390039
868120171390047
868120171390054
868120171390062
868120171390070
868120171390088
868120171390096
868120171390104
868120171390112
868120171390120
868120171390138
868120171390146
868120171390153
868120171390161
868120171390179
868120171390187
868120171390195
868120171390203
868120171390211
868120171390229
868120171390237
868120171390245
868120171390252
868120171390260
868120171390278
868120171390286
868120171390294
868120171390302
868120171390310
868120171390328
868120171390336
868120171390344
868120171390351
868120171390369
868120171390377
868120171390385
868120171390393
868120171390401
868120171390419
868120171390427
868120171390435
868120171390443
868120171390450
868120171390468
868120171390476
868120171390484
868120171390492
868120171390500
868120171390518
868120171390526
868120171390534
868120171390542
868120171390559
868120171390567
868120171390575
868120171390583
868120171390591
868120171390609
868120171390617
868120171390625
868120171390633
868120171390641
868120171390658
868120171390666
868120171390674
868120171390682
868120171390690
868120171390708
868120171390716
868120171390724
868120171390732
868120171390740
868120171390757
868120171390765
868120171390773
868120171390781
868120171390799
868120171390807
868120171390815
868120171390823
868120171390831
868120171390849
868120171390856
868120171390864
868120171390872
868120171390880
868120171390898
868120171390906
868120171390914
868120171390922
868120171390930
868120171390948
868120171390955
868120171390963
868120171390971
868120171390989
868120171390997
868120171391003
868120171391011
868120171391029
868120171391037
868120171391045
868120171391052
868120171391060
868120171391078
868120171391086
868120171391094
868120171391102
868120171391110
868120171391128
868120171391136
868120171391144
868120171391151
868120171391169
868120171391177
868120171391185
868120171391193
868120171391201
868120171391219
868120171391227
868120171391235
868120171391243
868120171391250
868120171391268
868120171391276
868120171391284
868120171391292
868120171391300
868120171391318
868120171391326
868120171391334
868120171391342
868120171391359
868120171391367
868120171391375
868120171391383
868120171391391
868120171391409
868120171391417
868120171391425
868120171391433
868120171391441
868120171391458
868120171391466
868120171391474
868120171391482
868120171391490
868120171391508
868120171391516
868120171391524
868120171391532
868120171391540
868120171391557
868120171391565
868120171391573
868120171391581
868120171391599
868120171391607
868120171391615
868120171391623
868120171391631
868120171391649
868120171391656
868120171391664
868120171391672
868120171391680
868120171391698
868120171391706
868120171391714
868120171391722
868120171391730
868120171391748
868120171391755
868120171391763
868120171391771
868120171391789
868120171391797
868120171391805
868120171391813
868120171391821
868120171391839
868120171391847
868120171391854
868120171391862
868120171391870
868120171391888
868120171391896
868120171391904
868120171391912
868120171391920
868120171391938
868120171391946
868120171391953
868120171391961
868120171391979
868120171391987
868120171391995
868120171392001
868120171392019
868120171392027
868120171392035
868120171392043
868120171392050
868120171392068
868120171392076
868120171392084
868120171392092
868120171392100
868120171392118
868120171392126
868120171392134
868120171392142
868120171392159
868120171392167
868120171392175
868120171392183
868120171392191
868120171392209
868120171392217
868120171392225
868120171392233
868120171392241
868120171392258
868120171392266
868120171392274
868120171392282
868120171392290
868120171392308
868120171392316
868120171392324
868120171392332
868120171392340
868120171392357
868120171392365
868120171392373
868120171392381
868120171392399
868120171392407
868120171392415
868120171392423
868120171392431
868120171392449
868120171392456
868120171392464
868120171392472
868120171392480
868120171392498
868120171392506
868120171392514
868120171392522
868120171392530
868120171392548
868120171392555
868120171392563
868120171392571
868120171392589
868120171392597
868120171392605
868120171392613
868120171392621
868120171392639
868120171392647
868120171392654
868120171392662
868120171392670
868120171392688
868120171392696
868120171392704
868120171392712
868120171392720
868120171392738
868120171392746
868120171392753
868120171392761
868120171392779
868120171392787
868120171392795
868120171392803
868120171392811
868120171392829
868120171392837
868120171392845
868120171392852
868120171392860
868120171392878
868120171392886
868120171392894
868120171392902
868120171392910
868120171392928
868120171392936
868120171392944
868120171392951
868120171392969
868120171392977
868120171392985
868120171392993
868120171393009
868120171393017
868120171393025
868120171393033
868120171393041
868120171393058
868120171393066
868120171393074
868120171393082
868120171393090
868120171393108
868120171393116
868120171393124
868120171393132
868120171393140
868120171393157
868120171393165
868120171393173
868120171393181
868120171393199
868120171393207
868120171393215
868120171393223
868120171393231
868120171393249
868120171393256
868120171393264
868120171393272
868120171393280
868120171393298
868120171393306
868120171393314
868120171393322
868120171393330
868120171393348
868120171393355
868120171393363
868120171393371
868120171393389
868120171393397
868120171393405
868120171393413
868120171393421
868120171393439
868120171393447
868120171393454
868120171393462
868120171393470
868120171393488
868120171393496
868120171393504
868120171393512
868120171393520
868120171393538
868120171393546
868120171393553
868120171393561
868120171393579
868120171393587
868120171393595
868120171393603
868120171393611
868120171393629
868120171393637
868120171393645
868120171393652
868120171393660
868120171393678
868120171393686
868120171393694
868120171393702
868120171393710
868120171393728
868120171393736
868120171393744
868120171393751
868120171393769
868120171393777
868120171393785
868120171393793
868120171393801
868120171393819
868120171393827
868120171393835
868120171393843
868120171393850
868120171393868
868120171393876
868120171393884
868120171393892
868120171393900
868120171393918
868120171393926
868120171393934
868120171393942
868120171393959
868120171393967
868120171393975
868120171393983
868120171393991
868120171394007
868120171394015
868120171394023
868120171394031
868120171394049
868120171394056
868120171394064
868120171394072
868120171394080
868120171394098
868120171394106
868120171394114
868120171394122
868120171394130
868120171394148
868120171394155
868120171394163
868120171394171
868120171394189
868120171394197
868120171394205
868120171394213
868120171394221
868120171394239
868120171394247
868120171394254
868120171394262
868120171394270
868120171394288
868120171394296
868120171394304
868120171394312
868120171394320
868120171394338
868120171394346
868120171394353
868120171394361
868120171394379
868120171394387
868120171394395
868120171394403
868120171394411
868120171394429
868120171394437
868120171394445
868120171394452
868120171394460
868120171394478
868120171394486
868120171394494
868120171394502
868120171394510
868120171394528
868120171394536
868120171394544
868120171394551
868120171394569
868120171394577
868120171394585
868120171394593
868120171394601
868120171394619
868120171394627
868120171394635
868120171394643
868120171394650
868120171394668
868120171394676
868120171394684
868120171394692
868120171394700
868120171394718
868120171394726
868120171394734
868120171394742
868120171394759
868120171394767
868120171394775
868120171394783
868120171394791
868120171394809
868120171394817
868120171394825
868120171394833
868120171394841
868120171394858
868120171394866
868120171394874
868120171394882
868120171394890
868120171394908
868120171394916
868120171394924
868120171394932
868120171394940
868120171394957
868120171394965
868120171394973
868120171394981
868120171394999
868120171395004
868120171395012
868120171395020
868120171395038
868120171395046
868120171395053
868120171395061
868120171395079
868120171395087
868120171395095
868120171395103
868120171395111
868120171395129
868120171395137
868120171395145
868120171395152
868120171395160
868120171395178
868120171395186
868120171395194
868120171395202
868120171395210
868120171395228
868120171395236
868120171395244
868120171395251
868120171395269
868120171395277
868120171395285
868120171395293
868120171395301
868120171395319
868120171395327
868120171395335
868120171395343
868120171395350
868120171395368
868120171395376
868120171395384
868120171395392
868120171395400
868120171395418
868120171395426
868120171395434
868120171395442
868120171395459
868120171395467
868120171395475
868120171395483
868120171395491
868120171395509
868120171395517
868120171395525
868120171395533
868120171395541
868120171395558
868120171395566
868120171395574
868120171395582
868120171395590
868120171395608
868120171395616
868120171395624
868120171395632
868120171395640
868120171395657
868120171395665
868120171395673
868120171395681
868120171395699
868120171395707
868120171395715
868120171395723
868120171395731
868120171395749
868120171395756
868120171395764
868120171395772
868120171395780
868120171395798
868120171395806
868120171395814
868120171395822
868120171395830
868120171395848
868120171395855
868120171395863
868120171395871
868120171395889
868120171395897
868120171395905
868120171395913
868120171395921
868120171395939
868120171395947
868120171395954
868120171395962
868120171395970
868120171395988
868120171395996
868120171396002
868120171396010
868120171396028
868120171396036
868120171396044
868120171396051
868120171396069
868120171396077
868120171396085
868120171396093
868120171396101
868120171396119
868120171396127
868120171396135
868120171396143
868120171396150
868120171396168
868120171396176
868120171396184
868120171396192
868120171396200
868120171396218
868120171396226
868120171396234
868120171396242
868120171396259
868120171396267
868120171396275
868120171396283
868120171396291
868120171396309
868120171396317
868120171396325
868120171396333
868120171396341
868120171396358
868120171396366
868120171396374
868120171396382
868120171396390
868120171396408
868120171396416
868120171396424
868120171396432
868120171396440
868120171396457
868120171396465
868120171396473
868120171396481
868120171396499
868120171396507
868120171396515
868120171396523
868120171396531
868120171396549
868120171396556
868120171396564
868120171396572
868120171396580
868120171396598
868120171396606
868120171396614
868120171396622
868120171396630
868120171396648
868120171396655
868120171396663
868120171396671
868120171396689
868120171396697
868120171396705
868120171396713
868120171396721
868120171396739
868120171396747
868120171396754
868120171396762
868120171396770
868120171396788
868120171396796
868120171396804
868120171396812
868120171396820
868120171396838
868120171396846
868120171396853
868120171396861
868120171396879
868120171396887
868120171396895
868120171396903
868120171396911
868120171396929
868120171396937
868120171396945
868120171396952
868120171396960
868120171396978
868120171396986
868120171396994
868120171397000
868120171397018
868120171397026
868120171397034
868120171397042
868120171397059
868120171397067
868120171397075
868120171397083
868120171397091
868120171397109
868120171397117
868120171397125
868120171397133
868120171397141
868120171397158
868120171397166
868120171397174
868120171397182
868120171397190
868120171397208
868120171397216
868120171397224
868120171397232
868120171397240
868120171397257
868120171397265
868120171397273
868120171397281
868120171397299
868120171397307
868120171397315
868120171397323
868120171397331
868120171397349
868120171397356
868120171397364
868120171397372
868120171397380
868120171397398
868120171397406
868120171397414
868120171397422
868120171397430
868120171397448
868120171397455
868120171397463
868120171397471
868120171397489
868120171397497
868120171397505
868120171397513
868120171397521
868120171397539
868120171397547
868120171397554
868120171397562
868120171397570
868120171397588
868120171397596
868120171397604
868120171397612
868120171397620
868120171397638
868120171397646
868120171397653
868120171397661
868120171397679
868120171397687
868120171397695
868120171397703
868120171397711
868120171397729
868120171397737
868120171397745
868120171397752
868120171397760
868120171397778
868120171397786
868120171397794
868120171397802
868120171397810
868120171397828
868120171397836
868120171397844
868120171397851
868120171397869
868120171397877
868120171397885
868120171397893
868120171397901
868120171397919
868120171397927
868120171397935
868120171397943
868120171397950
868120171397968
868120171397976
868120171397984
868120171397992
868120171398008
868120171398016
868120171398024
868120171398032
868120171398040
868120171398057
868120171398065
868120171398073
868120171398081
868120171398099
868120171398107
868120171398115
868120171398123
868120171398131
868120171398149
868120171398156
868120171398164
868120171398172
868120171398180
868120171398198
868120171398206
868120171398214
868120171398222
868120171398230
868120171398248
868120171398255
868120171398263
868120171398271
868120171398289
868120171398297
868120171398305
868120171398313
868120171398321
868120171398339
868120171398347
868120171398354
868120171398362
868120171398370
868120171398388
868120171398396
868120171398404
868120171398412
868120171398420
868120171398438
868120171398446
868120171398453
868120171398461
868120171398479
868120171398487
868120171398495
868120171398503
868120171398511
868120171398529
868120171398537
868120171398545
868120171398552
868120171398560
868120171398578
868120171398586
868120171398594
868120171398602
868120171398610
868120171398628
868120171398636
868120171398644
868120171398651
868120171398669
868120171398677
868120171398685
868120171398693
868120171398701
868120171398719
868120171398727
868120171398735
868120171398743
868120171398750
868120171398768
868120171398776
868120171398784
868120171398792
868120171398800
868120171398818
868120171398826
868120171398834
868120171398842
868120171398859
868120171398867
868120171398875
868120171398883
868120171398891
868120171398909
868120171398917
868120171398925
868120171398933
868120171398941
868120171398958
868120171398966
868120171398974
868120171398982
868120171398990
868120171399006
868120171399014
868120171399022
868120171399030
868120171399048
868120171399055
868120171399063
868120171399071
868120171399089
868120171399097
868120171399105
868120171399113
868120171399121
868120171399139
868120171399147
868120171399154
868120171399162
868120171399170
868120171399188
868120171399196
868120171399204
868120171399212
868120171399220
868120171399238
868120171399246
868120171399253
868120171399261
868120171399279
868120171399287
868120171399295
868120171399303
868120171399311
868120171399329
868120171399337
868120171399345
868120171399352
868120171399360
868120171399378
868120171399386
868120171399394
868120171399402
868120171399410
868120171399428
868120171399436
868120171399444
868120171399451
868120171399469
868120171399477
868120171399485
868120171399493
868120171399501
868120171399519
868120171399527
868120171399535
868120171399543
868120171399550
868120171399568
868120171399576
868120171399584
868120171399592
868120171399600
868120171399618
868120171399626
868120171399634
868120171399642
868120171399659
868120171399667
868120171399675
868120171399683
868120171399691
868120171399709
868120171399717
868120171399725
868120171399733
868120171399741
868120171399758
868120171399766
868120171399774
868120171399782
868120171399790
868120171399808
868120171399816
868120171399824
868120171399832
868120171399840
868120171399857
868120171399865
868120171399873
868120171399881
868120171399899
868120171399907
868120171399915
868120171399923
868120171399931
868120171399949
868120171399956
868120171399964
868120171399972
868120171399980
868120171399998
868120171400002
868120171400010
868120171400028
868120171400036
868120171400044
868120171400051
868120171400069
868120171400077
868120171400085
868120171400093
868120171400101
868120171400119
868120171400127
868120171400135
868120171400143
868120171400150
868120171400168
868120171400176
868120171400184
868120171400192
868120171400200
868120171400218
868120171400226
868120171400234
868120171400242
868120171400259
868120171400267
868120171400275
868120171400283
868120171400291
868120171400309
868120171400317
868120171400325
868120171400333
868120171400341
868120171400358
868120171400366
868120171400374
868120171400382
868120171400390
868120171400408
868120171400416
868120171400424
868120171400432
868120171400440
868120171400457
868120171400465
868120171400473
868120171400481
868120171400499
868120171400507
868120171400515
868120171400523
868120171400531
868120171400549
868120171400556
868120171400564
868120171400572
868120171400580
868120171400598
868120171400606
868120171400614
868120171400622
868120171400630
868120171400648
868120171400655
868120171400663
868120171400671
868120171400689
868120171400697
868120171400705
868120171400713
868120171400721
868120171400739
868120171400747
868120171400754
868120171400762
868120171400770
868120171400788
868120171400796
868120171400804
868120171400812
868120171400820
868120171400838
868120171400846
868120171400853
868120171400861
868120171400879
868120171400887
868120171400895
868120171400903
868120171400911
868120171400929
868120171400937
868120171400945
868120171400952
868120171400960
868120171400978
868120171400986
868120171400994
868120171401000
868120171401018
868120171401026
868120171401034
868120171401042
868120171401059
868120171401067
868120171401075
868120171401083
868120171401091
868120171401109
868120171401117
868120171401125
868120171401133
868120171401141
868120171401158
868120171401166
868120171401174
868120171401182
868120171401190
868120171401208
868120171401216
868120171401224
868120171401232
868120171401240
868120171401257
868120171401265
868120171401273
868120171401281
868120171401299
868120171401307
868120171401315
868120171401323
868120171401331
868120171401349
868120171401356
868120171401364
868120171401372
868120171401380
868120171401398
868120171401406
868120171401414
868120171401422
868120171401430
868120171401448
868120171401455
868120171401463
868120171401471
868120171401489
868120171401497
868120171401505
868120171401513
868120171401521
868120171401539
868120171401547
868120171401554
868120171401562
868120171401570
868120171401588
868120171401596
868120171401604
868120171401612
868120171401620
868120171401638
868120171401646
868120171401653
868120171401661
868120171401679
868120171401687
868120171401695
868120171401703
868120171401711
868120171401729
868120171401737
868120171401745
868120171401752
868120171401760
868120171401778
868120171401786
868120171401794
868120171401802
868120171401810
868120171401828
868120171401836
868120171401844
868120171401851
868120171401869
868120171401877
868120171401885
868120171401893
868120171401901
868120171401919
868120171401927
868120171401935
868120171401943
868120171401950
868120171401968
868120171401976
868120171401984
868120171401992
868120171402008
868120171402016
868120171402024
868120171402032
868120171402040
868120171402057
868120171402065
868120171402073
868120171402081
868120171402099
868120171402107
868120171402115
868120171402123
868120171402131
868120171402149
868120171402156
868120171402164
868120171402172
868120171402180
868120171402198
868120171402206
868120171402214
868120171402222
868120171402230
868120171402248
868120171402255
868120171402263
868120171402271
868120171402289
868120171402297
868120171402305
868120171402313
868120171402321
868120171402339
868120171402347
868120171402354
868120171402362
868120171402370
868120171402388
868120171402396
868120171402404
868120171402412
868120171402420
868120171402438
868120171402446
868120171402453
868120171402461
868120171402479
868120171402487
868120171402495
868120171402503
868120171402511
868120171402529
868120171402537
868120171402545
868120171402552
868120171402560
868120171402578
868120171402586
868120171402594
868120171402602
868120171402610
868120171402628
868120171402636
868120171402644
868120171402651
868120171402669
868120171402677
868120171402685
868120171402693
868120171402701
868120171402719
868120171402727
868120171402735
868120171402743
868120171402750
868120171402768
868120171402776
868120171402784
868120171402792
868120171402800
868120171402818
868120171402826
868120171402834
868120171402842
868120171402859
868120171402867
868120171402875
868120171402883
868120171402891
868120171402909
868120171402917
868120171402925
868120171402933
868120171402941
868120171402958
868120171402966
868120171402974
868120171402982
868120171402990
868120171403006
868120171403014
868120171403022
868120171403030
868120171403048
868120171403055
868120171403063
868120171403071
868120171403089
868120171403097
868120171403105
868120171403113
868120171403121
868120171403139
868120171403147
868120171403154
868120171403162
868120171403170
868120171403188
868120171403196
868120171403204
868120171403212
868120171403220
868120171403238
868120171403246
868120171403253
868120171403261
868120171403279
868120171403287
868120171403295
868120171403303
868120171403311
868120171403329
868120171403337
868120171403345
868120171403352
868120171403360
868120171403378
868120171403386
868120171403394
868120171403402
868120171403410
868120171403428
868120171403436
868120171403444
868120171403451
868120171403469
868120171403477
868120171403485
868120171403493
868120171403501
868120171403519
868120171403527
868120171403535
868120171403543
868120171403550
868120171403568
868120171403576
868120171403584
868120171403592
868120171403600
868120171403618
868120171403626
868120171403634
868120171403642
868120171403659
868120171403667
868120171403675
868120171403683
868120171403691
868120171403709
868120171403717
868120171403725
868120171403733
868120171403741
868120171403758
868120171403766
868120171403774
868120171403782
868120171403790
868120171403808
868120171403816
868120171403824
868120171403832
868120171403840
868120171403857
868120171403865
868120171403873
868120171403881
868120171403899
868120171403907
868120171403915
868120171403923
868120171403931
868120171403949
868120171403956
868120171403964
868120171403972
868120171403980
868120171403998
868120171404004
868120171404012
868120171404020
868120171404038
868120171404046
868120171404053
868120171404061
868120171404079
868120171404087
868120171404095
868120171404103
868120171404111
868120171404129
868120171404137
868120171404145
868120171404152
868120171404160
868120171404178
868120171404186
868120171404194
868120171404202
868120171404210
868120171404228
868120171404236
868120171404244
868120171404251
868120171404269
868120171404277
868120171404285
868120171404293
868120171404301
868120171404319
868120171404327
868120171404335
868120171404343
868120171404350
868120171404368
868120171404376
868120171404384
868120171404392
868120171404400
868120171404418
868120171404426
868120171404434
868120171404442
868120171404459
868120171404467
868120171404475
868120171404483
868120171404491
868120171404509
868120171404517
868120171404525
868120171404533
868120171404541
868120171404558
868120171404566
868120171404574
868120171404582
868120171404590
868120171404608
868120171404616
868120171404624
868120171404632
868120171404640
868120171404657
868120171404665
868120171404673
868120171404681
868120171404699
868120171404707
868120171404715
868120171404723
868120171404731
868120171404749
868120171404756
868120171404764
868120171404772
868120171404780
868120171404798
868120171404806
868120171404814
868120171404822
868120171404830
868120171404848
868120171404855
868120171404863
868120171404871
868120171404889
868120171404897
868120171404905
868120171404913
868120171404921
868120171404939
868120171404947
868120171404954
868120171404962
868120171404970
868120171404988
868120171404996
868120171405001
868120171405019
868120171405027
868120171405035
868120171405043
868120171405050
868120171405068
868120171405076
868120171405084
868120171405092
868120171405100
868120171405118
868120171405126
868120171405134
868120171405142
868120171405159
868120171405167
868120171405175
868120171405183
868120171405191
868120171405209
868120171405217
868120171405225
868120171405233
868120171405241
868120171405258
868120171405266
868120171405274
868120171405282
868120171405290
868120171405308
868120171405316
868120171405324
868120171405332
868120171405340
868120171405357
868120171405365
868120171405373
868120171405381
868120171405399
868120171405407
868120171405415
868120171405423
868120171405431
868120171405449
868120171405456
868120171405464
868120171405472
868120171405480
868120171405498
868120171405506
868120171405514
868120171405522
868120171405530
868120171405548
868120171405555
868120171405563
868120171405571
868120171405589
868120171405597
868120171405605
868120171405613
868120171405621
868120171405639
868120171405647
868120171405654
868120171405662
868120171405670
868120171405688
868120171405696
868120171405704
868120171405712
868120171405720
868120171405738
868120171405746
868120171405753
868120171405761
868120171405779
868120171405787
868120171405795
868120171405803
868120171405811
868120171405829
868120171405837
868120171405845
868120171405852
868120171405860
868120171405878
868120171405886
868120171405894
868120171405902
868120171405910
868120171405928
868120171405936
868120171405944
868120171405951
868120171405969
868120171405977
868120171405985
868120171405993
868120171406009
868120171406017
868120171406025
868120171406033
868120171406041
868120171406058
868120171406066
868120171406074
868120171406082
868120171406090
868120171406108
868120171406116
868120171406124
868120171406132
868120171406140
868120171406157
868120171406165
868120171406173
868120171406181
868120171406199
868120171406207
868120171406215
868120171406223
868120171406231
868120171406249
868120171406256
868120171406264
868120171406272
868120171406280
868120171406298
868120171406306
868120171406314
868120171406322
868120171406330
868120171406348
868120171406355
868120171406363
868120171406371
868120171406389
868120171406397
868120171406405
868120171406413
868120171406421
868120171406439
868120171406447
868120171406454
868120171406462
868120171406470
868120171406488
868120171406496
868120171406504
868120171406512
868120171406520
868120171406538
868120171406546
868120171406553
868120171406561
868120171406579
868120171406587
868120171406595
868120171406603
868120171406611
868120171406629
868120171406637
868120171406645
868120171406652
868120171406660
868120171406678
868120171406686
868120171406694
868120171406702
868120171406710
868120171406728
868120171406736
868120171406744
868120171406751
868120171406769
868120171406777
868120171406785
868120171406793
868120171406801
868120171406819
868120171406827
868120171406835
868120171406843
868120171406850
868120171406868
868120171406876
868120171406884
868120171406892
868120171406900
868120171406918
868120171406926
868120171406934
868120171406942
868120171406959
868120171406967
868120171406975
868120171406983
868120171406991
868120171407007
868120171407015
868120171407023
868120171407031
868120171407049
868120171407056
868120171407064
868120171407072
868120171407080
868120171407098
868120171407106
868120171407114
868120171407122
868120171407130
868120171407148
868120171407155
868120171407163
868120171407171
868120171407189
868120171407197
868120171407205
868120171407213
868120171407221
868120171407239
868120171407247
868120171407254
868120171407262
868120171407270
868120171407288
868120171407296
868120171407304
868120171407312
868120171407320
868120171407338
868120171407346
868120171407353
868120171407361
868120171407379
868120171407387
868120171407395
868120171407403
868120171407411
868120171407429
868120171407437
868120171407445
868120171407452
868120171407460
868120171407478
868120171407486
868120171407494
868120171407502
868120171407510
868120171407528
868120171407536
868120171407544
868120171407551
868120171407569
868120171407577
868120171407585
868120171407593
868120171407601
868120171407619
868120171407627
868120171407635
868120171407643
868120171407650
868120171407668
868120171407676
868120171407684
868120171407692
868120171407700
868120171407718
868120171407726
868120171407734
868120171407742
868120171407759
868120171407767
868120171407775
868120171407783
868120171407791
868120171407809
868120171407817
868120171407825
868120171407833
868120171407841
868120171407858
868120171407866
868120171407874
868120171407882
868120171407890
868120171407908
868120171407916
868120171407924
868120171407932
868120171407940
868120171407957
868120171407965
868120171407973
868120171407981
868120171407999
868120171408005
868120171408013
868120171408021
868120171408039
868120171408047
868120171408054
868120171408062
868120171408070
868120171408088
868120171408096
868120171408104
868120171408112
868120171408120
868120171408138
868120171408146
868120171408153
868120171408161
868120171408179
868120171408187
868120171408195
868120171408203
868120171408211
868120171408229
868120171408237
868120171408245
868120171408252
868120171408260
868120171408278
868120171408286
868120171408294
868120171408302
868120171408310
868120171408328
868120171408336
868120171408344
868120171408351
868120171408369
868120171408377
868120171408385
868120171408393
868120171408401
868120171408419
868120171408427
868120171408435
868120171408443
868120171408450
868120171408468
868120171408476
868120171408484
868120171408492
868120171408500
868120171408518
868120171408526
868120171408534
868120171408542
868120171408559
868120171408567
868120171408575
868120171408583
868120171408591
868120171408609
868120171408617
868120171408625
868120171408633
868120171408641
868120171408658
868120171408666
868120171408674
868120171408682
868120171408690
868120171408708
868120171408716
868120171408724
868120171408732
868120171408740
868120171408757
868120171408765
868120171408773
868120171408781
868120171408799
868120171408807
868120171408815
868120171408823
868120171408831
868120171408849
868120171408856
868120171408864
868120171408872
868120171408880
868120171408898
868120171408906
868120171408914
868120171408922
868120171408930
868120171408948
868120171408955
868120171408963
868120171408971
868120171408989
868120171408997
868120171409003
868120171409011
868120171409029
868120171409037
868120171409045
868120171409052
868120171409060
868120171409078
868120171409086
868120171409094
868120171409102
868120171409110
868120171409128
868120171409136
868120171409144
868120171409151
868120171409169
868120171409177
868120171409185
868120171409193
868120171409201
868120171409219
868120171409227
868120171409235
868120171409243
868120171409250
868120171409268
868120171409276
868120171409284
868120171409292
868120171409300
868120171409318
868120171409326
868120171409334
868120171409342
868120171409359
868120171409367
868120171409375
868120171409383
868120171409391
868120171409409
868120171409417
868120171409425
868120171409433
868120171409441
868120171409458
868120171409466
868120171409474
868120171409482
868120171409490
868120171409508
868120171409516
868120171409524
868120171409532
868120171409540
868120171409557
868120171409565
868120171409573
868120171409581
868120171409599
868120171409607
868120171409615
868120171409623
868120171409631
868120171409649
868120171409656
868120171409664
868120171409672
868120171409680
868120171409698
868120171409706
868120171409714
868120171409722
868120171409730
868120171409748
868120171409755
868120171409763
868120171409771
868120171409789
868120171409797
868120171409805
868120171409813
868120171409821
868120171409839
868120171409847
868120171409854
868120171409862
868120171409870
868120171409888
868120171409896
868120171409904
868120171409912
868120171409920
868120171409938
868120171409946
868120171409953
868120171409961
868120171409979
868120171409987
868120171409995
868120171410001
868120171410019
868120171410027
868120171410035
868120171410043
868120171410050
868120171410068
868120171410076
868120171410084
868120171410092
868120171410100
868120171410118
868120171410126
868120171410134
868120171410142
868120171410159
868120171410167
868120171410175
868120171410183
868120171410191
868120171410209
868120171410217
868120171410225
868120171410233
868120171410241
868120171410258
868120171410266
868120171410274
868120171410282
868120171410290
868120171410308
868120171410316
868120171410324
868120171410332
868120171410340
868120171410357
868120171410365
868120171410373
868120171410381
868120171410399
868120171410407
868120171410415
868120171410423
868120171410431
868120171410449
868120171410456
868120171410464
868120171410472
868120171410480
868120171410498
868120171410506
868120171410514
868120171410522
868120171410530
868120171410548
868120171410555
868120171410563
868120171410571
868120171410589
868120171410597
868120171410605
868120171410613
868120171410621
868120171410639
868120171410647
868120171410654
868120171410662
868120171410670
868120171410688
868120171410696
868120171410704
868120171410712
868120171410720
868120171410738
868120171410746
868120171410753
868120171410761
868120171410779
868120171410787
868120171410795
868120171410803
868120171410811
868120171410829
868120171410837
868120171410845
868120171410852
868120171410860
868120171410878
868120171410886
868120171410894
868120171410902
868120171410910
868120171410928
868120171410936
868120171410944
868120171410951
868120171410969
868120171410977
868120171410985
868120171410993
868120171411009
868120171411017
868120171411025
868120171411033
868120171411041
868120171411058
868120171411066
868120171411074
868120171411082
868120171411090
868120171411108
868120171411116
868120171411124
868120171411132
868120171411140
868120171411157
868120171411165
868120171411173
868120171411181
868120171411199
868120171411207
868120171411215
868120171411223
868120171411231
868120171411249
868120171411256
868120171411264
868120171411272
868120171411280
868120171411298
868120171411306
868120171411314
868120171411322
868120171411330
868120171411348
868120171411355
868120171411363
868120171411371
868120171411389
868120171411397
868120171411405
868120171411413
868120171411421
868120171411439
868120171411447
868120171411454
868120171411462
868120171411470
868120171411488
868120171411496
868120171411504
868120171411512
868120171411520
868120171411538
868120171411546
868120171411553
868120171411561
868120171411579
868120171411587
868120171411595
868120171411603
868120171411611
868120171411629
868120171411637
868120171411645
868120171411652
868120171411660
868120171411678
868120171411686
868120171411694
868120171411702
868120171411710
868120171411728
868120171411736
868120171411744
868120171411751
868120171411769
868120171411777
868120171411785
868120171411793
868120171411801
868120171411819
868120171411827
868120171411835
868120171411843
868120171411850
868120171411868
868120171411876
868120171411884
868120171411892
868120171411900
868120171411918
868120171411926
868120171411934
868120171411942
868120171411959
868120171411967
868120171411975
868120171411983
868120171411991
868120171412007
868120171412015
868120171412023
868120171412031
868120171412049
868120171412056
868120171412064
868120171412072
868120171412080
868120171412098
868120171412106
868120171412114
868120171412122
868120171412130
868120171412148
868120171412155
868120171412163
868120171412171
868120171412189
868120171412197
868120171412205
868120171412213
868120171412221
868120171412239
868120171412247
868120171412254
868120171412262
868120171412270
868120171412288
868120171412296
868120171412304
868120171412312
868120171412320
868120171412338
868120171412346
868120171412353
868120171412361
868120171412379
868120171412387
868120171412395
868120171412403
868120171412411
868120171412429
868120171412437
868120171412445
868120171412452
868120171412460
868120171412478
868120171412486
868120171412494
868120171412502
868120171412510
868120171412528
868120171412536
868120171412544
868120171412551
868120171412569
868120171412577
868120171412585
868120171412593
868120171412601
868120171412619
868120171412627
868120171412635
868120171412643
868120171412650
868120171412668
868120171412676
868120171412684
868120171412692
868120171412700
868120171412718
868120171412726
868120171412734
868120171412742
868120171412759
868120171412767
868120171412775
868120171412783
868120171412791
868120171412809
868120171412817
868120171412825
868120171412833
868120171412841
868120171412858
868120171412866
868120171412874
868120171412882
868120171412890
868120171412908
868120171412916
868120171412924
868120171412932
868120171412940
868120171412957
868120171412965
868120171412973
868120171412981
868120171412999
868120171413005
868120171413013
868120171413021
868120171413039
868120171413047
868120171413054
868120171413062
868120171413070
868120171413088
868120171413096
868120171413104
868120171413112
868120171413120
868120171413138
868120171413146
868120171413153
868120171413161
868120171413179
868120171413187
868120171413195
868120171413203
868120171413211
868120171413229
868120171413237
868120171413245
868120171413252
868120171413260
868120171413278
868120171413286
868120171413294
868120171413302
868120171413310
868120171413328
868120171413336
868120171413344
868120171413351
868120171413369
868120171413377
868120171413385
868120171413393
868120171413401
868120171413419
868120171413427
868120171413435
868120171413443
868120171413450
868120171413468
868120171413476
868120171413484
868120171413492
868120171413500
868120171413518
868120171413526
868120171413534
868120171413542
868120171413559
868120171413567
868120171413575
868120171413583
868120171413591
868120171413609
868120171413617
868120171413625
868120171413633
868120171413641
868120171413658
868120171413666
868120171413674
868120171413682
868120171413690
868120171413708
868120171413716
868120171413724
868120171413732
868120171413740
868120171413757
868120171413765
868120171413773
868120171413781
868120171413799
868120171413807
868120171413815
868120171413823
868120171413831
868120171413849
868120171413856
868120171413864
868120171413872
868120171413880
868120171413898
868120171413906
868120171413914
868120171413922
868120171413930
868120171413948
868120171413955
868120171413963
868120171413971
868120171413989
868120171413997
868120171414003
868120171414011
868120171414029
868120171414037
868120171414045
868120171414052
868120171414060
868120171414078
868120171414086
868120171414094
868120171414102
868120171414110
868120171414128
868120171414136
868120171414144
868120171414151
868120171414169
868120171414177
868120171414185
868120171414193
868120171414201
868120171414219
868120171414227
868120171414235
868120171414243
868120171414250
868120171414268
868120171414276
868120171414284
868120171414292
868120171414300
868120171414318
868120171414326
868120171414334
868120171414342
868120171414359
868120171414367
868120171414375
868120171414383
868120171414391
868120171414409
868120171414417
868120171414425
868120171414433
868120171414441
868120171414458
868120171414466
868120171414474
868120171414482
868120171414490
868120171414508
868120171414516
868120171414524
868120171414532
868120171414540
868120171414557
868120171414565
868120171414573
868120171414581
868120171414599
868120171414607
868120171414615
868120171414623
868120171414631
868120171414649
868120171414656
868120171414664
868120171414672
868120171414680
868120171414698
868120171414706
868120171414714
868120171414722
868120171414730
868120171414748
868120171414755
868120171414763
868120171414771
868120171414789
868120171414797
868120171414805
868120171414813
868120171414821
868120171414839
868120171414847
868120171414854
868120171414862
868120171414870
868120171414888
868120171414896
868120171414904
868120171414912
868120171414920
868120171414938
868120171414946
868120171414953
868120171414961
868120171414979
868120171414987
868120171414995
868120171415000
868120171415018
868120171415026
868120171415034
868120171415042
868120171415059
868120171415067
868120171415075
868120171415083
868120171415091
868120171415109
868120171415117
868120171415125
868120171415133
868120171415141
868120171415158
868120171415166
868120171415174
868120171415182
868120171415190
868120171415208
868120171415216
868120171415224
868120171415232
868120171415240
868120171415257
868120171415265
868120171415273
868120171415281
868120171415299
868120171415307
868120171415315
868120171415323
868120171415331
868120171415349
868120171415356
868120171415364
868120171415372
868120171415380
868120171415398
868120171415406
868120171415414
868120171415422
868120171415430
868120171415448
868120171415455
868120171415463
868120171415471
868120171415489
868120171415497
868120171415505
868120171415513
868120171415521
868120171415539
868120171415547
868120171415554
868120171415562
868120171415570
868120171415588
868120171415596
868120171415604
868120171415612
868120171415620
868120171415638
868120171415646
868120171415653
868120171415661
868120171415679
868120171415687
868120171415695
868120171415703
868120171415711
868120171415729
868120171415737
868120171415745
868120171415752
868120171415760
868120171415778
868120171415786
868120171415794
868120171415802
868120171415810
868120171415828
868120171415836
868120171415844
868120171415851
868120171415869
868120171415877
868120171415885
868120171415893
868120171415901
868120171415919
868120171415927
868120171415935
868120171415943
868120171415950
868120171415968
868120171415976
868120171415984
868120171415992
868120171416008
868120171416016
868120171416024
868120171416032
868120171416040
868120171416057
868120171416065
868120171416073
868120171416081
868120171416099
868120171416107
868120171416115
868120171416123
868120171416131
868120171416149
868120171416156
868120171416164
868120171416172
868120171416180
868120171416198
868120171416206
868120171416214
868120171416222
868120171416230
868120171416248
868120171416255
868120171416263
868120171416271
868120171416289
868120171416297
868120171416305
868120171416313
868120171416321
868120171416339
868120171416347
868120171416354
868120171416362
868120171416370
868120171416388
868120171416396
868120171416404
868120171416412
868120171416420
868120171416438
868120171416446
868120171416453
868120171416461
868120171416479
868120171416487
868120171416495
868120171416503
868120171416511
868120171416529
868120171416537
868120171416545
868120171416552
868120171416560
868120171416578
868120171416586
868120171416594
868120171416602
868120171416610
868120171416628
868120171416636
868120171416644
868120171416651
868120171416669
868120171416677
868120171416685
868120171416693
868120171416701
868120171416719
868120171416727
868120171416735
868120171416743
868120171416750
868120171416768
868120171416776
868120171416784
868120171416792
868120171416800
868120171416818
868120171416826
868120171416834
868120171416842
868120171416859
868120171416867
868120171416875
868120171416883
868120171416891
868120171416909
868120171416917
868120171416925
868120171416933
868120171416941
868120171416958
868120171416966
868120171416974
868120171416982
868120171416990
868120171417006
868120171417014
868120171417022
868120171417030
868120171417048
868120171417055
868120171417063
868120171417071
868120171417089
868120171417097
868120171417105
868120171417113
868120171417121
868120171417139
868120171417147
868120171417154
868120171417162
868120171417170
868120171417188
868120171417196
868120171417204
868120171417212
868120171417220
868120171417238
868120171417246
868120171417253
868120171417261
868120171417279
868120171417287
868120171417295
868120171417303
868120171417311
868120171417329
868120171417337
868120171417345
868120171417352
868120171417360
868120171417378
868120171417386
868120171417394
868120171417402
868120171417410
868120171417428
868120171417436
868120171417444
868120171417451
868120171417469
868120171417477
868120171417485
868120171417493
868120171417501
868120171417519
868120171417527
868120171417535
868120171417543
868120171417550
868120171417568
868120171417576
868120171417584
868120171417592
868120171417600
868120171417618
868120171417626
868120171417634
868120171417642
868120171417659
868120171417667
868120171417675
868120171417683
868120171417691
868120171417709
868120171417717
868120171417725
868120171417733
868120171417741
868120171417758
868120171417766
868120171417774
868120171417782
868120171417790
868120171417808
868120171417816
868120171417824
868120171417832
868120171417840
868120171417857
868120171417865
868120171417873
868120171417881
868120171417899
868120171417907
868120171417915
868120171417923
868120171417931
868120171417949
868120171417956
868120171417964
868120171417972
868120171417980
868120171417998
868120171418004
868120171418012
868120171418020
868120171418038
868120171418046
868120171418053
868120171418061
868120171418079
868120171418087
868120171418095
868120171418103
868120171418111
868120171418129
868120171418137
868120171418145
868120171418152
868120171418160
868120171418178
868120171418186
868120171418194
868120171418202
868120171418210
868120171418228
868120171418236
868120171418244
868120171418251
868120171418269
868120171418277
868120171418285
868120171418293
868120171418301
868120171418319
868120171418327
868120171418335
868120171418343
868120171418350
868120171418368
868120171418376
868120171418384
868120171418392
868120171418400
868120171418418
868120171418426
868120171418434
868120171418442
868120171418459
868120171418467
868120171418475
868120171418483
868120171418491
868120171418509
868120171418517
868120171418525
868120171418533
868120171418541
868120171418558
868120171418566
868120171418574
868120171418582
868120171418590
868120171418608
868120171418616
868120171418624
868120171418632
868120171418640
868120171418657
868120171418665
868120171418673
868120171418681
868120171418699
868120171418707
868120171418715
868120171418723
868120171418731
868120171418749
868120171418756
868120171418764
868120171418772
868120171418780
868120171418798
868120171418806
868120171418814
868120171418822
868120171418830
868120171418848
868120171418855
868120171418863
868120171418871
868120171418889
868120171418897
868120171418905
868120171418913
868120171418921
868120171418939
868120171418947
868120171418954
868120171418962
868120171418970
868120171418988
868120171418996
868120171419002
868120171419010
868120171419028
868120171419036
868120171419044
868120171419051
868120171419069
868120171419077
868120171419085
868120171419093
868120171419101
868120171419119
868120171419127
868120171419135
868120171419143
868120171419150
868120171419168
868120171419176
868120171419184
868120171419192
868120171419200
868120171419218
868120171419226
868120171419234
868120171419242
868120171419259
868120171419267
868120171419275
868120171419283
868120171419291
868120171419309
868120171419317
868120171419325
868120171419333
868120171419341
868120171419358
868120171419366
868120171419374
868120171419382
868120171419390
868120171419408
868120171419416
868120171419424
868120171419432
868120171419440
868120171419457
868120171419465
868120171419473
868120171419481
868120171419499
868120171419507
868120171419515
868120171419523
868120171419531
868120171419549
868120171419556
868120171419564
868120171419572
868120171419580
868120171419598
868120171419606
868120171419614
868120171419622
868120171419630
868120171419648
868120171419655
868120171419663
868120171419671
868120171419689
868120171419697
868120171419705
868120171419713
868120171419721
868120171419739
868120171419747
868120171419754
868120171419762
868120171419770
868120171419788
868120171419796
868120171419804
868120171419812
868120171419820
868120171419838
868120171419846
868120171419853
868120171419861
868120171419879
868120171419887
868120171419895
868120171419903
868120171419911
868120171419929
868120171419937
868120171419945
868120171419952
868120171419960
868120171419978
868120171419986
868120171419994
868120171420000
868120171420018
868120171420026
868120171420034
868120171420042
868120171420059
868120171420067
868120171420075
868120171420083
868120171420091
868120171420109
868120171420117
868120171420125
868120171420133
868120171420141
868120171420158
868120171420166
868120171420174
868120171420182
868120171420190
868120171420208
868120171420216
868120171420224
868120171420232
868120171420240
868120171420257
868120171420265
868120171420273
868120171420281
868120171420299
868120171420307
868120171420315
868120171420323
868120171420331
868120171420349
868120171420356
868120171420364
868120171420372
868120171420380
868120171420398
868120171420406
868120171420414
868120171420422
868120171420430
868120171420448
868120171420455
868120171420463
868120171420471
868120171420489
868120171420497
868120171420505
868120171420513
868120171420521
868120171420539
868120171420547
868120171420554
868120171420562
868120171420570
868120171420588
868120171420596
868120171420604
868120171420612
868120171420620
868120171420638
868120171420646
868120171420653
868120171420661
868120171420679
868120171420687
868120171420695
868120171420703
868120171420711
868120171420729
868120171420737
868120171420745
868120171420752
868120171420760
868120171420778
868120171420786
868120171420794
868120171420802
868120171420810
868120171420828
868120171420836
868120171420844
868120171420851
868120171420869
868120171420877
868120171420885
868120171420893
868120171420901
868120171420919
868120171420927
868120171420935
868120171420943
868120171420950
868120171420968
868120171420976
868120171420984
868120171420992
868120171421008
868120171421016
868120171421024
868120171421032
