868120171321042
868120171321059
868120171321067
868120171321075
868120171321083
868120171321091
868120171321109
868120171321117
868120171321125
868120171321133
868120171321141
868120171321158
868120171321166
868120171321174
868120171321182
868120171321190
868120171321208
868120171321216
868120171321224
868120171321232
868120171321240
868120171321257
868120171321265
868120171321273
868120171321281
868120171321299
868120171321307
868120171321315
868120171321323
868120171321331
868120171321349
868120171321356
868120171321364
868120171321372
868120171321380
868120171321398
868120171321406
868120171321414
868120171321422
868120171321430
868120171321448
868120171321455
868120171321463
868120171321471
868120171321489
868120171321497
868120171321505
868120171321513
868120171321521
868120171321539
868120171321547
868120171321554
868120171321562
868120171321570
868120171321588
868120171321596
868120171321604
868120171321612
868120171321620
868120171321638
868120171321646
868120171321653
868120171321661
868120171321679
868120171321687
868120171321695
868120171321703
868120171321711
868120171321729
868120171321737
868120171321745
868120171321752
868120171321760
868120171321778
868120171321786
868120171321794
868120171321802
868120171321810
868120171321828
868120171321836
868120171321844
868120171321851
868120171321869
868120171321877
868120171321885
868120171321893
868120171321901
868120171321919
868120171321927
868120171321935
868120171321943
868120171321950
868120171321968
868120171321976
868120171321984
868120171321992
868120171322008
868120171322016
868120171322024
868120171322032
868120171322040
868120171322057
868120171322065
868120171322073
868120171322081
868120171322099
868120171322107
868120171322115
868120171322123
868120171322131
868120171322149
868120171322156
868120171322164
868120171322172
868120171322180
868120171322198
868120171322206
868120171322214
868120171322222
868120171322230
868120171322248
868120171322255
868120171322263
868120171322271
868120171322289
868120171322297
868120171322305
868120171322313
868120171322321
868120171322339
868120171322347
868120171322354
868120171322362
868120171322370
868120171322388
868120171322396
868120171322404
868120171322412
868120171322420
868120171322438
868120171322446
868120171322453
868120171322461
868120171322479
868120171322487
868120171322495
868120171322503
868120171322511
868120171322529
868120171322537
868120171322545
868120171322552
868120171322560
868120171322578
868120171322586
868120171322594
868120171322602
868120171322610
868120171322628
868120171322636
868120171322644
868120171322651
868120171322669
868120171322677
868120171322685
868120171322693
868120171322701
868120171322719
868120171322727
868120171322735
868120171322743
868120171322750
868120171322768
868120171322776
868120171322784
868120171322792
868120171322800
868120171322818
868120171322826
868120171322834
868120171322842
868120171322859
868120171322867
868120171322875
868120171322883
868120171322891
868120171322909
868120171322917
868120171322925
868120171322933
868120171322941
868120171322958
868120171322966
868120171322974
868120171322982
868120171322990
868120171323006
868120171323014
868120171323022
868120171323030
868120171323048
868120171323055
868120171323063
868120171323071
868120171323089
868120171323097
868120171323105
868120171323113
868120171323121
868120171323139
868120171323147
868120171323154
868120171323162
868120171323170
868120171323188
868120171323196
868120171323204
868120171323212
868120171323220
868120171323238
868120171323246
868120171323253
868120171323261
868120171323279
868120171323287
868120171323295
868120171323303
868120171323311
868120171323329
868120171323337
868120171323345
868120171323352
868120171323360
868120171323378
868120171323386
868120171323394
868120171323402
868120171323410
868120171323428
868120171323436
868120171323444
868120171323451
868120171323469
868120171323477
868120171323485
868120171323493
868120171323501
868120171323519
868120171323527
868120171323535
868120171323543
868120171323550
868120171323568
868120171323576
868120171323584
868120171323592
868120171323600
868120171323618
868120171323626
868120171323634
868120171323642
868120171323659
868120171323667
868120171323675
868120171323683
868120171323691
868120171323709
868120171323717
868120171323725
868120171323733
868120171323741
868120171323758
868120171323766
868120171323774
868120171323782
868120171323790
868120171323808
868120171323816
868120171323824
868120171323832
868120171323840
868120171323857
868120171323865
868120171323873
868120171323881
868120171323899
868120171323907
868120171323915
868120171323923
868120171323931
868120171323949
868120171323956
868120171323964
868120171323972
868120171323980
868120171323998
868120171324004
868120171324012
868120171324020
868120171324038
868120171324046
868120171324053
868120171324061
868120171324079
868120171324087
868120171324095
868120171324103
868120171324111
868120171324129
868120171324137
868120171324145
868120171324152
868120171324160
868120171324178
868120171324186
868120171324194
868120171324202
868120171324210
868120171324228
868120171324236
868120171324244
868120171324251
868120171324269
868120171324277
868120171324285
868120171324293
868120171324301
868120171324319
868120171324327
868120171324335
868120171324343
868120171324350
868120171324368
868120171324376
868120171324384
868120171324392
868120171324400
868120171324418
868120171324426
868120171324434
868120171324442
868120171324459
868120171324467
868120171324475
868120171324483
868120171324491
868120171324509
868120171324517
868120171324525
868120171324533
868120171324541
868120171324558
868120171324566
868120171324574
868120171324582
868120171324590
868120171324608
868120171324616
868120171324624
868120171324632
868120171324640
868120171324657
868120171324665
868120171324673
868120171324681
868120171324699
868120171324707
868120171324715
868120171324723
868120171324731
868120171324749
868120171324756
868120171324764
868120171324772
868120171324780
868120171324798
868120171324806
868120171324814
868120171324822
868120171324830
868120171324848
868120171324855
868120171324863
868120171324871
868120171324889
868120171324897
868120171324905
868120171324913
868120171324921
868120171324939
868120171324947
868120171324954
868120171324962
868120171324970
868120171324988
868120171324996
868120171325001
868120171325019
868120171325027
868120171325035
868120171325043
868120171325050
868120171325068
868120171325076
868120171325084
868120171325092
868120171325100
868120171325118
868120171325126
868120171325134
868120171325142
868120171325159
868120171325167
868120171325175
868120171325183
868120171325191
868120171325209
868120171325217
868120171325225
868120171325233
868120171325241
868120171325258
868120171325266
868120171325274
868120171325282
868120171325290
868120171325308
868120171325316
868120171325324
868120171325332
868120171325340
868120171325357
868120171325365
868120171325373
868120171325381
868120171325399
868120171325407
868120171325415
868120171325423
868120171325431
868120171325449
868120171325456
868120171325464
868120171325472
868120171325480
868120171325498
868120171325506
868120171325514
868120171325522
868120171325530
868120171325548
868120171325555
868120171325563
868120171325571
868120171325589
868120171325597
868120171325605
868120171325613
868120171325621
868120171325639
868120171325647
868120171325654
868120171325662
868120171325670
868120171325688
868120171325696
868120171325704
868120171325712
868120171325720
868120171325738
868120171325746
868120171325753
868120171325761
868120171325779
868120171325787
868120171325795
868120171325803
868120171325811
868120171325829
868120171325837
868120171325845
868120171325852
868120171325860
868120171325878
868120171325886
868120171325894
868120171325902
868120171325910
868120171325928
868120171325936
868120171325944
868120171325951
868120171325969
868120171325977
868120171325985
868120171325993
868120171326009
868120171326017
868120171326025
868120171326033
868120171326041
868120171326058
868120171326066
868120171326074
868120171326082
868120171326090
868120171326108
868120171326116
868120171326124
868120171326132
868120171326140
868120171326157
868120171326165
868120171326173
868120171326181
868120171326199
868120171326207
868120171326215
868120171326223
868120171326231
868120171326249
868120171326256
868120171326264
868120171326272
868120171326280
868120171326298
868120171326306
868120171326314
868120171326322
868120171326330
868120171326348
868120171326355
868120171326363
868120171326371
868120171326389
868120171326397
868120171326405
868120171326413
868120171326421
868120171326439
868120171326447
868120171326454
868120171326462
868120171326470
868120171326488
868120171326496
868120171326504
868120171326512
868120171326520
868120171326538
868120171326546
868120171326553
868120171326561
868120171326579
868120171326587
868120171326595
868120171326603
868120171326611
868120171326629
868120171326637
868120171326645
868120171326652
868120171326660
868120171326678
868120171326686
868120171326694
868120171326702
868120171326710
868120171326728
868120171326736
868120171326744
868120171326751
868120171326769
868120171326777
868120171326785
868120171326793
868120171326801
868120171326819
868120171326827
868120171326835
868120171326843
868120171326850
868120171326868
868120171326876
868120171326884
868120171326892
868120171326900
868120171326918
868120171326926
868120171326934
868120171326942
868120171326959
868120171326967
868120171326975
868120171326983
868120171326991
868120171327007
868120171327015
868120171327023
868120171327031
868120171327049
868120171327056
868120171327064
868120171327072
868120171327080
868120171327098
868120171327106
868120171327114
868120171327122
868120171327130
868120171327148
868120171327155
868120171327163
868120171327171
868120171327189
868120171327197
868120171327205
868120171327213
868120171327221
868120171327239
868120171327247
868120171327254
868120171327262
868120171327270
868120171327288
868120171327296
868120171327304
868120171327312
868120171327320
868120171327338
868120171327346
868120171327353
868120171327361
868120171327379
868120171327387
868120171327395
868120171327403
868120171327411
868120171327429
868120171327437
868120171327445
868120171327452
868120171327460
868120171327478
868120171327486
868120171327494
868120171327502
868120171327510
868120171327528
868120171327536
868120171327544
868120171327551
868120171327569
868120171327577
868120171327585
868120171327593
868120171327601
868120171327619
868120171327627
868120171327635
868120171327643
868120171327650
868120171327668
868120171327676
868120171327684
868120171327692
868120171327700
868120171327718
868120171327726
868120171327734
868120171327742
868120171327759
868120171327767
868120171327775
868120171327783
868120171327791
868120171327809
868120171327817
868120171327825
868120171327833
868120171327841
868120171327858
868120171327866
868120171327874
868120171327882
868120171327890
868120171327908
868120171327916
868120171327924
868120171327932
868120171327940
868120171327957
868120171327965
868120171327973
868120171327981
868120171327999
868120171328005
868120171328013
868120171328021
868120171328039
868120171328047
868120171328054
868120171328062
868120171328070
868120171328088
868120171328096
868120171328104
868120171328112
868120171328120
868120171328138
868120171328146
868120171328153
868120171328161
868120171328179
868120171328187
868120171328195
868120171328203
868120171328211
868120171328229
868120171328237
868120171328245
868120171328252
868120171328260
868120171328278
868120171328286
868120171328294
868120171328302
868120171328310
868120171328328
868120171328336
868120171328344
868120171328351
868120171328369
868120171328377
868120171328385
868120171328393
868120171328401
868120171328419
868120171328427
868120171328435
868120171328443
868120171328450
868120171328468
868120171328476
868120171328484
868120171328492
868120171328500
868120171328518
868120171328526
868120171328534
868120171328542
868120171328559
868120171328567
868120171328575
868120171328583
868120171328591
868120171328609
868120171328617
868120171328625
868120171328633
868120171328641
868120171328658
868120171328666
868120171328674
868120171328682
868120171328690
868120171328708
868120171328716
868120171328724
868120171328732
868120171328740
868120171328757
868120171328765
868120171328773
868120171328781
868120171328799
868120171328807
868120171328815
868120171328823
868120171328831
868120171328849
868120171328856
868120171328864
868120171328872
868120171328880
868120171328898
868120171328906
868120171328914
868120171328922
868120171328930
868120171328948
868120171328955
868120171328963
868120171328971
868120171328989
868120171328997
868120171329003
868120171329011
868120171329029
868120171329037
868120171329045
868120171329052
868120171329060
868120171329078
868120171329086
868120171329094
868120171329102
868120171329110
868120171329128
868120171329136
868120171329144
868120171329151
868120171329169
868120171329177
868120171329185
868120171329193
868120171329201
868120171329219
868120171329227
868120171329235
868120171329243
868120171329250
868120171329268
868120171329276
868120171329284
868120171329292
868120171329300
868120171329318
868120171329326
868120171329334
868120171329342
868120171329359
868120171329367
868120171329375
868120171329383
868120171329391
868120171329409
868120171329417
868120171329425
868120171329433
868120171329441
868120171329458
868120171329466
868120171329474
868120171329482
868120171329490
868120171329508
868120171329516
868120171329524
868120171329532
868120171329540
868120171329557
868120171329565
868120171329573
868120171329581
868120171329599
868120171329607
868120171329615
868120171329623
868120171329631
868120171329649
868120171329656
868120171329664
868120171329672
868120171329680
868120171329698
868120171329706
868120171329714
868120171329722
868120171329730
868120171329748
868120171329755
868120171329763
868120171329771
868120171329789
868120171329797
868120171329805
868120171329813
868120171329821
868120171329839
868120171329847
868120171329854
868120171329862
868120171329870
868120171329888
868120171329896
868120171329904
868120171329912
868120171329920
868120171329938
868120171329946
868120171329953
868120171329961
868120171329979
868120171329987
868120171329995
868120171330001
868120171330019
868120171330027
868120171330035
868120171330043
868120171330050
868120171330068
868120171330076
868120171330084
868120171330092
868120171330100
868120171330118
868120171330126
868120171330134
868120171330142
868120171330159
868120171330167
868120171330175
868120171330183
868120171330191
868120171330209
868120171330217
868120171330225
868120171330233
868120171330241
868120171330258
868120171330266
868120171330274
868120171330282
868120171330290
868120171330308
868120171330316
868120171330324
868120171330332
868120171330340
868120171330357
868120171330365
868120171330373
868120171330381
868120171330399
868120171330407
868120171330415
868120171330423
868120171330431
868120171330449
868120171330456
868120171330464
868120171330472
868120171330480
868120171330498
868120171330506
868120171330514
868120171330522
868120171330530
868120171330548
868120171330555
868120171330563
868120171330571
868120171330589
868120171330597
868120171330605
868120171330613
868120171330621
868120171330639
868120171330647
868120171330654
868120171330662
868120171330670
868120171330688
868120171330696
868120171330704
868120171330712
868120171330720
868120171330738
868120171330746
868120171330753
868120171330761
868120171330779
868120171330787
868120171330795
868120171330803
868120171330811
868120171330829
868120171330837
868120171330845
868120171330852
868120171330860
868120171330878
868120171330886
868120171330894
868120171330902
868120171330910
868120171330928
868120171330936
868120171330944
868120171330951
868120171330969
868120171330977
868120171330985
868120171330993
868120171331009
868120171331017
868120171331025
868120171331033
868120171331041
868120171331058
868120171331066
868120171331074
868120171331082
868120171331090
868120171331108
868120171331116
868120171331124
868120171331132
868120171331140
868120171331157
868120171331165
868120171331173
868120171331181
868120171331199
868120171331207
868120171331215
868120171331223
868120171331231
868120171331249
868120171331256
868120171331264
868120171331272
868120171331280
868120171331298
868120171331306
868120171331314
868120171331322
868120171331330
868120171331348
868120171331355
868120171331363
868120171331371
868120171331389
868120171331397
868120171331405
868120171331413
868120171331421
868120171331439
868120171331447
868120171331454
868120171331462
868120171331470
868120171331488
868120171331496
868120171331504
868120171331512
868120171331520
868120171331538
868120171331546
868120171331553
868120171331561
868120171331579
868120171331587
868120171331595
868120171331603
868120171331611
868120171331629
868120171331637
868120171331645
868120171331652
868120171331660
868120171331678
868120171331686
868120171331694
868120171331702
868120171331710
868120171331728
868120171331736
868120171331744
868120171331751
868120171331769
868120171331777
868120171331785
868120171331793
868120171331801
868120171331819
868120171331827
868120171331835
868120171331843
868120171331850
868120171331868
868120171331876
868120171331884
868120171331892
868120171331900
868120171331918
868120171331926
868120171331934
868120171331942
868120171331959
868120171331967
868120171331975
868120171331983
868120171331991
868120171332007
868120171332015
868120171332023
868120171332031
868120171332049
868120171332056
868120171332064
868120171332072
868120171332080
868120171332098
868120171332106
868120171332114
868120171332122
868120171332130
868120171332148
868120171332155
868120171332163
868120171332171
868120171332189
868120171332197
868120171332205
868120171332213
868120171332221
868120171332239
868120171332247
868120171332254
868120171332262
868120171332270
868120171332288
868120171332296
868120171332304
868120171332312
868120171332320
868120171332338
868120171332346
868120171332353
868120171332361
868120171332379
868120171332387
868120171332395
868120171332403
868120171332411
868120171332429
868120171332437
868120171332445
868120171332452
868120171332460
868120171332478
868120171332486
868120171332494
868120171332502
868120171332510
868120171332528
868120171332536
868120171332544
868120171332551
868120171332569
868120171332577
868120171332585
868120171332593
868120171332601
868120171332619
868120171332627
868120171332635
868120171332643
868120171332650
868120171332668
868120171332676
868120171332684
868120171332692
868120171332700
868120171332718
868120171332726
868120171332734
868120171332742
868120171332759
868120171332767
868120171332775
868120171332783
868120171332791
868120171332809
868120171332817
868120171332825
868120171332833
868120171332841
868120171332858
868120171332866
868120171332874
868120171332882
868120171332890
868120171332908
868120171332916
868120171332924
868120171332932
868120171332940
868120171332957
868120171332965
868120171332973
868120171332981
868120171332999
868120171333005
868120171333013
868120171333021
868120171333039
868120171333047
868120171333054
868120171333062
868120171333070
868120171333088
868120171333096
868120171333104
868120171333112
868120171333120
868120171333138
868120171333146
868120171333153
868120171333161
868120171333179
868120171333187
868120171333195
868120171333203
868120171333211
868120171333229
868120171333237
868120171333245
868120171333252
868120171333260
868120171333278
868120171333286
868120171333294
868120171333302
868120171333310
868120171333328
868120171333336
868120171333344
868120171333351
868120171333369
868120171333377
868120171333385
868120171333393
868120171333401
868120171333419
868120171333427
868120171333435
868120171333443
868120171333450
868120171333468
868120171333476
868120171333484
868120171333492
868120171333500
868120171333518
868120171333526
868120171333534
868120171333542
868120171333559
868120171333567
868120171333575
868120171333583
868120171333591
868120171333609
868120171333617
868120171333625
868120171333633
868120171333641
868120171333658
868120171333666
868120171333674
868120171333682
868120171333690
868120171333708
868120171333716
868120171333724
868120171333732
868120171333740
868120171333757
868120171333765
868120171333773
868120171333781
868120171333799
868120171333807
868120171333815
868120171333823
868120171333831
868120171333849
868120171333856
868120171333864
868120171333872
868120171333880
868120171333898
868120171333906
868120171333914
868120171333922
868120171333930
868120171333948
868120171333955
868120171333963
868120171333971
868120171333989
868120171333997
868120171334003
868120171334011
868120171334029
868120171334037
868120171334045
868120171334052
868120171334060
868120171334078
868120171334086
868120171334094
868120171334102
868120171334110
868120171334128
868120171334136
868120171334144
868120171334151
868120171334169
868120171334177
868120171334185
868120171334193
868120171334201
868120171334219
868120171334227
868120171334235
868120171334243
868120171334250
868120171334268
868120171334276
868120171334284
868120171334292
868120171334300
868120171334318
868120171334326
868120171334334
868120171334342
868120171334359
868120171334367
868120171334375
868120171334383
868120171334391
868120171334409
868120171334417
868120171334425
868120171334433
868120171334441
868120171334458
868120171334466
868120171334474
868120171334482
868120171334490
868120171334508
868120171334516
868120171334524
868120171334532
868120171334540
868120171334557
868120171334565
868120171334573
868120171334581
868120171334599
868120171334607
868120171334615
868120171334623
868120171334631
868120171334649
868120171334656
868120171334664
868120171334672
868120171334680
868120171334698
868120171334706
868120171334714
868120171334722
868120171334730
868120171334748
868120171334755
868120171334763
868120171334771
868120171334789
868120171334797
868120171334805
868120171334813
868120171334821
868120171334839
868120171334847
868120171334854
868120171334862
868120171334870
868120171334888
868120171334896
868120171334904
868120171334912
868120171334920
868120171334938
868120171334946
868120171334953
868120171334961
868120171334979
868120171334987
868120171334995
868120171335000
868120171335018
868120171335026
868120171335034
868120171335042
868120171335059
868120171335067
868120171335075
868120171335083
868120171335091
868120171335109
868120171335117
868120171335125
868120171335133
868120171335141
868120171335158
868120171335166
868120171335174
868120171335182
868120171335190
868120171335208
868120171335216
868120171335224
868120171335232
868120171335240
868120171335257
868120171335265
868120171335273
868120171335281
868120171335299
868120171335307
868120171335315
868120171335323
868120171335331
868120171335349
868120171335356
868120171335364
868120171335372
868120171335380
868120171335398
868120171335406
868120171335414
868120171335422
868120171335430
868120171335448
868120171335455
868120171335463
868120171335471
868120171335489
868120171335497
868120171335505
868120171335513
868120171335521
868120171335539
868120171335547
868120171335554
868120171335562
868120171335570
868120171335588
868120171335596
868120171335604
868120171335612
868120171335620
868120171335638
868120171335646
868120171335653
868120171335661
868120171335679
868120171335687
868120171335695
868120171335703
868120171335711
868120171335729
868120171335737
868120171335745
868120171335752
868120171335760
868120171335778
868120171335786
868120171335794
868120171335802
868120171335810
868120171335828
868120171335836
868120171335844
868120171335851
868120171335869
868120171335877
868120171335885
868120171335893
868120171335901
868120171335919
868120171335927
868120171335935
868120171335943
868120171335950
868120171335968
868120171335976
868120171335984
868120171335992
868120171336008
868120171336016
868120171336024
868120171336032
868120171336040
868120171336057
868120171336065
868120171336073
868120171336081
868120171336099
868120171336107
868120171336115
868120171336123
868120171336131
868120171336149
868120171336156
868120171336164
868120171336172
868120171336180
868120171336198
868120171336206
868120171336214
868120171336222
868120171336230
868120171336248
868120171336255
868120171336263
868120171336271
868120171336289
868120171336297
868120171336305
868120171336313
868120171336321
868120171336339
868120171336347
868120171336354
868120171336362
868120171336370
868120171336388
868120171336396
868120171336404
868120171336412
868120171336420
868120171336438
868120171336446
868120171336453
868120171336461
868120171336479
868120171336487
868120171336495
868120171336503
868120171336511
868120171336529
868120171336537
868120171336545
868120171336552
868120171336560
868120171336578
868120171336586
868120171336594
868120171336602
868120171336610
868120171336628
868120171336636
868120171336644
868120171336651
868120171336669
868120171336677
868120171336685
868120171336693
868120171336701
868120171336719
868120171336727
868120171336735
868120171336743
868120171336750
868120171336768
868120171336776
868120171336784
868120171336792
868120171336800
868120171336818
868120171336826
868120171336834
868120171336842
868120171336859
868120171336867
868120171336875
868120171336883
868120171336891
868120171336909
868120171336917
868120171336925
868120171336933
868120171336941
868120171336958
868120171336966
868120171336974
868120171336982
868120171336990
868120171337006
868120171337014
868120171337022
868120171337030
868120171337048
868120171337055
868120171337063
868120171337071
868120171337089
868120171337097
868120171337105
868120171337113
868120171337121
868120171337139
868120171337147
868120171337154
868120171337162
868120171337170
868120171337188
868120171337196
868120171337204
868120171337212
868120171337220
868120171337238
868120171337246
868120171337253
868120171337261
868120171337279
868120171337287
868120171337295
868120171337303
868120171337311
868120171337329
868120171337337
868120171337345
868120171337352
868120171337360
868120171337378
868120171337386
868120171337394
868120171337402
868120171337410
868120171337428
868120171337436
868120171337444
868120171337451
868120171337469
868120171337477
868120171337485
868120171337493
868120171337501
868120171337519
868120171337527
868120171337535
868120171337543
868120171337550
868120171337568
868120171337576
868120171337584
868120171337592
868120171337600
868120171337618
868120171337626
868120171337634
868120171337642
868120171337659
868120171337667
868120171337675
868120171337683
868120171337691
868120171337709
868120171337717
868120171337725
868120171337733
868120171337741
868120171337758
868120171337766
868120171337774
868120171337782
868120171337790
868120171337808
868120171337816
868120171337824
868120171337832
868120171337840
868120171337857
868120171337865
868120171337873
868120171337881
868120171337899
868120171337907
868120171337915
868120171337923
868120171337931
868120171337949
868120171337956
868120171337964
868120171337972
868120171337980
868120171337998
868120171338004
868120171338012
868120171338020
868120171338038
868120171338046
868120171338053
868120171338061
868120171338079
868120171338087
868120171338095
868120171338103
868120171338111
868120171338129
868120171338137
868120171338145
868120171338152
868120171338160
868120171338178
868120171338186
868120171338194
868120171338202
868120171338210
868120171338228
868120171338236
868120171338244
868120171338251
868120171338269
868120171338277
868120171338285
868120171338293
868120171338301
868120171338319
868120171338327
868120171338335
868120171338343
868120171338350
868120171338368
868120171338376
868120171338384
868120171338392
868120171338400
868120171338418
868120171338426
868120171338434
868120171338442
868120171338459
868120171338467
868120171338475
868120171338483
868120171338491
868120171338509
868120171338517
868120171338525
868120171338533
868120171338541
868120171338558
868120171338566
868120171338574
868120171338582
868120171338590
868120171338608
868120171338616
868120171338624
868120171338632
868120171338640
868120171338657
868120171338665
868120171338673
868120171338681
868120171338699
868120171338707
868120171338715
868120171338723
868120171338731
868120171338749
868120171338756
868120171338764
868120171338772
868120171338780
868120171338798
868120171338806
868120171338814
868120171338822
868120171338830
868120171338848
868120171338855
868120171338863
868120171338871
868120171338889
868120171338897
868120171338905
868120171338913
868120171338921
868120171338939
868120171338947
868120171338954
868120171338962
868120171338970
868120171338988
868120171338996
868120171339002
868120171339010
868120171339028
868120171339036
868120171339044
868120171339051
868120171339069
868120171339077
868120171339085
868120171339093
868120171339101
868120171339119
868120171339127
868120171339135
868120171339143
868120171339150
868120171339168
868120171339176
868120171339184
868120171339192
868120171339200
868120171339218
868120171339226
868120171339234
868120171339242
868120171339259
868120171339267
868120171339275
868120171339283
868120171339291
868120171339309
868120171339317
868120171339325
868120171339333
868120171339341
868120171339358
868120171339366
868120171339374
868120171339382
868120171339390
868120171339408
868120171339416
868120171339424
868120171339432
868120171339440
868120171339457
868120171339465
868120171339473
868120171339481
868120171339499
868120171339507
868120171339515
868120171339523
868120171339531
868120171339549
868120171339556
868120171339564
868120171339572
868120171339580
868120171339598
868120171339606
868120171339614
868120171339622
868120171339630
868120171339648
868120171339655
868120171339663
868120171339671
868120171339689
868120171339697
868120171339705
868120171339713
868120171339721
868120171339739
868120171339747
868120171339754
868120171339762
868120171339770
868120171339788
868120171339796
868120171339804
868120171339812
868120171339820
868120171339838
868120171339846
868120171339853
868120171339861
868120171339879
868120171339887
868120171339895
868120171339903
868120171339911
868120171339929
868120171339937
868120171339945
868120171339952
868120171339960
868120171339978
868120171339986
868120171339994
868120171340000
868120171340018
868120171340026
868120171340034
868120171340042
868120171340059
868120171340067
868120171340075
868120171340083
868120171340091
868120171340109
868120171340117
868120171340125
868120171340133
868120171340141
868120171340158
868120171340166
868120171340174
868120171340182
868120171340190
868120171340208
868120171340216
868120171340224
868120171340232
868120171340240
868120171340257
868120171340265
868120171340273
868120171340281
868120171340299
868120171340307
868120171340315
868120171340323
868120171340331
868120171340349
868120171340356
868120171340364
868120171340372
868120171340380
868120171340398
868120171340406
868120171340414
868120171340422
868120171340430
868120171340448
868120171340455
868120171340463
868120171340471
868120171340489
868120171340497
868120171340505
868120171340513
868120171340521
868120171340539
868120171340547
868120171340554
868120171340562
868120171340570
868120171340588
868120171340596
868120171340604
868120171340612
868120171340620
868120171340638
868120171340646
868120171340653
868120171340661
868120171340679
868120171340687
868120171340695
868120171340703
868120171340711
868120171340729
868120171340737
868120171340745
868120171340752
868120171340760
868120171340778
868120171340786
868120171340794
868120171340802
868120171340810
868120171340828
868120171340836
868120171340844
868120171340851
868120171340869
868120171340877
868120171340885
868120171340893
868120171340901
868120171340919
868120171340927
868120171340935
868120171340943
868120171340950
868120171340968
868120171340976
868120171340984
868120171340992
868120171341008
868120171341016
868120171341024
868120171341032
868120171341040
868120171341057
868120171341065
868120171341073
868120171341081
868120171341099
868120171341107
868120171341115
868120171341123
868120171341131
868120171341149
868120171341156
868120171341164
868120171341172
868120171341180
868120171341198
868120171341206
868120171341214
868120171341222
868120171341230
868120171341248
868120171341255
868120171341263
868120171341271
868120171341289
868120171341297
868120171341305
868120171341313
868120171341321
868120171341339
868120171341347
868120171341354
868120171341362
868120171341370
868120171341388
868120171341396
868120171341404
868120171341412
868120171341420
868120171341438
868120171341446
868120171341453
868120171341461
868120171341479
868120171341487
868120171341495
868120171341503
868120171341511
868120171341529
868120171341537
868120171341545
868120171341552
868120171341560
868120171341578
868120171341586
868120171341594
868120171341602
868120171341610
868120171341628
868120171341636
868120171341644
868120171341651
868120171341669
868120171341677
868120171341685
868120171341693
868120171341701
868120171341719
868120171341727
868120171341735
868120171341743
868120171341750
868120171341768
868120171341776
868120171341784
868120171341792
868120171341800
868120171341818
868120171341826
868120171341834
868120171341842
868120171341859
868120171341867
868120171341875
868120171341883
868120171341891
868120171341909
868120171341917
868120171341925
868120171341933
868120171341941
868120171341958
868120171341966
868120171341974
868120171341982
868120171341990
868120171342006
868120171342014
868120171342022
868120171342030
868120171342048
868120171342055
868120171342063
868120171342071
868120171342089
868120171342097
868120171342105
868120171342113
868120171342121
868120171342139
868120171342147
868120171342154
868120171342162
868120171342170
868120171342188
868120171342196
868120171342204
868120171342212
868120171342220
868120171342238
868120171342246
868120171342253
868120171342261
868120171342279
868120171342287
868120171342295
868120171342303
868120171342311
868120171342329
868120171342337
868120171342345
868120171342352
868120171342360
868120171342378
868120171342386
868120171342394
868120171342402
868120171342410
868120171342428
868120171342436
868120171342444
868120171342451
868120171342469
868120171342477
868120171342485
868120171342493
868120171342501
868120171342519
868120171342527
868120171342535
868120171342543
868120171342550
868120171342568
868120171342576
868120171342584
868120171342592
868120171342600
868120171342618
868120171342626
868120171342634
868120171342642
868120171342659
868120171342667
868120171342675
868120171342683
868120171342691
868120171342709
868120171342717
868120171342725
868120171342733
868120171342741
868120171342758
868120171342766
868120171342774
868120171342782
868120171342790
868120171342808
868120171342816
868120171342824
868120171342832
868120171342840
868120171342857
868120171342865
868120171342873
868120171342881
868120171342899
868120171342907
868120171342915
868120171342923
868120171342931
868120171342949
868120171342956
868120171342964
868120171342972
868120171342980
868120171342998
868120171343004
868120171343012
868120171343020
868120171343038
868120171343046
868120171343053
868120171343061
868120171343079
868120171343087
868120171343095
868120171343103
868120171343111
868120171343129
868120171343137
868120171343145
868120171343152
868120171343160
868120171343178
868120171343186
868120171343194
868120171343202
868120171343210
868120171343228
868120171343236
868120171343244
868120171343251
868120171343269
868120171343277
868120171343285
868120171343293
868120171343301
868120171343319
868120171343327
868120171343335
868120171343343
868120171343350
868120171343368
868120171343376
868120171343384
868120171343392
868120171343400
868120171343418
868120171343426
868120171343434
868120171343442
868120171343459
868120171343467
868120171343475
868120171343483
868120171343491
868120171343509
868120171343517
868120171343525
868120171343533
868120171343541
868120171343558
868120171343566
868120171343574
868120171343582
868120171343590
868120171343608
868120171343616
868120171343624
868120171343632
868120171343640
868120171343657
868120171343665
868120171343673
868120171343681
868120171343699
868120171343707
868120171343715
868120171343723
868120171343731
868120171343749
868120171343756
868120171343764
868120171343772
868120171343780
868120171343798
868120171343806
868120171343814
868120171343822
868120171343830
868120171343848
868120171343855
868120171343863
868120171343871
868120171343889
868120171343897
868120171343905
868120171343913
868120171343921
868120171343939
868120171343947
868120171343954
868120171343962
868120171343970
868120171343988
868120171343996
868120171344002
868120171344010
868120171344028
868120171344036
868120171344044
868120171344051
868120171344069
868120171344077
868120171344085
868120171344093
868120171344101
868120171344119
868120171344127
868120171344135
868120171344143
868120171344150
868120171344168
868120171344176
868120171344184
868120171344192
868120171344200
868120171344218
868120171344226
868120171344234
868120171344242
868120171344259
868120171344267
868120171344275
868120171344283
868120171344291
868120171344309
868120171344317
868120171344325
868120171344333
868120171344341
868120171344358
868120171344366
868120171344374
868120171344382
868120171344390
868120171344408
868120171344416
868120171344424
868120171344432
868120171344440
868120171344457
868120171344465
868120171344473
868120171344481
868120171344499
868120171344507
868120171344515
868120171344523
868120171344531
868120171344549
868120171344556
868120171344564
868120171344572
868120171344580
868120171344598
868120171344606
868120171344614
868120171344622
868120171344630
868120171344648
868120171344655
868120171344663
868120171344671
868120171344689
868120171344697
868120171344705
868120171344713
868120171344721
868120171344739
868120171344747
868120171344754
868120171344762
868120171344770
868120171344788
868120171344796
868120171344804
868120171344812
868120171344820
868120171344838
868120171344846
868120171344853
868120171344861
868120171344879
868120171344887
868120171344895
868120171344903
868120171344911
868120171344929
868120171344937
868120171344945
868120171344952
868120171344960
868120171344978
868120171344986
868120171344994
868120171345009
868120171345017
868120171345025
868120171345033
868120171345041
868120171345058
868120171345066
868120171345074
868120171345082
868120171345090
868120171345108
868120171345116
868120171345124
868120171345132
868120171345140
868120171345157
868120171345165
868120171345173
868120171345181
868120171345199
868120171345207
868120171345215
868120171345223
868120171345231
868120171345249
868120171345256
868120171345264
868120171345272
868120171345280
868120171345298
868120171345306
868120171345314
868120171345322
868120171345330
868120171345348
868120171345355
868120171345363
868120171345371
868120171345389
868120171345397
868120171345405
868120171345413
868120171345421
868120171345439
868120171345447
868120171345454
868120171345462
868120171345470
868120171345488
868120171345496
868120171345504
868120171345512
868120171345520
868120171345538
868120171345546
868120171345553
868120171345561
868120171345579
868120171345587
868120171345595
868120171345603
868120171345611
868120171345629
868120171345637
868120171345645
868120171345652
868120171345660
868120171345678
868120171345686
868120171345694
868120171345702
868120171345710
868120171345728
868120171345736
868120171345744
868120171345751
868120171345769
868120171345777
868120171345785
868120171345793
868120171345801
868120171345819
868120171345827
868120171345835
868120171345843
868120171345850
868120171345868
868120171345876
868120171345884
868120171345892
868120171345900
868120171345918
868120171345926
868120171345934
868120171345942
868120171345959
868120171345967
868120171345975
868120171345983
868120171345991
868120171346007
868120171346015
868120171346023
868120171346031
868120171346049
868120171346056
868120171346064
868120171346072
868120171346080
868120171346098
868120171346106
868120171346114
868120171346122
868120171346130
868120171346148
868120171346155
868120171346163
868120171346171
868120171346189
868120171346197
868120171346205
868120171346213
868120171346221
868120171346239
868120171346247
868120171346254
868120171346262
868120171346270
868120171346288
868120171346296
868120171346304
868120171346312
868120171346320
868120171346338
868120171346346
868120171346353
868120171346361
868120171346379
868120171346387
868120171346395
868120171346403
868120171346411
868120171346429
868120171346437
868120171346445
868120171346452
868120171346460
868120171346478
868120171346486
868120171346494
868120171346502
868120171346510
868120171346528
868120171346536
868120171346544
868120171346551
868120171346569
868120171346577
868120171346585
868120171346593
868120171346601
868120171346619
868120171346627
868120171346635
868120171346643
868120171346650
868120171346668
868120171346676
868120171346684
868120171346692
868120171346700
868120171346718
868120171346726
868120171346734
868120171346742
868120171346759
868120171346767
868120171346775
868120171346783
868120171346791
868120171346809
868120171346817
868120171346825
868120171346833
868120171346841
868120171346858
868120171346866
868120171346874
868120171346882
868120171346890
868120171346908
868120171346916
868120171346924
868120171346932
868120171346940
868120171346957
868120171346965
868120171346973
868120171346981
868120171346999
868120171347005
868120171347013
868120171347021
868120171347039
868120171347047
868120171347054
868120171347062
868120171347070
868120171347088
868120171347096
868120171347104
868120171347112
868120171347120
868120171347138
868120171347146
868120171347153
868120171347161
868120171347179
868120171347187
868120171347195
868120171347203
868120171347211
868120171347229
868120171347237
868120171347245
868120171347252
868120171347260
868120171347278
868120171347286
868120171347294
868120171347302
868120171347310
868120171347328
868120171347336
868120171347344
868120171347351
868120171347369
868120171347377
868120171347385
868120171347393
868120171347401
868120171347419
868120171347427
868120171347435
868120171347443
868120171347450
868120171347468
868120171347476
868120171347484
868120171347492
868120171347500
868120171347518
868120171347526
868120171347534
868120171347542
868120171347559
868120171347567
868120171347575
868120171347583
868120171347591
868120171347609
868120171347617
868120171347625
868120171347633
868120171347641
868120171347658
868120171347666
868120171347674
868120171347682
868120171347690
868120171347708
868120171347716
868120171347724
868120171347732
868120171347740
868120171347757
868120171347765
868120171347773
868120171347781
868120171347799
868120171347807
868120171347815
868120171347823
868120171347831
868120171347849
868120171347856
868120171347864
868120171347872
868120171347880
868120171347898
868120171347906
868120171347914
868120171347922
868120171347930
868120171347948
868120171347955
868120171347963
868120171347971
868120171347989
868120171347997
868120171348003
868120171348011
868120171348029
868120171348037
868120171348045
868120171348052
868120171348060
868120171348078
868120171348086
868120171348094
868120171348102
868120171348110
868120171348128
868120171348136
868120171348144
868120171348151
868120171348169
868120171348177
868120171348185
868120171348193
868120171348201
868120171348219
868120171348227
868120171348235
868120171348243
868120171348250
868120171348268
868120171348276
868120171348284
868120171348292
868120171348300
868120171348318
868120171348326
868120171348334
868120171348342
868120171348359
868120171348367
868120171348375
868120171348383
868120171348391
868120171348409
868120171348417
868120171348425
868120171348433
868120171348441
868120171348458
868120171348466
868120171348474
868120171348482
868120171348490
868120171348508
868120171348516
868120171348524
868120171348532
868120171348540
868120171348557
868120171348565
868120171348573
868120171348581
868120171348599
868120171348607
868120171348615
868120171348623
868120171348631
868120171348649
868120171348656
868120171348664
868120171348672
868120171348680
868120171348698
868120171348706
868120171348714
868120171348722
868120171348730
868120171348748
868120171348755
868120171348763
868120171348771
868120171348789
868120171348797
868120171348805
868120171348813
868120171348821
868120171348839
868120171348847
868120171348854
868120171348862
868120171348870
868120171348888
868120171348896
868120171348904
868120171348912
868120171348920
868120171348938
868120171348946
868120171348953
868120171348961
868120171348979
868120171348987
868120171348995
868120171349001
868120171349019
868120171349027
868120171349035
868120171349043
868120171349050
868120171349068
868120171349076
868120171349084
868120171349092
868120171349100
868120171349118
868120171349126
868120171349134
868120171349142
868120171349159
868120171349167
868120171349175
868120171349183
868120171349191
868120171349209
868120171349217
868120171349225
868120171349233
868120171349241
868120171349258
868120171349266
868120171349274
868120171349282
868120171349290
868120171349308
868120171349316
868120171349324
868120171349332
868120171349340
868120171349357
868120171349365
868120171349373
868120171349381
868120171349399
868120171349407
868120171349415
868120171349423
868120171349431
868120171349449
868120171349456
868120171349464
868120171349472
868120171349480
868120171349498
868120171349506
868120171349514
868120171349522
868120171349530
868120171349548
868120171349555
868120171349563
868120171349571
868120171349589
868120171349597
868120171349605
868120171349613
868120171349621
868120171349639
868120171349647
868120171349654
868120171349662
868120171349670
868120171349688
868120171349696
868120171349704
868120171349712
868120171349720
868120171349738
868120171349746
868120171349753
868120171349761
868120171349779
868120171349787
868120171349795
868120171349803
868120171349811
868120171349829
868120171349837
868120171349845
868120171349852
868120171349860
868120171349878
868120171349886
868120171349894
868120171349902
868120171349910
868120171349928
868120171349936
868120171349944
868120171349951
868120171349969
868120171349977
868120171349985
868120171349993
868120171350009
868120171350017
868120171350025
868120171350033
868120171350041
868120171350058
868120171350066
868120171350074
868120171350082
868120171350090
868120171350108
868120171350116
868120171350124
868120171350132
868120171350140
868120171350157
868120171350165
868120171350173
868120171350181
868120171350199
868120171350207
868120171350215
868120171350223
868120171350231
868120171350249
868120171350256
868120171350264
868120171350272
868120171350280
868120171350298
868120171350306
868120171350314
868120171350322
868120171350330
868120171350348
868120171350355
868120171350363
868120171350371
868120171350389
868120171350397
868120171350405
868120171350413
868120171350421
868120171350439
868120171350447
868120171350454
868120171350462
868120171350470
868120171350488
868120171350496
868120171350504
868120171350512
868120171350520
868120171350538
868120171350546
868120171350553
868120171350561
868120171350579
868120171350587
868120171350595
868120171350603
868120171350611
868120171350629
868120171350637
868120171350645
868120171350652
868120171350660
868120171350678
868120171350686
868120171350694
868120171350702
868120171350710
868120171350728
868120171350736
868120171350744
868120171350751
868120171350769
868120171350777
868120171350785
868120171350793
868120171350801
868120171350819
868120171350827
868120171350835
868120171350843
868120171350850
868120171350868
868120171350876
868120171350884
868120171350892
868120171350900
868120171350918
868120171350926
868120171350934
868120171350942
868120171350959
868120171350967
868120171350975
868120171350983
868120171350991
868120171351007
868120171351015
868120171351023
868120171351031
868120171351049
868120171351056
868120171351064
868120171351072
868120171351080
868120171351098
868120171351106
868120171351114
868120171351122
868120171351130
868120171351148
868120171351155
868120171351163
868120171351171
868120171351189
868120171351197
868120171351205
868120171351213
868120171351221
868120171351239
868120171351247
868120171351254
868120171351262
868120171351270
868120171351288
868120171351296
868120171351304
868120171351312
868120171351320
868120171351338
868120171351346
868120171351353
868120171351361
868120171351379
868120171351387
868120171351395
868120171351403
868120171351411
868120171351429
868120171351437
868120171351445
868120171351452
868120171351460
868120171351478
868120171351486
868120171351494
868120171351502
868120171351510
868120171351528
868120171351536
868120171351544
868120171351551
868120171351569
868120171351577
868120171351585
868120171351593
868120171351601
868120171351619
868120171351627
868120171351635
868120171351643
868120171351650
868120171351668
868120171351676
868120171351684
868120171351692
868120171351700
868120171351718
868120171351726
868120171351734
868120171351742
868120171351759
868120171351767
868120171351775
868120171351783
868120171351791
868120171351809
868120171351817
868120171351825
868120171351833
868120171351841
868120171351858
868120171351866
868120171351874
868120171351882
868120171351890
868120171351908
868120171351916
868120171351924
868120171351932
868120171351940
868120171351957
868120171351965
868120171351973
868120171351981
868120171351999
868120171352005
868120171352013
868120171352021
868120171352039
868120171352047
868120171352054
868120171352062
868120171352070
868120171352088
868120171352096
868120171352104
868120171352112
868120171352120
868120171352138
868120171352146
868120171352153
868120171352161
868120171352179
868120171352187
868120171352195
868120171352203
868120171352211
868120171352229
868120171352237
868120171352245
868120171352252
868120171352260
868120171352278
868120171352286
868120171352294
868120171352302
868120171352310
868120171352328
868120171352336
868120171352344
868120171352351
868120171352369
868120171352377
868120171352385
868120171352393
868120171352401
868120171352419
868120171352427
868120171352435
868120171352443
868120171352450
868120171352468
868120171352476
868120171352484
868120171352492
868120171352500
868120171352518
868120171352526
868120171352534
868120171352542
868120171352559
868120171352567
868120171352575
868120171352583
868120171352591
868120171352609
868120171352617
868120171352625
868120171352633
868120171352641
868120171352658
868120171352666
868120171352674
868120171352682
868120171352690
868120171352708
868120171352716
868120171352724
868120171352732
868120171352740
868120171352757
868120171352765
868120171352773
868120171352781
868120171352799
868120171352807
868120171352815
868120171352823
868120171352831
868120171352849
868120171352856
868120171352864
868120171352872
868120171352880
868120171352898
868120171352906
868120171352914
868120171352922
868120171352930
868120171352948
868120171352955
868120171352963
868120171352971
868120171352989
868120171352997
868120171353003
868120171353011
868120171353029
868120171353037
868120171353045
868120171353052
868120171353060
868120171353078
868120171353086
868120171353094
868120171353102
868120171353110
868120171353128
868120171353136
868120171353144
868120171353151
868120171353169
868120171353177
868120171353185
868120171353193
868120171353201
868120171353219
868120171353227
868120171353235
868120171353243
868120171353250
868120171353268
868120171353276
868120171353284
868120171353292
868120171353300
868120171353318
868120171353326
868120171353334
868120171353342
868120171353359
868120171353367
868120171353375
868120171353383
868120171353391
868120171353409
868120171353417
868120171353425
868120171353433
868120171353441
868120171353458
868120171353466
868120171353474
868120171353482
868120171353490
868120171353508
868120171353516
868120171353524
868120171353532
868120171353540
868120171353557
868120171353565
868120171353573
868120171353581
868120171353599
868120171353607
868120171353615
868120171353623
868120171353631
868120171353649
868120171353656
868120171353664
868120171353672
868120171353680
868120171353698
868120171353706
868120171353714
868120171353722
868120171353730
868120171353748
868120171353755
868120171353763
868120171353771
868120171353789
868120171353797
868120171353805
868120171353813
868120171353821
868120171353839
868120171353847
868120171353854
868120171353862
868120171353870
868120171353888
868120171353896
868120171353904
868120171353912
868120171353920
868120171353938
868120171353946
868120171353953
868120171353961
868120171353979
868120171353987
868120171353995
868120171354001
868120171354019
868120171354027
868120171354035
868120171354043
868120171354050
868120171354068
868120171354076
868120171354084
868120171354092
868120171354100
868120171354118
868120171354126
868120171354134
868120171354142
868120171354159
868120171354167
868120171354175
868120171354183
868120171354191
868120171354209
868120171354217
868120171354225
868120171354233
868120171354241
868120171354258
868120171354266
868120171354274
868120171354282
868120171354290
868120171354308
868120171354316
868120171354324
868120171354332
868120171354340
868120171354357
868120171354365
868120171354373
868120171354381
868120171354399
868120171354407
868120171354415
868120171354423
868120171354431
868120171354449
868120171354456
868120171354464
868120171354472
868120171354480
868120171354498
868120171354506
868120171354514
868120171354522
868120171354530
868120171354548
868120171354555
868120171354563
868120171354571
868120171354589
868120171354597
868120171354605
868120171354613
868120171354621
868120171354639
868120171354647
868120171354654
868120171354662
868120171354670
868120171354688
868120171354696
868120171354704
868120171354712
868120171354720
868120171354738
868120171354746
868120171354753
868120171354761
868120171354779
868120171354787
868120171354795
868120171354803
868120171354811
868120171354829
868120171354837
868120171354845
868120171354852
868120171354860
868120171354878
868120171354886
868120171354894
868120171354902
868120171354910
868120171354928
868120171354936
868120171354944
868120171354951
868120171354969
868120171354977
868120171354985
868120171354993
868120171355008
868120171355016
868120171355024
868120171355032
868120171355040
868120171355057
868120171355065
868120171355073
868120171355081
868120171355099
868120171355107
868120171355115
868120171355123
868120171355131
868120171355149
868120171355156
868120171355164
868120171355172
868120171355180
868120171355198
868120171355206
868120171355214
868120171355222
868120171355230
868120171355248
868120171355255
868120171355263
868120171355271
868120171355289
868120171355297
868120171355305
868120171355313
868120171355321
868120171355339
868120171355347
868120171355354
868120171355362
868120171355370
868120171355388
868120171355396
868120171355404
868120171355412
868120171355420
868120171355438
868120171355446
868120171355453
868120171355461
868120171355479
868120171355487
868120171355495
868120171355503
868120171355511
868120171355529
868120171355537
868120171355545
868120171355552
868120171355560
868120171355578
868120171355586
868120171355594
868120171355602
868120171355610
868120171355628
868120171355636
868120171355644
868120171355651
868120171355669
868120171355677
868120171355685
868120171355693
868120171355701
868120171355719
868120171355727
868120171355735
868120171355743
868120171355750
868120171355768
868120171355776
868120171355784
868120171355792
868120171355800
868120171355818
868120171355826
868120171355834
868120171355842
868120171355859
868120171355867
868120171355875
868120171355883
868120171355891
868120171355909
868120171355917
868120171355925
868120171355933
868120171355941
868120171355958
868120171355966
868120171355974
868120171355982
868120171355990
868120171356006
868120171356014
868120171356022
868120171356030
868120171356048
868120171356055
868120171356063
868120171356071
868120171356089
868120171356097
868120171356105
868120171356113
868120171356121
868120171356139
868120171356147
868120171356154
868120171356162
868120171356170
868120171356188
868120171356196
868120171356204
868120171356212
868120171356220
868120171356238
868120171356246
868120171356253
868120171356261
868120171356279
868120171356287
868120171356295
868120171356303
868120171356311
868120171356329
868120171356337
868120171356345
868120171356352
868120171356360
868120171356378
868120171356386
868120171356394
868120171356402
868120171356410
868120171356428
868120171356436
868120171356444
868120171356451
868120171356469
868120171356477
868120171356485
868120171356493
868120171356501
868120171356519
868120171356527
868120171356535
868120171356543
868120171356550
868120171356568
868120171356576
868120171356584
868120171356592
868120171356600
868120171356618
868120171356626
868120171356634
868120171356642
868120171356659
868120171356667
868120171356675
868120171356683
868120171356691
868120171356709
868120171356717
868120171356725
868120171356733
868120171356741
868120171356758
868120171356766
868120171356774
868120171356782
868120171356790
868120171356808
868120171356816
868120171356824
868120171356832
868120171356840
868120171356857
868120171356865
868120171356873
868120171356881
868120171356899
868120171356907
868120171356915
868120171356923
868120171356931
868120171356949
868120171356956
868120171356964
868120171356972
868120171356980
868120171356998
868120171357004
868120171357012
868120171357020
868120171357038
868120171357046
868120171357053
868120171357061
868120171357079
868120171357087
868120171357095
868120171357103
868120171357111
868120171357129
868120171357137
868120171357145
868120171357152
868120171357160
868120171357178
868120171357186
868120171357194
868120171357202
868120171357210
868120171357228
868120171357236
868120171357244
868120171357251
868120171357269
868120171357277
868120171357285
868120171357293
868120171357301
868120171357319
868120171357327
868120171357335
868120171357343
868120171357350
868120171357368
868120171357376
868120171357384
868120171357392
868120171357400
868120171357418
868120171357426
868120171357434
868120171357442
868120171357459
868120171357467
868120171357475
868120171357483
868120171357491
868120171357509
868120171357517
868120171357525
868120171357533
868120171357541
868120171357558
868120171357566
868120171357574
868120171357582
868120171357590
868120171357608
868120171357616
868120171357624
868120171357632
868120171357640
868120171357657
868120171357665
868120171357673
868120171357681
868120171357699
868120171357707
868120171357715
868120171357723
868120171357731
868120171357749
868120171357756
868120171357764
868120171357772
868120171357780
868120171357798
868120171357806
868120171357814
868120171357822
868120171357830
868120171357848
868120171357855
868120171357863
868120171357871
868120171357889
868120171357897
868120171357905
868120171357913
868120171357921
868120171357939
868120171357947
868120171357954
868120171357962
868120171357970
868120171357988
868120171357996
868120171358002
868120171358010
868120171358028
868120171358036
868120171358044
868120171358051
868120171358069
868120171358077
868120171358085
868120171358093
868120171358101
868120171358119
868120171358127
868120171358135
868120171358143
868120171358150
868120171358168
868120171358176
868120171358184
868120171358192
868120171358200
868120171358218
868120171358226
868120171358234
868120171358242
868120171358259
868120171358267
868120171358275
868120171358283
868120171358291
868120171358309
868120171358317
868120171358325
868120171358333
868120171358341
868120171358358
868120171358366
868120171358374
868120171358382
868120171358390
868120171358408
868120171358416
868120171358424
868120171358432
868120171358440
868120171358457
868120171358465
868120171358473
868120171358481
868120171358499
868120171358507
868120171358515
868120171358523
868120171358531
868120171358549
868120171358556
868120171358564
868120171358572
868120171358580
868120171358598
868120171358606
868120171358614
868120171358622
868120171358630
868120171358648
868120171358655
868120171358663
868120171358671
868120171358689
868120171358697
868120171358705
868120171358713
868120171358721
868120171358739
868120171358747
868120171358754
868120171358762
868120171358770
868120171358788
868120171358796
868120171358804
868120171358812
868120171358820
868120171358838
868120171358846
868120171358853
868120171358861
868120171358879
868120171358887
868120171358895
868120171358903
868120171358911
868120171358929
868120171358937
868120171358945
868120171358952
868120171358960
868120171358978
868120171358986
868120171358994
868120171359000
868120171359018
868120171359026
868120171359034
868120171359042
868120171359059
868120171359067
868120171359075
868120171359083
868120171359091
868120171359109
868120171359117
868120171359125
868120171359133
868120171359141
868120171359158
868120171359166
868120171359174
868120171359182
868120171359190
868120171359208
868120171359216
868120171359224
868120171359232
868120171359240
868120171359257
868120171359265
868120171359273
868120171359281
868120171359299
868120171359307
868120171359315
868120171359323
868120171359331
868120171359349
868120171359356
868120171359364
868120171359372
868120171359380
868120171359398
868120171359406
868120171359414
868120171359422
868120171359430
868120171359448
868120171359455
868120171359463
868120171359471
868120171359489
868120171359497
868120171359505
868120171359513
868120171359521
868120171359539
868120171359547
868120171359554
868120171359562
868120171359570
868120171359588
868120171359596
868120171359604
868120171359612
868120171359620
868120171359638
868120171359646
868120171359653
868120171359661
868120171359679
868120171359687
868120171359695
868120171359703
868120171359711
868120171359729
868120171359737
868120171359745
868120171359752
868120171359760
868120171359778
868120171359786
868120171359794
868120171359802
868120171359810
868120171359828
868120171359836
868120171359844
868120171359851
868120171359869
868120171359877
868120171359885
868120171359893
868120171359901
868120171359919
868120171359927
868120171359935
868120171359943
868120171359950
868120171359968
868120171359976
868120171359984
868120171359992
868120171360008
868120171360016
868120171360024
868120171360032
868120171360040
868120171360057
868120171360065
868120171360073
868120171360081
868120171360099
868120171360107
868120171360115
868120171360123
868120171360131
868120171360149
868120171360156
868120171360164
868120171360172
868120171360180
868120171360198
868120171360206
868120171360214
868120171360222
868120171360230
868120171360248
868120171360255
868120171360263
868120171360271
868120171360289
868120171360297
868120171360305
868120171360313
868120171360321
868120171360339
868120171360347
868120171360354
868120171360362
868120171360370
868120171360388
868120171360396
868120171360404
868120171360412
868120171360420
868120171360438
868120171360446
868120171360453
868120171360461
868120171360479
868120171360487
868120171360495
868120171360503
868120171360511
868120171360529
868120171360537
868120171360545
868120171360552
868120171360560
868120171360578
868120171360586
868120171360594
868120171360602
868120171360610
868120171360628
868120171360636
868120171360644
868120171360651
868120171360669
868120171360677
868120171360685
868120171360693
868120171360701
868120171360719
868120171360727
868120171360735
868120171360743
868120171360750
868120171360768
868120171360776
868120171360784
868120171360792
868120171360800
868120171360818
868120171360826
868120171360834
868120171360842
868120171360859
868120171360867
868120171360875
868120171360883
868120171360891
868120171360909
868120171360917
868120171360925
868120171360933
868120171360941
868120171360958
868120171360966
868120171360974
868120171360982
868120171360990
868120171361006
868120171361014
868120171361022
868120171361030