868120168025440
868120168025457
868120168025465
868120168025473
868120168025481
868120168025499
868120168025507
868120168025515
868120168025523
868120168025531
868120168025549
868120168025556
868120168025564
868120168025572
868120168025580
868120168025598
868120168025606
868120168025614
868120168025622
868120168025630
868120168025648
868120168025655
868120168025663
868120168025671
868120168025689
868120168025697
868120168025705
868120168025713
868120168025721
868120168025739
868120168025747
868120168025754
868120168025762
868120168025770
868120168025788
868120168025796
868120168025804
868120168025812
868120168025820
868120168025838
868120168025846
868120168025853
868120168025861
868120168025879
868120168025887
868120168025895
868120168025903
868120168025911
868120168025929
868120168025937
868120168025945
868120168025952
868120168025960
868120168025978
868120168025986
868120168025994
868120168026000
868120168026018
868120168026026
868120168026034
868120168026042
868120168026059
868120168026067
868120168026075
868120168026083
868120168026091
868120168026109
868120168026117
868120168026125
868120168026133
868120168026141
868120168026158
868120168026166
868120168026174
868120168026182
868120168026190
868120168026208
868120168026216
868120168026224
868120168026232
868120168026240
868120168026257
868120168026265
868120168026273
868120168026281
868120168026299
868120168026307
868120168026315
868120168026323
868120168026331
868120168026349
868120168026356
868120168026364
868120168026372
868120168026380
868120168026398
868120168026406
868120168026414
868120168026422
868120168026430
868120168026448
868120168026455
868120168026463
868120168026471
868120168026489
868120168026497
868120168026505
868120168026513
868120168026521
868120168026539
868120168026547
868120168026554
868120168026562
868120168026570
868120168026588
868120168026596
868120168026604
868120168026612
868120168026620
868120168026638
868120168026646
868120168026653
868120168026661
868120168026679
868120168026687
868120168026695
868120168026703
868120168026711
868120168026729
868120168026737
868120168026745
868120168026752
868120168026760
868120168026778
868120168026786
868120168026794
868120168026802
868120168026810
868120168026828
868120168026836
868120168026844
868120168026851
868120168026869
868120168026877
868120168026885
868120168026893
868120168026901
868120168026919
868120168026927
868120168026935
868120168026943
868120168026950
868120168026968
868120168026976
868120168026984
868120168026992
868120168027008
868120168027016
868120168027024
868120168027032
868120168027040
868120168027057
868120168027065
868120168027073
868120168027081
868120168027099
868120168027107
868120168027115
868120168027123
868120168027131
868120168027149
868120168027156
868120168027164
868120168027172
868120168027180
868120168027198
868120168027206
868120168027214
868120168027222
868120168027230
868120168027248
868120168027255
868120168027263
868120168027271
868120168027289
868120168027297
868120168027305
868120168027313
868120168027321
868120168027339
868120168027347
868120168027354
868120168027362
868120168027370
868120168027388
868120168027396
868120168027404
868120168027412
868120168027420
868120168027438
868120168027446
868120168027453
868120168027461
868120168027479
868120168027487
868120168027495
868120168027503
868120168027511
868120168027529
868120168027537
868120168027545
868120168027552
868120168027560
868120168027578
868120168027586
868120168027594
868120168027602
868120168027610
868120168027628
868120168027636
868120168027644
868120168027651
868120168027669
868120168027677
868120168027685
868120168027693
868120168027701
868120168027719
868120168027727
868120168027735
868120168027743
868120168027750
868120168027768
868120168027776
868120168027784
868120168027792
868120168027800
868120168027818
868120168027826
868120168027834
868120168027842
868120168027859
868120168027867
868120168027875
868120168027883
868120168027891
868120168027909
868120168027917
868120168027925
868120168027933
868120168027941
868120168027958
868120168027966
868120168027974
868120168027982
868120168027990
868120168028006
868120168028014
868120168028022
868120168028030
868120168028048
868120168028055
868120168028063
868120168028071
868120168028089
868120168028097
868120168028105
868120168028113
868120168028121
868120168028139
868120168028147
868120168028154
868120168028162
868120168028170
868120168028188
868120168028196
868120168028204
868120168028212
868120168028220
868120168028238
868120168028246
868120168028253
868120168028261
868120168028279
868120168028287
868120168028295
868120168028303
868120168028311
868120168028329
868120168028337
868120168028345
868120168028352
868120168028360
868120168028378
868120168028386
868120168028394
868120168028402
868120168028410
868120168028428
868120168028436
868120168028444
868120168028451
868120168028469
868120168028477
868120168028485
868120168028493
868120168028501
868120168028519
868120168028527
868120168028535
868120168028543
868120168028550
868120168028568
868120168028576
868120168028584
868120168028592
868120168028600
868120168028618
868120168028626
868120168028634
868120168028642
868120168028659
868120168028667
868120168028675
868120168028683
868120168028691
868120168028709
868120168028717
868120168028725
868120168028733
868120168028741
868120168028758
868120168028766
868120168028774
868120168028782
868120168028790
868120168028808
868120168028816
868120168028824
868120168028832
868120168028840
868120168028857
868120168028865
868120168028873
868120168028881
868120168028899
868120168028907
868120168028915
868120168028923
868120168028931
868120168028949
868120168028956
868120168028964
868120168028972
868120168028980
868120168028998
868120168029004
868120168029012
868120168029020
868120168029038
868120168029046
868120168029053
868120168029061
868120168029079
868120168029087
868120168029095
868120168029103
868120168029111
868120168029129
868120168029137
868120168029145
868120168029152
868120168029160
868120168029178
868120168029186
868120168029194
868120168029202
868120168029210
868120168029228
868120168029236
868120168029244
868120168029251
868120168029269
868120168029277
868120168029285
868120168029293
868120168029301
868120168029319
868120168029327
868120168029335
868120168029343
868120168029350
868120168029368
868120168029376
868120168029384
868120168029392
868120168029400
868120168029418
868120168029426
868120168029434
868120168029442
868120168029459
868120168029467
868120168029475
868120168029483
868120168029491
868120168029509
868120168029517
868120168029525
868120168029533
868120168029541
868120168029558
868120168029566
868120168029574
868120168029582
868120168029590
868120168029608
868120168029616
868120168029624
868120168029632
868120168029640
868120168029657
868120168029665
868120168029673
868120168029681
868120168029699
868120168029707
868120168029715
868120168029723
868120168029731
868120168029749
868120168029756
868120168029764
868120168029772
868120168029780
868120168029798
868120168029806
868120168029814
868120168029822
868120168029830
868120168029848
868120168029855
868120168029863
868120168029871
868120168029889
868120168029897
868120168029905
868120168029913
868120168029921
868120168029939
868120168029947
868120168029954
868120168029962
868120168029970
868120168029988
868120168029996
868120168030002
868120168030010
868120168030028
868120168030036
868120168030044
868120168030051
868120168030069
868120168030077
868120168030085
868120168030093
868120168030101
868120168030119
868120168030127
868120168030135
868120168030143
868120168030150
868120168030168
868120168030176
868120168030184
868120168030192
868120168030200
868120168030218
868120168030226
868120168030234
868120168030242
868120168030259
868120168030267
868120168030275
868120168030283
868120168030291
868120168030309
868120168030317
868120168030325
868120168030333
868120168030341
868120168030358
868120168030366
868120168030374
868120168030382
868120168030390
868120168030408
868120168030416
868120168030424
868120168030432
868120168030440
868120168030457
868120168030465
868120168030473
868120168030481
868120168030499
868120168030507
868120168030515
868120168030523
868120168030531
868120168030549
868120168030556
868120168030564
868120168030572
868120168030580
868120168030598
868120168030606
868120168030614
868120168030622
868120168030630
868120168030648
868120168030655
868120168030663
868120168030671
868120168030689
868120168030697
868120168030705
868120168030713
868120168030721
868120168030739
868120168030747
868120168030754
868120168030762
868120168030770
868120168030788
868120168030796
868120168030804
868120168030812
868120168030820
868120168030838
868120168030846
868120168030853
868120168030861
868120168030879
868120168030887
868120168030895
868120168030903
868120168030911
868120168030929
868120168030937
868120168030945
868120168030952
868120168030960
868120168030978
868120168030986
868120168030994
868120168031000
868120168031018
868120168031026
868120168031034
868120168031042
868120168031059
868120168031067
868120168031075
868120168031083
868120168031091
868120168031109
868120168031117
868120168031125
868120168031133
868120168031141
868120168031158
868120168031166
868120168031174
868120168031182
868120168031190
868120168031208
868120168031216
868120168031224
868120168031232
868120168031240
868120168031257
868120168031265
868120168031273
868120168031281
868120168031299
868120168031307
868120168031315
868120168031323
868120168031331
868120168031349
868120168031356
868120168031364
868120168031372
868120168031380
868120168031398
868120168031406
868120168031414
868120168031422
868120168031430
868120168031448
868120168031455
868120168031463
868120168031471
868120168031489
868120168031497
868120168031505
868120168031513
868120168031521
868120168031539
868120168031547
868120168031554
868120168031562
868120168031570
868120168031588
868120168031596
868120168031604
868120168031612
868120168031620
868120168031638
868120168031646
868120168031653
868120168031661
868120168031679
868120168031687
868120168031695
868120168031703
868120168031711
868120168031729
868120168031737
868120168031745
868120168031752
868120168031760
868120168031778
868120168031786
868120168031794
868120168031802
868120168031810
868120168031828
868120168031836
868120168031844
868120168031851
868120168031869
868120168031877
868120168031885
868120168031893
868120168031901
868120168031919
868120168031927
868120168031935
868120168031943
868120168031950
868120168031968
868120168031976
868120168031984
868120168031992
868120168032008
868120168032016
868120168032024
868120168032032
868120168032040
868120168032057
868120168032065
868120168032073
868120168032081
868120168032099
868120168032107
868120168032115
868120168032123
868120168032131
868120168032149
868120168032156
868120168032164
868120168032172
868120168032180
868120168032198
868120168032206
868120168032214
868120168032222
868120168032230
868120168032248
868120168032255
868120168032263
868120168032271
868120168032289
868120168032297
868120168032305
868120168032313
868120168032321
868120168032339
868120168032347
868120168032354
868120168032362
868120168032370
868120168032388
868120168032396
868120168032404
868120168032412
868120168032420
868120168032438
868120168032446
868120168032453
868120168032461
868120168032479
868120168032487
868120168032495
868120168032503
868120168032511
868120168032529
868120168032537
868120168032545
868120168032552
868120168032560
868120168032578
868120168032586
868120168032594
868120168032602
868120168032610
868120168032628
868120168032636
868120168032644
868120168032651
868120168032669
868120168032677
868120168032685
868120168032693
868120168032701
868120168032719
868120168032727
868120168032735
868120168032743
868120168032750
868120168032768
868120168032776
868120168032784
868120168032792
868120168032800
868120168032818
868120168032826
868120168032834
868120168032842
868120168032859
868120168032867
868120168032875
868120168032883
868120168032891
868120168032909
868120168032917
868120168032925
868120168032933
868120168032941
868120168032958
868120168032966
868120168032974
868120168032982
868120168032990
868120168033006
868120168033014
868120168033022
868120168033030
868120168033048
868120168033055
868120168033063
868120168033071
868120168033089
868120168033097
868120168033105
868120168033113
868120168033121
868120168033139
868120168033147
868120168033154
868120168033162
868120168033170
868120168033188
868120168033196
868120168033204
868120168033212
868120168033220
868120168033238
868120168033246
868120168033253
868120168033261
868120168033279
868120168033287
868120168033295
868120168033303
868120168033311
868120168033329
868120168033337
868120168033345
868120168033352
868120168033360
868120168033378
868120168033386
868120168033394
868120168033402
868120168033410
868120168033428
868120168033436
868120168033444
868120168033451
868120168033469
868120168033477
868120168033485
868120168033493
868120168033501
868120168033519
868120168033527
868120168033535
868120168033543
868120168033550
868120168033568
868120168033576
868120168033584
868120168033592
868120168033600
868120168033618
868120168033626
868120168033634
868120168033642
868120168033659
868120168033667
868120168033675
868120168033683
868120168033691
868120168033709
868120168033717
868120168033725
868120168033733
868120168033741
868120168033758
868120168033766
868120168033774
868120168033782
868120168033790
868120168033808
868120168033816
868120168033824
868120168033832
868120168033840
868120168033857
868120168033865
868120168033873
868120168033881
868120168033899
868120168033907
868120168033915
868120168033923
868120168033931
868120168033949
868120168033956
868120168033964
868120168033972
868120168033980
868120168033998
868120168034004
868120168034012
868120168034020
868120168034038
868120168034046
868120168034053
868120168034061
868120168034079
868120168034087
868120168034095
868120168034103
868120168034111
868120168034129
868120168034137
868120168034145
868120168034152
868120168034160
868120168034178
868120168034186
868120168034194
868120168034202
868120168034210
868120168034228
868120168034236
868120168034244
868120168034251
868120168034269
868120168034277
868120168034285
868120168034293
868120168034301
868120168034319
868120168034327
868120168034335
868120168034343
868120168034350
868120168034368
868120168034376
868120168034384
868120168034392
868120168034400
868120168034418
868120168034426
868120168034434
868120168034442
868120168034459
868120168034467
868120168034475
868120168034483
868120168034491
868120168034509
868120168034517
868120168034525
868120168034533
868120168034541
868120168034558
868120168034566
868120168034574
868120168034582
868120168034590
868120168034608
868120168034616
868120168034624
868120168034632
868120168034640
868120168034657
868120168034665
868120168034673
868120168034681
868120168034699
868120168034707
868120168034715
868120168034723
868120168034731
868120168034749
868120168034756
868120168034764
868120168034772
868120168034780
868120168034798
868120168034806
868120168034814
868120168034822
868120168034830
868120168034848
868120168034855
868120168034863
868120168034871
868120168034889
868120168034897
868120168034905
868120168034913
868120168034921
868120168034939
868120168034947
868120168034954
868120168034962
868120168034970
868120168034988
868120168034996
868120168035001
868120168035019
868120168035027
868120168035035
868120168035043
868120168035050
868120168035068
868120168035076
868120168035084
868120168035092
868120168035100
868120168035118
868120168035126
868120168035134
868120168035142
868120168035159
868120168035167
868120168035175
868120168035183
868120168035191
868120168035209
868120168035217
868120168035225
868120168035233
868120168035241
868120168035258
868120168035266
868120168035274
868120168035282
868120168035290
868120168035308
868120168035316
868120168035324
868120168035332
868120168035340
868120168035357
868120168035365
868120168035373
868120168035381
868120168035399
868120168035407
868120168035415
868120168035423
868120168035431
868120168035449
868120168035456
868120168035464
868120168035472
868120168035480
868120168035498
868120168035506
868120168035514
868120168035522
868120168035530
868120168035548
868120168035555
868120168035563
868120168035571
868120168035589
868120168035597
868120168035605
868120168035613
868120168035621
868120168035639
868120168035647
868120168035654
868120168035662
868120168035670
868120168035688
868120168035696
868120168035704
868120168035712
868120168035720
868120168035738
868120168035746
868120168035753
868120168035761
868120168035779
868120168035787
868120168035795
868120168035803
868120168035811
868120168035829
868120168035837
868120168035845
868120168035852
868120168035860
868120168035878
868120168035886
868120168035894
868120168035902
868120168035910
868120168035928
868120168035936
868120168035944
868120168035951
868120168035969
868120168035977
868120168035985
868120168035993
868120168036009
868120168036017
868120168036025
868120168036033
868120168036041
868120168036058
868120168036066
868120168036074
868120168036082
868120168036090
868120168036108
868120168036116
868120168036124
868120168036132
868120168036140
868120168036157
868120168036165
868120168036173
868120168036181
868120168036199
868120168036207
868120168036215
868120168036223
868120168036231
868120168036249
868120168036256
868120168036264
868120168036272
868120168036280
868120168036298
868120168036306
868120168036314
868120168036322
868120168036330
868120168036348
868120168036355
868120168036363
868120168036371
868120168036389
868120168036397
868120168036405
868120168036413
868120168036421
868120168036439
868120168036447
868120168036454
868120168036462
868120168036470
868120168036488
868120168036496
868120168036504
868120168036512
868120168036520
868120168036538
868120168036546
868120168036553
868120168036561
868120168036579
868120168036587
868120168036595
868120168036603
868120168036611
868120168036629
868120168036637
868120168036645
868120168036652
868120168036660
868120168036678
868120168036686
868120168036694
868120168036702
868120168036710
868120168036728
868120168036736
868120168036744
868120168036751
868120168036769
868120168036777
868120168036785
868120168036793
868120168036801
868120168036819
868120168036827
868120168036835
868120168036843
868120168036850
868120168036868
868120168036876
868120168036884
868120168036892
868120168036900
868120168036918
868120168036926
868120168036934
868120168036942
868120168036959
868120168036967
868120168036975
868120168036983
868120168036991
868120168037007
868120168037015
868120168037023
868120168037031
868120168037049
868120168037056
868120168037064
868120168037072
868120168037080
868120168037098
868120168037106
868120168037114
868120168037122
868120168037130
868120168037148
868120168037155
868120168037163
868120168037171
868120168037189
868120168037197
868120168037205
868120168037213
868120168037221
868120168037239
868120168037247
868120168037254
868120168037262
868120168037270
868120168037288
868120168037296
868120168037304
868120168037312
868120168037320
868120168037338
868120168037346
868120168037353
868120168037361
868120168037379
868120168037387
868120168037395
868120168037403
868120168037411
868120168037429
868120168037437
868120168037445
868120168037452
868120168037460
868120168037478
868120168037486
868120168037494
868120168037502
868120168037510
868120168037528
868120168037536
868120168037544
868120168037551
868120168037569
868120168037577
868120168037585
868120168037593
868120168037601
868120168037619
868120168037627
868120168037635
868120168037643
868120168037650
868120168037668
868120168037676
868120168037684
868120168037692
868120168037700
868120168037718
868120168037726
868120168037734
868120168037742
868120168037759
868120168037767
868120168037775
868120168037783
868120168037791
868120168037809
868120168037817
868120168037825
868120168037833
868120168037841
868120168037858
868120168037866
868120168037874
868120168037882
868120168037890
868120168037908
868120168037916
868120168037924
868120168037932
868120168037940
868120168037957
868120168037965
868120168037973
868120168037981
868120168037999
868120168038005
868120168038013
868120168038021
868120168038039
868120168038047
868120168038054
868120168038062
868120168038070
868120168038088
868120168038096
868120168038104
868120168038112
868120168038120
868120168038138
868120168038146
868120168038153
868120168038161
868120168038179
868120168038187
868120168038195
868120168038203
868120168038211
868120168038229
868120168038237
868120168038245
868120168038252
868120168038260
868120168038278
868120168038286
868120168038294
868120168038302
868120168038310
868120168038328
868120168038336
868120168038344
868120168038351
868120168038369
868120168038377
868120168038385
868120168038393
868120168038401
868120168038419
868120168038427
868120168038435
868120168038443
868120168038450
868120168038468
868120168038476
868120168038484
868120168038492
868120168038500
868120168038518
868120168038526
868120168038534
868120168038542
868120168038559
868120168038567
868120168038575
868120168038583
868120168038591
868120168038609
868120168038617
868120168038625
868120168038633
868120168038641
868120168038658
868120168038666
868120168038674
868120168038682
868120168038690
868120168038708
868120168038716
868120168038724
868120168038732
868120168038740
868120168038757
868120168038765
868120168038773
868120168038781
868120168038799
868120168038807
868120168038815
868120168038823
868120168038831
868120168038849
868120168038856
868120168038864
868120168038872
868120168038880
868120168038898
868120168038906
868120168038914
868120168038922
868120168038930
868120168038948
868120168038955
868120168038963
868120168038971
868120168038989
868120168038997
868120168039003
868120168039011
868120168039029
868120168039037
868120168039045
868120168039052
868120168039060
868120168039078
868120168039086
868120168039094
868120168039102
868120168039110
868120168039128
868120168039136
868120168039144
868120168039151
868120168039169
868120168039177
868120168039185
868120168039193
868120168039201
868120168039219
868120168039227
868120168039235
868120168039243
868120168039250
868120168039268
868120168039276
868120168039284
868120168039292
868120168039300
868120168039318
868120168039326
868120168039334
868120168039342
868120168039359
868120168039367
868120168039375
868120168039383
868120168039391
868120168039409
868120168039417
868120168039425
868120168039433
868120168039441
868120168039458
868120168039466
868120168039474
868120168039482
868120168039490
868120168039508
868120168039516
868120168039524
868120168039532
868120168039540
868120168039557
868120168039565
868120168039573
868120168039581
868120168039599
868120168039607
868120168039615
868120168039623
868120168039631
868120168039649
868120168039656
868120168039664
868120168039672
868120168039680
868120168039698
868120168039706
868120168039714
868120168039722
868120168039730
868120168039748
868120168039755
868120168039763
868120168039771
868120168039789
868120168039797
868120168039805
868120168039813
868120168039821
868120168039839
868120168039847
868120168039854
868120168039862
868120168039870
868120168039888
868120168039896
868120168039904
868120168039912
868120168039920
868120168039938
868120168039946
868120168039953
868120168039961
868120168039979
868120168039987
868120168039995
868120168040001
868120168040019
868120168040027
868120168040035
868120168040043
868120168040050
868120168040068
868120168040076
868120168040084
868120168040092
868120168040100
868120168040118
868120168040126
868120168040134
868120168040142
868120168040159
868120168040167
868120168040175
868120168040183
868120168040191
868120168040209
868120168040217
868120168040225
868120168040233
868120168040241
868120168040258
868120168040266
868120168040274
868120168040282
868120168040290
868120168040308
868120168040316
868120168040324
868120168040332
868120168040340
868120168040357
868120168040365
868120168040373
868120168040381
868120168040399
868120168040407
868120168040415
868120168040423
868120168040431
868120168040449
868120168040456
868120168040464
868120168040472
868120168040480
868120168040498
868120168040506
868120168040514
868120168040522
868120168040530
868120168040548
868120168040555
868120168040563
868120168040571
868120168040589
868120168040597
868120168040605
868120168040613
868120168040621
868120168040639
868120168040647
868120168040654
868120168040662
868120168040670
868120168040688
868120168040696
868120168040704
868120168040712
868120168040720
868120168040738
868120168040746
868120168040753
868120168040761
868120168040779
868120168040787
868120168040795
868120168040803
868120168040811
868120168040829
868120168040837
868120168040845
868120168040852
868120168040860
868120168040878
868120168040886
868120168040894
868120168040902
868120168040910
868120168040928
868120168040936
868120168040944
868120168040951
868120168040969
868120168040977
868120168040985
868120168040993
868120168041009
868120168041017
868120168041025
868120168041033
868120168041041
868120168041058
868120168041066
868120168041074
868120168041082
868120168041090
868120168041108
868120168041116
868120168041124
868120168041132
868120168041140
868120168041157
868120168041165
868120168041173
868120168041181
868120168041199
868120168041207
868120168041215
868120168041223
868120168041231
868120168041249
868120168041256
868120168041264
868120168041272
868120168041280
868120168041298
868120168041306
868120168041314
868120168041322
868120168041330
868120168041348
868120168041355
868120168041363
868120168041371
868120168041389
868120168041397
868120168041405
868120168041413
868120168041421
868120168041439
868120168041447
868120168041454
868120168041462
868120168041470
868120168041488
868120168041496
868120168041504
868120168041512
868120168041520
868120168041538
868120168041546
868120168041553
868120168041561
868120168041579
868120168041587
868120168041595
868120168041603
868120168041611
868120168041629
868120168041637
868120168041645
868120168041652
868120168041660
868120168041678
868120168041686
868120168041694
868120168041702
868120168041710
868120168041728
868120168041736
868120168041744
868120168041751
868120168041769
868120168041777
868120168041785
868120168041793
868120168041801
868120168041819
868120168041827
868120168041835
868120168041843
868120168041850
868120168041868
868120168041876
868120168041884
868120168041892
868120168041900
868120168041918
868120168041926
868120168041934
868120168041942
868120168041959
868120168041967
868120168041975
868120168041983
868120168041991
868120168042007
868120168042015
868120168042023
868120168042031
868120168042049
868120168042056
868120168042064
868120168042072
868120168042080
868120168042098
868120168042106
868120168042114
868120168042122
868120168042130
868120168042148
868120168042155
868120168042163
868120168042171
868120168042189
868120168042197
868120168042205
868120168042213
868120168042221
868120168042239
868120168042247
868120168042254
868120168042262
868120168042270
868120168042288
868120168042296
868120168042304
868120168042312
868120168042320
868120168042338
868120168042346
868120168042353
868120168042361
868120168042379
868120168042387
868120168042395
868120168042403
868120168042411
868120168042429
868120168042437
868120168042445
868120168042452
868120168042460
868120168042478
868120168042486
868120168042494
868120168042502
868120168042510
868120168042528
868120168042536
868120168042544
868120168042551
868120168042569
868120168042577
868120168042585
868120168042593
868120168042601
868120168042619
868120168042627
868120168042635
868120168042643
868120168042650
868120168042668
868120168042676
868120168042684
868120168042692
868120168042700
868120168042718
868120168042726
868120168042734
868120168042742
868120168042759
868120168042767
868120168042775
868120168042783
868120168042791
868120168042809
868120168042817
868120168042825
868120168042833
868120168042841
868120168042858
868120168042866
868120168042874
868120168042882
868120168042890
868120168042908
868120168042916
868120168042924
868120168042932
868120168042940
868120168042957
868120168042965
868120168042973
868120168042981
868120168042999
868120168043005
868120168043013
868120168043021
868120168043039
868120168043047
868120168043054
868120168043062
868120168043070
868120168043088
868120168043096
868120168043104
868120168043112
868120168043120
868120168043138
868120168043146
868120168043153
868120168043161
868120168043179
868120168043187
868120168043195
868120168043203
868120168043211
868120168043229
868120168043237
868120168043245
868120168043252
868120168043260
868120168043278
868120168043286
868120168043294
868120168043302
868120168043310
868120168043328
868120168043336
868120168043344
868120168043351
868120168043369
868120168043377
868120168043385
868120168043393
868120168043401
868120168043419
868120168043427
868120168043435
868120168043443
868120168043450
868120168043468
868120168043476
868120168043484
868120168043492
868120168043500
868120168043518
868120168043526
868120168043534
868120168043542
868120168043559
868120168043567
868120168043575
868120168043583
868120168043591
868120168043609
868120168043617
868120168043625
868120168043633
868120168043641
868120168043658
868120168043666
868120168043674
868120168043682
868120168043690
868120168043708
868120168043716
868120168043724
868120168043732
868120168043740
868120168043757
868120168043765
868120168043773
868120168043781
868120168043799
868120168043807
868120168043815
868120168043823
868120168043831
868120168043849
868120168043856
868120168043864
868120168043872
868120168043880
868120168043898
868120168043906
868120168043914
868120168043922
868120168043930
868120168043948
868120168043955
868120168043963
868120168043971
868120168043989
868120168043997
868120168044003
868120168044011
868120168044029
868120168044037
868120168044045
868120168044052
868120168044060
868120168044078
868120168044086
868120168044094
868120168044102
868120168044110
868120168044128
868120168044136
868120168044144
868120168044151
868120168044169
868120168044177
868120168044185
868120168044193
868120168044201
868120168044219
868120168044227
868120168044235
868120168044243
868120168044250
868120168044268
868120168044276
868120168044284
868120168044292
868120168044300
868120168044318
868120168044326
868120168044334
868120168044342
868120168044359
868120168044367
868120168044375
868120168044383
868120168044391
868120168044409
868120168044417
868120168044425
868120168044433
868120168044441
868120168044458
868120168044466
868120168044474
868120168044482
868120168044490
868120168044508
868120168044516
868120168044524
868120168044532
868120168044540
868120168044557
868120168044565
868120168044573
868120168044581
868120168044599
868120168044607
868120168044615
868120168044623
868120168044631
868120168044649
868120168044656
868120168044664
868120168044672
868120168044680
868120168044698
868120168044706
868120168044714
868120168044722
868120168044730
868120168044748
868120168044755
868120168044763
868120168044771
868120168044789
868120168044797
868120168044805
868120168044813
868120168044821
868120168044839
868120168044847
868120168044854
868120168044862
868120168044870
868120168044888
868120168044896
868120168044904
868120168044912
868120168044920
868120168044938
868120168044946
868120168044953
868120168044961
868120168044979
868120168044987
868120168044995
868120168045000
868120168045018
868120168045026
868120168045034
868120168045042
868120168045059
868120168045067
868120168045075
868120168045083
868120168045091
868120168045109
868120168045117
868120168045125
868120168045133
868120168045141
868120168045158
868120168045166
868120168045174
868120168045182
868120168045190
868120168045208
868120168045216
868120168045224
868120168045232
868120168045240
868120168045257
868120168045265
868120168045273
868120168045281
868120168045299
868120168045307
868120168045315
868120168045323
868120168045331
868120168045349
868120168045356
868120168045364
868120168045372
868120168045380
868120168045398
868120168045406
868120168045414
868120168045422
868120168045430