868120165733145
868120165733152
868120165733160
868120165733178
868120165733186
868120165733194
868120165733202
868120165733210
868120165733228
868120165733236
868120165733244
868120165733251
868120165733269
868120165733277
868120165733285
868120165733293
868120165733301
868120165733319
868120165733327
868120165733335
868120165733343
868120165733350
868120165733368
868120165733376
868120165733384
868120165733392
868120165733400
868120165733418
868120165733426
868120165733434
868120165733442
868120165733459
868120165733467
868120165733475
868120165733483
868120165733491
868120165733509
868120165733517
868120165733525
868120165733533
868120165733541
868120165733558
868120165733566
868120165733574
868120165733582
868120165733590
868120165733608
868120165733616
868120165733624
868120165733632
868120165733640
868120165733657
868120165733665
868120165733673
868120165733681
868120165733699
868120165733707
868120165733715
868120165733723
868120165733731
868120165733749
868120165733756
868120165733764
868120165733772
868120165733780
868120165733798
868120165733806
868120165733814
868120165733822
868120165733830
868120165733848
868120165733855
868120165733863
868120165733871
868120165733889
868120165733897
868120165733905
868120165733913
868120165733921
868120165733939
868120165733947
868120165733954
868120165733962
868120165733970
868120165733988
868120165733996
868120165734002
868120165734010
868120165734028
868120165734036
868120165734044
868120165734051
868120165734069
868120165734077
868120165734085
868120165734093
868120165734101
868120165734119
868120165734127
868120165734135
868120165734143
868120165734150
868120165734168
868120165734176
868120165734184
868120165734192
868120165734200
868120165734218
868120165734226
868120165734234
868120165734242
868120165734259
868120165734267
868120165734275
868120165734283
868120165734291
868120165734309
868120165734317
868120165734325
868120165734333
868120165734341
868120165734358
868120165734366
868120165734374
868120165734382
868120165734390
868120165734408
868120165734416
868120165734424
868120165734432
868120165734440
868120165734457
868120165734465
868120165734473
868120165734481
868120165734499
868120165734507
868120165734515
868120165734523
868120165734531
868120165734549
868120165734556
868120165734564
868120165734572
868120165734580
868120165734598
868120165734606
868120165734614
868120165734622
868120165734630
868120165734648
868120165734655
868120165734663
868120165734671
868120165734689
868120165734697
868120165734705
868120165734713
868120165734721
868120165734739
868120165734747
868120165734754
868120165734762
868120165734770
868120165734788
868120165734796
868120165734804
868120165734812
868120165734820
868120165734838
868120165734846
868120165734853
868120165734861
868120165734879
868120165734887
868120165734895
868120165734903
868120165734911
868120165734929
868120165734937
868120165734945
868120165734952
868120165734960
868120165734978
868120165734986
868120165734994
868120165735009
868120165735017
868120165735025
868120165735033
868120165735041
868120165735058
868120165735066
868120165735074
868120165735082
868120165735090
868120165735108
868120165735116
868120165735124
868120165735132
868120165735140
868120165735157
868120165735165
868120165735173
868120165735181
868120165735199
868120165735207
868120165735215
868120165735223
868120165735231
868120165735249
868120165735256
868120165735264
868120165735272
868120165735280
868120165735298
868120165735306
868120165735314
868120165735322
868120165735330
868120165735348
868120165735355
868120165735363
868120165735371
868120165735389
868120165735397
868120165735405
868120165735413
868120165735421
868120165735439
868120165735447
868120165735454
868120165735462
868120165735470
868120165735488
868120165735496
868120165735504
868120165735512
868120165735520
868120165735538
868120165735546
868120165735553
868120165735561
868120165735579
868120165735587
868120165735595
868120165735603
868120165735611
868120165735629
868120165735637
868120165735645
868120165735652
868120165735660
868120165735678
868120165735686
868120165735694
868120165735702
868120165735710
868120165735728
868120165735736
868120165735744
868120165735751
868120165735769
868120165735777
868120165735785
868120165735793
868120165735801
868120165735819
868120165735827
868120165735835
868120165735843
868120165735850
868120165735868
868120165735876
868120165735884
868120165735892
868120165735900
868120165735918
868120165735926
868120165735934
868120165735942
868120165735959
868120165735967
868120165735975
868120165735983
868120165735991
868120165736007
868120165736015
868120165736023
868120165736031
868120165736049
868120165736056
868120165736064
868120165736072
868120165736080
868120165736098
868120165736106
868120165736114
868120165736122
868120165736130
868120165736148
868120165736155
868120165736163
868120165736171
868120165736189
868120165736197
868120165736205
868120165736213
868120165736221
868120165736239
868120165736247
868120165736254
868120165736262
868120165736270
868120165736288
868120165736296
868120165736304
868120165736312
868120165736320
868120165736338
868120165736346
868120165736353
868120165736361
868120165736379
868120165736387
868120165736395
868120165736403
868120165736411
868120165736429
868120165736437
868120165736445
868120165736452
868120165736460
868120165736478
868120165736486
868120165736494
868120165736502
868120165736510
868120165736528
868120165736536
868120165736544
868120165736551
868120165736569
868120165736577
868120165736585
868120165736593
868120165736601
868120165736619
868120165736627
868120165736635
868120165736643
868120165736650
868120165736668
868120165736676
868120165736684
868120165736692
868120165736700
868120165736718
868120165736726
868120165736734
868120165736742
868120165736759
868120165736767
868120165736775
868120165736783
868120165736791
868120165736809
868120165736817
868120165736825
868120165736833
868120165736841
868120165736858
868120165736866
868120165736874
868120165736882
868120165736890
868120165736908
868120165736916
868120165736924
868120165736932
868120165736940
868120165736957
868120165736965
868120165736973
868120165736981
868120165736999
868120165737005
868120165737013
868120165737021
868120165737039
868120165737047
868120165737054
868120165737062
868120165737070
868120165737088
868120165737096
868120165737104
868120165737112
868120165737120
868120165737138
868120165737146
868120165737153
868120165737161
868120165737179
868120165737187
868120165737195
868120165737203
868120165737211
868120165737229
868120165737237
868120165737245
868120165737252
868120165737260
868120165737278
868120165737286
868120165737294
868120165737302
868120165737310
868120165737328
868120165737336
868120165737344
868120165737351
868120165737369
868120165737377
868120165737385
868120165737393
868120165737401
868120165737419
868120165737427
868120165737435
868120165737443
868120165737450
868120165737468
868120165737476
868120165737484
868120165737492
868120165737500
868120165737518
868120165737526
868120165737534
868120165737542
868120165737559
868120165737567
868120165737575
868120165737583
868120165737591
868120165737609
868120165737617
868120165737625
868120165737633
868120165737641
868120165737658
868120165737666
868120165737674
868120165737682
868120165737690
868120165737708
868120165737716
868120165737724
868120165737732
868120165737740
868120165737757
868120165737765
868120165737773
868120165737781
868120165737799
868120165737807
868120165737815
868120165737823
868120165737831
868120165737849
868120165737856
868120165737864
868120165737872
868120165737880
868120165737898
868120165737906
868120165737914
868120165737922
868120165737930
868120165737948
868120165737955
868120165737963
868120165737971
868120165737989
868120165737997
868120165738003
868120165738011
868120165738029
868120165738037
868120165738045
868120165738052
868120165738060
868120165738078
868120165738086
868120165738094
868120165738102
868120165738110
868120165738128
868120165738136
868120165738144
868120165738151
868120165738169
868120165738177
868120165738185
868120165738193
868120165738201
868120165738219
868120165738227
868120165738235
868120165738243
868120165738250
868120165738268
868120165738276
868120165738284
868120165738292
868120165738300
868120165738318
868120165738326
868120165738334
868120165738342
868120165738359
868120165738367
868120165738375
868120165738383
868120165738391
868120165738409
868120165738417
868120165738425
868120165738433
868120165738441
868120165738458
868120165738466
868120165738474
868120165738482
868120165738490
868120165738508
868120165738516
868120165738524
868120165738532
868120165738540
868120165738557
868120165738565
868120165738573
868120165738581
868120165738599
868120165738607
868120165738615
868120165738623
868120165738631
868120165738649
868120165738656
868120165738664
868120165738672
868120165738680
868120165738698
868120165738706
868120165738714
868120165738722
868120165738730
868120165738748
868120165738755
868120165738763
868120165738771
868120165738789
868120165738797
868120165738805
868120165738813
868120165738821
868120165738839
868120165738847
868120165738854
868120165738862
868120165738870
868120165738888
868120165738896
868120165738904
868120165738912
868120165738920
868120165738938
868120165738946
868120165738953
868120165738961
868120165738979
868120165738987
868120165738995
868120165739001
868120165739019
868120165739027
868120165739035
868120165739043
868120165739050
868120165739068
868120165739076
868120165739084
868120165739092
868120165739100
868120165739118
868120165739126
868120165739134
868120165739142
868120165739159
868120165739167
868120165739175
868120165739183
868120165739191
868120165739209
868120165739217
868120165739225
868120165739233
868120165739241
868120165739258
868120165739266
868120165739274
868120165739282
868120165739290
868120165739308
868120165739316
868120165739324
868120165739332
868120165739340
868120165739357
868120165739365
868120165739373
868120165739381
868120165739399
868120165739407
868120165739415
868120165739423
868120165739431
868120165739449
868120165739456
868120165739464
868120165739472
868120165739480
868120165739498
868120165739506
868120165739514
868120165739522
868120165739530
868120165739548
868120165739555
868120165739563
868120165739571
868120165739589
868120165739597
868120165739605
868120165739613
868120165739621
868120165739639
868120165739647
868120165739654
868120165739662
868120165739670
868120165739688
868120165739696
868120165739704
868120165739712
868120165739720
868120165739738
868120165739746
868120165739753
868120165739761
868120165739779
868120165739787
868120165739795
868120165739803
868120165739811
868120165739829
868120165739837
868120165739845
868120165739852
868120165739860
868120165739878
868120165739886
868120165739894
868120165739902
868120165739910
868120165739928
868120165739936
868120165739944
868120165739951
868120165739969
868120165739977
868120165739985
868120165739993
868120165740009
868120165740017
868120165740025
868120165740033
868120165740041
868120165740058
868120165740066
868120165740074
868120165740082
868120165740090
868120165740108
868120165740116
868120165740124
868120165740132
868120165740140
868120165740157
868120165740165
868120165740173
868120165740181
868120165740199
868120165740207
868120165740215
868120165740223
868120165740231
868120165740249
868120165740256
868120165740264
868120165740272
868120165740280
868120165740298
868120165740306
868120165740314
868120165740322
868120165740330
868120165740348
868120165740355
868120165740363
868120165740371
868120165740389
868120165740397
868120165740405
868120165740413
868120165740421
868120165740439
868120165740447
868120165740454
868120165740462
868120165740470
868120165740488
868120165740496
868120165740504
868120165740512
868120165740520
868120165740538
868120165740546
868120165740553
868120165740561
868120165740579
868120165740587
868120165740595
868120165740603
868120165740611
868120165740629
868120165740637
868120165740645
868120165740652
868120165740660
868120165740678
868120165740686
868120165740694
868120165740702
868120165740710
868120165740728
868120165740736
868120165740744
868120165740751
868120165740769
868120165740777
868120165740785
868120165740793
868120165740801
868120165740819
868120165740827
868120165740835
868120165740843
868120165740850
868120165740868
868120165740876
868120165740884
868120165740892
868120165740900
868120165740918
868120165740926
868120165740934
868120165740942
868120165740959
868120165740967
868120165740975
868120165740983
868120165740991
868120165741007
868120165741015
868120165741023
868120165741031
868120165741049
868120165741056
868120165741064
868120165741072
868120165741080
868120165741098
868120165741106
868120165741114
868120165741122
868120165741130
868120165741148
868120165741155
868120165741163
868120165741171
868120165741189
868120165741197
868120165741205
868120165741213
868120165741221
868120165741239
868120165741247
868120165741254
868120165741262
868120165741270
868120165741288
868120165741296
868120165741304
868120165741312
868120165741320
868120165741338
868120165741346
868120165741353
868120165741361
868120165741379
868120165741387
868120165741395
868120165741403
868120165741411
868120165741429
868120165741437
868120165741445
868120165741452
868120165741460
868120165741478
868120165741486
868120165741494
868120165741502
868120165741510
868120165741528
868120165741536
868120165741544
868120165741551
868120165741569
868120165741577
868120165741585
868120165741593
868120165741601
868120165741619
868120165741627
868120165741635
868120165741643
868120165741650
868120165741668
868120165741676
868120165741684
868120165741692
868120165741700
868120165741718
868120165741726
868120165741734
868120165741742
868120165741759
868120165741767
868120165741775
868120165741783
868120165741791
868120165741809
868120165741817
868120165741825
868120165741833
868120165741841
868120165741858
868120165741866
868120165741874
868120165741882
868120165741890
868120165741908
868120165741916
868120165741924
868120165741932
868120165741940
868120165741957
868120165741965
868120165741973
868120165741981
868120165741999
868120165742005
868120165742013
868120165742021
868120165742039
868120165742047
868120165742054
868120165742062
868120165742070
868120165742088
868120165742096
868120165742104
868120165742112
868120165742120
868120165742138
868120165742146
868120165742153
868120165742161
868120165742179
868120165742187
868120165742195
868120165742203
868120165742211
868120165742229
868120165742237
868120165742245
868120165742252
868120165742260
868120165742278
868120165742286
868120165742294
868120165742302
868120165742310
868120165742328
868120165742336
868120165742344
868120165742351
868120165742369
868120165742377
868120165742385
868120165742393
868120165742401
868120165742419
868120165742427
868120165742435
868120165742443
868120165742450
868120165742468
868120165742476
868120165742484
868120165742492
868120165742500
868120165742518
868120165742526
868120165742534
868120165742542
868120165742559
868120165742567
868120165742575
868120165742583
868120165742591
868120165742609
868120165742617
868120165742625
868120165742633
868120165742641
868120165742658
868120165742666
868120165742674
868120165742682
868120165742690
868120165742708
868120165742716
868120165742724
868120165742732
868120165742740
868120165742757
868120165742765
868120165742773
868120165742781
868120165742799
868120165742807
868120165742815
868120165742823
868120165742831
868120165742849
868120165742856
868120165742864
868120165742872
868120165742880
868120165742898
868120165742906
868120165742914
868120165742922
868120165742930
868120165742948
868120165742955
868120165742963
868120165742971
868120165742989
868120165742997
868120165743003
868120165743011
868120165743029
868120165743037
868120165743045
868120165743052
868120165743060
868120165743078
868120165743086
868120165743094
868120165743102
868120165743110
868120165743128
868120165743136
868120165743144
868120165743151
868120165743169
868120165743177
868120165743185
868120165743193
868120165743201
868120165743219
868120165743227
868120165743235
868120165743243
868120165743250
868120165743268
868120165743276
868120165743284
868120165743292
868120165743300
868120165743318
868120165743326
868120165743334
868120165743342
868120165743359
868120165743367
868120165743375
868120165743383
868120165743391
868120165743409
868120165743417
868120165743425
868120165743433
868120165743441
868120165743458
868120165743466
868120165743474
868120165743482
868120165743490
868120165743508
868120165743516
868120165743524
868120165743532
868120165743540
868120165743557
868120165743565
868120165743573
868120165743581
868120165743599
868120165743607
868120165743615
868120165743623
868120165743631
868120165743649
868120165743656
868120165743664
868120165743672
868120165743680
868120165743698
868120165743706
868120165743714
868120165743722
868120165743730
868120165743748
868120165743755
868120165743763
868120165743771
868120165743789
868120165743797
868120165743805
868120165743813
868120165743821
868120165743839
868120165743847
868120165743854
868120165743862
868120165743870
868120165743888
868120165743896
868120165743904
868120165743912
868120165743920
868120165743938
868120165743946
868120165743953
868120165743961
868120165743979
868120165743987
868120165743995
868120165744001
868120165744019
868120165744027
868120165744035
868120165744043
868120165744050
868120165744068
868120165744076
868120165744084
868120165744092
868120165744100
868120165744118
868120165744126
868120165744134
868120165744142
868120165744159
868120165744167
868120165744175
868120165744183
868120165744191
868120165744209
868120165744217
868120165744225
868120165744233
868120165744241
868120165744258
868120165744266
868120165744274
868120165744282
868120165744290
868120165744308
868120165744316
868120165744324
868120165744332
868120165744340
868120165744357
868120165744365
868120165744373
868120165744381
868120165744399
868120165744407
868120165744415
868120165744423
868120165744431
868120165744449
868120165744456
868120165744464
868120165744472
868120165744480
868120165744498
868120165744506
868120165744514
868120165744522
868120165744530
868120165744548
868120165744555
868120165744563
868120165744571
868120165744589
868120165744597
868120165744605
868120165744613
868120165744621
868120165744639
868120165744647
868120165744654
868120165744662
868120165744670
868120165744688
868120165744696
868120165744704
868120165744712
868120165744720
868120165744738
868120165744746
868120165744753
868120165744761
868120165744779
868120165744787
868120165744795
868120165744803
868120165744811
868120165744829
868120165744837
868120165744845
868120165744852
868120165744860
868120165744878
868120165744886
868120165744894
868120165744902
868120165744910
868120165744928
868120165744936
868120165744944
868120165744951
868120165744969
868120165744977
868120165744985
868120165744993
868120165745008
868120165745016
868120165745024
868120165745032
868120165745040
868120165745057
868120165745065
868120165745073
868120165745081
868120165745099
868120165745107
868120165745115
868120165745123
868120165745131
868120165745149
868120165745156
868120165745164
868120165745172
868120165745180
868120165745198
868120165745206
868120165745214
868120165745222
868120165745230
868120165745248
868120165745255
868120165745263
868120165745271
868120165745289
868120165745297
868120165745305
868120165745313
868120165745321
868120165745339
868120165745347
868120165745354
868120165745362
868120165745370
868120165745388
868120165745396
868120165745404
868120165745412
868120165745420
868120165745438
868120165745446
868120165745453
868120165745461
868120165745479
868120165745487
868120165745495
868120165745503
868120165745511
868120165745529
868120165745537
868120165745545
868120165745552
868120165745560
868120165745578
868120165745586
868120165745594
868120165745602
868120165745610
868120165745628
868120165745636
868120165745644
868120165745651
868120165745669
868120165745677
868120165745685
868120165745693
868120165745701
868120165745719
868120165745727
868120165745735
868120165745743
868120165745750
868120165745768
868120165745776
868120165745784
868120165745792
868120165745800
868120165745818
868120165745826
868120165745834
868120165745842
868120165745859
868120165745867
868120165745875
868120165745883
868120165745891
868120165745909
868120165745917
868120165745925
868120165745933
868120165745941
868120165745958
868120165745966
868120165745974
868120165745982
868120165745990
868120165746006
868120165746014
868120165746022
868120165746030
868120165746048
868120165746055
868120165746063
868120165746071
868120165746089
868120165746097
868120165746105
868120165746113
868120165746121
868120165746139
868120165746147
868120165746154
868120165746162
868120165746170
868120165746188
868120165746196
868120165746204
868120165746212
868120165746220
868120165746238
868120165746246
868120165746253
868120165746261
868120165746279
868120165746287
868120165746295
868120165746303
868120165746311
868120165746329
868120165746337
868120165746345
868120165746352
868120165746360
868120165746378
868120165746386
868120165746394
868120165746402
868120165746410
868120165746428
868120165746436
868120165746444
868120165746451
868120165746469
868120165746477
868120165746485
868120165746493
868120165746501
868120165746519
868120165746527
868120165746535
868120165746543
868120165746550
868120165746568
868120165746576
868120165746584
868120165746592
868120165746600
868120165746618
868120165746626
868120165746634
868120165746642
868120165746659
868120165746667
868120165746675
868120165746683
868120165746691
868120165746709
868120165746717
868120165746725
868120165746733
868120165746741
868120165746758
868120165746766
868120165746774
868120165746782
868120165746790
868120165746808
868120165746816
868120165746824
868120165746832
868120165746840
868120165746857
868120165746865
868120165746873
868120165746881
868120165746899
868120165746907
868120165746915
868120165746923
868120165746931
868120165746949
868120165746956
868120165746964
868120165746972
868120165746980
868120165746998
868120165747004
868120165747012
868120165747020
868120165747038
868120165747046
868120165747053
868120165747061
868120165747079
868120165747087
868120165747095
868120165747103
868120165747111
868120165747129
868120165747137
868120165747145
868120165747152
868120165747160
868120165747178
868120165747186
868120165747194
868120165747202
868120165747210
868120165747228
868120165747236
868120165747244
868120165747251
868120165747269
868120165747277
868120165747285
868120165747293
868120165747301
868120165747319
868120165747327
868120165747335
868120165747343
868120165747350
868120165747368
868120165747376
868120165747384
868120165747392
868120165747400
868120165747418
868120165747426
868120165747434
868120165747442
868120165747459
868120165747467
868120165747475
868120165747483
868120165747491
868120165747509
868120165747517
868120165747525
868120165747533
868120165747541
868120165747558
868120165747566
868120165747574
868120165747582
868120165747590
868120165747608
868120165747616
868120165747624
868120165747632
868120165747640
868120165747657
868120165747665
868120165747673
868120165747681
868120165747699
868120165747707
868120165747715
868120165747723
868120165747731
868120165747749
868120165747756
868120165747764
868120165747772
868120165747780
868120165747798
868120165747806
868120165747814
868120165747822
868120165747830
868120165747848
868120165747855
868120165747863
868120165747871
868120165747889
868120165747897
868120165747905
868120165747913
868120165747921
868120165747939
868120165747947
868120165747954
868120165747962
868120165747970
868120165747988
868120165747996
868120165748002
868120165748010
868120165748028
868120165748036
868120165748044
868120165748051
868120165748069
868120165748077
868120165748085
868120165748093
868120165748101
868120165748119
868120165748127
868120165748135
868120165748143
868120165748150
868120165748168
868120165748176
868120165748184
868120165748192
868120165748200
868120165748218
868120165748226
868120165748234
868120165748242
868120165748259
868120165748267
868120165748275
868120165748283
868120165748291
868120165748309
868120165748317
868120165748325
868120165748333
868120165748341
868120165748358
868120165748366
868120165748374
868120165748382
868120165748390
868120165748408
868120165748416
868120165748424
868120165748432
868120165748440
868120165748457
868120165748465
868120165748473
868120165748481
868120165748499
868120165748507
868120165748515
868120165748523
868120165748531
868120165748549
868120165748556
868120165748564
868120165748572
868120165748580
868120165748598
868120165748606
868120165748614
868120165748622
868120165748630
868120165748648
868120165748655
868120165748663
868120165748671
868120165748689
868120165748697
868120165748705
868120165748713
868120165748721
868120165748739
868120165748747
868120165748754
868120165748762
868120165748770
868120165748788
868120165748796
868120165748804
868120165748812
868120165748820
868120165748838
868120165748846
868120165748853
868120165748861
868120165748879
868120165748887
868120165748895
868120165748903
868120165748911
868120165748929
868120165748937
868120165748945
868120165748952
868120165748960
868120165748978
868120165748986
868120165748994
868120165749000
868120165749018
868120165749026
868120165749034
868120165749042
868120165749059
868120165749067
868120165749075
868120165749083
868120165749091
868120165749109
868120165749117
868120165749125
868120165749133
868120165749141
868120165749158
868120165749166
868120165749174
868120165749182
868120165749190
868120165749208
868120165749216
868120165749224
868120165749232
868120165749240
868120165749257
868120165749265
868120165749273
868120165749281
868120165749299
868120165749307
868120165749315
868120165749323
868120165749331
868120165749349
868120165749356
868120165749364
868120165749372
868120165749380
868120165749398
868120165749406
868120165749414
868120165749422
868120165749430
868120165749448
868120165749455
868120165749463
868120165749471
868120165749489
868120165749497
868120165749505
868120165749513
868120165749521
868120165749539
868120165749547
868120165749554
868120165749562
868120165749570
868120165749588
868120165749596
868120165749604
868120165749612
868120165749620
868120165749638
868120165749646
868120165749653
868120165749661
868120165749679
868120165749687
868120165749695
868120165749703
868120165749711
868120165749729
868120165749737
868120165749745
868120165749752
868120165749760
868120165749778
868120165749786
868120165749794
868120165749802
868120165749810
868120165749828
868120165749836
868120165749844
868120165749851
868120165749869
868120165749877
868120165749885
868120165749893
868120165749901
868120165749919
868120165749927
868120165749935
868120165749943
868120165749950
868120165749968
868120165749976
868120165749984
868120165749992
868120165750008
868120165750016
868120165750024
868120165750032
868120165750040
868120165750057
868120165750065
868120165750073
868120165750081
868120165750099
868120165750107
868120165750115
868120165750123
868120165750131
868120165750149
868120165750156
868120165750164
868120165750172
868120165750180
868120165750198
868120165750206
868120165750214
868120165750222
868120165750230
868120165750248
868120165750255
868120165750263
868120165750271
868120165750289
868120165750297
868120165750305
868120165750313
868120165750321
868120165750339
868120165750347
868120165750354
868120165750362
868120165750370
868120165750388
868120165750396
868120165750404
868120165750412
868120165750420
868120165750438
868120165750446
868120165750453
868120165750461
868120165750479
868120165750487
868120165750495
868120165750503
868120165750511
868120165750529
868120165750537
868120165750545
868120165750552
868120165750560
868120165750578
868120165750586
868120165750594
868120165750602
868120165750610
868120165750628
868120165750636
868120165750644
868120165750651
868120165750669
868120165750677
868120165750685
868120165750693
868120165750701
868120165750719
868120165750727
868120165750735
868120165750743
868120165750750
868120165750768
868120165750776
868120165750784
868120165750792
868120165750800
868120165750818
868120165750826
868120165750834
868120165750842
868120165750859
868120165750867
868120165750875
868120165750883
868120165750891
868120165750909
868120165750917
868120165750925
868120165750933
868120165750941
868120165750958
868120165750966
868120165750974
868120165750982
868120165750990
868120165751006
868120165751014
868120165751022
868120165751030
868120165751048
868120165751055
868120165751063
868120165751071
868120165751089
868120165751097
868120165751105
868120165751113
868120165751121
868120165751139
868120165751147
868120165751154
868120165751162
868120165751170
868120165751188
868120165751196
868120165751204
868120165751212
868120165751220
868120165751238
868120165751246
868120165751253
868120165751261
868120165751279
868120165751287
868120165751295
868120165751303
868120165751311
868120165751329
868120165751337
868120165751345
868120165751352
868120165751360
868120165751378
868120165751386
868120165751394
868120165751402
868120165751410
868120165751428
868120165751436
868120165751444
868120165751451
868120165751469
868120165751477
868120165751485
868120165751493
868120165751501
868120165751519
868120165751527
868120165751535
868120165751543
868120165751550
868120165751568
868120165751576
868120165751584
868120165751592
868120165751600
868120165751618
868120165751626
868120165751634
868120165751642
868120165751659
868120165751667
868120165751675
868120165751683
868120165751691
868120165751709
868120165751717
868120165751725
868120165751733
868120165751741
868120165751758
868120165751766
868120165751774
868120165751782
868120165751790
868120165751808
868120165751816
868120165751824
868120165751832
868120165751840
868120165751857
868120165751865
868120165751873
868120165751881
868120165751899
868120165751907
868120165751915
868120165751923
868120165751931
868120165751949
868120165751956
868120165751964
868120165751972
868120165751980
868120165751998
868120165752004
868120165752012
868120165752020
868120165752038
868120165752046
868120165752053
868120165752061
868120165752079
868120165752087
868120165752095
868120165752103
868120165752111
868120165752129
868120165752137
868120165752145
868120165752152
868120165752160
868120165752178
868120165752186
868120165752194
868120165752202
868120165752210
868120165752228
868120165752236
868120165752244
868120165752251
868120165752269
868120165752277
868120165752285
868120165752293
868120165752301
868120165752319
868120165752327
868120165752335
868120165752343
868120165752350
868120165752368
868120165752376
868120165752384
868120165752392
868120165752400
868120165752418
868120165752426
868120165752434
868120165752442
868120165752459
868120165752467
868120165752475
868120165752483
868120165752491
868120165752509
868120165752517
868120165752525
868120165752533
868120165752541
868120165752558
868120165752566
868120165752574
868120165752582
868120165752590
868120165752608
868120165752616
868120165752624
868120165752632
868120165752640
868120165752657
868120165752665
868120165752673
868120165752681
868120165752699
868120165752707
868120165752715
868120165752723
868120165752731
868120165752749
868120165752756
868120165752764
868120165752772
868120165752780
868120165752798
868120165752806
868120165752814
868120165752822
868120165752830
868120165752848
868120165752855
868120165752863
868120165752871
868120165752889
868120165752897
868120165752905
868120165752913
868120165752921
868120165752939
868120165752947
868120165752954
868120165752962
868120165752970
868120165752988
868120165752996
868120165753002
868120165753010
868120165753028
868120165753036
868120165753044
868120165753051
868120165753069
868120165753077
868120165753085
868120165753093
868120165753101
868120165753119
868120165753127
868120165753135
868120165753143
868120165753150
868120165753168
868120165753176
868120165753184
868120165753192
868120165753200
868120165753218
868120165753226
868120165753234
868120165753242
868120165753259
868120165753267
868120165753275
868120165753283
868120165753291
868120165753309
868120165753317
868120165753325
868120165753333
868120165753341
868120165753358
868120165753366
868120165753374
868120165753382
868120165753390
868120165753408
868120165753416
868120165753424
868120165753432
868120165753440
868120165753457
868120165753465
868120165753473
868120165753481
868120165753499
868120165753507
868120165753515
868120165753523
868120165753531
868120165753549
868120165753556
868120165753564
868120165753572
868120165753580
868120165753598
868120165753606
868120165753614
868120165753622
868120165753630
868120165753648
868120165753655
868120165753663
868120165753671
868120165753689
868120165753697
868120165753705
868120165753713
868120165753721
868120165753739
868120165753747
868120165753754
868120165753762
868120165753770
868120165753788
868120165753796
868120165753804
868120165753812
868120165753820
868120165753838
868120165753846
868120165753853
868120165753861
868120165753879
868120165753887
868120165753895
868120165753903
868120165753911
868120165753929
868120165753937
868120165753945
868120165753952
868120165753960
868120165753978
868120165753986
868120165753994
868120165754000
868120165754018
868120165754026
868120165754034
868120165754042
868120165754059
868120165754067
868120165754075
868120165754083
868120165754091
868120165754109
868120165754117
868120165754125
868120165754133
868120165754141
868120165754158
868120165754166
868120165754174
868120165754182
868120165754190
868120165754208
868120165754216
868120165754224
868120165754232
868120165754240
868120165754257
868120165754265
868120165754273
868120165754281
868120165754299
868120165754307
868120165754315
868120165754323
868120165754331
868120165754349
868120165754356
868120165754364
868120165754372
868120165754380
868120165754398
868120165754406
868120165754414
868120165754422
868120165754430
868120165754448
868120165754455
868120165754463
868120165754471
868120165754489
868120165754497
868120165754505
868120165754513
868120165754521
868120165754539
868120165754547
868120165754554
868120165754562
868120165754570
868120165754588
868120165754596
868120165754604
868120165754612
868120165754620
868120165754638
868120165754646
868120165754653
868120165754661
868120165754679
868120165754687
868120165754695
868120165754703
868120165754711
868120165754729
868120165754737
868120165754745
868120165754752
868120165754760
868120165754778
868120165754786
868120165754794
868120165754802
868120165754810
868120165754828
868120165754836
868120165754844
868120165754851
868120165754869
868120165754877
868120165754885
868120165754893
868120165754901
868120165754919
868120165754927
868120165754935
868120165754943
868120165754950
868120165754968
868120165754976
868120165754984
868120165754992
868120165755007
868120165755015
868120165755023
868120165755031
868120165755049
868120165755056
868120165755064
868120165755072
868120165755080
868120165755098
868120165755106
868120165755114
868120165755122
868120165755130
868120165755148
868120165755155
868120165755163
868120165755171
868120165755189
868120165755197
868120165755205
868120165755213
868120165755221
868120165755239
868120165755247
868120165755254
868120165755262
868120165755270
868120165755288
868120165755296
868120165755304
868120165755312
868120165755320
868120165755338
868120165755346
868120165755353
868120165755361
868120165755379
868120165755387
868120165755395
868120165755403
868120165755411
868120165755429
868120165755437
868120165755445
868120165755452
868120165755460
868120165755478
868120165755486
868120165755494
868120165755502
868120165755510
868120165755528
868120165755536
868120165755544
868120165755551
868120165755569
868120165755577
868120165755585
868120165755593
868120165755601
868120165755619
868120165755627
868120165755635
868120165755643
868120165755650
868120165755668
868120165755676
868120165755684
868120165755692
868120165755700
868120165755718
868120165755726
868120165755734
868120165755742
868120165755759
868120165755767
868120165755775
868120165755783
868120165755791
868120165755809
868120165755817
868120165755825
868120165755833
868120165755841
868120165755858
868120165755866
868120165755874
868120165755882
868120165755890
868120165755908
868120165755916
868120165755924
868120165755932
868120165755940
868120165755957
868120165755965
868120165755973
868120165755981
868120165755999
868120165756005
868120165756013
868120165756021
868120165756039
868120165756047
868120165756054
868120165756062
868120165756070
868120165756088
868120165756096
868120165756104
868120165756112
868120165756120
868120165756138
868120165756146
868120165756153
868120165756161
868120165756179
868120165756187
868120165756195
868120165756203
868120165756211
868120165756229
868120165756237
868120165756245
868120165756252
868120165756260
868120165756278
868120165756286
868120165756294
868120165756302
868120165756310
868120165756328
868120165756336
868120165756344
868120165756351
868120165756369
868120165756377
868120165756385
868120165756393
868120165756401
868120165756419
868120165756427
868120165756435
868120165756443
868120165756450
868120165756468
868120165756476
868120165756484
868120165756492
868120165756500
868120165756518
868120165756526
868120165756534
868120165756542
868120165756559
868120165756567
868120165756575
868120165756583
868120165756591
868120165756609
868120165756617
868120165756625
868120165756633
868120165756641
868120165756658
868120165756666
868120165756674
868120165756682
868120165756690
868120165756708
868120165756716
868120165756724
868120165756732
868120165756740
868120165756757
868120165756765
868120165756773
868120165756781
868120165756799
868120165756807
868120165756815
868120165756823
868120165756831
868120165756849
868120165756856
868120165756864
868120165756872
868120165756880
868120165756898
868120165756906
868120165756914
868120165756922
868120165756930
868120165756948
868120165756955
868120165756963
868120165756971
868120165756989
868120165756997
868120165757003
868120165757011
868120165757029
868120165757037
868120165757045
868120165757052
868120165757060
868120165757078
868120165757086
868120165757094
868120165757102
868120165757110
868120165757128
868120165757136
868120165757144
868120165757151
868120165757169
868120165757177
868120165757185
868120165757193
868120165757201
868120165757219
868120165757227
868120165757235
868120165757243
868120165757250
868120165757268
868120165757276
868120165757284
868120165757292
868120165757300
868120165757318
868120165757326
868120165757334
868120165757342
868120165757359
868120165757367
868120165757375
868120165757383
868120165757391
868120165757409
868120165757417
868120165757425
868120165757433
868120165757441
868120165757458
868120165757466
868120165757474
868120165757482
868120165757490
868120165757508
868120165757516
868120165757524
868120165757532
868120165757540
868120165757557
868120165757565
868120165757573
868120165757581
868120165757599
868120165757607
868120165757615
868120165757623
868120165757631
868120165757649
868120165757656
868120165757664
868120165757672
868120165757680
868120165757698
868120165757706
868120165757714
868120165757722
868120165757730
868120165757748
868120165757755
868120165757763
868120165757771
868120165757789
868120165757797
868120165757805
868120165757813
868120165757821
868120165757839
868120165757847
868120165757854
868120165757862
868120165757870
868120165757888
868120165757896
868120165757904
868120165757912
868120165757920
868120165757938
868120165757946
868120165757953
868120165757961
868120165757979
868120165757987
868120165757995
868120165758001
868120165758019
868120165758027
868120165758035
868120165758043
868120165758050
868120165758068
868120165758076
868120165758084
868120165758092
868120165758100
868120165758118
868120165758126
868120165758134
868120165758142
868120165758159
868120165758167
868120165758175
868120165758183
868120165758191
868120165758209
868120165758217
868120165758225
868120165758233
868120165758241
868120165758258
868120165758266
868120165758274
868120165758282
868120165758290
868120165758308
868120165758316
868120165758324
868120165758332
868120165758340
868120165758357
868120165758365
868120165758373
868120165758381
868120165758399
868120165758407
868120165758415
868120165758423
868120165758431
868120165758449
868120165758456
868120165758464
868120165758472
868120165758480
868120165758498
868120165758506
868120165758514
868120165758522
868120165758530
868120165758548
868120165758555
868120165758563
868120165758571
868120165758589
868120165758597
868120165758605
868120165758613
868120165758621
868120165758639
868120165758647
868120165758654
868120165758662
868120165758670
868120165758688
868120165758696
868120165758704
868120165758712
868120165758720
868120165758738
868120165758746
868120165758753
868120165758761
868120165758779
868120165758787
868120165758795
868120165758803
868120165758811
868120165758829
868120165758837
868120165758845
868120165758852
868120165758860
868120165758878
868120165758886
868120165758894
868120165758902
868120165758910
868120165758928
868120165758936
868120165758944
868120165758951
868120165758969
868120165758977
868120165758985
868120165758993
868120165759009
868120165759017
868120165759025
868120165759033
868120165759041
868120165759058
868120165759066
868120165759074
868120165759082
868120165759090
868120165759108
868120165759116
868120165759124
868120165759132
868120165759140
868120165759157
868120165759165
868120165759173
868120165759181
868120165759199
868120165759207
868120165759215
868120165759223
868120165759231
868120165759249
868120165759256
868120165759264
868120165759272
868120165759280
868120165759298
868120165759306
868120165759314
868120165759322
868120165759330
868120165759348
868120165759355
868120165759363
868120165759371
868120165759389
868120165759397
868120165759405
868120165759413
868120165759421
868120165759439
868120165759447
868120165759454
868120165759462
868120165759470
868120165759488
868120165759496
868120165759504
868120165759512
868120165759520
868120165759538
868120165759546
868120165759553
868120165759561
868120165759579
868120165759587
868120165759595
868120165759603
868120165759611
868120165759629
868120165759637
868120165759645
868120165759652
868120165759660
868120165759678
868120165759686
868120165759694
868120165759702
868120165759710
868120165759728
868120165759736
868120165759744
868120165759751
868120165759769
868120165759777
868120165759785
868120165759793
868120165759801
868120165759819
868120165759827
868120165759835
868120165759843
868120165759850
868120165759868
868120165759876
868120165759884
868120165759892
868120165759900
868120165759918
868120165759926
868120165759934
868120165759942
868120165759959
868120165759967
868120165759975
868120165759983
868120165759991
868120165760007
868120165760015
868120165760023
868120165760031
868120165760049
868120165760056
868120165760064
868120165760072
868120165760080
868120165760098
868120165760106
868120165760114
868120165760122
868120165760130
868120165760148
868120165760155
868120165760163
868120165760171
868120165760189
868120165760197
868120165760205
868120165760213
868120165760221
868120165760239
868120165760247
868120165760254
868120165760262
868120165760270
868120165760288
868120165760296
868120165760304
868120165760312
868120165760320
868120165760338
868120165760346
868120165760353
868120165760361
868120165760379
868120165760387
868120165760395
868120165760403
868120165760411
868120165760429
868120165760437
868120165760445
868120165760452
868120165760460
868120165760478
868120165760486
868120165760494
868120165760502
868120165760510
868120165760528
868120165760536
868120165760544
868120165760551
868120165760569
868120165760577
868120165760585
868120165760593
868120165760601
868120165760619
868120165760627
868120165760635
868120165760643
868120165760650
868120165760668
868120165760676
868120165760684
868120165760692
868120165760700
868120165760718
868120165760726
868120165760734
868120165760742
868120165760759
868120165760767
868120165760775
868120165760783
868120165760791
868120165760809
868120165760817
868120165760825
868120165760833
868120165760841
868120165760858
868120165760866
868120165760874
868120165760882
868120165760890
868120165760908
868120165760916
868120165760924
868120165760932
868120165760940
868120165760957
868120165760965
868120165760973
868120165760981
868120165760999
868120165761005
868120165761013
868120165761021
868120165761039
868120165761047
868120165761054
868120165761062
868120165761070
868120165761088
868120165761096
868120165761104
868120165761112
868120165761120
868120165761138
868120165761146
868120165761153
868120165761161
868120165761179
868120165761187
868120165761195
868120165761203
868120165761211
868120165761229
868120165761237
868120165761245
868120165761252
868120165761260
868120165761278
868120165761286
868120165761294
868120165761302
868120165761310
868120165761328
868120165761336
868120165761344
868120165761351
868120165761369
868120165761377
868120165761385
868120165761393
868120165761401
868120165761419
868120165761427
868120165761435
868120165761443
868120165761450
868120165761468
868120165761476
868120165761484
868120165761492
868120165761500
868120165761518
868120165761526
868120165761534
868120165761542
868120165761559
868120165761567
868120165761575
868120165761583
868120165761591
868120165761609
868120165761617
868120165761625
868120165761633
868120165761641
868120165761658
868120165761666
868120165761674
868120165761682
868120165761690
868120165761708
868120165761716
868120165761724
868120165761732
868120165761740
868120165761757
868120165761765
868120165761773
868120165761781
868120165761799
868120165761807
868120165761815
868120165761823
868120165761831
868120165761849
868120165761856
868120165761864
868120165761872
868120165761880
868120165761898
868120165761906
868120165761914
868120165761922
868120165761930
868120165761948
868120165761955
868120165761963
868120165761971
868120165761989
868120165761997
868120165762003
868120165762011
868120165762029
868120165762037
868120165762045
868120165762052
868120165762060
868120165762078
868120165762086
868120165762094
868120165762102
868120165762110
868120165762128
868120165762136
868120165762144
868120165762151
868120165762169
868120165762177
868120165762185
868120165762193
868120165762201
868120165762219
868120165762227
868120165762235
868120165762243
868120165762250
868120165762268
868120165762276
868120165762284
868120165762292
868120165762300
868120165762318
868120165762326
868120165762334
868120165762342
868120165762359
868120165762367
868120165762375
868120165762383
868120165762391
868120165762409
868120165762417
868120165762425
868120165762433
868120165762441
868120165762458
868120165762466
868120165762474
868120165762482
868120165762490
868120165762508
868120165762516
868120165762524
868120165762532
868120165762540
868120165762557
868120165762565
868120165762573
868120165762581
868120165762599
868120165762607
868120165762615
868120165762623
868120165762631
868120165762649
868120165762656
868120165762664
868120165762672
868120165762680
868120165762698
868120165762706
868120165762714
868120165762722
868120165762730
868120165762748
868120165762755
868120165762763
868120165762771
868120165762789
868120165762797
868120165762805
868120165762813
868120165762821
868120165762839
868120165762847
868120165762854
868120165762862
868120165762870
868120165762888
868120165762896
868120165762904
868120165762912
868120165762920
868120165762938
868120165762946
868120165762953
868120165762961
868120165762979
868120165762987
868120165762995
868120165763001
868120165763019
868120165763027
868120165763035
868120165763043
868120165763050
868120165763068
868120165763076
868120165763084
868120165763092
868120165763100
868120165763118
868120165763126
868120165763134
868120165763142
868120165763159
868120165763167
868120165763175
868120165763183
868120165763191
868120165763209
868120165763217
868120165763225
868120165763233
868120165763241
868120165763258
868120165763266
868120165763274
868120165763282
868120165763290
868120165763308
868120165763316
868120165763324
868120165763332
868120165763340
868120165763357
868120165763365
868120165763373
868120165763381
868120165763399
868120165763407
868120165763415
868120165763423
868120165763431
868120165763449
868120165763456
868120165763464
868120165763472
868120165763480
868120165763498
868120165763506
868120165763514
868120165763522
868120165763530
868120165763548
868120165763555
868120165763563
868120165763571
868120165763589
868120165763597
868120165763605
868120165763613
868120165763621
868120165763639
868120165763647
868120165763654
868120165763662
868120165763670
868120165763688
868120165763696
868120165763704
868120165763712
868120165763720
868120165763738
868120165763746
868120165763753
868120165763761
868120165763779
868120165763787
868120165763795
868120165763803
868120165763811
868120165763829
868120165763837
868120165763845
868120165763852
868120165763860
868120165763878
868120165763886
868120165763894
868120165763902
868120165763910
868120165763928
868120165763936
868120165763944
868120165763951
868120165763969
868120165763977
868120165763985
868120165763993
868120165764009
868120165764017
868120165764025
868120165764033
868120165764041
868120165764058
868120165764066
868120165764074
868120165764082
868120165764090
868120165764108
868120165764116
868120165764124
868120165764132
868120165764140
868120165764157
868120165764165
868120165764173
868120165764181
868120165764199
868120165764207
868120165764215
868120165764223
868120165764231
868120165764249
868120165764256
868120165764264
868120165764272
868120165764280
868120165764298
868120165764306
868120165764314
868120165764322
868120165764330
868120165764348
868120165764355
868120165764363
868120165764371
868120165764389
868120165764397
868120165764405
868120165764413
868120165764421
868120165764439
868120165764447
868120165764454
868120165764462
868120165764470
868120165764488
868120165764496
868120165764504
868120165764512
868120165764520
868120165764538
868120165764546
868120165764553
868120165764561
868120165764579
868120165764587
868120165764595
868120165764603
868120165764611
868120165764629
868120165764637
868120165764645
868120165764652
868120165764660
868120165764678
868120165764686
868120165764694
868120165764702
868120165764710
868120165764728
868120165764736
868120165764744
868120165764751
868120165764769
868120165764777
868120165764785
868120165764793
868120165764801
868120165764819
868120165764827
868120165764835
868120165764843
868120165764850
868120165764868
868120165764876
868120165764884
868120165764892
868120165764900
868120165764918
868120165764926
868120165764934
868120165764942
868120165764959
868120165764967
868120165764975
868120165764983
868120165764991
868120165765006
868120165765014
868120165765022
868120165765030
868120165765048
868120165765055
868120165765063
868120165765071
868120165765089
868120165765097
868120165765105
868120165765113
868120165765121
868120165765139
868120165765147
868120165765154
868120165765162
868120165765170
868120165765188
868120165765196
868120165765204
868120165765212
868120165765220
868120165765238
868120165765246
868120165765253
868120165765261
868120165765279
868120165765287
868120165765295
868120165765303
868120165765311
868120165765329
868120165765337
868120165765345
868120165765352
868120165765360
868120165765378
868120165765386
868120165765394
868120165765402
868120165765410
868120165765428
868120165765436
868120165765444
868120165765451
868120165765469
868120165765477
868120165765485
868120165765493
868120165765501
868120165765519
868120165765527
868120165765535
868120165765543
868120165765550
868120165765568
868120165765576
868120165765584
868120165765592
868120165765600
868120165765618
868120165765626
868120165765634
868120165765642
868120165765659
868120165765667
868120165765675
868120165765683
868120165765691
868120165765709
868120165765717
868120165765725
868120165765733
868120165765741
868120165765758
868120165765766
868120165765774
868120165765782
868120165765790
868120165765808
868120165765816
868120165765824
868120165765832
868120165765840
868120165765857
868120165765865
868120165765873
868120165765881
868120165765899
868120165765907
868120165765915
868120165765923
868120165765931
868120165765949
868120165765956
868120165765964
868120165765972
868120165765980
868120165765998
868120165766004
868120165766012
868120165766020
868120165766038
868120165766046
868120165766053
868120165766061
868120165766079
868120165766087
868120165766095
868120165766103
868120165766111
868120165766129
868120165766137
868120165766145
868120165766152
868120165766160
868120165766178
868120165766186
868120165766194
868120165766202
868120165766210
868120165766228
868120165766236
868120165766244
868120165766251
868120165766269
868120165766277
868120165766285
868120165766293
868120165766301
868120165766319
868120165766327
868120165766335
868120165766343
868120165766350
868120165766368
868120165766376
868120165766384
868120165766392
868120165766400
868120165766418
868120165766426
868120165766434
868120165766442
868120165766459
868120165766467
868120165766475
868120165766483
868120165766491
868120165766509
868120165766517
868120165766525
868120165766533
868120165766541
868120165766558
868120165766566
868120165766574
868120165766582
868120165766590
868120165766608
868120165766616
868120165766624
868120165766632
868120165766640
868120165766657
868120165766665
868120165766673
868120165766681
868120165766699
868120165766707
868120165766715
868120165766723
868120165766731
868120165766749
868120165766756
868120165766764
868120165766772
868120165766780
868120165766798
868120165766806
868120165766814
868120165766822
868120165766830
868120165766848
868120165766855
868120165766863
868120165766871
868120165766889
868120165766897
868120165766905
868120165766913
868120165766921
868120165766939
868120165766947
868120165766954
868120165766962
868120165766970
868120165766988
868120165766996
868120165767002
868120165767010
868120165767028
868120165767036
868120165767044
868120165767051
868120165767069
868120165767077
868120165767085
868120165767093
868120165767101
868120165767119
868120165767127
868120165767135
868120165767143
868120165767150
868120165767168
868120165767176
868120165767184
868120165767192
868120165767200
868120165767218
868120165767226
868120165767234
868120165767242
868120165767259
868120165767267
868120165767275
868120165767283
868120165767291
868120165767309
868120165767317
868120165767325
868120165767333
868120165767341
868120165767358
868120165767366
868120165767374
868120165767382
868120165767390
868120165767408
868120165767416
868120165767424
868120165767432
868120165767440
868120165767457
868120165767465
868120165767473
868120165767481
868120165767499
868120165767507
868120165767515
868120165767523
868120165767531
868120165767549
868120165767556
868120165767564
868120165767572
868120165767580
868120165767598
868120165767606
868120165767614
868120165767622
868120165767630
868120165767648
868120165767655
868120165767663
868120165767671
868120165767689
868120165767697
868120165767705
868120165767713
868120165767721
868120165767739
868120165767747
868120165767754
868120165767762
868120165767770
868120165767788
868120165767796
868120165767804
868120165767812
868120165767820
868120165767838
868120165767846
868120165767853
868120165767861
868120165767879
868120165767887
868120165767895
868120165767903
868120165767911
868120165767929
868120165767937
868120165767945
868120165767952
868120165767960
868120165767978
868120165767986
868120165767994
868120165768000
868120165768018
868120165768026
868120165768034
868120165768042
868120165768059
868120165768067
868120165768075
868120165768083
868120165768091
868120165768109
868120165768117
868120165768125
868120165768133
868120165768141
868120165768158
868120165768166
868120165768174
868120165768182
868120165768190
868120165768208
868120165768216
868120165768224
868120165768232
868120165768240
868120165768257
868120165768265
868120165768273
868120165768281
868120165768299
868120165768307
868120165768315
868120165768323
868120165768331
868120165768349
868120165768356
868120165768364
868120165768372
868120165768380
868120165768398
868120165768406
868120165768414
868120165768422
868120165768430
868120165768448
868120165768455
868120165768463
868120165768471
868120165768489
868120165768497
868120165768505
868120165768513
868120165768521
868120165768539
868120165768547
868120165768554
868120165768562
868120165768570
868120165768588
868120165768596
868120165768604
868120165768612
868120165768620
868120165768638
868120165768646
868120165768653
868120165768661
868120165768679
868120165768687
868120165768695
868120165768703
868120165768711
868120165768729
868120165768737
868120165768745
868120165768752
868120165768760
868120165768778
868120165768786
868120165768794
868120165768802
868120165768810
868120165768828
868120165768836
868120165768844
868120165768851
868120165768869
868120165768877
868120165768885
868120165768893
868120165768901
868120165768919
868120165768927
868120165768935
868120165768943
868120165768950
868120165768968
868120165768976
868120165768984
868120165768992
868120165769008
868120165769016
868120165769024
868120165769032
868120165769040
868120165769057
868120165769065
868120165769073
868120165769081
868120165769099
868120165769107
868120165769115
868120165769123
868120165769131
868120165769149
868120165769156
868120165769164
868120165769172
868120165769180
868120165769198
868120165769206
868120165769214
868120165769222
868120165769230
868120165769248
868120165769255
868120165769263
868120165769271
868120165769289
868120165769297
868120165769305
868120165769313
868120165769321
868120165769339
868120165769347
868120165769354
868120165769362
868120165769370
868120165769388
868120165769396
868120165769404
868120165769412
868120165769420
868120165769438
868120165769446
868120165769453
868120165769461
868120165769479
868120165769487
868120165769495
868120165769503
868120165769511
868120165769529
868120165769537
868120165769545
868120165769552
868120165769560
868120165769578
868120165769586
868120165769594
868120165769602
868120165769610
868120165769628
868120165769636
868120165769644
868120165769651
868120165769669
868120165769677
868120165769685
868120165769693
868120165769701
868120165769719
868120165769727
868120165769735
868120165769743
868120165769750
868120165769768
868120165769776
868120165769784
868120165769792
868120165769800
868120165769818
868120165769826
868120165769834
868120165769842
868120165769859
868120165769867
868120165769875
868120165769883
868120165769891
868120165769909
868120165769917
868120165769925
868120165769933
868120165769941
868120165769958
868120165769966
868120165769974
868120165769982
868120165769990
868120165770006
868120165770014
868120165770022
868120165770030
868120165770048
868120165770055
868120165770063
868120165770071
868120165770089
868120165770097
868120165770105
868120165770113
868120165770121
868120165770139
868120165770147
868120165770154
868120165770162
868120165770170
868120165770188
868120165770196
868120165770204
868120165770212
868120165770220
868120165770238
868120165770246
868120165770253
868120165770261
868120165770279
868120165770287
868120165770295
868120165770303
868120165770311
868120165770329
868120165770337
868120165770345
868120165770352
868120165770360
868120165770378
868120165770386
868120165770394
868120165770402
868120165770410
868120165770428
868120165770436
868120165770444
868120165770451
868120165770469
868120165770477
868120165770485
868120165770493
868120165770501
868120165770519
868120165770527
868120165770535
868120165770543
868120165770550
868120165770568
868120165770576
868120165770584
868120165770592
868120165770600
868120165770618
868120165770626
868120165770634
868120165770642
868120165770659
868120165770667
868120165770675
868120165770683
868120165770691
868120165770709
868120165770717
868120165770725
868120165770733
868120165770741
868120165770758
868120165770766
868120165770774
868120165770782
868120165770790
868120165770808
868120165770816
868120165770824
868120165770832
868120165770840
868120165770857
868120165770865
868120165770873
868120165770881
868120165770899
868120165770907
868120165770915
868120165770923
868120165770931
868120165770949
868120165770956
868120165770964
868120165770972
868120165770980
868120165770998
868120165771004
868120165771012
868120165771020
868120165771038
868120165771046
868120165771053
868120165771061
868120165771079
868120165771087
868120165771095
868120165771103
868120165771111
868120165771129
868120165771137
868120165771145
868120165771152
868120165771160
868120165771178
868120165771186
868120165771194
868120165771202
868120165771210
868120165771228
868120165771236
868120165771244
868120165771251
868120165771269
868120165771277
868120165771285
868120165771293
868120165771301
868120165771319
868120165771327
868120165771335
868120165771343
868120165771350
868120165771368
868120165771376
868120165771384
868120165771392
868120165771400
868120165771418
868120165771426
868120165771434
868120165771442
868120165771459
868120165771467
868120165771475
868120165771483
868120165771491
868120165771509
868120165771517
868120165771525
868120165771533
868120165771541
868120165771558
868120165771566
868120165771574
868120165771582
868120165771590
868120165771608
868120165771616
868120165771624
868120165771632
868120165771640
868120165771657
868120165771665
868120165771673
868120165771681
868120165771699
868120165771707
868120165771715
868120165771723
868120165771731
868120165771749
868120165771756
868120165771764
868120165771772
868120165771780
868120165771798
868120165771806
868120165771814
868120165771822
868120165771830
868120165771848
868120165771855
868120165771863
868120165771871
868120165771889
868120165771897
868120165771905
868120165771913
868120165771921
868120165771939
868120165771947
868120165771954
868120165771962
868120165771970
868120165771988
868120165771996
868120165772002
868120165772010
868120165772028
868120165772036
868120165772044
868120165772051
868120165772069
868120165772077
868120165772085
868120165772093
868120165772101
868120165772119
868120165772127
868120165772135
868120165772143
868120165772150
868120165772168
868120165772176
868120165772184
868120165772192
868120165772200
868120165772218
868120165772226
868120165772234
868120165772242
868120165772259
868120165772267
868120165772275
868120165772283
868120165772291
868120165772309
868120165772317
868120165772325
868120165772333
868120165772341
868120165772358
868120165772366
868120165772374
868120165772382
868120165772390
868120165772408
868120165772416
868120165772424
868120165772432
868120165772440
868120165772457
868120165772465
868120165772473
868120165772481
868120165772499
868120165772507
868120165772515
868120165772523
868120165772531
868120165772549
868120165772556
868120165772564
868120165772572
868120165772580
868120165772598
868120165772606
868120165772614
868120165772622
868120165772630
868120165772648
868120165772655
868120165772663
868120165772671
868120165772689
868120165772697
868120165772705
868120165772713
868120165772721
868120165772739
868120165772747
868120165772754
868120165772762
868120165772770
868120165772788
868120165772796
868120165772804
868120165772812
868120165772820
868120165772838
868120165772846
868120165772853
868120165772861
868120165772879
868120165772887
868120165772895
868120165772903
868120165772911
868120165772929
868120165772937
868120165772945
868120165772952
868120165772960
868120165772978
868120165772986
868120165772994
868120165773000
868120165773018
868120165773026
868120165773034
868120165773042
868120165773059
868120165773067
868120165773075
868120165773083
868120165773091
868120165773109
868120165773117
868120165773125
868120165773133
868120165773141
868120165773158
868120165773166
868120165773174
868120165773182
868120165773190
868120165773208
868120165773216
868120165773224
868120165773232
868120165773240
868120165773257
868120165773265
868120165773273
868120165773281
868120165773299
868120165773307
868120165773315
868120165773323
868120165773331
868120165773349
868120165773356
868120165773364
868120165773372
868120165773380
868120165773398
868120165773406
868120165773414
868120165773422
868120165773430
868120165773448
868120165773455
868120165773463
868120165773471
868120165773489
868120165773497
868120165773505
868120165773513
868120165773521
868120165773539
868120165773547
868120165773554
868120165773562
868120165773570
868120165773588
868120165773596
868120165773604
868120165773612
868120165773620
868120165773638
868120165773646
868120165773653
868120165773661
868120165773679
868120165773687
868120165773695
868120165773703
868120165773711
868120165773729
868120165773737
868120165773745
868120165773752
868120165773760
868120165773778
868120165773786
868120165773794
868120165773802
868120165773810
868120165773828
868120165773836
868120165773844
868120165773851
868120165773869
868120165773877
868120165773885
868120165773893
868120165773901
868120165773919
868120165773927
868120165773935
868120165773943
868120165773950
868120165773968
868120165773976
868120165773984
868120165773992
868120165774008
868120165774016
868120165774024
868120165774032
868120165774040
868120165774057
868120165774065
868120165774073
868120165774081
868120165774099
868120165774107
868120165774115
868120165774123
868120165774131
868120165774149
868120165774156
868120165774164
868120165774172
868120165774180
868120165774198
868120165774206
868120165774214
868120165774222
868120165774230
868120165774248
868120165774255
868120165774263
868120165774271
868120165774289
868120165774297
868120165774305
868120165774313
868120165774321
868120165774339
868120165774347
868120165774354
868120165774362
868120165774370
868120165774388
868120165774396
868120165774404
868120165774412
868120165774420
868120165774438
868120165774446
868120165774453
868120165774461
868120165774479
868120165774487
868120165774495
868120165774503
868120165774511
868120165774529
868120165774537
868120165774545
868120165774552
868120165774560
868120165774578
868120165774586
868120165774594
868120165774602
868120165774610
868120165774628
868120165774636
868120165774644
868120165774651
868120165774669
868120165774677
868120165774685
868120165774693
868120165774701
868120165774719
868120165774727
868120165774735
868120165774743
868120165774750
868120165774768
868120165774776
868120165774784
868120165774792
868120165774800
868120165774818
868120165774826
868120165774834
868120165774842
868120165774859
868120165774867
868120165774875
868120165774883
868120165774891
868120165774909
868120165774917
868120165774925
868120165774933
868120165774941
868120165774958
868120165774966
868120165774974
868120165774982
868120165774990
868120165775005
868120165775013
868120165775021
868120165775039
868120165775047
868120165775054
868120165775062
868120165775070
868120165775088
868120165775096
868120165775104
868120165775112
868120165775120
868120165775138
868120165775146
868120165775153
868120165775161
868120165775179
868120165775187
868120165775195
868120165775203
868120165775211
868120165775229
868120165775237
868120165775245
868120165775252
868120165775260
868120165775278
868120165775286
868120165775294
868120165775302
868120165775310
868120165775328
868120165775336
868120165775344
868120165775351
868120165775369
868120165775377
868120165775385
868120165775393
868120165775401
868120165775419
868120165775427
868120165775435
868120165775443
868120165775450
868120165775468
868120165775476
868120165775484
868120165775492
868120165775500
868120165775518
868120165775526
868120165775534
868120165775542
868120165775559
868120165775567
868120165775575
868120165775583
868120165775591
868120165775609
868120165775617
868120165775625
868120165775633
868120165775641
868120165775658
868120165775666
868120165775674
868120165775682
868120165775690
868120165775708
868120165775716
868120165775724
868120165775732
868120165775740
868120165775757
868120165775765
868120165775773
868120165775781
868120165775799
868120165775807
868120165775815
868120165775823
868120165775831
868120165775849
868120165775856
868120165775864
868120165775872
868120165775880
868120165775898
868120165775906
868120165775914
868120165775922
868120165775930
868120165775948
868120165775955
868120165775963
868120165775971
868120165775989
868120165775997
868120165776003
868120165776011
868120165776029
868120165776037
868120165776045
868120165776052
868120165776060
868120165776078
868120165776086
868120165776094
868120165776102
868120165776110
868120165776128
868120165776136
868120165776144
868120165776151
868120165776169
868120165776177
868120165776185
868120165776193
868120165776201
868120165776219
868120165776227
868120165776235
868120165776243
868120165776250
868120165776268
868120165776276
868120165776284
868120165776292
868120165776300
868120165776318
868120165776326
868120165776334
868120165776342
868120165776359
868120165776367
868120165776375
868120165776383
868120165776391
868120165776409
868120165776417
868120165776425
868120165776433
868120165776441
868120165776458
868120165776466
868120165776474
868120165776482
868120165776490
868120165776508
868120165776516
868120165776524
868120165776532
868120165776540
868120165776557
868120165776565
868120165776573
868120165776581
868120165776599
868120165776607
868120165776615
868120165776623
868120165776631
868120165776649
868120165776656
868120165776664
868120165776672
868120165776680
868120165776698
868120165776706
868120165776714
868120165776722
868120165776730
868120165776748
868120165776755
868120165776763
868120165776771
868120165776789
868120165776797
868120165776805
868120165776813
868120165776821
868120165776839
868120165776847
868120165776854
868120165776862
868120165776870
868120165776888
868120165776896
868120165776904
868120165776912
868120165776920
868120165776938
868120165776946
868120165776953
868120165776961
868120165776979
868120165776987
868120165776995
868120165777001
868120165777019
868120165777027
868120165777035
868120165777043
868120165777050
868120165777068
868120165777076
868120165777084
868120165777092
868120165777100
868120165777118
868120165777126
868120165777134
868120165777142
868120165777159
868120165777167
868120165777175
868120165777183
868120165777191
868120165777209
868120165777217
868120165777225
868120165777233
868120165777241
868120165777258
868120165777266
868120165777274
868120165777282
868120165777290
868120165777308
868120165777316
868120165777324
868120165777332
868120165777340
868120165777357
868120165777365
868120165777373
868120165777381
868120165777399
868120165777407
868120165777415
868120165777423
868120165777431
868120165777449
868120165777456
868120165777464
868120165777472
868120165777480
868120165777498
868120165777506
868120165777514
868120165777522
868120165777530
868120165777548
868120165777555
868120165777563
868120165777571
868120165777589
868120165777597
868120165777605
868120165777613
868120165777621
868120165777639
868120165777647
868120165777654
868120165777662
868120165777670
868120165777688
868120165777696
868120165777704
868120165777712
868120165777720
868120165777738
868120165777746
868120165777753
868120165777761
868120165777779
868120165777787
868120165777795
868120165777803
868120165777811
868120165777829
868120165777837
868120165777845
868120165777852
868120165777860
868120165777878
868120165777886
868120165777894
868120165777902
868120165777910
868120165777928
868120165777936
868120165777944
868120165777951
868120165777969
868120165777977
868120165777985
868120165777993
868120165778009
868120165778017
868120165778025
868120165778033
868120165778041
868120165778058
868120165778066
868120165778074
868120165778082
868120165778090
868120165778108
868120165778116
868120165778124
868120165778132
868120165778140
868120165778157
868120165778165
868120165778173
868120165778181
868120165778199
868120165778207
868120165778215
868120165778223
868120165778231
868120165778249
868120165778256
868120165778264
868120165778272
868120165778280
868120165778298
868120165778306
868120165778314
868120165778322
868120165778330
868120165778348
868120165778355
868120165778363
868120165778371
868120165778389
868120165778397
868120165778405
868120165778413
868120165778421
868120165778439
868120165778447
868120165778454
868120165778462
868120165778470
868120165778488
868120165778496
868120165778504
868120165778512
868120165778520
868120165778538
868120165778546
868120165778553
868120165778561
868120165778579
868120165778587
868120165778595
868120165778603
868120165778611
868120165778629
868120165778637
868120165778645
868120165778652
868120165778660
868120165778678
868120165778686
868120165778694
868120165778702
868120165778710
868120165778728
868120165778736
868120165778744
868120165778751
868120165778769
868120165778777
868120165778785
868120165778793
868120165778801
868120165778819
868120165778827
868120165778835
868120165778843
868120165778850
868120165778868
868120165778876
868120165778884
868120165778892
868120165778900
868120165778918
868120165778926
868120165778934
868120165778942
868120165778959
868120165778967
868120165778975
868120165778983
868120165778991
868120165779007
868120165779015
868120165779023
868120165779031
868120165779049
868120165779056
868120165779064
868120165779072
868120165779080
868120165779098
868120165779106
868120165779114
868120165779122
868120165779130
868120165779148
868120165779155
868120165779163
868120165779171
868120165779189
868120165779197
868120165779205
868120165779213
868120165779221
868120165779239
868120165779247
868120165779254
868120165779262
868120165779270
868120165779288
868120165779296
868120165779304
868120165779312
868120165779320
868120165779338
868120165779346
868120165779353
868120165779361
868120165779379
868120165779387
868120165779395
868120165779403
868120165779411
868120165779429
868120165779437
868120165779445
868120165779452
868120165779460
868120165779478
868120165779486
868120165779494
868120165779502
868120165779510
868120165779528
868120165779536
868120165779544
868120165779551
868120165779569
868120165779577
868120165779585
868120165779593
868120165779601
868120165779619
868120165779627
868120165779635
868120165779643
868120165779650
868120165779668
868120165779676
868120165779684
868120165779692
868120165779700
868120165779718
868120165779726
868120165779734
868120165779742
868120165779759
868120165779767
868120165779775
868120165779783
868120165779791
868120165779809
868120165779817
868120165779825
868120165779833
868120165779841
868120165779858
868120165779866
868120165779874
868120165779882
868120165779890
868120165779908
868120165779916
868120165779924
868120165779932
868120165779940
868120165779957
868120165779965
868120165779973
868120165779981
868120165779999
868120165780005
868120165780013
868120165780021
868120165780039
868120165780047
868120165780054
868120165780062
868120165780070
868120165780088
868120165780096
868120165780104
868120165780112
868120165780120
868120165780138
868120165780146
868120165780153
868120165780161
868120165780179
868120165780187
868120165780195
868120165780203
868120165780211
868120165780229
868120165780237
868120165780245
868120165780252
868120165780260
868120165780278
868120165780286
868120165780294
868120165780302
868120165780310
868120165780328
868120165780336
868120165780344
868120165780351
868120165780369
868120165780377
868120165780385
868120165780393
868120165780401
868120165780419
868120165780427
868120165780435
868120165780443
868120165780450
868120165780468
868120165780476
868120165780484
868120165780492
868120165780500
868120165780518
868120165780526
868120165780534
868120165780542
868120165780559
868120165780567
868120165780575
868120165780583
868120165780591
868120165780609
868120165780617
868120165780625
868120165780633
868120165780641
868120165780658
868120165780666
868120165780674
868120165780682
868120165780690
868120165780708
868120165780716
868120165780724
868120165780732
868120165780740
868120165780757
868120165780765
868120165780773
868120165780781
868120165780799
868120165780807
868120165780815
868120165780823
868120165780831
868120165780849
868120165780856
868120165780864
868120165780872
868120165780880
868120165780898
868120165780906
868120165780914
868120165780922
868120165780930
868120165780948
868120165780955
868120165780963
868120165780971
868120165780989
868120165780997
868120165781003
868120165781011
868120165781029
868120165781037
868120165781045
868120165781052
868120165781060
868120165781078
868120165781086
868120165781094
868120165781102
868120165781110
868120165781128
868120165781136
868120165781144
868120165781151
868120165781169
868120165781177
868120165781185
868120165781193
868120165781201
868120165781219
868120165781227
868120165781235
868120165781243
868120165781250
868120165781268
868120165781276
868120165781284
868120165781292
868120165781300
868120165781318
868120165781326
868120165781334
868120165781342
868120165781359
868120165781367
868120165781375
868120165781383
868120165781391
868120165781409
868120165781417
868120165781425
868120165781433
868120165781441
868120165781458
868120165781466
868120165781474
868120165781482
868120165781490
868120165781508
868120165781516
868120165781524
868120165781532
868120165781540
868120165781557
868120165781565
868120165781573
868120165781581
868120165781599
868120165781607
868120165781615
868120165781623
868120165781631
868120165781649
868120165781656
868120165781664
868120165781672
868120165781680
868120165781698
868120165781706
868120165781714
868120165781722
868120165781730
868120165781748
868120165781755
868120165781763
868120165781771
868120165781789
868120165781797
868120165781805
868120165781813
868120165781821
868120165781839
868120165781847
868120165781854
868120165781862
868120165781870
868120165781888
868120165781896
868120165781904
868120165781912
868120165781920
868120165781938
868120165781946
868120165781953
868120165781961
868120165781979
868120165781987
868120165781995
868120165782001
868120165782019
868120165782027
868120165782035
868120165782043
868120165782050
868120165782068
868120165782076
868120165782084
868120165782092
868120165782100
868120165782118
868120165782126
868120165782134
868120165782142
868120165782159
868120165782167
868120165782175
868120165782183
868120165782191
868120165782209
868120165782217
868120165782225
868120165782233
868120165782241
868120165782258
868120165782266
868120165782274
868120165782282
868120165782290
868120165782308
868120165782316
868120165782324
868120165782332
868120165782340
868120165782357
868120165782365
868120165782373
868120165782381
868120165782399
868120165782407
868120165782415
868120165782423
868120165782431
868120165782449
868120165782456
868120165782464
868120165782472
868120165782480
868120165782498
868120165782506
868120165782514
868120165782522
868120165782530
868120165782548
868120165782555
868120165782563
868120165782571
868120165782589
868120165782597
868120165782605
868120165782613
868120165782621
868120165782639
868120165782647
868120165782654
868120165782662
868120165782670
868120165782688
868120165782696
868120165782704
868120165782712
868120165782720
868120165782738
868120165782746
868120165782753
868120165782761
868120165782779
868120165782787
868120165782795
868120165782803
868120165782811
868120165782829
868120165782837
868120165782845
868120165782852
868120165782860
868120165782878
868120165782886
868120165782894
868120165782902
868120165782910
868120165782928
868120165782936
868120165782944
868120165782951
868120165782969
868120165782977
868120165782985
868120165782993
868120165783009
868120165783017
868120165783025
868120165783033
868120165783041
868120165783058
868120165783066
868120165783074
868120165783082
868120165783090
868120165783108
868120165783116
868120165783124
868120165783132
868120165783140
868120165783157
868120165783165
868120165783173
868120165783181
868120165783199
868120165783207
868120165783215
868120165783223
868120165783231
868120165783249
868120165783256
868120165783264
868120165783272
868120165783280
868120165783298
868120165783306
868120165783314
868120165783322
868120165783330
868120165783348
868120165783355
868120165783363
868120165783371
868120165783389
868120165783397
868120165783405
868120165783413
868120165783421
868120165783439
868120165783447
868120165783454
868120165783462
868120165783470
868120165783488
868120165783496
868120165783504
868120165783512
868120165783520
868120165783538
868120165783546
868120165783553
868120165783561
868120165783579
868120165783587
868120165783595
868120165783603
868120165783611
868120165783629
868120165783637
868120165783645
868120165783652
868120165783660
868120165783678
868120165783686
868120165783694
868120165783702
868120165783710
868120165783728
868120165783736
868120165783744
868120165783751
868120165783769
868120165783777
868120165783785
868120165783793
868120165783801
868120165783819
868120165783827
868120165783835
868120165783843
868120165783850
868120165783868
868120165783876
868120165783884
868120165783892
868120165783900
868120165783918
868120165783926
868120165783934
868120165783942
868120165783959
868120165783967
868120165783975
868120165783983
868120165783991
868120165784007
868120165784015
868120165784023
868120165784031
868120165784049
868120165784056
868120165784064
868120165784072
868120165784080
868120165784098
868120165784106
868120165784114
868120165784122
868120165784130
868120165784148
868120165784155
868120165784163
868120165784171
868120165784189
868120165784197
868120165784205
868120165784213
868120165784221
868120165784239
868120165784247
868120165784254
868120165784262
868120165784270
868120165784288
868120165784296
868120165784304
868120165784312
868120165784320
868120165784338
868120165784346
868120165784353
868120165784361
868120165784379
868120165784387
868120165784395
868120165784403
868120165784411
868120165784429
868120165784437
868120165784445
868120165784452
868120165784460
868120165784478
868120165784486
868120165784494
868120165784502
868120165784510
868120165784528
868120165784536
868120165784544
868120165784551
868120165784569
868120165784577
868120165784585
868120165784593
868120165784601
868120165784619
868120165784627
868120165784635
868120165784643
868120165784650
868120165784668
868120165784676
868120165784684
868120165784692
868120165784700
868120165784718
868120165784726
868120165784734
868120165784742
868120165784759
868120165784767
868120165784775
868120165784783
868120165784791
868120165784809
868120165784817
868120165784825
868120165784833
868120165784841
868120165784858
868120165784866
868120165784874
868120165784882
868120165784890
868120165784908
868120165784916
868120165784924
868120165784932
868120165784940
868120165784957
868120165784965
868120165784973
868120165784981
868120165784999
868120165785004
868120165785012
868120165785020
868120165785038
868120165785046
868120165785053
868120165785061
868120165785079
868120165785087
868120165785095
868120165785103
868120165785111
868120165785129
868120165785137
868120165785145
868120165785152
868120165785160
868120165785178
868120165785186
868120165785194
868120165785202
868120165785210
868120165785228
868120165785236
868120165785244
868120165785251
868120165785269
868120165785277
868120165785285
868120165785293
868120165785301
868120165785319
868120165785327
868120165785335
868120165785343
868120165785350
868120165785368
868120165785376
868120165785384
868120165785392
868120165785400
868120165785418
868120165785426
868120165785434
868120165785442
868120165785459
868120165785467
868120165785475
868120165785483
868120165785491
868120165785509
868120165785517
868120165785525
868120165785533
868120165785541
868120165785558
868120165785566
868120165785574
868120165785582
868120165785590
868120165785608
868120165785616
868120165785624
868120165785632
868120165785640
868120165785657
868120165785665
868120165785673
868120165785681
868120165785699
868120165785707
868120165785715
868120165785723
868120165785731
868120165785749
868120165785756
868120165785764
868120165785772
868120165785780
868120165785798
868120165785806
868120165785814
868120165785822
868120165785830
868120165785848
868120165785855
868120165785863
868120165785871
868120165785889
868120165785897
868120165785905
868120165785913
868120165785921
868120165785939
868120165785947
868120165785954
868120165785962
868120165785970
868120165785988
868120165785996
868120165786002
868120165786010
868120165786028
868120165786036
868120165786044
868120165786051
868120165786069
868120165786077
868120165786085
868120165786093
868120165786101
868120165786119
868120165786127
868120165786135
868120165786143
868120165786150
868120165786168
868120165786176
868120165786184
868120165786192
868120165786200
868120165786218
868120165786226
868120165786234
868120165786242
868120165786259
868120165786267
868120165786275
868120165786283
868120165786291
868120165786309
868120165786317
868120165786325
868120165786333
868120165786341
868120165786358
868120165786366
868120165786374
868120165786382
868120165786390
868120165786408
868120165786416
868120165786424
868120165786432
868120165786440
868120165786457
868120165786465
868120165786473
868120165786481
868120165786499
868120165786507
868120165786515
868120165786523
868120165786531
868120165786549
868120165786556
868120165786564
868120165786572
868120165786580
868120165786598
868120165786606
868120165786614
868120165786622
868120165786630
868120165786648
868120165786655
868120165786663
868120165786671
868120165786689
868120165786697
868120165786705
868120165786713
868120165786721
868120165786739
868120165786747
868120165786754
868120165786762
868120165786770
868120165786788
868120165786796
868120165786804
868120165786812
868120165786820
868120165786838
868120165786846
868120165786853
868120165786861
868120165786879
868120165786887
868120165786895
868120165786903
868120165786911
868120165786929
868120165786937
868120165786945
868120165786952
868120165786960
868120165786978
868120165786986
868120165786994
868120165787000
868120165787018
868120165787026
868120165787034
868120165787042
868120165787059
868120165787067
868120165787075
868120165787083
868120165787091
868120165787109
868120165787117
868120165787125
868120165787133
868120165787141
868120165787158
868120165787166
868120165787174
868120165787182
868120165787190
868120165787208
868120165787216
868120165787224
868120165787232
868120165787240
868120165787257
868120165787265
868120165787273
868120165787281
868120165787299
868120165787307
868120165787315
868120165787323
868120165787331
868120165787349
868120165787356
868120165787364
868120165787372
868120165787380
868120165787398
868120165787406
868120165787414
868120165787422
868120165787430
868120165787448
868120165787455
868120165787463
868120165787471
868120165787489
868120165787497
868120165787505
868120165787513
868120165787521
868120165787539
868120165787547
868120165787554
868120165787562
868120165787570
868120165787588
868120165787596
868120165787604
868120165787612
868120165787620
868120165787638
868120165787646
868120165787653
868120165787661
868120165787679
868120165787687
868120165787695
868120165787703
868120165787711
868120165787729
868120165787737
868120165787745
868120165787752
868120165787760
868120165787778
868120165787786
868120165787794
868120165787802
868120165787810
868120165787828
868120165787836
868120165787844
868120165787851
868120165787869
868120165787877
868120165787885
868120165787893
868120165787901
868120165787919
868120165787927
868120165787935
868120165787943
868120165787950
868120165787968
868120165787976
868120165787984
868120165787992
868120165788008
868120165788016
868120165788024
868120165788032
868120165788040
868120165788057
868120165788065
868120165788073
868120165788081
868120165788099
868120165788107
868120165788115
868120165788123
868120165788131
868120165788149
868120165788156
868120165788164
868120165788172
868120165788180
868120165788198
868120165788206
868120165788214
868120165788222
868120165788230
868120165788248
868120165788255
868120165788263
868120165788271
868120165788289
868120165788297
868120165788305
868120165788313
868120165788321
868120165788339
868120165788347
868120165788354
868120165788362
868120165788370
868120165788388
868120165788396
868120165788404
868120165788412
868120165788420
868120165788438
868120165788446
868120165788453
868120165788461
868120165788479
868120165788487
868120165788495
868120165788503
868120165788511
868120165788529
868120165788537
868120165788545
868120165788552
868120165788560
868120165788578
868120165788586
868120165788594
868120165788602
868120165788610
868120165788628
868120165788636
868120165788644
868120165788651
868120165788669
868120165788677
868120165788685
868120165788693
868120165788701
868120165788719
868120165788727
868120165788735
868120165788743
868120165788750
868120165788768
868120165788776
868120165788784
868120165788792
868120165788800
868120165788818
868120165788826
868120165788834
868120165788842
868120165788859
868120165788867
868120165788875
868120165788883
868120165788891
868120165788909
868120165788917
868120165788925
868120165788933
868120165788941
868120165788958
868120165788966
868120165788974
868120165788982
868120165788990
868120165789006
868120165789014
868120165789022
868120165789030
868120165789048
868120165789055
868120165789063
868120165789071
868120165789089
868120165789097
868120165789105
868120165789113
868120165789121
868120165789139
868120165789147
868120165789154
868120165789162
868120165789170
868120165789188
868120165789196
868120165789204
868120165789212
868120165789220
868120165789238
868120165789246
868120165789253
868120165789261
868120165789279
868120165789287
868120165789295
868120165789303
868120165789311
868120165789329
868120165789337
868120165789345
868120165789352
868120165789360
868120165789378
868120165789386
868120165789394
868120165789402
868120165789410
868120165789428
868120165789436
868120165789444
868120165789451
868120165789469
868120165789477
868120165789485
868120165789493
868120165789501
868120165789519
868120165789527
868120165789535
868120165789543
868120165789550
868120165789568
868120165789576
868120165789584
868120165789592
868120165789600
868120165789618
868120165789626
868120165789634
868120165789642
868120165789659
868120165789667
868120165789675
868120165789683
868120165789691
868120165789709
868120165789717
868120165789725
868120165789733
868120165789741
868120165789758
868120165789766
868120165789774
868120165789782
868120165789790
868120165789808
868120165789816
868120165789824
868120165789832
868120165789840
868120165789857
868120165789865
868120165789873
868120165789881
868120165789899
868120165789907
868120165789915
868120165789923
868120165789931
868120165789949
868120165789956
868120165789964
868120165789972
868120165789980
868120165789998
868120165790004
868120165790012
868120165790020
868120165790038
868120165790046
868120165790053
868120165790061
868120165790079
868120165790087
868120165790095
868120165790103
868120165790111
868120165790129
868120165790137
868120165790145
868120165790152
868120165790160
868120165790178
868120165790186
868120165790194
868120165790202
868120165790210
868120165790228
868120165790236
868120165790244
868120165790251
868120165790269
868120165790277
868120165790285
868120165790293
868120165790301
868120165790319
868120165790327
868120165790335
868120165790343
868120165790350
868120165790368
868120165790376
868120165790384
868120165790392
868120165790400
868120165790418
868120165790426
868120165790434
868120165790442
868120165790459
868120165790467
868120165790475
868120165790483
868120165790491
868120165790509
868120165790517
868120165790525
868120165790533
868120165790541
868120165790558
868120165790566
868120165790574
868120165790582
868120165790590
868120165790608
868120165790616
868120165790624
868120165790632
868120165790640
868120165790657
868120165790665
868120165790673
868120165790681
868120165790699
868120165790707
868120165790715
868120165790723
868120165790731
868120165790749
868120165790756
868120165790764
868120165790772
868120165790780
868120165790798
868120165790806
868120165790814
868120165790822
868120165790830
868120165790848
868120165790855
868120165790863
868120165790871
868120165790889
868120165790897
868120165790905
868120165790913
868120165790921
868120165790939
868120165790947
868120165790954
868120165790962
868120165790970
868120165790988
868120165790996
868120165791002
868120165791010
868120165791028
868120165791036
868120165791044
868120165791051
868120165791069
868120165791077
868120165791085
868120165791093
868120165791101
868120165791119
868120165791127
868120165791135
868120165791143
868120165791150
868120165791168
868120165791176
868120165791184
868120165791192
868120165791200
868120165791218
868120165791226
868120165791234
868120165791242
868120165791259
868120165791267
868120165791275
868120165791283
868120165791291
868120165791309
868120165791317
868120165791325
868120165791333
868120165791341
868120165791358
868120165791366
868120165791374
868120165791382
868120165791390
868120165791408
868120165791416
868120165791424
868120165791432
868120165791440
868120165791457
868120165791465
868120165791473
868120165791481
868120165791499
868120165791507
868120165791515
868120165791523
868120165791531
868120165791549
868120165791556
868120165791564
868120165791572
868120165791580
868120165791598
868120165791606
868120165791614
868120165791622
868120165791630
868120165791648
868120165791655
868120165791663
868120165791671
868120165791689
868120165791697
868120165791705
868120165791713
868120165791721
868120165791739
868120165791747
868120165791754
868120165791762
868120165791770
868120165791788
868120165791796
868120165791804
868120165791812
868120165791820
868120165791838
868120165791846
868120165791853
868120165791861
868120165791879
868120165791887
868120165791895
868120165791903
868120165791911
868120165791929
868120165791937
868120165791945
868120165791952
868120165791960
868120165791978
868120165791986
868120165791994
868120165792000
868120165792018
868120165792026
868120165792034
868120165792042
868120165792059
868120165792067
868120165792075
868120165792083
868120165792091
868120165792109
868120165792117
868120165792125
868120165792133
868120165792141
868120165792158
868120165792166
868120165792174
868120165792182
868120165792190
868120165792208
868120165792216
868120165792224
868120165792232
868120165792240
868120165792257
868120165792265
868120165792273
868120165792281
868120165792299
868120165792307
868120165792315
868120165792323
868120165792331
868120165792349
868120165792356
868120165792364
868120165792372
868120165792380
868120165792398
868120165792406
868120165792414
868120165792422
868120165792430
868120165792448
868120165792455
868120165792463
868120165792471
868120165792489
868120165792497
868120165792505
868120165792513
868120165792521
868120165792539
868120165792547
868120165792554
868120165792562
868120165792570
868120165792588
868120165792596
868120165792604
868120165792612
868120165792620
868120165792638
868120165792646
868120165792653
868120165792661
868120165792679
868120165792687
868120165792695
868120165792703
868120165792711
868120165792729
868120165792737
868120165792745
868120165792752
868120165792760
868120165792778
868120165792786
868120165792794
868120165792802
868120165792810
868120165792828
868120165792836
868120165792844
868120165792851
868120165792869
868120165792877
868120165792885
868120165792893
868120165792901
868120165792919
868120165792927
868120165792935
868120165792943
868120165792950
868120165792968
868120165792976
868120165792984
868120165792992
868120165793008
868120165793016
868120165793024
868120165793032
868120165793040
868120165793057
868120165793065
868120165793073
868120165793081
868120165793099
868120165793107
868120165793115
868120165793123
868120165793131
