868120145902844
868120145902851
868120145902869
868120145902877
868120145902885
868120145902893
868120145902901
868120145902919
868120145902927
868120145902935
868120145902943
868120145902950
868120145902968
868120145902976
868120145902984
868120145902992
868120145903008
868120145903016
868120145903024
868120145903032
868120145903040
868120145903057
868120145903065
868120145903073
868120145903081
868120145903099
868120145903107
868120145903115
868120145903123
868120145903131
868120145903149
868120145903156
868120145903164
868120145903172
868120145903180
868120145903198
868120145903206
868120145903214
868120145903222
868120145903230
868120145903248
868120145903255
868120145903263
868120145903271
868120145903289
868120145903297
868120145903305
868120145903313
868120145903321
868120145903339
868120145903347
868120145903354
868120145903362
868120145903370
868120145903388
868120145903396
868120145903404
868120145903412
868120145903420
868120145903438
868120145903446
868120145903453
868120145903461
868120145903479
868120145903487
868120145903495
868120145903503
868120145903511
868120145903529
868120145903537
868120145903545
868120145903552
868120145903560
868120145903578
868120145903586
868120145903594
868120145903602
868120145903610
868120145903628
868120145903636
868120145903644
868120145903651
868120145903669
868120145903677
868120145903685
868120145903693
868120145903701
868120145903719
868120145903727
868120145903735
868120145903743
868120145903750
868120145903768
868120145903776
868120145903784
868120145903792
868120145903800
868120145903818
868120145903826
868120145903834
868120145903842
868120145903859
868120145903867
868120145903875
868120145903883
868120145903891
868120145903909
868120145903917
868120145903925
868120145903933
868120145903941
868120145903958
868120145903966
868120145903974
868120145903982
868120145903990
868120145904006
868120145904014
868120145904022
868120145904030
868120145904048
868120145904055
868120145904063
868120145904071
868120145904089
868120145904097
868120145904105
868120145904113
868120145904121
868120145904139
868120145904147
868120145904154
868120145904162
868120145904170
868120145904188
868120145904196
868120145904204
868120145904212
868120145904220
868120145904238
868120145904246
868120145904253
868120145904261
868120145904279
868120145904287
868120145904295
868120145904303
868120145904311
868120145904329
868120145904337
868120145904345
868120145904352
868120145904360
868120145904378
868120145904386
868120145904394
868120145904402
868120145904410
868120145904428
868120145904436
868120145904444
868120145904451
868120145904469
868120145904477
868120145904485
868120145904493
868120145904501
868120145904519
868120145904527
868120145904535
868120145904543
868120145904550
868120145904568
868120145904576
868120145904584
868120145904592
868120145904600
868120145904618
868120145904626
868120145904634
868120145904642
868120145904659
868120145904667
868120145904675
868120145904683
868120145904691
868120145904709
868120145904717
868120145904725
868120145904733
868120145904741
868120145904758
868120145904766
868120145904774
868120145904782
868120145904790
868120145904808
868120145904816
868120145904824
868120145904832
868120145904840
868120145904857
868120145904865
868120145904873
868120145904881
868120145904899
868120145904907
868120145904915
868120145904923
868120145904931
868120145904949
868120145904956
868120145904964
868120145904972
868120145904980
868120145904998
868120145905003
868120145905011
868120145905029
868120145905037
868120145905045
868120145905052
868120145905060
868120145905078
868120145905086
868120145905094
868120145905102
868120145905110
868120145905128
868120145905136
868120145905144
868120145905151
868120145905169
868120145905177
868120145905185
868120145905193
868120145905201
868120145905219
868120145905227
868120145905235
868120145905243
868120145905250
868120145905268
868120145905276
868120145905284
868120145905292
868120145905300
868120145905318
868120145905326
868120145905334
868120145905342
868120145905359
868120145905367
868120145905375
868120145905383
868120145905391
868120145905409
868120145905417
868120145905425
868120145905433
868120145905441
868120145905458
868120145905466
868120145905474
868120145905482
868120145905490
868120145905508
868120145905516
868120145905524
868120145905532
868120145905540
868120145905557
868120145905565
868120145905573
868120145905581
868120145905599
868120145905607
868120145905615
868120145905623
868120145905631
868120145905649
868120145905656
868120145905664
868120145905672
868120145905680
868120145905698
868120145905706
868120145905714
868120145905722
868120145905730
868120145905748
868120145905755
868120145905763
868120145905771
868120145905789
868120145905797
868120145905805
868120145905813
868120145905821
868120145905839
868120145905847
868120145905854
868120145905862
868120145905870
868120145905888
868120145905896
868120145905904
868120145905912
868120145905920
868120145905938
868120145905946
868120145905953
868120145905961
868120145905979
868120145905987
868120145905995
868120145906001
868120145906019
868120145906027
868120145906035
868120145906043
868120145906050
868120145906068
868120145906076
868120145906084
868120145906092
868120145906100
868120145906118
868120145906126
868120145906134
868120145906142
868120145906159
868120145906167
868120145906175
868120145906183
868120145906191
868120145906209
868120145906217
868120145906225
868120145906233
868120145906241
868120145906258
868120145906266
868120145906274
868120145906282
868120145906290
868120145906308
868120145906316
868120145906324
868120145906332
868120145906340
868120145906357
868120145906365
868120145906373
868120145906381
868120145906399
868120145906407
868120145906415
868120145906423
868120145906431
868120145906449
868120145906456
868120145906464
868120145906472
868120145906480
868120145906498
868120145906506
868120145906514
868120145906522
868120145906530
868120145906548
868120145906555
868120145906563
868120145906571
868120145906589
868120145906597
868120145906605
868120145906613
868120145906621
868120145906639
868120145906647
868120145906654
868120145906662
868120145906670
868120145906688
868120145906696
868120145906704
868120145906712
868120145906720
868120145906738
868120145906746
868120145906753
868120145906761
868120145906779
868120145906787
868120145906795
868120145906803
868120145906811
868120145906829
868120145906837
868120145906845
868120145906852
868120145906860
868120145906878
868120145906886
868120145906894
868120145906902
868120145906910
868120145906928
868120145906936
868120145906944
868120145906951
868120145906969
868120145906977
868120145906985
868120145906993
868120145907009
868120145907017
868120145907025
868120145907033
868120145907041
868120145907058
868120145907066
868120145907074
868120145907082
868120145907090
868120145907108
868120145907116
868120145907124
868120145907132
868120145907140
868120145907157
868120145907165
868120145907173
868120145907181
868120145907199
868120145907207
868120145907215
868120145907223
868120145907231
868120145907249
868120145907256
868120145907264
868120145907272
868120145907280
868120145907298
868120145907306
868120145907314
868120145907322
868120145907330
868120145907348
868120145907355
868120145907363
868120145907371
868120145907389
868120145907397
868120145907405
868120145907413
868120145907421
868120145907439
868120145907447
868120145907454
868120145907462
868120145907470
868120145907488
868120145907496
868120145907504
868120145907512
868120145907520
868120145907538
868120145907546
868120145907553
868120145907561
868120145907579
868120145907587
868120145907595
868120145907603
868120145907611
868120145907629
868120145907637
868120145907645
868120145907652
868120145907660
868120145907678
868120145907686
868120145907694
868120145907702
868120145907710
868120145907728
868120145907736
868120145907744
868120145907751
868120145907769
868120145907777
868120145907785
868120145907793
868120145907801
868120145907819
868120145907827
868120145907835
868120145907843
868120145907850
868120145907868
868120145907876
868120145907884
868120145907892
868120145907900
868120145907918
868120145907926
868120145907934
868120145907942
868120145907959
868120145907967
868120145907975
868120145907983
868120145907991
868120145908007
868120145908015
868120145908023
868120145908031
868120145908049
868120145908056
868120145908064
868120145908072
868120145908080
868120145908098
868120145908106
868120145908114
868120145908122
868120145908130
868120145908148
868120145908155
868120145908163
868120145908171
868120145908189
868120145908197
868120145908205
868120145908213
868120145908221
868120145908239
868120145908247
868120145908254
868120145908262
868120145908270
868120145908288
868120145908296
868120145908304
868120145908312
868120145908320
868120145908338
868120145908346
868120145908353
868120145908361
868120145908379
868120145908387
868120145908395
868120145908403
868120145908411
868120145908429
868120145908437
868120145908445
868120145908452
868120145908460
868120145908478
868120145908486
868120145908494
868120145908502
868120145908510
868120145908528
868120145908536
868120145908544
868120145908551
868120145908569
868120145908577
868120145908585
868120145908593
868120145908601
868120145908619
868120145908627
868120145908635
868120145908643
868120145908650
868120145908668
868120145908676
868120145908684
868120145908692
868120145908700
868120145908718
868120145908726
868120145908734
868120145908742
868120145908759
868120145908767
868120145908775
868120145908783
868120145908791
868120145908809
868120145908817
868120145908825
868120145908833
868120145908841
868120145908858
868120145908866
868120145908874
868120145908882
868120145908890
868120145908908
868120145908916
868120145908924
868120145908932
868120145908940
868120145908957
868120145908965
868120145908973
868120145908981
868120145908999
868120145909005
868120145909013
868120145909021
868120145909039
868120145909047
868120145909054
868120145909062
868120145909070
868120145909088
868120145909096
868120145909104
868120145909112
868120145909120
868120145909138
868120145909146
868120145909153
868120145909161
868120145909179
868120145909187
868120145909195
868120145909203
868120145909211
868120145909229
868120145909237
868120145909245
868120145909252
868120145909260
868120145909278
868120145909286
868120145909294
868120145909302
868120145909310
868120145909328
868120145909336
868120145909344
868120145909351
868120145909369
868120145909377
868120145909385
868120145909393
868120145909401
868120145909419
868120145909427
868120145909435
868120145909443
868120145909450
868120145909468
868120145909476
868120145909484
868120145909492
868120145909500
868120145909518
868120145909526
868120145909534
868120145909542
868120145909559
868120145909567
868120145909575
868120145909583
868120145909591
868120145909609
868120145909617
868120145909625
868120145909633
868120145909641
868120145909658
868120145909666
868120145909674
868120145909682
868120145909690
868120145909708
868120145909716
868120145909724
868120145909732
868120145909740
868120145909757
868120145909765
868120145909773
868120145909781
868120145909799
868120145909807
868120145909815
868120145909823
868120145909831
868120145909849
868120145909856
868120145909864
868120145909872
868120145909880
868120145909898
868120145909906
868120145909914
868120145909922
868120145909930
868120145909948
868120145909955
868120145909963
868120145909971
868120145909989
868120145909997
868120145910003
868120145910011
868120145910029
868120145910037
868120145910045
868120145910052
868120145910060
868120145910078
868120145910086
868120145910094
868120145910102
868120145910110
868120145910128
868120145910136
868120145910144
868120145910151
868120145910169
868120145910177
868120145910185
868120145910193
868120145910201
868120145910219
868120145910227
868120145910235
868120145910243
868120145910250
868120145910268
868120145910276
868120145910284
868120145910292
868120145910300
868120145910318
868120145910326
868120145910334
868120145910342
868120145910359
868120145910367
868120145910375
868120145910383
868120145910391
868120145910409
868120145910417
868120145910425
868120145910433
868120145910441
868120145910458
868120145910466
868120145910474
868120145910482
868120145910490
868120145910508
868120145910516
868120145910524
868120145910532
868120145910540
868120145910557
868120145910565
868120145910573
868120145910581
868120145910599
868120145910607
868120145910615
868120145910623
868120145910631
868120145910649
868120145910656
868120145910664
868120145910672
868120145910680
868120145910698
868120145910706
868120145910714
868120145910722
868120145910730
868120145910748
868120145910755
868120145910763
868120145910771
868120145910789
868120145910797
868120145910805
868120145910813
868120145910821
868120145910839
868120145910847
868120145910854
868120145910862
868120145910870
868120145910888
868120145910896
868120145910904
868120145910912
868120145910920
868120145910938
868120145910946
868120145910953
868120145910961
868120145910979
868120145910987
868120145910995
868120145911001
868120145911019
868120145911027
868120145911035
868120145911043
868120145911050
868120145911068
868120145911076
868120145911084
868120145911092
868120145911100
868120145911118
868120145911126
868120145911134
868120145911142
868120145911159
868120145911167
868120145911175
868120145911183
868120145911191
868120145911209
868120145911217
868120145911225
868120145911233
868120145911241
868120145911258
868120145911266
868120145911274
868120145911282
868120145911290
868120145911308
868120145911316
868120145911324
868120145911332
868120145911340
868120145911357
868120145911365
868120145911373
868120145911381
868120145911399
868120145911407
868120145911415
868120145911423
868120145911431
868120145911449
868120145911456
868120145911464
868120145911472
868120145911480
868120145911498
868120145911506
868120145911514
868120145911522
868120145911530
868120145911548
868120145911555
868120145911563
868120145911571
868120145911589
868120145911597
868120145911605
868120145911613
868120145911621
868120145911639
868120145911647
868120145911654
868120145911662
868120145911670
868120145911688
868120145911696
868120145911704
868120145911712
868120145911720
868120145911738
868120145911746
868120145911753
868120145911761
868120145911779
868120145911787
868120145911795
868120145911803
868120145911811
868120145911829
868120145911837
868120145911845
868120145911852
868120145911860
868120145911878
868120145911886
868120145911894
868120145911902
868120145911910
868120145911928
868120145911936
868120145911944
868120145911951
868120145911969
868120145911977
868120145911985
868120145911993
868120145912009
868120145912017
868120145912025
868120145912033
868120145912041
868120145912058
868120145912066
868120145912074
868120145912082
868120145912090
868120145912108
868120145912116
868120145912124
868120145912132
868120145912140
868120145912157
868120145912165
868120145912173
868120145912181
868120145912199
868120145912207
868120145912215
868120145912223
868120145912231
868120145912249
868120145912256
868120145912264
868120145912272
868120145912280
868120145912298
868120145912306
868120145912314
868120145912322
868120145912330
868120145912348
868120145912355
868120145912363
868120145912371
868120145912389
868120145912397
868120145912405
868120145912413
868120145912421
868120145912439
868120145912447
868120145912454
868120145912462
868120145912470
868120145912488
868120145912496
868120145912504
868120145912512
868120145912520
868120145912538
868120145912546
868120145912553
868120145912561
868120145912579
868120145912587
868120145912595
868120145912603
868120145912611
868120145912629
868120145912637
868120145912645
868120145912652
868120145912660
868120145912678
868120145912686
868120145912694
868120145912702
868120145912710
868120145912728
868120145912736
868120145912744
868120145912751
868120145912769
868120145912777
868120145912785
868120145912793
868120145912801
868120145912819
868120145912827
868120145912835
868120145912843
868120145912850
868120145912868
868120145912876
868120145912884
868120145912892
868120145912900
868120145912918
868120145912926
868120145912934
868120145912942
868120145912959
868120145912967
868120145912975
868120145912983
868120145912991
868120145913007
868120145913015
868120145913023
868120145913031
868120145913049
868120145913056
868120145913064
868120145913072
868120145913080
868120145913098
868120145913106
868120145913114
868120145913122
868120145913130
868120145913148
868120145913155
868120145913163
868120145913171
868120145913189
868120145913197
868120145913205
868120145913213
868120145913221
868120145913239
868120145913247
868120145913254
868120145913262
868120145913270
868120145913288
868120145913296
868120145913304
868120145913312
868120145913320
868120145913338
868120145913346
868120145913353
868120145913361
868120145913379
868120145913387
868120145913395
868120145913403
868120145913411
868120145913429
868120145913437
868120145913445
868120145913452
868120145913460
868120145913478
868120145913486
868120145913494
868120145913502
868120145913510
868120145913528
868120145913536
868120145913544
868120145913551
868120145913569
868120145913577
868120145913585
868120145913593
868120145913601
868120145913619
868120145913627
868120145913635
868120145913643
868120145913650
868120145913668
868120145913676
868120145913684
868120145913692
868120145913700
868120145913718
868120145913726
868120145913734
868120145913742
868120145913759
868120145913767
868120145913775
868120145913783
868120145913791
868120145913809
868120145913817
868120145913825
868120145913833
868120145913841
868120145913858
868120145913866
868120145913874
868120145913882
868120145913890
868120145913908
868120145913916
868120145913924
868120145913932
868120145913940
868120145913957
868120145913965
868120145913973
868120145913981
868120145913999
868120145914005
868120145914013
868120145914021
868120145914039
868120145914047
868120145914054
868120145914062
868120145914070
868120145914088
868120145914096
868120145914104
868120145914112
868120145914120
868120145914138
868120145914146
868120145914153
868120145914161
868120145914179
868120145914187
868120145914195
868120145914203
868120145914211
868120145914229
868120145914237
868120145914245
868120145914252
868120145914260
868120145914278
868120145914286
868120145914294
868120145914302
868120145914310
868120145914328
868120145914336
868120145914344
868120145914351
868120145914369
868120145914377
868120145914385
868120145914393
868120145914401
868120145914419
868120145914427
868120145914435
868120145914443
868120145914450
868120145914468
868120145914476
868120145914484
868120145914492
868120145914500
868120145914518
868120145914526
868120145914534
868120145914542
868120145914559
868120145914567
868120145914575
868120145914583
868120145914591
868120145914609
868120145914617
868120145914625
868120145914633
868120145914641
868120145914658
868120145914666
868120145914674
868120145914682
868120145914690
868120145914708
868120145914716
868120145914724
868120145914732
868120145914740
868120145914757
868120145914765
868120145914773
868120145914781
868120145914799
868120145914807
868120145914815
868120145914823
868120145914831
868120145914849
868120145914856
868120145914864
868120145914872
868120145914880
868120145914898
868120145914906
868120145914914
868120145914922
868120145914930
868120145914948
868120145914955
868120145914963
868120145914971
868120145914989
868120145914997
868120145915002
868120145915010
868120145915028
868120145915036
868120145915044
868120145915051
868120145915069
868120145915077
868120145915085
868120145915093
868120145915101
868120145915119
868120145915127
868120145915135
868120145915143
868120145915150
868120145915168
868120145915176
868120145915184
868120145915192
868120145915200
868120145915218
868120145915226
868120145915234
868120145915242
868120145915259
868120145915267
868120145915275
868120145915283
868120145915291
868120145915309
868120145915317
868120145915325
868120145915333
868120145915341
868120145915358
868120145915366
868120145915374
868120145915382
868120145915390
868120145915408
868120145915416
868120145915424
868120145915432
868120145915440
868120145915457
868120145915465
868120145915473
868120145915481
868120145915499
868120145915507
868120145915515
868120145915523
868120145915531
868120145915549
868120145915556
868120145915564
868120145915572
868120145915580
868120145915598
868120145915606
868120145915614
868120145915622
868120145915630
868120145915648
868120145915655
868120145915663
868120145915671
868120145915689
868120145915697
868120145915705
868120145915713
868120145915721
868120145915739
868120145915747
868120145915754
868120145915762
868120145915770
868120145915788
868120145915796
868120145915804
868120145915812
868120145915820
868120145915838
868120145915846
868120145915853
868120145915861
868120145915879
868120145915887
868120145915895
868120145915903
868120145915911
868120145915929
868120145915937
868120145915945
868120145915952
868120145915960
868120145915978
868120145915986
868120145915994
868120145916000
868120145916018
868120145916026
868120145916034
868120145916042
868120145916059
868120145916067
868120145916075
868120145916083
868120145916091
868120145916109
868120145916117
868120145916125
868120145916133
868120145916141
868120145916158
868120145916166
868120145916174
868120145916182
868120145916190
868120145916208
868120145916216
868120145916224
868120145916232
868120145916240
868120145916257
868120145916265
868120145916273
868120145916281
868120145916299
868120145916307
868120145916315
868120145916323
868120145916331
868120145916349
868120145916356
868120145916364
868120145916372
868120145916380
868120145916398
868120145916406
868120145916414
868120145916422
868120145916430
868120145916448
868120145916455
868120145916463
868120145916471
868120145916489
868120145916497
868120145916505
868120145916513
868120145916521
868120145916539
868120145916547
868120145916554
868120145916562
868120145916570
868120145916588
868120145916596
868120145916604
868120145916612
868120145916620
868120145916638
868120145916646
868120145916653
868120145916661
868120145916679
868120145916687
868120145916695
868120145916703
868120145916711
868120145916729
868120145916737
868120145916745
868120145916752
868120145916760
868120145916778
868120145916786
868120145916794
868120145916802
868120145916810
868120145916828
868120145916836
868120145916844
868120145916851
868120145916869
868120145916877
868120145916885
868120145916893
868120145916901
868120145916919
868120145916927
868120145916935
868120145916943
868120145916950
868120145916968
868120145916976
868120145916984
868120145916992
868120145917008
868120145917016
868120145917024
868120145917032
868120145917040
868120145917057
868120145917065
868120145917073
868120145917081
868120145917099
868120145917107
868120145917115
868120145917123
868120145917131
868120145917149
868120145917156
868120145917164
868120145917172
868120145917180
868120145917198
868120145917206
868120145917214
868120145917222
868120145917230
868120145917248
868120145917255
868120145917263
868120145917271
868120145917289
868120145917297
868120145917305
868120145917313
868120145917321
868120145917339
868120145917347
868120145917354
868120145917362
868120145917370
868120145917388
868120145917396
868120145917404
868120145917412
868120145917420
868120145917438
868120145917446
868120145917453
868120145917461
868120145917479
868120145917487
868120145917495
868120145917503
868120145917511
868120145917529
868120145917537
868120145917545
868120145917552
868120145917560
868120145917578
868120145917586
868120145917594
868120145917602
868120145917610
868120145917628
868120145917636
868120145917644
868120145917651
868120145917669
868120145917677
868120145917685
868120145917693
868120145917701
868120145917719
868120145917727
868120145917735
868120145917743
868120145917750
868120145917768
868120145917776
868120145917784
868120145917792
868120145917800
868120145917818
868120145917826
868120145917834