868120166288347
868120166288354
868120166288362
868120166288370
868120166288388
868120166288396
868120166288404
868120166288412
868120166288420
868120166288438
868120166288446
868120166288453
868120166288461
868120166288479
868120166288487
868120166288495
868120166288503
868120166288511
868120166288529
868120166288537
868120166288545
868120166288552
868120166288560
868120166288578
868120166288586
868120166288594
868120166288602
868120166288610
868120166288628
868120166288636
868120166288644
868120166288651
868120166288669
868120166288677
868120166288685
868120166288693
868120166288701
868120166288719
868120166288727
868120166288735
868120166288743
868120166288750
868120166288768
868120166288776
868120166288784
868120166288792
868120166288800
868120166288818
868120166288826
868120166288834
868120166288842
868120166288859
868120166288867
868120166288875
868120166288883
868120166288891
868120166288909
868120166288917
868120166288925
868120166288933
868120166288941
868120166288958
868120166288966
868120166288974
868120166288982
868120166288990
868120166289006
868120166289014
868120166289022
868120166289030
868120166289048
868120166289055
868120166289063
868120166289071
868120166289089
868120166289097
868120166289105
868120166289113
868120166289121
868120166289139
868120166289147
868120166289154
868120166289162
868120166289170
868120166289188
868120166289196
868120166289204
868120166289212
868120166289220
868120166289238
868120166289246
868120166289253
868120166289261
868120166289279
868120166289287
868120166289295
868120166289303
868120166289311
868120166289329
868120166289337
868120166289345
868120166289352
868120166289360
868120166289378
868120166289386
868120166289394
868120166289402
868120166289410
868120166289428
868120166289436
868120166289444
868120166289451
868120166289469
868120166289477
868120166289485
868120166289493
868120166289501
868120166289519
868120166289527
868120166289535
868120166289543
868120166289550
868120166289568
868120166289576
868120166289584
868120166289592
868120166289600
868120166289618
868120166289626
868120166289634
868120166289642
868120166289659
868120166289667
868120166289675
868120166289683
868120166289691
868120166289709
868120166289717
868120166289725
868120166289733
868120166289741
868120166289758
868120166289766
868120166289774
868120166289782
868120166289790
868120166289808
868120166289816
868120166289824
868120166289832
868120166289840
868120166289857
868120166289865
868120166289873
868120166289881
868120166289899
868120166289907
868120166289915
868120166289923
868120166289931
868120166289949
868120166289956
868120166289964
868120166289972
868120166289980
868120166289998
868120166290004
868120166290012
868120166290020
868120166290038
868120166290046
868120166290053
868120166290061
868120166290079
868120166290087
868120166290095
868120166290103
868120166290111
868120166290129
868120166290137
868120166290145
868120166290152
868120166290160
868120166290178
868120166290186
868120166290194
868120166290202
868120166290210
868120166290228
868120166290236
868120166290244
868120166290251
868120166290269
868120166290277
868120166290285
868120166290293
868120166290301
868120166290319
868120166290327
868120166290335
868120166290343
868120166290350
868120166290368
868120166290376
868120166290384
868120166290392
868120166290400
868120166290418
868120166290426
868120166290434
868120166290442
868120166290459
868120166290467
868120166290475
868120166290483
868120166290491
868120166290509
868120166290517
868120166290525
868120166290533
868120166290541
868120166290558
868120166290566
868120166290574
868120166290582
868120166290590
868120166290608
868120166290616
868120166290624
868120166290632
868120166290640
868120166290657
868120166290665
868120166290673
868120166290681
868120166290699
868120166290707
868120166290715
868120166290723
868120166290731
868120166290749
868120166290756
868120166290764
868120166290772
868120166290780
868120166290798
868120166290806
868120166290814
868120166290822
868120166290830
868120166290848
868120166290855
868120166290863
868120166290871
868120166290889
868120166290897
868120166290905
868120166290913
868120166290921
868120166290939
868120166290947
868120166290954
868120166290962
868120166290970
868120166290988
868120166290996
868120166291002
868120166291010
868120166291028
868120166291036
868120166291044
868120166291051
868120166291069
868120166291077
868120166291085
868120166291093
868120166291101
868120166291119
868120166291127
868120166291135
868120166291143
868120166291150
868120166291168
868120166291176
868120166291184
868120166291192
868120166291200
868120166291218
868120166291226
868120166291234
868120166291242
868120166291259
868120166291267
868120166291275
868120166291283
868120166291291
868120166291309
868120166291317
868120166291325
868120166291333
868120166291341
868120166291358
868120166291366
868120166291374
868120166291382
868120166291390
868120166291408
868120166291416
868120166291424
868120166291432
868120166291440
868120166291457
868120166291465
868120166291473
868120166291481
868120166291499
868120166291507
868120166291515
868120166291523
868120166291531
868120166291549
868120166291556
868120166291564
868120166291572
868120166291580
868120166291598
868120166291606
868120166291614
868120166291622
868120166291630
868120166291648
868120166291655
868120166291663
868120166291671
868120166291689
868120166291697
868120166291705
868120166291713
868120166291721
868120166291739
868120166291747
868120166291754
868120166291762
868120166291770
868120166291788
868120166291796
868120166291804
868120166291812
868120166291820
868120166291838
868120166291846
868120166291853
868120166291861
868120166291879
868120166291887
868120166291895
868120166291903
868120166291911
868120166291929
868120166291937
868120166291945
868120166291952
868120166291960
868120166291978
868120166291986
868120166291994
868120166292000
868120166292018
868120166292026
868120166292034
868120166292042
868120166292059
868120166292067
868120166292075
868120166292083
868120166292091
868120166292109
868120166292117
868120166292125
868120166292133
868120166292141
868120166292158
868120166292166
868120166292174
868120166292182
868120166292190
868120166292208
868120166292216
868120166292224
868120166292232
868120166292240
868120166292257
868120166292265
868120166292273
868120166292281
868120166292299
868120166292307
868120166292315
868120166292323
868120166292331
868120166292349
868120166292356
868120166292364
868120166292372
868120166292380
868120166292398
868120166292406
868120166292414
868120166292422
868120166292430
868120166292448
868120166292455
868120166292463
868120166292471
868120166292489
868120166292497
868120166292505
868120166292513
868120166292521
868120166292539
868120166292547
868120166292554
868120166292562
868120166292570
868120166292588
868120166292596
868120166292604
868120166292612
868120166292620
868120166292638
868120166292646
868120166292653
868120166292661
868120166292679
868120166292687
868120166292695
868120166292703
868120166292711
868120166292729
868120166292737
868120166292745
868120166292752
868120166292760
868120166292778
868120166292786
868120166292794
868120166292802
868120166292810
868120166292828
868120166292836
868120166292844
868120166292851
868120166292869
868120166292877
868120166292885
868120166292893
868120166292901
868120166292919
868120166292927
868120166292935
868120166292943
868120166292950
868120166292968
868120166292976
868120166292984
868120166292992
868120166293008
868120166293016
868120166293024
868120166293032
868120166293040
868120166293057
868120166293065
868120166293073
868120166293081
868120166293099
868120166293107
868120166293115
868120166293123
868120166293131
868120166293149
868120166293156
868120166293164
868120166293172
868120166293180
868120166293198
868120166293206
868120166293214
868120166293222
868120166293230
868120166293248
868120166293255
868120166293263
868120166293271
868120166293289
868120166293297
868120166293305
868120166293313
868120166293321
868120166293339
868120166293347
868120166293354
868120166293362
868120166293370
868120166293388
868120166293396
868120166293404
868120166293412
868120166293420
868120166293438
868120166293446
868120166293453
868120166293461
868120166293479
868120166293487
868120166293495
868120166293503
868120166293511
868120166293529
868120166293537
868120166293545
868120166293552
868120166293560
868120166293578
868120166293586
868120166293594
868120166293602
868120166293610
868120166293628
868120166293636
868120166293644
868120166293651
868120166293669
868120166293677
868120166293685
868120166293693
868120166293701
868120166293719
868120166293727
868120166293735
868120166293743
868120166293750
868120166293768
868120166293776
868120166293784
868120166293792
868120166293800
868120166293818
868120166293826
868120166293834
868120166293842
868120166293859
868120166293867
868120166293875
868120166293883
868120166293891
868120166293909
868120166293917
868120166293925
868120166293933
868120166293941
868120166293958
868120166293966
868120166293974
868120166293982
868120166293990
868120166294006
868120166294014
868120166294022
868120166294030
868120166294048
868120166294055
868120166294063
868120166294071
868120166294089
868120166294097
868120166294105
868120166294113
868120166294121
868120166294139
868120166294147
868120166294154
868120166294162
868120166294170
868120166294188
868120166294196
868120166294204
868120166294212
868120166294220
868120166294238
868120166294246
868120166294253
868120166294261
868120166294279
868120166294287
868120166294295
868120166294303
868120166294311
868120166294329
868120166294337
868120166294345
868120166294352
868120166294360
868120166294378
868120166294386
868120166294394
868120166294402
868120166294410
868120166294428
868120166294436
868120166294444
868120166294451
868120166294469
868120166294477
868120166294485
868120166294493
868120166294501
868120166294519
868120166294527
868120166294535
868120166294543
868120166294550
868120166294568
868120166294576
868120166294584
868120166294592
868120166294600
868120166294618
868120166294626
868120166294634
868120166294642
868120166294659
868120166294667
868120166294675
868120166294683
868120166294691
868120166294709
868120166294717
868120166294725
868120166294733
868120166294741
868120166294758
868120166294766
868120166294774
868120166294782
868120166294790
868120166294808
868120166294816
868120166294824
868120166294832
868120166294840
868120166294857
868120166294865
868120166294873
868120166294881
868120166294899
868120166294907
868120166294915
868120166294923
868120166294931
868120166294949
868120166294956
868120166294964
868120166294972
868120166294980
868120166294998
868120166295003
868120166295011
868120166295029
868120166295037
868120166295045
868120166295052
868120166295060
868120166295078
868120166295086
868120166295094
868120166295102
868120166295110
868120166295128
868120166295136
868120166295144
868120166295151
868120166295169
868120166295177
868120166295185
868120166295193
868120166295201
868120166295219
868120166295227
868120166295235
868120166295243
868120166295250
868120166295268
868120166295276
868120166295284
868120166295292
868120166295300
868120166295318
868120166295326
868120166295334
868120166295342
868120166295359
868120166295367
868120166295375
868120166295383
868120166295391
868120166295409
868120166295417
868120166295425
868120166295433
868120166295441
868120166295458
868120166295466
868120166295474
868120166295482
868120166295490
868120166295508
868120166295516
868120166295524
868120166295532
868120166295540
868120166295557
868120166295565
868120166295573
868120166295581
868120166295599
868120166295607
868120166295615
868120166295623
868120166295631
868120166295649
868120166295656
868120166295664
868120166295672
868120166295680
868120166295698
868120166295706
868120166295714
868120166295722
868120166295730
868120166295748
868120166295755
868120166295763
868120166295771
868120166295789
868120166295797
868120166295805
868120166295813
868120166295821
868120166295839
868120166295847
868120166295854
868120166295862
868120166295870
868120166295888
868120166295896
868120166295904
868120166295912
868120166295920
868120166295938
868120166295946
868120166295953
868120166295961
868120166295979
868120166295987
868120166295995
868120166296001
868120166296019
868120166296027
868120166296035
868120166296043
868120166296050
868120166296068
868120166296076
868120166296084
868120166296092
868120166296100
868120166296118
868120166296126
868120166296134
868120166296142
868120166296159
868120166296167
868120166296175
868120166296183
868120166296191
868120166296209
868120166296217
868120166296225
868120166296233
868120166296241
868120166296258
868120166296266
868120166296274
868120166296282
868120166296290
868120166296308
868120166296316
868120166296324
868120166296332
868120166296340
868120166296357
868120166296365
868120166296373
868120166296381
868120166296399
868120166296407
868120166296415
868120166296423
868120166296431
868120166296449
868120166296456
868120166296464
868120166296472
868120166296480
868120166296498
868120166296506
868120166296514
868120166296522
868120166296530
868120166296548
868120166296555
868120166296563
868120166296571
868120166296589
868120166296597
868120166296605
868120166296613
868120166296621
868120166296639
868120166296647
868120166296654
868120166296662
868120166296670
868120166296688
868120166296696
868120166296704
868120166296712
868120166296720
868120166296738
868120166296746
868120166296753
868120166296761
868120166296779
868120166296787
868120166296795
868120166296803
868120166296811
868120166296829
868120166296837
868120166296845
868120166296852
868120166296860
868120166296878
868120166296886
868120166296894
868120166296902
868120166296910
868120166296928
868120166296936
868120166296944
868120166296951
868120166296969
868120166296977
868120166296985
868120166296993
868120166297009
868120166297017
868120166297025
868120166297033
868120166297041
868120166297058
868120166297066
868120166297074
868120166297082
868120166297090
868120166297108
868120166297116
868120166297124
868120166297132
868120166297140
868120166297157
868120166297165
868120166297173
868120166297181
868120166297199
868120166297207
868120166297215
868120166297223
868120166297231
868120166297249
868120166297256
868120166297264
868120166297272
868120166297280
868120166297298
868120166297306
868120166297314
868120166297322
868120166297330
868120166297348
868120166297355
868120166297363
868120166297371
868120166297389
868120166297397
868120166297405
868120166297413
868120166297421
868120166297439
868120166297447
868120166297454
868120166297462
868120166297470
868120166297488
868120166297496
868120166297504
868120166297512
868120166297520
868120166297538
868120166297546
868120166297553
868120166297561
868120166297579
868120166297587
868120166297595
868120166297603
868120166297611
868120166297629
868120166297637
868120166297645
868120166297652
868120166297660
868120166297678
868120166297686
868120166297694
868120166297702
868120166297710
868120166297728
868120166297736
868120166297744
868120166297751
868120166297769
868120166297777
868120166297785
868120166297793
868120166297801
868120166297819
868120166297827
868120166297835
868120166297843
868120166297850
868120166297868
868120166297876
868120166297884
868120166297892
868120166297900
868120166297918
868120166297926
868120166297934
868120166297942
868120166297959
868120166297967
868120166297975
868120166297983
868120166297991
868120166298007
868120166298015
868120166298023
868120166298031
868120166298049
868120166298056
868120166298064
868120166298072
868120166298080
868120166298098
868120166298106
868120166298114
868120166298122
868120166298130
868120166298148
868120166298155
868120166298163
868120166298171
868120166298189
868120166298197
868120166298205
868120166298213
868120166298221
868120166298239
868120166298247
868120166298254
868120166298262
868120166298270
868120166298288
868120166298296
868120166298304
868120166298312
868120166298320
868120166298338
868120166298346
868120166298353
868120166298361
868120166298379
868120166298387
868120166298395
868120166298403
868120166298411
868120166298429
868120166298437
868120166298445
868120166298452
868120166298460
868120166298478
868120166298486
868120166298494
868120166298502
868120166298510
868120166298528
868120166298536
868120166298544
868120166298551
868120166298569
868120166298577
868120166298585
868120166298593
868120166298601
868120166298619
868120166298627
868120166298635
868120166298643
868120166298650
868120166298668
868120166298676
868120166298684
868120166298692
868120166298700
868120166298718
868120166298726
868120166298734
868120166298742
868120166298759
868120166298767
868120166298775
868120166298783
868120166298791
868120166298809
868120166298817
868120166298825
868120166298833
868120166298841
868120166298858
868120166298866
868120166298874
868120166298882
868120166298890
868120166298908
868120166298916
868120166298924
868120166298932
868120166298940
868120166298957
868120166298965
868120166298973
868120166298981
868120166298999
868120166299005
868120166299013
868120166299021
868120166299039
868120166299047
868120166299054
868120166299062
868120166299070
868120166299088
868120166299096
868120166299104
868120166299112
868120166299120
868120166299138
868120166299146
868120166299153
868120166299161
868120166299179
868120166299187
868120166299195
868120166299203
868120166299211
868120166299229
868120166299237
868120166299245
868120166299252
868120166299260
868120166299278
868120166299286
868120166299294
868120166299302
868120166299310
868120166299328
868120166299336
868120166299344
868120166299351
868120166299369
868120166299377
868120166299385
868120166299393
868120166299401
868120166299419
868120166299427
868120166299435
868120166299443
868120166299450
868120166299468
868120166299476
868120166299484
868120166299492
868120166299500
868120166299518
868120166299526
868120166299534
868120166299542
868120166299559
868120166299567
868120166299575
868120166299583
868120166299591
868120166299609
868120166299617
868120166299625
868120166299633
868120166299641
868120166299658
868120166299666
868120166299674
868120166299682
868120166299690
868120166299708
868120166299716
868120166299724
868120166299732
868120166299740
868120166299757
868120166299765
868120166299773
868120166299781
868120166299799
868120166299807
868120166299815
868120166299823
868120166299831
868120166299849
868120166299856
868120166299864
868120166299872
868120166299880
868120166299898
868120166299906
868120166299914
868120166299922
868120166299930
868120166299948
868120166299955
868120166299963
868120166299971
868120166299989
868120166299997
868120166300001
868120166300019
868120166300027
868120166300035
868120166300043
868120166300050
868120166300068
868120166300076
868120166300084
868120166300092
868120166300100
868120166300118
868120166300126
868120166300134
868120166300142
868120166300159
868120166300167
868120166300175
868120166300183
868120166300191
868120166300209
868120166300217
868120166300225
868120166300233
868120166300241
868120166300258
868120166300266
868120166300274
868120166300282
868120166300290
868120166300308
868120166300316
868120166300324
868120166300332
868120166300340
868120166300357
868120166300365
868120166300373
868120166300381
868120166300399
868120166300407
868120166300415
868120166300423
868120166300431
868120166300449
868120166300456
868120166300464
868120166300472
868120166300480
868120166300498
868120166300506
868120166300514
868120166300522
868120166300530
868120166300548
868120166300555
868120166300563
868120166300571
868120166300589
868120166300597
868120166300605
868120166300613
868120166300621
868120166300639
868120166300647
868120166300654
868120166300662
868120166300670
868120166300688
868120166300696
868120166300704
868120166300712
868120166300720
868120166300738
868120166300746
868120166300753
868120166300761
868120166300779
868120166300787
868120166300795
868120166300803
868120166300811
868120166300829
868120166300837
868120166300845
868120166300852
868120166300860
868120166300878
868120166300886
868120166300894
868120166300902
868120166300910
868120166300928
868120166300936
868120166300944
868120166300951
868120166300969
868120166300977
868120166300985
868120166300993
868120166301009
868120166301017
868120166301025
868120166301033
868120166301041
868120166301058
868120166301066
868120166301074
868120166301082
868120166301090
868120166301108
868120166301116
868120166301124
868120166301132
868120166301140
868120166301157
868120166301165
868120166301173
868120166301181
868120166301199
868120166301207
868120166301215
868120166301223
868120166301231
868120166301249
868120166301256
868120166301264
868120166301272
868120166301280
868120166301298
868120166301306
868120166301314
868120166301322
868120166301330
868120166301348
868120166301355
868120166301363
868120166301371
868120166301389
868120166301397
868120166301405
868120166301413
868120166301421
868120166301439
868120166301447
868120166301454
868120166301462
868120166301470
868120166301488
868120166301496
868120166301504
868120166301512
868120166301520
868120166301538
868120166301546
868120166301553
868120166301561
868120166301579
868120166301587
868120166301595
868120166301603
868120166301611
868120166301629
868120166301637
868120166301645
868120166301652
868120166301660
868120166301678
868120166301686
868120166301694
868120166301702
868120166301710
868120166301728
868120166301736
868120166301744
868120166301751
868120166301769
868120166301777
868120166301785
868120166301793
868120166301801
868120166301819
868120166301827
868120166301835
868120166301843
868120166301850
868120166301868
868120166301876
868120166301884
868120166301892
868120166301900
868120166301918
868120166301926
868120166301934
868120166301942
868120166301959
868120166301967
868120166301975
868120166301983
868120166301991
868120166302007
868120166302015
868120166302023
868120166302031
868120166302049
868120166302056
868120166302064
868120166302072
868120166302080
868120166302098
868120166302106
868120166302114
868120166302122
868120166302130
868120166302148
868120166302155
868120166302163
868120166302171
868120166302189
868120166302197
868120166302205
868120166302213
868120166302221
868120166302239
868120166302247
868120166302254
868120166302262
868120166302270
868120166302288
868120166302296
868120166302304
868120166302312
868120166302320
868120166302338
868120166302346
868120166302353
868120166302361
868120166302379
868120166302387
868120166302395
868120166302403
868120166302411
868120166302429
868120166302437
868120166302445
868120166302452
868120166302460
868120166302478
868120166302486
868120166302494
868120166302502
868120166302510
868120166302528
868120166302536
868120166302544
868120166302551
868120166302569
868120166302577
868120166302585
868120166302593
868120166302601
868120166302619
868120166302627
868120166302635
868120166302643
868120166302650
868120166302668
868120166302676
868120166302684
868120166302692
868120166302700
868120166302718
868120166302726
868120166302734
868120166302742
868120166302759
868120166302767
868120166302775
868120166302783
868120166302791
868120166302809
868120166302817
868120166302825
868120166302833
868120166302841
868120166302858
868120166302866
868120166302874
868120166302882
868120166302890
868120166302908
868120166302916
868120166302924
868120166302932
868120166302940
868120166302957
868120166302965
868120166302973
868120166302981
868120166302999
868120166303005
868120166303013
868120166303021
868120166303039
868120166303047
868120166303054
868120166303062
868120166303070
868120166303088
868120166303096
868120166303104
868120166303112
868120166303120
868120166303138
868120166303146
868120166303153
868120166303161
868120166303179
868120166303187
868120166303195
868120166303203
868120166303211
868120166303229
868120166303237
868120166303245
868120166303252
868120166303260
868120166303278
868120166303286
868120166303294
868120166303302
868120166303310
868120166303328
868120166303336
868120166303344
868120166303351
868120166303369
868120166303377
868120166303385
868120166303393
868120166303401
868120166303419
868120166303427
868120166303435
868120166303443
868120166303450
868120166303468
868120166303476
868120166303484
868120166303492
868120166303500
868120166303518
868120166303526
868120166303534
868120166303542
868120166303559
868120166303567
868120166303575
868120166303583
868120166303591
868120166303609
868120166303617
868120166303625
868120166303633
868120166303641
868120166303658
868120166303666
868120166303674
868120166303682
868120166303690
868120166303708
868120166303716
868120166303724
868120166303732
868120166303740
868120166303757
868120166303765
868120166303773
868120166303781
868120166303799
868120166303807
868120166303815
868120166303823
868120166303831
868120166303849
868120166303856
868120166303864
868120166303872
868120166303880
868120166303898
868120166303906
868120166303914
868120166303922
868120166303930
868120166303948
868120166303955
868120166303963
868120166303971
868120166303989
868120166303997
868120166304003
868120166304011
868120166304029
868120166304037
868120166304045
868120166304052
868120166304060
868120166304078
868120166304086
868120166304094
868120166304102
868120166304110
868120166304128
868120166304136
868120166304144
868120166304151
868120166304169
868120166304177
868120166304185
868120166304193
868120166304201
868120166304219
868120166304227
868120166304235
868120166304243
868120166304250
868120166304268
868120166304276
868120166304284
868120166304292
868120166304300
868120166304318
868120166304326
868120166304334
868120166304342
868120166304359
868120166304367
868120166304375
868120166304383
868120166304391
868120166304409
868120166304417
868120166304425
868120166304433
868120166304441
868120166304458
868120166304466
868120166304474
868120166304482
868120166304490
868120166304508
868120166304516
868120166304524
868120166304532
868120166304540
868120166304557
868120166304565
868120166304573
868120166304581
868120166304599
868120166304607
868120166304615
868120166304623
868120166304631
868120166304649
868120166304656
868120166304664
868120166304672
868120166304680
868120166304698
868120166304706
868120166304714
868120166304722
868120166304730
868120166304748
868120166304755
868120166304763
868120166304771
868120166304789
868120166304797
868120166304805
868120166304813
868120166304821
868120166304839
868120166304847
868120166304854
868120166304862
868120166304870
868120166304888
868120166304896
868120166304904
868120166304912
868120166304920
868120166304938
868120166304946
868120166304953
868120166304961
868120166304979
868120166304987
868120166304995
868120166305000
868120166305018
868120166305026
868120166305034
868120166305042
868120166305059
868120166305067
868120166305075
868120166305083
868120166305091
868120166305109
868120166305117
868120166305125
868120166305133
868120166305141
868120166305158
868120166305166
868120166305174
868120166305182
868120166305190
868120166305208
868120166305216
868120166305224
868120166305232
868120166305240
868120166305257
868120166305265
868120166305273
868120166305281
868120166305299
868120166305307
868120166305315
868120166305323
868120166305331
868120166305349
868120166305356
868120166305364
868120166305372
868120166305380
868120166305398
868120166305406
868120166305414
868120166305422
868120166305430
868120166305448
868120166305455
868120166305463
868120166305471
868120166305489
868120166305497
868120166305505
868120166305513
868120166305521
868120166305539
868120166305547
868120166305554
868120166305562
868120166305570
868120166305588
868120166305596
868120166305604
868120166305612
868120166305620
868120166305638
868120166305646
868120166305653
868120166305661
868120166305679
868120166305687
868120166305695
868120166305703
868120166305711
868120166305729
868120166305737
868120166305745
868120166305752
868120166305760
868120166305778
868120166305786
868120166305794
868120166305802
868120166305810
868120166305828
868120166305836
868120166305844
868120166305851
868120166305869
868120166305877
868120166305885
868120166305893
868120166305901
868120166305919
868120166305927
868120166305935
868120166305943
868120166305950
868120166305968
868120166305976
868120166305984
868120166305992
868120166306008
868120166306016
868120166306024
868120166306032
868120166306040
868120166306057
868120166306065
868120166306073
868120166306081
868120166306099
868120166306107
868120166306115
868120166306123
868120166306131
868120166306149
868120166306156
868120166306164
868120166306172
868120166306180
868120166306198
868120166306206
868120166306214
868120166306222
868120166306230
868120166306248
868120166306255
868120166306263
868120166306271
868120166306289
868120166306297
868120166306305
868120166306313
868120166306321
868120166306339
868120166306347
868120166306354
868120166306362
868120166306370
868120166306388
868120166306396
868120166306404
868120166306412
868120166306420
868120166306438
868120166306446
868120166306453
868120166306461
868120166306479
868120166306487
868120166306495
868120166306503
868120166306511
868120166306529
868120166306537
868120166306545
868120166306552
868120166306560
868120166306578
868120166306586
868120166306594
868120166306602
868120166306610
868120166306628
868120166306636
868120166306644
868120166306651
868120166306669
868120166306677
868120166306685
868120166306693
868120166306701
868120166306719
868120166306727
868120166306735
868120166306743
868120166306750
868120166306768
868120166306776
868120166306784
868120166306792
868120166306800
868120166306818
868120166306826
868120166306834
868120166306842
868120166306859
868120166306867
868120166306875
868120166306883
868120166306891
868120166306909
868120166306917
868120166306925
868120166306933
868120166306941
868120166306958
868120166306966
868120166306974
868120166306982
868120166306990
868120166307006
868120166307014
868120166307022
868120166307030
868120166307048
868120166307055
868120166307063
868120166307071
868120166307089
868120166307097
868120166307105
868120166307113
868120166307121
868120166307139
868120166307147
868120166307154
868120166307162
868120166307170
868120166307188
868120166307196
868120166307204
868120166307212
868120166307220
868120166307238
868120166307246
868120166307253
868120166307261
868120166307279
868120166307287
868120166307295
868120166307303
868120166307311
868120166307329
868120166307337
868120166307345
868120166307352
868120166307360
868120166307378
868120166307386
868120166307394
868120166307402
868120166307410
868120166307428
868120166307436
868120166307444
868120166307451
868120166307469
868120166307477
868120166307485
868120166307493
868120166307501
868120166307519
868120166307527
868120166307535
868120166307543
868120166307550
868120166307568
868120166307576
868120166307584
868120166307592
868120166307600
868120166307618
868120166307626
868120166307634
868120166307642
868120166307659
868120166307667
868120166307675
868120166307683
868120166307691
868120166307709
868120166307717
868120166307725
868120166307733
868120166307741
868120166307758
868120166307766
868120166307774
868120166307782
868120166307790
868120166307808
868120166307816
868120166307824
868120166307832
868120166307840
868120166307857
868120166307865
868120166307873
868120166307881
868120166307899
868120166307907
868120166307915
868120166307923
868120166307931
868120166307949
868120166307956
868120166307964
868120166307972
868120166307980
868120166307998
868120166308004
868120166308012
868120166308020
868120166308038
868120166308046
868120166308053
868120166308061
868120166308079
868120166308087
868120166308095
868120166308103
868120166308111
868120166308129
868120166308137
868120166308145
868120166308152
868120166308160
868120166308178
868120166308186
868120166308194
868120166308202
868120166308210
868120166308228
868120166308236
868120166308244
868120166308251
868120166308269
868120166308277
868120166308285
868120166308293
868120166308301
868120166308319
868120166308327
868120166308335
